396302	1014909	
717175	1014909	
1008947	1014909	
1014894	1014909	
1014895	1014909	
1014896	1014909	
1014897	1014909	
1014899	1014909	
1014901	1014909	
1014903	1014909	
1014905	1014909	
1014906	1014909	
1014907	1014909	
1014908	1014909	
1014909	1014911	
1014909	1014915	
1014909	1014916	
1014909	1014918	
1014909	1014919	
1014909	1014920	
1014909	1014921	
1014909	1014922	
1014909	1014924	
1014909	1165469	
1014909	1617909	
1014909	1617910	
1014909	1617911	
1014909	1617913	
1014909	1617914	
1014909	1617915	
1014909	1617916	
1014909	1617917	
1014909	1617918	
1014909	1617919	
1014909	1617920	
1014909	1617921	
1014909	1617922	
1014909	1617934	
1014909	1617935	
1014909	1617936	
1014909	1617937	
1014909	1617938	
1014909	1617939	
1014909	1617941	
1014909	1617942	
1014909	1617943	
1014909	1617944	
1014909	1617945	
1014909	1617951	
1014909	1617952	
1014909	3628937	
1014909	3628939	
1014909	3628940	
1014909	3628946	
9377	396302	
38254	717175	
43319	396302	
78549	717175	
182984	1008947	
184900	717175	
201851	717175	
261281	396302	
261281	717175	
270553	717175	
274968	396302	
292362	396302	
293397	396302	
316325	717175	
336670	396302	
366341	717175	
367100	717175	
368594	396302	
384122	396302	
384836	396302	
390903	396302	
390947	396302	
390954	396302	
390961	717175	
393756	396302	
393765	396302	
393778	396302	
393779	396302	
393781	717175	
393788	396302	
396155	396302	
396156	396302	
396172	717175	
396196	396302	
396302	416673	
396302	418252	
396302	442943	
396302	486058	
396302	486189	
396302	501264	
396302	587175	
396302	590753	
396302	594533	
396302	597672	
396302	663660	
396302	707000	
396302	707023	
396302	815968	
396302	1014898	
396302	1165469	
396302	1165470	
396302	1165471	
396302	1165472	
396302	1165473	
396302	1165474	
396302	1165475	
396302	1166589	
396302	3591838	
396302	3591859	
412782	717175	
416726	1617909	
422851	717175	
422882	717175	
423819	717175	
430681	717175	
449540	717175	
450768	1617941	
454913	717175	
486058	717175	
652254	717175	
673794	717175	
680364	1014918	
680364	1617936	
684113	717175	
717175	788450	
717175	788460	
717175	903842	
717175	934945	
717175	992895	
717175	996158	
717175	1008947	
717175	1014893	
717175	1014894	
717175	1014895	
717175	1014896	
717175	1014897	
717175	1014898	
717175	1014899	
717175	1014900	
717175	1014901	
717175	1014902	
717175	1014903	
717175	1014904	
717175	1014905	
717175	1014906	
717175	1014907	
717175	1014908	
717175	1014910	
717175	1014911	
717175	1014912	
717175	1014913	
717175	1014914	
717175	1014915	
717175	1014916	
717175	1014917	
717175	1014918	
717175	1014919	
717175	1014920	
717175	1014921	
717175	1014922	
717175	1014923	
717175	1014924	
717175	1114635	
717175	1119012	
717175	1147111	
717175	1147217	
717175	1148635	
717175	1165469	
717175	1193195	
717175	1216887	
717175	1217889	
717175	1228621	
717175	1229013	
717175	1229227	
717175	1229228	
717175	1313584	
717175	1313587	
717175	1519028	
717175	1554534	
717175	1558282	
717175	1558283	
717175	1558284	
717175	1558285	
717175	1558287	
717175	1558291	
717175	1558293	
717175	1558297	
717175	1558298	
717175	1558299	
717175	1573938	
717175	1617902	
717175	1617903	
717175	1617904	
717175	1617905	
717175	1617906	
717175	1617907	
717175	1617908	
717175	1617909	
717175	1617910	
717175	1617911	
717175	1617912	
717175	1617913	
717175	1617914	
717175	1617915	
717175	1617916	
717175	1617917	
717175	1617918	
717175	1617919	
717175	1617920	
717175	1617921	
717175	1617922	
717175	1617923	
717175	1617924	
717175	1617925	
717175	1617926	
717175	1617927	
717175	1617928	
717175	1617929	
717175	1617930	
717175	1617931	
717175	1617932	
717175	1617933	
717175	1617934	
717175	1617935	
717175	1617936	
717175	1617937	
717175	1617938	
717175	1617939	
717175	1617940	
717175	1617941	
717175	1617942	
717175	1617943	
717175	1617944	
717175	1617945	
717175	1617946	
717175	1617947	
717175	1617948	
717175	1617949	
717175	1617950	
717175	1617951	
717175	1617952	
717175	1617953	
717175	1617954	
717175	1617955	
717175	1617956	
788450	1008947	
788450	1014901	
788450	1014911	
788450	1014916	
788450	1014918	
788450	1014922	
788450	1014924	
788450	1617910	
788450	1617911	
788450	1617913	
788450	1617916	
788450	1617935	
788450	1617936	
788450	1617937	
788450	1617941	
788450	1617944	
788450	1617951	
788450	3628946	
1008947	1014893	
1008947	1014894	
1008947	1014895	
1008947	1014896	
1008947	1014897	
1008947	1014898	
1008947	1014899	
1008947	1014900	
1008947	1014901	
1008947	1014902	
1008947	1014903	
1008947	1014904	
1008947	1014905	
1008947	1014906	
1008947	1014907	
1008947	1014908	
1008947	1014910	
1008947	1014911	
1008947	1014912	
1008947	1014913	
1008947	1014914	
1008947	1014915	
1008947	1014916	
1008947	1014917	
1008947	1014918	
1008947	1014919	
1008947	1014920	
1008947	1014921	
1008947	1014922	
1008947	1014923	
1008947	1014924	
1008947	1165469	
1008947	1617909	
1008947	1617910	
1008947	1617911	
1008947	1617913	
1008947	1617915	
1008947	1617916	
1008947	1617918	
1008947	1617945	
1008947	1617951	
1008947	3628946	
1008947	3628947	
1014893	1014894	
1014893	1014896	
1014893	1014897	
1014893	1014901	
1014893	1014915	
1014893	1014916	
1014893	1014918	
1014893	1014921	
1014893	1014922	
1014893	1165469	
1014893	1617909	
1014893	1617910	
1014893	1617911	
1014893	1617913	
1014893	1617915	
1014893	1617916	
1014893	1617917	
1014893	1617918	
1014893	1617921	
1014893	1617922	
1014893	1617941	
1014893	1617945	
1014893	3628946	
1014894	1014895	
1014894	1014896	
1014894	1014897	
1014894	1014898	
1014894	1014899	
1014894	1014900	
1014894	1014901	
1014894	1014902	
1014894	1014903	
1014894	1014904	
1014894	1014905	
1014894	1014907	
1014894	1014908	
1014894	1014911	
1014894	1014916	
1014894	1014920	
1014894	1014921	
1014894	1014922	
1014894	1014924	
1014894	1165469	
1014894	1617909	
1014894	1617910	
1014894	1617911	
1014894	1617912	
1014894	1617913	
1014894	1617914	
1014894	1617915	
1014894	1617916	
1014894	1617917	
1014894	1617918	
1014894	1617919	
1014894	1617920	
1014894	1617921	
1014894	1617922	
1014894	1617937	
1014894	1617941	
1014894	1617945	
1014894	1617951	
1014894	3628814	
1014894	3628906	
1014894	3628907	
1014894	3628908	
1014894	3628909	
1014894	3628910	
1014894	3628911	
1014894	3628912	
1014894	3628914	
1014894	3628915	
1014894	3628916	
1014894	3628918	
1014894	3628920	
1014894	3628922	
1014894	3628924	
1014894	3628925	
1014894	3628927	
1014894	3628937	
1014894	3628941	
1014894	3628943	
1014894	3628944	
1014894	3628946	
1014895	1014896	
1014895	1014900	
1014895	1014901	
1014895	1014907	
1014895	1014908	
1014895	1014911	
1014895	1014912	
1014895	1014915	
1014895	1014916	
1014895	1014918	
1014895	1014921	
1014895	1014922	
1014895	1165469	
1014895	1617909	
1014895	1617910	
1014895	1617911	
1014895	1617912	
1014895	1617913	
1014895	1617915	
1014895	1617916	
1014895	1617917	
1014895	1617918	
1014895	1617919	
1014895	1617920	
1014895	1617921	
1014895	1617938	
1014895	1617939	
1014895	1617941	
1014895	1617945	
1014895	1617951	
1014895	3628814	
1014895	3628906	
1014895	3628907	
1014895	3628908	
1014895	3628909	
1014895	3628910	
1014895	3628911	
1014895	3628912	
1014895	3628915	
1014895	3628916	
1014895	3628920	
1014895	3628922	
1014895	3628925	
1014895	3628941	
1014895	3628946	
1014896	1014897	
1014896	1014900	
1014896	1014901	
1014896	1014903	
1014896	1014905	
1014896	1014906	
1014896	1014907	
1014896	1014908	
1014896	1014910	
1014896	1014911	
1014896	1014912	
1014896	1014914	
1014896	1014916	
1014896	1014917	
1014896	1014919	
1014896	1014922	
1014896	1165469	
1014896	1617910	
1014896	1617911	
1014896	1617912	
1014896	1617913	
1014896	1617914	
1014896	1617915	
1014896	1617916	
1014896	1617917	
1014896	1617918	
1014896	1617919	
1014896	1617921	
1014896	1617922	
1014896	1617938	
1014896	1617940	
1014896	1617941	
1014896	1617942	
1014896	1617945	
1014896	1617951	
1014896	1617952	
1014896	3628814	
1014896	3628906	
1014896	3628907	
1014896	3628908	
1014896	3628909	
1014896	3628910	
1014896	3628911	
1014896	3628912	
1014896	3628914	
1014896	3628915	
1014896	3628916	
1014896	3628918	
1014896	3628920	
1014896	3628922	
1014896	3628924	
1014896	3628925	
1014896	3628927	
1014896	3628937	
1014896	3628938	
1014896	3628941	
1014896	3628943	
1014896	3628944	
1014896	3628946	
1014897	1014898	
1014897	1014901	
1014897	1014902	
1014897	1014903	
1014897	1014904	
1014897	1014908	
1014897	1014911	
1014897	1014915	
1014897	1014916	
1014897	1014918	
1014897	1014921	
1014897	1014922	
1014897	1014923	
1014897	1165469	
1014897	1617909	
1014897	1617910	
1014897	1617911	
1014897	1617913	
1014897	1617915	
1014897	1617916	
1014897	1617917	
1014897	1617918	
1014897	1617919	
1014897	1617921	
1014897	1617942	
1014897	1617945	
1014897	1617951	
1014897	2991650	
1014897	3628814	
1014897	3628906	
1014897	3628907	
1014897	3628908	
1014897	3628909	
1014897	3628910	
1014897	3628911	
1014897	3628912	
1014897	3628913	
1014897	3628915	
1014897	3628916	
1014897	3628920	
1014897	3628922	
1014897	3628925	
1014897	3628941	
1014897	3628946	
1014898	1014899	
1014898	1014901	
1014898	1014903	
1014898	1014905	
1014898	1014908	
1014898	1014911	
1014898	1014916	
1014898	1014919	
1014898	1014922	
1014898	1165469	
1014898	1617909	
1014898	1617910	
1014898	1617911	
1014898	1617913	
1014898	1617915	
1014898	1617916	
1014898	1617917	
1014898	1617918	
1014898	1617921	
1014898	1617934	
1014898	1617945	
1014898	1617951	
1014898	3628937	
1014898	3628946	
1014899	1014900	
1014899	1014901	
1014899	1014903	
1014899	1014910	
1014899	1014911	
1014899	1014912	
1014899	1014913	
1014899	1014914	
1014899	1014916	
1014899	1014919	
1014899	1014922	
1014899	1165469	
1014899	1617910	
1014899	1617911	
1014899	1617913	
1014899	1617915	
1014899	1617916	
1014899	1617917	
1014899	1617918	
1014899	1617921	
1014899	1617934	
1014899	1617940	
1014899	1617945	
1014899	3628814	
1014899	3628906	
1014899	3628907	
1014899	3628908	
1014899	3628909	
1014899	3628910	
1014899	3628911	
1014899	3628912	
1014899	3628915	
1014899	3628916	
1014899	3628920	
1014899	3628922	
1014899	3628925	
1014899	3628937	
1014899	3628939	
1014899	3628941	
1014899	3628946	
1014900	1014901	
1014900	1014903	
1014900	1014906	
1014900	1014911	
1014900	1014916	
1014900	1014922	
1014900	1165469	
1014900	1617910	
1014900	1617911	
1014900	1617913	
1014900	1617915	
1014900	1617916	
1014900	1617917	
1014900	1617918	
1014900	1617919	
1014900	1617935	
1014900	1617938	
1014900	1617945	
1014900	1617951	
1014900	1617952	
1014900	3628946	
1014901	1014902	
1014901	1014903	
1014901	1014904	
1014901	1014905	
1014901	1014906	
1014901	1014907	
1014901	1014908	
1014901	1014910	
1014901	1014911	
1014901	1014912	
1014901	1014913	
1014901	1014915	
1014901	1014916	
1014901	1014917	
1014901	1014918	
1014901	1014919	
1014901	1014920	
1014901	1014921	
1014901	1014922	
1014901	1014923	
1014901	1014924	
1014901	1165469	
1014901	1617910	
1014901	1617911	
1014901	1617912	
1014901	1617913	
1014901	1617914	
1014901	1617915	
1014901	1617916	
1014901	1617917	
1014901	1617918	
1014901	1617919	
1014901	1617920	
1014901	1617921	
1014901	1617922	
1014901	1617923	
1014901	1617924	
1014901	1617934	
1014901	1617935	
1014901	1617936	
1014901	1617937	
1014901	1617938	
1014901	1617939	
1014901	1617940	
1014901	1617941	
1014901	1617942	
1014901	1617943	
1014901	1617944	
1014901	1617945	
1014901	1617946	
1014901	1617951	
1014901	1617952	
1014901	3628814	
1014901	3628906	
1014901	3628907	
1014901	3628908	
1014901	3628909	
1014901	3628910	
1014901	3628911	
1014901	3628912	
1014901	3628914	
1014901	3628915	
1014901	3628916	
1014901	3628920	
1014901	3628922	
1014901	3628925	
1014901	3628927	
1014901	3628937	
1014901	3628939	
1014901	3628940	
1014901	3628944	
1014901	3628946	
1014902	1014905	
1014902	1014906	
1014902	1014908	
1014902	1014911	
1014902	1014915	
1014902	1014916	
1014902	1014918	
1014902	1014921	
1014902	1014922	
1014902	1165469	
1014902	1617909	
1014902	1617910	
1014902	1617911	
1014902	1617913	
1014902	1617915	
1014902	1617916	
1014902	1617917	
1014902	1617918	
1014902	1617922	
1014902	1617935	
1014902	1617945	
1014902	1617951	
1014902	3628937	
1014902	3628946	
1014903	1014905	
1014903	1014915	
1014903	1014916	
1014903	1014921	
1014903	1014922	
1014903	1165469	
1014903	1617910	
1014903	1617911	
1014903	1617912	
1014903	1617913	
1014903	1617914	
1014903	1617915	
1014903	1617916	
1014903	1617917	
1014903	1617918	
1014903	1617919	
1014903	1617921	
1014903	1617922	
1014903	1617923	
1014903	1617935	
1014903	1617939	
1014903	1617941	
1014903	1617945	
1014903	3628814	
1014903	3628906	
1014903	3628907	
1014903	3628908	
1014903	3628909	
1014903	3628911	
1014903	3628912	
1014903	3628914	
1014903	3628915	
1014903	3628916	
1014903	3628918	
1014903	3628920	
1014903	3628922	
1014903	3628924	
1014903	3628925	
1014903	3628927	
1014903	3628939	
1014903	3628941	
1014903	3628943	
1014903	3628944	
1014903	3628946	
1014904	1014908	
1014904	1014911	
1014904	1014915	
1014904	1014916	
1014904	1014918	
1014904	1014921	
1014904	1014922	
1014904	1165469	
1014904	1617909	
1014904	1617910	
1014904	1617911	
1014904	1617913	
1014904	1617915	
1014904	1617916	
1014904	1617918	
1014904	1617935	
1014904	1617945	
1014904	1617951	
1014904	3628946	
1014905	1014907	
1014905	1014914	
1014905	1014916	
1014905	1014919	
1014905	1014921	
1014905	1014922	
1014905	1014924	
1014905	1165469	
1014905	1617910	
1014905	1617911	
1014905	1617913	
1014905	1617914	
1014905	1617915	
1014905	1617916	
1014905	1617917	
1014905	1617918	
1014905	1617935	
1014905	1617939	
1014905	1617942	
1014905	1617945	
1014905	1617951	
1014905	3628937	
1014905	3628939	
1014905	3628946	
1014906	1014910	
1014906	1014911	
1014906	1014916	
1014906	1014917	
1014906	1014922	
1014906	1165469	
1014906	1617910	
1014906	1617911	
1014906	1617912	
1014906	1617913	
1014906	1617915	
1014906	1617916	
1014906	1617918	
1014906	1617921	
1014906	1617935	
1014906	1617938	
1014906	1617940	
1014906	1617945	
1014906	1617946	
1014906	1617951	
1014906	1617952	
1014906	2991650	
1014906	3628946	
1014907	1014908	
1014907	1014912	
1014907	1014914	
1014907	1014915	
1014907	1014916	
1014907	1014920	
1014907	1014922	
1014907	1165469	
1014907	1617909	
1014907	1617910	
1014907	1617911	
1014907	1617912	
1014907	1617913	
1014907	1617914	
1014907	1617915	
1014907	1617916	
1014907	1617917	
1014907	1617918	
1014907	1617919	
1014907	1617921	
1014907	1617936	
1014907	1617937	
1014907	1617939	
1014907	1617941	
1014907	1617942	
1014907	1617944	
1014907	1617945	
1014907	3628937	
1014907	3628939	
1014907	3628940	
1014907	3628946	
1014908	1014911	
1014908	1014916	
1014908	1617909	
1014908	1617910	
1014908	1617911	
1014908	1617912	
1014908	1617915	
1014908	1617916	
1014908	1617918	
1014908	3628946	
1014910	1014911	
1014910	1014916	
1014910	1014919	
1014910	1014921	
1014910	1014922	
1014910	1165469	
1014910	1617910	
1014910	1617911	
1014910	1617913	
1014910	1617915	
1014910	1617916	
1014910	1617918	
1014910	1617921	
1014910	1617934	
1014910	1617945	
1014910	3628937	
1014910	3628946	
1014911	1014912	
1014911	1014913	
1014911	1014914	
1014911	1014915	
1014911	1014916	
1014911	1014917	
1014911	1014918	
1014911	1014919	
1014911	1014921	
1014911	1014922	
1014911	1165469	
1014911	1617910	
1014911	1617911	
1014911	1617912	
1014911	1617913	
1014911	1617916	
1014911	1617918	
1014911	1617919	
1014911	1617921	
1014911	1617922	
1014911	1617924	
1014911	1617934	
1014911	1617935	
1014911	1617936	
1014911	1617937	
1014911	1617938	
1014911	1617940	
1014911	1617943	
1014911	1617944	
1014911	1617945	
1014911	1617946	
1014911	1617951	
1014911	1617952	
1014911	3628906	
1014911	3628946	
1014912	1014916	
1014912	1014919	
1014912	1014922	
1014912	1014924	
1014912	1165469	
1014912	1617910	
1014912	1617911	
1014912	1617913	
1014912	1617914	
1014912	1617916	
1014912	1617918	
1014912	1617921	
1014912	1617934	
1014912	1617935	
1014912	1617937	
1014912	1617945	
1014912	1617951	
1014912	3628937	
1014912	3628946	
1014913	1014916	
1014913	1014919	
1014913	1014921	
1014913	1014922	
1014913	1165469	
1014913	1617910	
1014913	1617911	
1014913	1617913	
1014913	1617914	
1014913	1617916	
1014913	1617918	
1014913	1617921	
1014913	1617934	
1014913	1617937	
1014913	1617941	
1014913	1617944	
1014913	1617951	
1014913	3628937	
1014913	3628946	
1014914	1014915	
1014914	1014916	
1014914	1014922	
1014914	1014924	
1014914	1165469	
1014914	1617909	
1014914	1617911	
1014914	1617913	
1014914	1617914	
1014914	1617915	
1014914	1617916	
1014914	1617918	
1014914	1617937	
1014914	1617939	
1014914	1617941	
1014914	1617942	
1014914	1617944	
1014914	1617945	
1014914	3628946	
1014915	1014916	
1014915	1014918	
1014915	1014921	
1014915	1014922	
1014915	1014923	
1014915	1165469	
1014915	1617909	
1014915	1617910	
1014915	1617911	
1014915	1617913	
1014915	1617916	
1014915	1617918	
1014915	1617923	
1014915	1617941	
1014915	1617951	
1014915	2991650	
1014915	3628946	
1014915	3628947	
1014916	1014917	
1014916	1014918	
1014916	1014919	
1014916	1014920	
1014916	1014921	
1014916	1014922	
1014916	1014923	
1014916	1014924	
1014916	1165469	
1014916	1617909	
1014916	1617910	
1014916	1617911	
1014916	1617912	
1014916	1617913	
1014916	1617914	
1014916	1617915	
1014916	1617916	
1014916	1617917	
1014916	1617918	
1014916	1617919	
1014916	1617920	
1014916	1617921	
1014916	1617922	
1014916	1617923	
1014916	1617924	
1014916	1617934	
1014916	1617935	
1014916	1617936	
1014916	1617937	
1014916	1617938	
1014916	1617939	
1014916	1617940	
1014916	1617941	
1014916	1617942	
1014916	1617943	
1014916	1617944	
1014916	1617945	
1014916	1617946	
1014916	1617951	
1014916	1617952	
1014916	3628937	
1014916	3628939	
1014916	3628940	
1014916	3628946	
1014917	1014922	
1014917	1165469	
1014917	1617910	
1014917	1617911	
1014917	1617913	
1014917	1617915	
1014917	1617916	
1014917	1617918	
1014917	1617919	
1014917	1617935	
1014917	1617936	
1014917	1617938	
1014917	1617945	
1014917	1617951	
1014917	1617952	
1014917	3628946	
1014918	1014921	
1014918	1014922	
1014918	1014923	
1014918	1165469	
1014918	1617909	
1014918	1617910	
1014918	1617911	
1014918	1617912	
1014918	1617913	
1014918	1617916	
1014918	1617919	
1014918	1617921	
1014918	1617945	
1014918	1617951	
1014918	1617952	
1014918	3628946	
1014919	1014921	
1014919	1014922	
1014919	1617910	
1014919	1617911	
1014919	1617913	
1014919	1617914	
1014919	1617916	
1014919	1617918	
1014919	1617919	
1014919	1617921	
1014919	1617922	
1014919	1617924	
1014919	1617934	
1014919	1617935	
1014919	1617936	
1014919	1617937	
1014919	1617940	
1014919	1617946	
1014919	3628946	
1014920	1014922	
1014920	1111704	
1014920	1617910	
1014920	1617911	
1014920	1617913	
1014920	1617914	
1014920	1617916	
1014920	1617919	
1014920	1617921	
1014920	1617922	
1014920	1617936	
1014920	1617937	
1014920	1617938	
1014920	1617939	
1014920	1617941	
1014920	1617942	
1014920	1617943	
1014920	1617951	
1014920	3628939	
1014920	3628940	
1014920	3628946	
1014921	1014922	
1014921	1014923	
1014921	1014924	
1014921	1617909	
1014921	1617910	
1014921	1617911	
1014921	1617915	
1014921	1617916	
1014921	1617917	
1014921	1617919	
1014921	1617921	
1014921	1617922	
1014921	1617934	
1014921	1617937	
1014921	1617951	
1014921	3628939	
1014921	3628946	
1014922	1014923	
1014922	1014924	
1014922	1165469	
1014922	1617910	
1014922	1617911	
1014922	1617912	
1014922	1617913	
1014922	1617914	
1014922	1617915	
1014922	1617916	
1014922	1617917	
1014922	1617918	
1014922	1617919	
1014922	1617920	
1014922	1617921	
1014922	1617922	
1014922	1617923	
1014922	1617924	
1014922	1617934	
1014922	1617935	
1014922	1617936	
1014922	1617937	
1014922	1617938	
1014922	1617939	
1014922	1617940	
1014922	1617941	
1014922	1617942	
1014922	1617943	
1014922	1617944	
1014922	1617945	
1014922	1617946	
1014922	1617951	
1014922	1617952	
1014922	3628939	
1014922	3628940	
1014922	3628946	
1014923	1014924	
1014923	1617910	
1014923	1617911	
1014923	1617916	
1014923	1617934	
1014923	1617951	
1014923	3628946	
1014924	1617910	
1014924	1617911	
1014924	1617913	
1014924	1617916	
1014924	1617919	
1014924	1617921	
1014924	1617922	
1014924	1617936	
1014924	1617939	
1014924	1617941	
1014924	1617951	
1014924	3628946	
1165469	1617909	
1165469	1617910	
1165469	1617911	
1165469	1617912	
1165469	1617913	
1165469	1617914	
1165469	1617915	
1165469	1617916	
1165469	1617917	
1165469	1617918	
1165469	1617919	
1165469	1617920	
1165469	1617921	
1165469	1617922	
1165469	1617923	
1165469	1617924	
1165469	1617934	
1165469	1617935	
1165469	1617939	
1165469	1617941	
1165469	1617945	
1165469	3628814	
1165469	3628906	
1165469	3628907	
1165469	3628908	
1165469	3628909	
1165469	3628910	
1165469	3628911	
1165469	3628912	
1165469	3628913	
1165469	3628914	
1165469	3628915	
1165469	3628916	
1165469	3628920	
1165469	3628922	
1165469	3628925	
1165469	3628927	
1165469	3628939	
1165469	3628941	
1165469	3628943	
1165469	3628946	
1617909	1617913	
1617909	1617915	
1617909	1617916	
1617909	1617917	
1617909	1617919	
1617909	1617921	
1617909	1617922	
1617909	1617936	
1617909	1617937	
1617910	1617911	
1617910	1617912	
1617910	1617913	
1617910	1617914	
1617910	1617915	
1617910	1617916	
1617910	1617917	
1617910	1617918	
1617910	1617919	
1617910	1617920	
1617910	1617921	
1617910	1617922	
1617910	1617923	
1617910	1617924	
1617910	1617934	
1617910	1617935	
1617910	1617936	
1617910	1617937	
1617910	1617938	
1617910	1617939	
1617910	1617940	
1617910	1617941	
1617910	1617942	
1617910	1617943	
1617910	1617944	
1617910	1617945	
1617910	1617946	
1617910	1617951	
1617910	1617952	
1617910	3628814	
1617910	3628906	
1617910	3628907	
1617910	3628908	
1617910	3628909	
1617910	3628910	
1617910	3628911	
1617910	3628912	
1617910	3628914	
1617910	3628915	
1617910	3628916	
1617910	3628918	
1617910	3628920	
1617910	3628922	
1617910	3628924	
1617910	3628925	
1617910	3628927	
1617910	3628937	
1617910	3628938	
1617910	3628939	
1617910	3628941	
1617910	3628943	
1617910	3628946	
1617911	1617912	
1617911	1617913	
1617911	1617914	
1617911	1617915	
1617911	1617916	
1617911	1617917	
1617911	1617918	
1617911	1617919	
1617911	1617920	
1617911	1617921	
1617911	1617922	
1617911	1617923	
1617911	1617924	
1617911	1617934	
1617911	1617935	
1617911	1617936	
1617911	1617937	
1617911	1617938	
1617911	1617939	
1617911	1617940	
1617911	1617941	
1617911	1617942	
1617911	1617943	
1617911	1617944	
1617911	1617945	
1617911	1617946	
1617911	1617951	
1617911	1617952	
1617911	3628814	
1617911	3628906	
1617911	3628907	
1617911	3628908	
1617911	3628909	
1617911	3628910	
1617911	3628911	
1617911	3628912	
1617911	3628914	
1617911	3628915	
1617911	3628916	
1617911	3628918	
1617911	3628920	
1617911	3628922	
1617911	3628923	
1617911	3628924	
1617911	3628925	
1617911	3628927	
1617911	3628937	
1617911	3628939	
1617911	3628940	
1617911	3628941	
1617911	3628943	
1617911	3628946	
1617912	1617913	
1617912	1617915	
1617912	1617916	
1617912	1617917	
1617912	1617918	
1617912	1617919	
1617912	1617935	
1617912	1617938	
1617912	1617945	
1617912	1617951	
1617912	1617952	
1617912	3628946	
1617913	1617914	
1617913	1617915	
1617913	1617916	
1617913	1617917	
1617913	1617918	
1617913	1617919	
1617913	1617920	
1617913	1617921	
1617913	1617922	
1617913	1617923	
1617913	1617924	
1617913	1617934	
1617913	1617935	
1617913	1617936	
1617913	1617937	
1617913	1617938	
1617913	1617939	
1617913	1617941	
1617913	1617942	
1617913	1617945	
1617913	1617951	
1617913	3628814	
1617913	3628906	
1617913	3628907	
1617913	3628908	
1617913	3628909	
1617913	3628910	
1617913	3628911	
1617913	3628912	
1617913	3628914	
1617913	3628915	
1617913	3628916	
1617913	3628918	
1617913	3628920	
1617913	3628922	
1617913	3628924	
1617913	3628925	
1617913	3628927	
1617913	3628939	
1617913	3628941	
1617913	3628943	
1617913	3628944	
1617913	3628946	
1617914	1617915	
1617914	1617916	
1617914	1617917	
1617914	1617918	
1617914	1617919	
1617914	1617921	
1617914	1617922	
1617914	1617923	
1617914	1617935	
1617914	1617936	
1617914	1617937	
1617914	1617939	
1617914	1617941	
1617914	1617942	
1617914	1617943	
1617914	1617945	
1617914	1617946	
1617914	3628814	
1617914	3628906	
1617914	3628907	
1617914	3628908	
1617914	3628909	
1617914	3628910	
1617914	3628911	
1617914	3628912	
1617914	3628915	
1617914	3628916	
1617914	3628918	
1617914	3628920	
1617914	3628922	
1617914	3628925	
1617914	3628927	
1617914	3628939	
1617914	3628941	
1617914	3628943	
1617914	3628946	
1617915	1617916	
1617915	1617917	
1617915	1617918	
1617915	1617919	
1617915	1617920	
1617915	1617921	
1617915	1617922	
1617915	1617941	
1617915	1617945	
1617915	1617951	
1617915	3628814	
1617915	3628906	
1617915	3628907	
1617915	3628908	
1617915	3628909	
1617915	3628910	
1617915	3628911	
1617915	3628912	
1617915	3628914	
1617915	3628915	
1617915	3628916	
1617915	3628918	
1617915	3628920	
1617915	3628922	
1617915	3628924	
1617915	3628925	
1617915	3628927	
1617915	3628937	
1617915	3628938	
1617915	3628941	
1617915	3628943	
1617915	3628944	
1617915	3628946	
1617916	1617917	
1617916	1617918	
1617916	1617919	
1617916	1617920	
1617916	1617921	
1617916	1617922	
1617916	1617923	
1617916	1617924	
1617916	1617934	
1617916	1617935	
1617916	1617936	
1617916	1617937	
1617916	1617938	
1617916	1617939	
1617916	1617940	
1617916	1617941	
1617916	1617942	
1617916	1617943	
1617916	1617944	
1617916	1617945	
1617916	1617946	
1617916	1617951	
1617916	3628814	
1617916	3628906	
1617916	3628907	
1617916	3628908	
1617916	3628909	
1617916	3628910	
1617916	3628911	
1617916	3628912	
1617916	3628915	
1617916	3628916	
1617916	3628918	
1617916	3628920	
1617916	3628922	
1617916	3628925	
1617916	3628927	
1617916	3628939	
1617916	3628941	
1617916	3628943	
1617916	3628944	
1617916	3628946	
1617917	1617918	
1617917	1617919	
1617917	1617920	
1617917	1617921	
1617917	1617922	
1617917	1617941	
1617917	1617945	
1617917	1617951	
1617917	3628814	
1617917	3628906	
1617917	3628907	
1617917	3628908	
1617917	3628909	
1617917	3628910	
1617917	3628911	
1617917	3628912	
1617917	3628913	
1617917	3628914	
1617917	3628915	
1617917	3628916	
1617917	3628917	
1617917	3628918	
1617917	3628919	
1617917	3628920	
1617917	3628921	
1617917	3628922	
1617917	3628923	
1617917	3628924	
1617917	3628925	
1617917	3628926	
1617917	3628927	
1617917	3628928	
1617917	3628929	
1617917	3628941	
1617917	3628942	
1617917	3628943	
1617917	3628944	
1617917	3628946	
1617918	1617919	
1617918	1617920	
1617918	1617921	
1617918	1617922	
1617918	1617923	
1617918	1617924	
1617918	1617934	
1617918	1617945	
1617918	1617951	
1617918	3628814	
1617918	3628906	
1617918	3628907	
1617918	3628908	
1617918	3628909	
1617918	3628911	
1617918	3628912	
1617918	3628914	
1617918	3628915	
1617918	3628916	
1617918	3628917	
1617918	3628918	
1617918	3628920	
1617918	3628921	
1617918	3628923	
1617918	3628924	
1617918	3628925	
1617918	3628926	
1617918	3628927	
1617918	3628928	
1617918	3628937	
1617918	3628938	
1617918	3628941	
1617918	3628942	
1617918	3628943	
1617918	3628944	
1617918	3628946	
1617918	3628947	
1617919	1617921	
1617919	1617935	
1617919	1617937	
1617919	1617938	
1617919	1617939	
1617919	1617940	
1617919	1617941	
1617919	1617945	
1617919	1617946	
1617919	1617951	
1617919	1617952	
1617919	3628814	
1617919	3628906	
1617919	3628907	
1617919	3628908	
1617919	3628909	
1617919	3628910	
1617919	3628911	
1617919	3628912	
1617919	3628915	
1617919	3628916	
1617919	3628920	
1617919	3628922	
1617919	3628924	
1617919	3628925	
1617919	3628927	
1617919	3628940	
1617919	3628946	
1617920	1617921	
1617920	1617922	
1617920	1617945	
1617920	3628814	
1617920	3628906	
1617920	3628907	
1617920	3628908	
1617920	3628909	
1617920	3628910	
1617920	3628911	
1617920	3628912	
1617920	3628914	
1617920	3628915	
1617920	3628916	
1617920	3628918	
1617920	3628920	
1617920	3628922	
1617920	3628924	
1617920	3628925	
1617920	3628927	
1617920	3628943	
1617920	3628946	
1617921	1617922	
1617921	1617924	
1617921	1617934	
1617921	1617936	
1617921	1617937	
1617921	1617938	
1617921	1617939	
1617921	1617941	
1617921	1617943	
1617921	1617945	
1617921	1617951	
1617921	3628814	
1617921	3628906	
1617921	3628907	
1617921	3628908	
1617921	3628909	
1617921	3628911	
1617921	3628912	
1617921	3628915	
1617921	3628916	
1617921	3628918	
1617921	3628920	
1617921	3628924	
1617921	3628925	
1617921	3628927	
1617921	3628937	
1617921	3628939	
1617921	3628940	
1617921	3628943	
1617921	3628946	
1617922	1617937	
1617922	1617938	
1617922	1617939	
1617922	1617940	
1617922	1617941	
1617922	1617942	
1617922	1617944	
1617922	1617945	
1617922	1617946	
1617922	1617951	
1617922	3628906	
1617922	3628907	
1617922	3628908	
1617922	3628909	
1617922	3628911	
1617922	3628912	
1617922	3628915	
1617922	3628916	
1617922	3628946	
1617923	1617939	
1617923	1617945	
1617923	3628939	
1617923	3628946	
1617924	1617934	
1617924	1617938	
1617924	1617945	
1617924	1617951	
1617924	3628946	
1617934	1617940	
1617934	1617945	
1617934	3628946	
1617935	1617936	
1617935	1617938	
1617935	1617940	
1617935	1617945	
1617935	1617946	
1617935	1617951	
1617935	1617952	
1617935	3628946	
1617936	1617937	
1617936	1617939	
1617936	1617941	
1617936	1617942	
1617936	1617943	
1617936	1617951	
1617936	3628940	
1617936	3628946	
1617937	1617939	
1617937	1617941	
1617937	1617942	
1617937	1617943	
1617937	1617944	
1617937	1617951	
1617937	3628939	
1617937	3628940	
1617937	3628946	
1617938	1617940	
1617938	1617942	
1617938	1617943	
1617938	1617946	
1617938	1617951	
1617938	1617952	
1617938	3628946	
1617939	1617941	
1617939	1617942	
1617939	1617944	
1617939	3628939	
1617939	3628940	
1617939	3628946	
1617940	1617951	
1617940	1617952	
1617940	3628946	
1617941	1617942	
1617941	1617943	
1617941	1617944	
1617941	1617945	
1617941	1617946	
1617941	3628940	
1617941	3628946	
1617942	1617943	
1617942	1617944	
1617942	3628940	
1617942	3628946	
1617943	1617944	
1617943	3628940	
1617943	3628946	
1617944	3628946	
1617945	3628906	
1617945	3628939	
1617945	3628946	
1617946	1617951	
1617946	1617952	
1617946	3628939	
1617946	3628946	
1617951	1617952	
1617951	3628939	
1617951	3628946	
1617952	3628946	
3628906	3628937	
3628907	3628937	
3628937	3628942	
314	9377	
314	292362	
323	1554534	
673	292362	
673	416673	
674	38254	
762	293397	
860	1554534	
865	1554534	
866	274968	
880	368594	
880	486058	
882	270553	
883	270553	
883	1114635	
884	336670	
887	1554534	
897	270553	
905	1554534	
925	393778	
926	396156	
949	38254	
956	416673	
975	1554534	
1009	38254	
1009	390961	
1009	393779	
1009	393788	
1009	1554534	
1024	336670	
1024	390903	
1026	393788	
1028	393779	
1030	270553	
1030	1554534	
1032	1554534	
1042	336670	
1043	38254	
1043	390947	
1043	396156	
1050	1554534	
1055	38254	
1055	1554534	
1078	270553	
1081	38254	
1081	416673	
1082	270553	
1089	368594	
1094	9377	
1094	292362	
1101	396156	
1101	1554534	
1107	366341	
1112	38254	
1112	393779	
1113	368594	
1125	270553	
1193	1554534	
1256	1554534	
1263	43319	
1263	261281	
1263	293397	
1263	368594	
1263	396156	
1263	396172	
1263	416673	
1271	1554534	
1274	396196	
1300	1554534	
1307	1554534	
1315	1554534	
1321	1554534	
1331	1554534	
1351	38254	
1362	1554534	
1391	416673	
1418	1554534	
1445	1554534	
1460	390961	
1460	1554534	
1580	1554534	
1737	38254	
1737	184900	
1737	336670	
1737	393779	
1737	1554534	
1807	673794	
2464	390954	
2464	1554534	
2504	680364	
2729	1554534	
2817	261281	
2895	673794	
2926	673794	
2932	486189	
2996	43319	
2996	184900	
2996	368594	
2996	393778	
2996	393779	
2996	393788	
3399	38254	
3401	184900	
3401	336670	
3401	412782	
3669	1554534	
3670	1554534	
3671	1554534	
3672	293397	
3672	390903	
3674	43319	
3674	261281	
3674	293397	
3674	393778	
3674	396155	
3674	396156	
3674	486189	
3674	594533	
3675	1554534	
3727	590753	
3777	368594	
3847	274968	
3847	1554534	
4085	486058	
4185	1554534	
4240	182984	
4435	1228621	
4435	1617902	
4574	261281	
4747	1554534	
4772	368594	
4803	393778	
5018	336670	
5414	673794	
5687	1165470	
5946	390903	
5949	1554534	
5954	1554534	
5955	38254	
5959	416673	
5959	597672	
5959	707000	
5959	1554534	
5970	38254	
5990	1554534	
6099	384122	
6185	293397	
6395	182984	
7518	673794	
7832	416673	
7832	684113	
7835	393788	
7835	396156	
7835	416673	
7835	486058	
7835	684113	
7838	393778	
7838	594533	
8019	1554534	
8049	673794	
8051	1554534	
8100	390961	
8252	390961	
8502	336670	
8670	1554534	
8731	182984	
9325	261281	
9350	38254	
9362	38254	
9377	9378	
9377	9778	
9377	9790	
9377	9793	
9377	9794	
9377	9811	
9377	9836	
9377	9848	
9377	9894	
9377	15919	
9377	15920	
9377	15941	
9377	16192	
9377	16414	
9377	28079	
9377	28080	
9377	28084	
9377	33735	
9377	38485	
9377	38518	
9377	38519	
9377	43302	
9377	43304	
9377	43308	
9377	43309	
9377	43329	
9377	43335	
9377	43337	
9377	43340	
9377	83368	
9377	86199	
9377	86201	
9377	86205	
9377	89469	
9377	108535	
9377	157611	
9377	157614	
9377	157615	
9377	174750	
9377	184907	
9377	201786	
9377	201832	
9377	201856	
9377	203111	
9377	203960	
9377	208249	
9377	208250	
9377	209925	
9377	212223	
9377	217103	
9377	218661	
9377	218675	
9377	218680	
9377	227193	
9377	232464	
9377	245785	
9377	246917	
9377	253467	
9377	254902	
9377	254922	
9377	254927	
9377	261280	
9377	261281	
9377	265589	
9377	267809	
9377	269411	
9377	274361	
9377	274460	
9377	287768	
9377	289325	
9377	289569	
9377	292197	
9377	292198	
9377	292362	
9377	294748	
9377	294904	
9377	304811	
9377	313687	
9377	317927	
9377	319046	
9377	320562	
9377	329393	
9377	332275	
9377	334041	
9377	336670	
9377	337789	
9377	338548	
9377	345430	
9377	345468	
9377	345590	
9377	345592	
9377	345689	
9377	345750	
9377	346680	
9377	349509	
9377	359472	
9377	369660	
9377	370952	
9377	371325	
9377	377830	
9377	380171	
9377	380697	
9377	380706	
9377	381398	
9377	382264	
9377	382392	
9377	382616	
9377	382711	
9377	382955	
9377	382982	
9377	383031	
9377	383368	
9377	383777	
9377	384771	
9377	385115	
9377	388946	
9377	390931	
9377	390933	
9377	390938	
9377	390940	
9377	391409	
9377	391505	
9377	391772	
9377	391925	
9377	391948	
9377	393024	
9377	393739	
9377	393740	
9377	393742	
9377	393768	
9377	393769	
9377	393803	
9377	393808	
9377	393849	
9377	393877	
9377	393896	
9377	394674	
9377	396124	
9377	396125	
9377	396126	
9377	396127	
9377	396128	
9377	396129	
9377	396130	
9377	396131	
9377	396132	
9377	396133	
9377	396134	
9377	396135	
9377	396136	
9377	396137	
9377	396138	
9377	396139	
9377	396140	
9377	396141	
9377	396142	
9377	396143	
9377	396144	
9377	396145	
9377	396146	
9377	396147	
9377	396148	
9377	396149	
9377	396150	
9377	396151	
9377	396152	
9377	396153	
9377	396154	
9377	396155	
9377	396156	
9377	396157	
9377	396158	
9377	396159	
9377	396160	
9377	396161	
9377	396162	
9377	396163	
9377	396164	
9377	396165	
9377	396166	
9377	396167	
9377	396168	
9377	396169	
9377	396170	
9377	396171	
9377	396172	
9377	396173	
9377	396174	
9377	396175	
9377	396176	
9377	396177	
9377	396178	
9377	396179	
9377	396180	
9377	396181	
9377	396182	
9377	396183	
9377	396184	
9377	396185	
9377	396186	
9377	396187	
9377	396188	
9377	396189	
9377	396190	
9377	396191	
9377	396192	
9377	396193	
9377	396194	
9377	396195	
9377	396196	
9377	396197	
9377	396198	
9377	396199	
9377	396200	
9377	396201	
9377	396202	
9377	396203	
9377	396204	
9377	396205	
9377	396206	
9377	396207	
9377	396208	
9377	396209	
9377	396210	
9377	396211	
9377	396212	
9377	396213	
9377	396214	
9377	396215	
9377	396216	
9377	396217	
9377	396218	
9377	396219	
9377	396220	
9377	396221	
9377	396222	
9377	396223	
9377	396224	
9377	396225	
9377	396226	
9377	396227	
9377	396228	
9377	396229	
9377	396230	
9377	396231	
9377	396232	
9377	396233	
9377	396234	
9377	396235	
9377	396236	
9377	396237	
9377	396238	
9377	396239	
9377	396240	
9377	396241	
9377	396242	
9377	396243	
9377	396244	
9377	396245	
9377	396246	
9377	396247	
9377	396248	
9377	396249	
9377	396250	
9377	396251	
9377	396252	
9377	396253	
9377	396254	
9377	396255	
9377	396256	
9377	396257	
9377	396258	
9377	396259	
9377	396260	
9377	396261	
9377	396262	
9377	396263	
9377	396264	
9377	396265	
9377	396266	
9377	396267	
9377	396268	
9377	396269	
9377	396270	
9377	396271	
9377	396272	
9377	396273	
9377	396274	
9377	396275	
9377	396276	
9377	396277	
9377	396278	
9377	396279	
9377	396280	
9377	396281	
9377	396282	
9377	396283	
9377	396284	
9377	396285	
9377	396286	
9377	396287	
9377	396288	
9377	396289	
9377	396290	
9377	396291	
9377	396292	
9377	396293	
9377	396294	
9377	396295	
9377	396296	
9377	396297	
9377	396298	
9377	396299	
9377	396300	
9377	396301	
9377	396302	
9377	396303	
9377	396304	
9377	396305	
9377	396306	
9377	396307	
9377	396308	
9377	396309	
9377	396310	
9377	396311	
9377	396312	
9377	396313	
9377	396314	
9377	396315	
9377	396316	
9377	396317	
9377	396318	
9377	396319	
9377	396320	
9377	396321	
9377	396322	
9377	396323	
9377	396324	
9377	396325	
9377	396326	
9377	396327	
9377	396328	
9377	396329	
9377	396330	
9377	396331	
9377	396332	
9377	396333	
9377	396334	
9377	396335	
9377	396336	
9377	396337	
9377	396338	
9377	396339	
9377	396340	
9377	396341	
9377	396342	
9377	396343	
9377	396344	
9377	396345	
9377	396346	
9377	396347	
9377	396348	
9377	405269	
9377	406733	
9377	416666	
9377	426309	
9377	433975	
9377	437202	
9377	443647	
9377	446887	
9377	447390	
9377	466223	
9377	466526	
9377	486043	
9377	486437	
9377	514967	
9377	530125	
9377	545930	
9377	550318	
9377	585669	
9377	585845	
9377	588406	
9377	588541	
9377	588821	
9377	588873	
9377	589365	
9377	590044	
9377	590046	
9377	590200	
9377	590255	
9377	590549	
9377	590565	
9377	590751	
9377	591098	
9377	592468	
9377	593853	
9377	594161	
9377	594488	
9377	594542	
9377	594796	
9377	595237	
9377	596019	
9377	596039	
9377	596078	
9377	596149	
9377	596636	
9377	599916	
9377	599933	
9377	599960	
9377	600002	
9377	600007	
9377	600023	
9377	600566	
9377	600573	
9377	600583	
9377	612213	
9377	626516	
9377	638165	
9377	638682	
9377	640092	
9377	647359	
9377	663728	
9377	665424	
9377	666107	
9377	666907	
9377	666913	
9377	674068	
9377	681072	
9377	684056	
9377	684068	
9377	684072	
9377	684101	
9377	684143	
9377	684170	
9377	691073	
9377	694154	
9377	694350	
9377	694709	
9377	702770	
9377	707205	
9377	740390	
9377	743391	
9377	786173	
9377	787813	
9377	788496	
9377	788513	
9377	788884	
9377	818837	
9377	819492	
9377	842729	
9377	842855	
9377	842869	
9377	845449	
9377	846366	
9377	847734	
9377	879669	
9377	879999	
9377	880046	
9377	899594	
9377	900497	
9377	909484	
9377	911778	
9377	912625	
9377	924032	
9377	924256	
9377	926124	
9377	935473	
9377	945730	
9377	947360	
9377	947977	
9377	948029	
9377	975027	
9377	1018769	
9377	1020140	
9377	1024951	
9377	1073849	
9377	1111930	
9377	1119536	
9377	1119548	
9377	1119925	
9377	1125788	
9377	1165912	
9377	1166819	
9377	1167702	
9377	1180025	
9377	1203348	
9377	1207247	
9377	1257626	
9377	1313363	
9377	1360935	
9377	1477224	
9377	1555555	
9377	1588184	
9377	1700661	
9377	1723965	
9377	1731762	
9377	1809879	
9377	1882168	
9377	1903090	
9377	1965186	
9377	2024547	
9377	2039737	
9377	2152850	
9377	2313229	
9377	2322178	
9377	2333109	
9377	2867734	
9377	2870874	
9377	3574328	
9377	3924803	
9377	3924804	
9378	292362	
9378	293397	
9378	336670	
9378	368594	
9378	390903	
9378	393756	
9378	393788	
9378	416673	
9381	1554534	
9536	396172	
9544	1554534	
9549	43319	
9549	393756	
9549	393779	
9549	396155	
9555	336670	
9555	486189	
9558	1554534	
9564	1554534	
9567	38254	
9569	393756	
9580	393778	
9580	416673	
9582	182984	
9584	1554534	
9586	293397	
9586	1554534	
9589	1554534	
9596	416673	
9624	38254	
9641	1554534	
9765	270553	
9765	293397	
9765	384122	
9765	396156	
9765	486058	
9765	707000	
9765	992895	
9765	1111704	
9765	1617907	
9766	274968	
9766	390954	
9766	680364	
9766	1313587	
9772	270553	
9773	293397	
9777	261281	
9777	390954	
9777	393788	
9777	396196	
9777	416673	
9777	597672	
9777	680364	
9778	292362	
9778	384836	
9778	393756	
9778	396156	
9778	680364	
9783	597672	
9785	184900	
9785	293397	
9785	412782	
9787	992895	
9787	1617907	
9790	38254	
9790	43319	
9790	292362	
9790	368594	
9790	384836	
9790	390954	
9790	393756	
9790	393765	
9790	393788	
9790	396155	
9790	396156	
9790	412782	
9790	416673	
9790	486189	
9790	663660	
9790	680364	
9790	788460	
9792	43319	
9792	293397	
9792	393765	
9792	396156	
9792	396172	
9792	684113	
9792	788460	
9793	292362	
9794	261281	
9794	292362	
9794	368594	
9794	390954	
9794	393756	
9794	393778	
9794	393788	
9794	396155	
9794	396156	
9794	396172	
9794	396196	
9794	412782	
9794	416673	
9794	442943	
9794	486058	
9794	486189	
9794	594533	
9794	597672	
9794	707023	
9794	788460	
9799	1554534	
9803	293397	
9803	390954	
9803	393788	
9803	416673	
9803	1554534	
9804	418252	
9805	293397	
9805	336670	
9807	293397	
9807	418252	
9807	1554534	
9808	274968	
9811	292362	
9811	293397	
9811	336670	
9814	1554534	
9815	1554534	
9817	38254	
9817	293397	
9817	368594	
9817	393756	
9817	393778	
9817	396156	
9817	594533	
9818	261281	
9819	486189	
9819	1554534	
9829	390961	
9832	38254	
9832	293397	
9832	680364	
9836	38254	
9836	293397	
9836	390903	
9836	416673	
9842	293397	
9842	393778	
9842	393788	
9842	412782	
9842	594533	
9848	292362	
9848	416673	
9848	1554534	
9850	1313587	
9851	416726	
9851	680364	
9855	1554534	
9856	1554534	
9875	393778	
9881	1554534	
9883	416673	
9892	1554534	
9894	38254	
9894	261281	
9894	292362	
9894	336670	
9894	396155	
9894	396156	
9894	412782	
9894	416673	
9894	442943	
9894	597672	
9895	450768	
9902	293397	
9902	393778	
9902	1554534	
9905	1554534	
9920	293397	
9920	1554534	
9921	418252	
9947	1554534	
9954	418252	
9965	707000	
9965	1554534	
9972	1554534	
9975	1554534	
9984	396196	
9987	38254	
9989	1554534	
9996	1554534	
9997	38254	
10002	38254	
10005	1554534	
10022	43319	
10027	293397	
10027	416673	
10027	597672	
10027	707000	
10027	707023	
10031	486189	
10035	38254	
10035	1554534	
10051	1554534	
10052	396156	
10081	393779	
10120	43319	
10120	393756	
10120	396155	
10120	396156	
10120	396172	
10129	1554534	
10132	1554534	
10134	384122	
10134	393788	
10134	416673	
10134	597672	
10134	1554534	
10137	1554534	
10213	390954	
10223	38254	
10223	261281	
10223	1554534	
10389	1554534	
10438	1554534	
10583	486058	
10700	368594	
10700	393756	
10700	393765	
10704	38254	
10704	43319	
10704	390961	
10704	393779	
10720	390961	
10910	261281	
11235	1554534	
11447	1554534	
11509	393788	
11517	270553	
11517	274968	
11517	336670	
11828	274968	
11829	293397	
11829	390903	
11829	393778	
11829	396156	
11829	416673	
11829	594533	
11840	393756	
11956	396155	
11976	336670	
12202	384836	
12437	393765	
12486	390954	
12835	684113	
12835	1554534	
12912	1554534	
12975	38254	
13120	393788	
13140	38254	
13294	384836	
13298	1554534	
13300	43319	
13300	384122	
13300	393756	
13300	393765	
13300	396155	
13300	597672	
13301	43319	
13301	393765	
13301	486189	
13301	680364	
13303	396196	
13308	396155	
13379	38254	
13671	293397	
13671	390903	
13703	38254	
13769	390954	
13783	486189	
13856	390954	
13859	38254	
13890	182984	
13930	38254	
13930	368594	
13930	393765	
13930	1554534	
13945	1554534	
14160	390961	
14193	43319	
14193	396155	
14193	486058	
14195	393788	
14200	38254	
14200	43319	
14627	1554534	
15758	450768	
15758	1554534	
15875	396155	
15875	396172	
15879	293397	
15879	390903	
15881	38254	
15883	293397	
15883	390903	
15884	1554534	
15885	1554534	
15887	38254	
15891	38254	
15893	38254	
15893	396155	
15893	396156	
15893	597672	
15894	293397	
15894	1554534	
15898	293397	
15898	390903	
15898	396155	
15900	396172	
15905	1554534	
15909	390903	
15911	43319	
15912	390903	
15918	261281	
15918	368594	
15918	393756	
15918	393765	
15918	396155	
15918	396156	
15918	486058	
15918	486189	
15919	292362	
15919	393756	
15920	43319	
15920	292362	
15920	293397	
15920	390961	
15920	393756	
15920	396155	
15920	396156	
15926	1554534	
15928	43319	
15928	261281	
15928	368594	
15928	393765	
15928	393779	
15928	396155	
15928	396156	
15928	486058	
15928	663660	
15934	393756	
15934	396155	
15934	396156	
15936	38254	
15936	390903	
15940	1554534	
15941	292362	
15941	442943	
15957	38254	
15957	390961	
15958	393781	
15959	43319	
15987	393788	
16054	396156	
16079	1554534	
