717175	1014915	
1008947	1014915	
1014893	1014915	
1014895	1014915	
1014897	1014915	
1014901	1014915	
1014902	1014915	
1014903	1014915	
1014904	1014915	
1014907	1014915	
1014909	1014915	
1014911	1014915	
1014914	1014915	
1014915	1014916	
1014915	1014918	
1014915	1014921	
1014915	1014922	
1014915	1014923	
1014915	1165469	
1014915	1617909	
1014915	1617910	
1014915	1617911	
1014915	1617913	
1014915	1617916	
1014915	1617918	
1014915	1617923	
1014915	1617941	
1014915	1617951	
1014915	2991650	
1014915	3628946	
1014915	3628947	
38254	717175	
78549	717175	
182984	1008947	
184900	717175	
201851	717175	
261281	717175	
270553	717175	
316325	717175	
366341	717175	
367100	717175	
390961	717175	
393781	717175	
396172	717175	
396302	1014909	
396302	1165469	
412782	717175	
416726	1617909	
422851	717175	
422882	717175	
423819	717175	
430681	717175	
449540	717175	
450768	1617941	
454913	717175	
486058	717175	
652254	717175	
673794	717175	
680364	1014918	
684113	717175	
717175	788450	
717175	788460	
717175	903842	
717175	934945	
717175	992895	
717175	996158	
717175	1008947	
717175	1014893	
717175	1014894	
717175	1014895	
717175	1014896	
717175	1014897	
717175	1014898	
717175	1014899	
717175	1014900	
717175	1014901	
717175	1014902	
717175	1014903	
717175	1014904	
717175	1014905	
717175	1014906	
717175	1014907	
717175	1014908	
717175	1014909	
717175	1014910	
717175	1014911	
717175	1014912	
717175	1014913	
717175	1014914	
717175	1014916	
717175	1014917	
717175	1014918	
717175	1014919	
717175	1014920	
717175	1014921	
717175	1014922	
717175	1014923	
717175	1014924	
717175	1114635	
717175	1119012	
717175	1147111	
717175	1147217	
717175	1148635	
717175	1165469	
717175	1193195	
717175	1216887	
717175	1217889	
717175	1228621	
717175	1229013	
717175	1229227	
717175	1229228	
717175	1313584	
717175	1313587	
717175	1519028	
717175	1554534	
717175	1558282	
717175	1558283	
717175	1558284	
717175	1558285	
717175	1558287	
717175	1558291	
717175	1558293	
717175	1558297	
717175	1558298	
717175	1558299	
717175	1573938	
717175	1617902	
717175	1617903	
717175	1617904	
717175	1617905	
717175	1617906	
717175	1617907	
717175	1617908	
717175	1617909	
717175	1617910	
717175	1617911	
717175	1617912	
717175	1617913	
717175	1617914	
717175	1617915	
717175	1617916	
717175	1617917	
717175	1617918	
717175	1617919	
717175	1617920	
717175	1617921	
717175	1617922	
717175	1617923	
717175	1617924	
717175	1617925	
717175	1617926	
717175	1617927	
717175	1617928	
717175	1617929	
717175	1617930	
717175	1617931	
717175	1617932	
717175	1617933	
717175	1617934	
717175	1617935	
717175	1617936	
717175	1617937	
717175	1617938	
717175	1617939	
717175	1617940	
717175	1617941	
717175	1617942	
717175	1617943	
717175	1617944	
717175	1617945	
717175	1617946	
717175	1617947	
717175	1617948	
717175	1617949	
717175	1617950	
717175	1617951	
717175	1617952	
717175	1617953	
717175	1617954	
717175	1617955	
717175	1617956	
788450	1008947	
788450	1014901	
788450	1014904	
788450	1014911	
788450	1014916	
788450	1014918	
788450	1014922	
788450	1617910	
788450	1617911	
788450	1617913	
788450	1617916	
788450	1617941	
788450	1617951	
788450	3628946	
1008947	1014893	
1008947	1014894	
1008947	1014895	
1008947	1014896	
1008947	1014897	
1008947	1014898	
1008947	1014899	
1008947	1014900	
1008947	1014901	
1008947	1014902	
1008947	1014903	
1008947	1014904	
1008947	1014905	
1008947	1014906	
1008947	1014907	
1008947	1014908	
1008947	1014909	
1008947	1014910	
1008947	1014911	
1008947	1014912	
1008947	1014913	
1008947	1014914	
1008947	1014916	
1008947	1014917	
1008947	1014918	
1008947	1014919	
1008947	1014920	
1008947	1014921	
1008947	1014922	
1008947	1014923	
1008947	1014924	
1008947	1165469	
1008947	1617909	
1008947	1617910	
1008947	1617911	
1008947	1617913	
1008947	1617915	
1008947	1617916	
1008947	1617918	
1008947	1617945	
1008947	1617951	
1008947	3628946	
1008947	3628947	
1014893	1014894	
1014893	1014896	
1014893	1014897	
1014893	1014901	
1014893	1014902	
1014893	1014904	
1014893	1014916	
1014893	1014917	
1014893	1014918	
1014893	1014921	
1014893	1014922	
1014893	1165469	
1014893	1617909	
1014893	1617910	
1014893	1617911	
1014893	1617913	
1014893	1617915	
1014893	1617916	
1014893	1617917	
1014893	1617918	
1014893	1617921	
1014893	1617922	
1014893	1617941	
1014893	1617945	
1014893	3628814	
1014893	3628906	
1014893	3628907	
1014893	3628908	
1014893	3628909	
1014893	3628910	
1014893	3628911	
1014893	3628912	
1014893	3628914	
1014893	3628915	
1014893	3628916	
1014893	3628920	
1014893	3628922	
1014893	3628925	
1014893	3628941	
1014893	3628943	
1014893	3628944	
1014893	3628946	
1014894	1014895	
1014894	1014897	
1014894	1014901	
1014894	1014902	
1014894	1014903	
1014894	1014904	
1014894	1014907	
1014894	1014909	
1014894	1014911	
1014894	1014916	
1014894	1014921	
1014894	1014922	
1014894	1165469	
1014894	1617909	
1014894	1617910	
1014894	1617911	
1014894	1617913	
1014894	1617916	
1014894	1617918	
1014894	1617941	
1014894	1617951	
1014894	3628946	
1014895	1014896	
1014895	1014900	
1014895	1014901	
1014895	1014907	
1014895	1014908	
1014895	1014909	
1014895	1014911	
1014895	1014912	
1014895	1014916	
1014895	1014918	
1014895	1014921	
1014895	1014922	
1014895	1165469	
1014895	1617909	
1014895	1617910	
1014895	1617911	
1014895	1617912	
1014895	1617913	
1014895	1617915	
1014895	1617916	
1014895	1617917	
1014895	1617918	
1014895	1617919	
1014895	1617920	
1014895	1617921	
1014895	1617938	
1014895	1617939	
1014895	1617941	
1014895	1617945	
1014895	1617951	
1014895	3628814	
1014895	3628906	
1014895	3628907	
1014895	3628908	
1014895	3628909	
1014895	3628910	
1014895	3628911	
1014895	3628912	
1014895	3628915	
1014895	3628916	
1014895	3628920	
1014895	3628922	
1014895	3628925	
1014895	3628941	
1014895	3628946	
1014896	1014897	
1014896	1014901	
1014896	1014903	
1014896	1014907	
1014896	1014909	
1014896	1014911	
1014896	1014914	
1014896	1014916	
1014896	1014922	
1014896	1165469	
1014896	1617910	
1014896	1617911	
1014896	1617913	
1014896	1617916	
1014896	1617918	
1014896	1617941	
1014896	1617951	
1014896	3628946	
1014897	1014898	
1014897	1014901	
1014897	1014902	
1014897	1014903	
1014897	1014904	
1014897	1014908	
1014897	1014909	
1014897	1014911	
1014897	1014916	
1014897	1014918	
1014897	1014921	
1014897	1014922	
1014897	1014923	
1014897	1165469	
1014897	1617909	
1014897	1617910	
1014897	1617911	
1014897	1617913	
1014897	1617915	
1014897	1617916	
1014897	1617917	
1014897	1617918	
1014897	1617919	
1014897	1617921	
1014897	1617942	
1014897	1617945	
1014897	1617951	
1014897	2991650	
1014897	3628814	
1014897	3628906	
1014897	3628907	
1014897	3628908	
1014897	3628909	
1014897	3628910	
1014897	3628911	
1014897	3628912	
1014897	3628913	
1014897	3628915	
1014897	3628916	
1014897	3628920	
1014897	3628922	
1014897	3628925	
1014897	3628941	
1014897	3628946	
1014898	1014901	
1014898	1014903	
1014898	1014911	
1014898	1014916	
1014898	1014922	
1014898	1165469	
1014898	1617909	
1014898	1617910	
1014898	1617911	
1014898	1617913	
1014898	1617916	
1014898	1617918	
1014898	1617951	
1014898	3628946	
1014899	1014901	
1014899	1014903	
1014899	1014909	
1014899	1014911	
1014899	1014914	
1014899	1014916	
1014899	1014922	
1014899	1165469	
1014899	1617910	
1014899	1617911	
1014899	1617913	
1014899	1617916	
1014899	1617918	
1014899	3628946	
1014900	1014901	
1014900	1014903	
1014900	1014911	
1014900	1014916	
1014900	1014922	
1014900	1165469	
1014900	1617910	
1014900	1617911	
1014900	1617913	
1014900	1617916	
1014900	1617918	
1014900	1617951	
1014900	2991650	
1014900	3628946	
1014901	1014902	
1014901	1014903	
1014901	1014904	
1014901	1014905	
1014901	1014906	
1014901	1014907	
1014901	1014908	
1014901	1014909	
1014901	1014910	
1014901	1014911	
1014901	1014912	
1014901	1014913	
1014901	1014916	
1014901	1014917	
1014901	1014918	
1014901	1014919	
1014901	1014920	
1014901	1014921	
1014901	1014922	
1014901	1014923	
1014901	1014924	
1014901	1165469	
1014901	1617910	
1014901	1617911	
1014901	1617912	
1014901	1617913	
1014901	1617914	
1014901	1617915	
1014901	1617916	
1014901	1617917	
1014901	1617918	
1014901	1617919	
1014901	1617920	
1014901	1617921	
1014901	1617922	
1014901	1617923	
1014901	1617924	
1014901	1617934	
1014901	1617935	
1014901	1617936	
1014901	1617937	
1014901	1617938	
1014901	1617939	
1014901	1617940	
1014901	1617941	
1014901	1617942	
1014901	1617943	
1014901	1617944	
1014901	1617945	
1014901	1617946	
1014901	1617951	
1014901	1617952	
1014901	3628814	
1014901	3628906	
1014901	3628907	
1014901	3628908	
1014901	3628909	
1014901	3628910	
1014901	3628911	
1014901	3628912	
1014901	3628914	
1014901	3628915	
1014901	3628916	
1014901	3628920	
1014901	3628922	
1014901	3628925	
1014901	3628927	
1014901	3628937	
1014901	3628939	
1014901	3628940	
1014901	3628944	
1014901	3628946	
1014902	1014904	
1014902	1014905	
1014902	1014906	
1014902	1014908	
1014902	1014910	
1014902	1014911	
1014902	1014912	
1014902	1014913	
1014902	1014916	
1014902	1014918	
1014902	1014921	
1014902	1014922	
1014902	1165469	
1014902	1617909	
1014902	1617910	
1014902	1617911	
1014902	1617913	
1014902	1617915	
1014902	1617916	
1014902	1617917	
1014902	1617918	
1014902	1617922	
1014902	1617924	
1014902	1617935	
1014902	1617945	
1014902	1617951	
1014902	2991650	
1014902	3628814	
1014902	3628906	
1014902	3628907	
1014902	3628908	
1014902	3628909	
1014902	3628910	
1014902	3628911	
1014902	3628912	
1014902	3628914	
1014902	3628915	
1014902	3628916	
1014902	3628918	
1014902	3628920	
1014902	3628922	
1014902	3628924	
1014902	3628925	
1014902	3628927	
1014902	3628937	
1014902	3628941	
1014902	3628943	
1014902	3628946	
1014903	1014905	
1014903	1014909	
1014903	1014916	
1014903	1014921	
1014903	1014922	
1014903	1165469	
1014903	1617910	
1014903	1617911	
1014903	1617912	
1014903	1617913	
1014903	1617914	
1014903	1617915	
1014903	1617916	
1014903	1617917	
1014903	1617918	
1014903	1617919	
1014903	1617921	
1014903	1617922	
1014903	1617923	
1014903	1617935	
1014903	1617939	
1014903	1617941	
1014903	1617945	
1014903	3628814	
1014903	3628906	
1014903	3628907	
1014903	3628908	
1014903	3628909	
1014903	3628911	
1014903	3628912	
1014903	3628914	
1014903	3628915	
1014903	3628916	
1014903	3628918	
1014903	3628920	
1014903	3628922	
1014903	3628924	
1014903	3628925	
1014903	3628927	
1014903	3628939	
1014903	3628941	
1014903	3628943	
1014903	3628944	
1014903	3628946	
1014904	1014908	
1014904	1014911	
1014904	1014913	
1014904	1014916	
1014904	1014918	
1014904	1014921	
1014904	1014922	
1014904	1014923	
1014904	1165469	
1014904	1617909	
1014904	1617910	
1014904	1617911	
1014904	1617913	
1014904	1617915	
1014904	1617916	
1014904	1617918	
1014904	1617935	
1014904	1617945	
1014904	1617951	
1014904	3628946	
1014905	1014907	
1014905	1014909	
1014905	1014914	
1014905	1014916	
1014905	1014921	
1014905	1014922	
1014905	1165469	
1014905	1617910	
1014905	1617911	
1014905	1617913	
1014905	1617916	
1014905	1617918	
1014905	1617951	
1014905	3628946	
1014906	1014909	
1014906	1014911	
1014906	1014916	
1014906	1014922	
1014906	1165469	
1014906	1617910	
1014906	1617911	
1014906	1617913	
1014906	1617916	
1014906	1617918	
1014906	1617951	
1014906	2991650	
1014906	3628946	
1014907	1014908	
1014907	1014909	
1014907	1014912	
1014907	1014914	
1014907	1014916	
1014907	1014920	
1014907	1014922	
1014907	1165469	
1014907	1617909	
1014907	1617910	
1014907	1617911	
1014907	1617912	
1014907	1617913	
1014907	1617914	
1014907	1617915	
1014907	1617916	
1014907	1617917	
1014907	1617918	
1014907	1617919	
1014907	1617921	
1014907	1617936	
1014907	1617937	
1014907	1617939	
1014907	1617941	
1014907	1617942	
1014907	1617944	
1014907	1617945	
1014907	3628937	
1014907	3628939	
1014907	3628940	
1014907	3628946	
1014908	1014909	
1014908	1014911	
1014908	1014916	
1014908	1617909	
1014908	1617910	
1014908	1617911	
1014908	1617916	
1014908	1617918	
1014908	3628946	
1014909	1014911	
1014909	1014916	
1014909	1014918	
1014909	1014919	
1014909	1014920	
1014909	1014921	
1014909	1014922	
1014909	1014924	
1014909	1165469	
1014909	1617909	
1014909	1617910	
1014909	1617911	
1014909	1617913	
1014909	1617914	
1014909	1617915	
1014909	1617916	
1014909	1617917	
1014909	1617918	
1014909	1617919	
1014909	1617920	
1014909	1617921	
1014909	1617922	
1014909	1617934	
1014909	1617935	
1014909	1617936	
1014909	1617937	
1014909	1617938	
1014909	1617939	
1014909	1617941	
1014909	1617942	
1014909	1617943	
1014909	1617944	
1014909	1617945	
1014909	1617951	
1014909	1617952	
1014909	3628937	
1014909	3628939	
1014909	3628940	
1014909	3628946	
1014910	1014911	
1014910	1014914	
1014910	1014916	
1014910	1014921	
1014910	1014922	
1014910	1165469	
1014910	1617910	
1014910	1617911	
1014910	1617913	
1014910	1617916	
1014910	1617918	
1014910	3628946	
1014911	1014912	
1014911	1014913	
1014911	1014914	
1014911	1014916	
1014911	1014917	
1014911	1014918	
1014911	1014919	
1014911	1014921	
1014911	1014922	
1014911	1165469	
1014911	1617910	
1014911	1617911	
1014911	1617912	
1014911	1617913	
1014911	1617916	
1014911	1617918	
1014911	1617919	
1014911	1617921	
1014911	1617922	
1014911	1617924	
1014911	1617934	
1014911	1617935	
1014911	1617936	
1014911	1617937	
1014911	1617938	
1014911	1617940	
1014911	1617943	
1014911	1617944	
1014911	1617945	
1014911	1617946	
1014911	1617951	
1014911	1617952	
1014911	3628906	
1014911	3628946	
1014912	1014914	
1014912	1014916	
1014912	1014922	
1014912	1165469	
1014912	1617910	
1014912	1617911	
1014912	1617913	
1014912	1617916	
1014912	1617918	
1014912	1617951	
1014912	3628946	
1014913	1014916	
1014913	1014921	
1014913	1014922	
1014913	1165469	
1014913	1617910	
1014913	1617911	
1014913	1617913	
1014913	1617916	
1014913	1617918	
1014913	1617941	
1014913	1617951	
1014913	3628946	
1014914	1014916	
1014914	1014922	
1014914	1014924	
1014914	1111704	
1014914	1165469	
1014914	1617909	
1014914	1617911	
1014914	1617913	
1014914	1617914	
1014914	1617915	
1014914	1617916	
1014914	1617918	
1014914	1617937	
1014914	1617939	
1014914	1617941	
1014914	1617942	
1014914	1617944	
1014914	1617945	
1014914	3628946	
1014916	1014917	
1014916	1014918	
1014916	1014919	
1014916	1014920	
1014916	1014921	
1014916	1014922	
1014916	1014923	
1014916	1014924	
1014916	1165469	
1014916	1617909	
1014916	1617910	
1014916	1617911	
1014916	1617912	
1014916	1617913	
1014916	1617914	
1014916	1617915	
1014916	1617916	
1014916	1617917	
1014916	1617918	
1014916	1617919	
1014916	1617920	
1014916	1617921	
1014916	1617922	
1014916	1617923	
1014916	1617924	
1014916	1617934	
1014916	1617935	
1014916	1617936	
1014916	1617937	
1014916	1617938	
1014916	1617939	
1014916	1617940	
1014916	1617941	
1014916	1617942	
1014916	1617943	
1014916	1617944	
1014916	1617945	
1014916	1617946	
1014916	1617951	
1014916	1617952	
1014916	3628937	
1014916	3628939	
1014916	3628940	
1014916	3628946	
1014917	1014922	
1014917	1165469	
1014917	1617910	
1014917	1617911	
1014917	1617913	
1014917	1617916	
1014917	1617918	
1014917	1617951	
1014917	3628946	
1014918	1014921	
1014918	1014922	
1014918	1014923	
1014918	1165469	
1014918	1617909	
1014918	1617910	
1014918	1617911	
1014918	1617912	
1014918	1617913	
1014918	1617916	
1014918	1617919	
1014918	1617921	
1014918	1617945	
1014918	1617951	
1014918	1617952	
1014918	3628946	
1014919	1014921	
1014919	1014922	
1014919	1617910	
1014919	1617911	
1014919	1617913	
1014919	1617916	
1014919	1617918	
1014919	3628946	
1014920	1014922	
1014920	1617910	
1014920	1617911	
1014920	1617913	
1014920	1617916	
1014920	1617941	
1014920	1617951	
1014920	3628946	
1014921	1014922	
1014921	1014923	
1014921	1014924	
1014921	1617909	
1014921	1617910	
1014921	1617911	
1014921	1617915	
1014921	1617916	
1014921	1617917	
1014921	1617919	
1014921	1617921	
1014921	1617922	
1014921	1617934	
1014921	1617937	
1014921	1617951	
1014921	3628939	
1014921	3628946	
1014922	1014923	
1014922	1014924	
1014922	1165469	
1014922	1617910	
1014922	1617911	
1014922	1617912	
1014922	1617913	
1014922	1617914	
1014922	1617915	
1014922	1617916	
1014922	1617917	
1014922	1617918	
1014922	1617919	
1014922	1617920	
1014922	1617921	
1014922	1617922	
1014922	1617923	
1014922	1617924	
1014922	1617934	
1014922	1617935	
1014922	1617936	
1014922	1617937	
1014922	1617938	
1014922	1617939	
1014922	1617940	
1014922	1617941	
1014922	1617942	
1014922	1617943	
1014922	1617944	
1014922	1617945	
1014922	1617946	
1014922	1617951	
1014922	1617952	
1014922	3628939	
1014922	3628940	
1014922	3628946	
1014923	1014924	
1014923	1617910	
1014923	1617911	
1014923	1617916	
1014923	1617934	
1014923	1617951	
1014923	3628946	
1014924	1617910	
1014924	1617911	
1014924	1617913	
1014924	1617916	
1014924	1617941	
1014924	1617951	
1014924	3628946	
1165469	1617909	
1165469	1617910	
1165469	1617911	
1165469	1617912	
1165469	1617913	
1165469	1617914	
1165469	1617915	
1165469	1617916	
1165469	1617917	
1165469	1617918	
1165469	1617919	
1165469	1617920	
1165469	1617921	
1165469	1617922	
1165469	1617923	
1165469	1617924	
1165469	1617934	
1165469	1617935	
1165469	1617939	
1165469	1617941	
1165469	1617945	
1165469	3628814	
1165469	3628906	
1165469	3628907	
1165469	3628908	
1165469	3628909	
1165469	3628910	
1165469	3628911	
1165469	3628912	
1165469	3628913	
1165469	3628914	
1165469	3628915	
1165469	3628916	
1165469	3628920	
1165469	3628922	
1165469	3628925	
1165469	3628927	
1165469	3628939	
1165469	3628941	
1165469	3628943	
1165469	3628946	
1165718	2991650	
1169330	2991650	
1617909	1617913	
1617909	1617915	
1617909	1617916	
1617909	1617917	
1617909	1617919	
1617909	1617921	
1617909	1617922	
1617909	1617936	
1617909	1617937	
1617910	1617911	
1617910	1617912	
1617910	1617913	
1617910	1617914	
1617910	1617915	
1617910	1617916	
1617910	1617917	
1617910	1617918	
1617910	1617919	
1617910	1617920	
1617910	1617921	
1617910	1617922	
1617910	1617923	
1617910	1617924	
1617910	1617934	
1617910	1617935	
1617910	1617936	
1617910	1617937	
1617910	1617938	
1617910	1617939	
1617910	1617940	
1617910	1617941	
1617910	1617942	
1617910	1617943	
1617910	1617944	
1617910	1617945	
1617910	1617946	
1617910	1617951	
1617910	1617952	
1617910	3628814	
1617910	3628906	
1617910	3628907	
1617910	3628908	
1617910	3628909	
1617910	3628910	
1617910	3628911	
1617910	3628912	
1617910	3628914	
1617910	3628915	
1617910	3628916	
1617910	3628918	
1617910	3628920	
1617910	3628922	
1617910	3628924	
1617910	3628925	
1617910	3628927	
1617910	3628937	
1617910	3628938	
1617910	3628939	
1617910	3628941	
1617910	3628943	
1617910	3628946	
1617911	1617912	
1617911	1617913	
1617911	1617914	
1617911	1617915	
1617911	1617916	
1617911	1617917	
1617911	1617918	
1617911	1617919	
1617911	1617920	
1617911	1617921	
1617911	1617922	
1617911	1617923	
1617911	1617924	
1617911	1617934	
1617911	1617935	
1617911	1617936	
1617911	1617937	
1617911	1617938	
1617911	1617939	
1617911	1617940	
1617911	1617941	
1617911	1617942	
1617911	1617943	
1617911	1617944	
1617911	1617945	
1617911	1617946	
1617911	1617951	
1617911	1617952	
1617911	3628814	
1617911	3628906	
1617911	3628907	
1617911	3628908	
1617911	3628909	
1617911	3628910	
1617911	3628911	
1617911	3628912	
1617911	3628914	
1617911	3628915	
1617911	3628916	
1617911	3628918	
1617911	3628920	
1617911	3628922	
1617911	3628923	
1617911	3628924	
1617911	3628925	
1617911	3628927	
1617911	3628937	
1617911	3628939	
1617911	3628940	
1617911	3628941	
1617911	3628943	
1617911	3628946	
1617912	1617913	
1617912	1617916	
1617912	1617918	
1617912	1617951	
1617912	3628946	
1617913	1617914	
1617913	1617915	
1617913	1617916	
1617913	1617917	
1617913	1617918	
1617913	1617919	
1617913	1617920	
1617913	1617921	
1617913	1617922	
1617913	1617923	
1617913	1617924	
1617913	1617934	
1617913	1617935	
1617913	1617936	
1617913	1617937	
1617913	1617938	
1617913	1617939	
1617913	1617941	
1617913	1617942	
1617913	1617945	
1617913	1617951	
1617913	3628814	
1617913	3628906	
1617913	3628907	
1617913	3628908	
1617913	3628909	
1617913	3628910	
1617913	3628911	
1617913	3628912	
1617913	3628914	
1617913	3628915	
1617913	3628916	
1617913	3628918	
1617913	3628920	
1617913	3628922	
1617913	3628924	
1617913	3628925	
1617913	3628927	
1617913	3628939	
1617913	3628941	
1617913	3628943	
1617913	3628944	
1617913	3628946	
1617914	1617916	
1617914	1617918	
1617914	1617923	
1617914	1617941	
1617914	3628946	
1617915	1617916	
1617915	1617918	
1617915	1617941	
1617915	1617951	
1617915	3628946	
1617916	1617917	
1617916	1617918	
1617916	1617919	
1617916	1617920	
1617916	1617921	
1617916	1617922	
1617916	1617923	
1617916	1617924	
1617916	1617934	
1617916	1617935	
1617916	1617936	
1617916	1617937	
1617916	1617938	
1617916	1617939	
1617916	1617940	
1617916	1617941	
1617916	1617942	
1617916	1617943	
1617916	1617944	
1617916	1617945	
1617916	1617946	
1617916	1617951	
1617916	3628814	
1617916	3628906	
1617916	3628907	
1617916	3628908	
1617916	3628909	
1617916	3628910	
1617916	3628911	
1617916	3628912	
1617916	3628915	
1617916	3628916	
1617916	3628918	
1617916	3628920	
1617916	3628922	
1617916	3628925	
1617916	3628927	
1617916	3628939	
1617916	3628941	
1617916	3628943	
1617916	3628944	
1617916	3628946	
1617917	1617918	
1617917	1617941	
1617917	1617951	
1617917	3628946	
1617918	1617919	
1617918	1617920	
1617918	1617921	
1617918	1617922	
1617918	1617923	
1617918	1617924	
1617918	1617934	
1617918	1617945	
1617918	1617951	
1617918	3628814	
1617918	3628906	
1617918	3628907	
1617918	3628908	
1617918	3628909	
1617918	3628911	
1617918	3628912	
1617918	3628914	
1617918	3628915	
1617918	3628916	
1617918	3628917	
1617918	3628918	
1617918	3628920	
1617918	3628921	
1617918	3628923	
1617918	3628924	
1617918	3628925	
1617918	3628926	
1617918	3628927	
1617918	3628928	
1617918	3628937	
1617918	3628938	
1617918	3628941	
1617918	3628942	
1617918	3628943	
1617918	3628944	
1617918	3628946	
1617918	3628947	
1617919	1617941	
1617919	1617951	
1617919	3628946	
1617920	3628946	
1617921	1617941	
1617921	1617951	
1617921	3628946	
1617922	1617941	
1617922	1617951	
1617922	3628946	
1617923	1617924	
1617923	1617939	
1617923	1617945	
1617923	3628939	
1617923	3628946	
1617924	1617951	
1617924	3628946	
1617934	3628946	
1617935	1617951	
1617935	3628946	
1617936	1617941	
1617936	1617951	
1617936	3628946	
1617937	1617941	
1617937	1617951	
1617937	3628946	
1617938	1617951	
1617938	3628946	
1617939	1617941	
1617939	3628946	
1617940	1617951	
1617940	3628946	
1617941	1617942	
1617941	1617943	
1617941	1617944	
1617941	1617945	
1617941	1617946	
1617941	3628940	
1617941	3628946	
1617942	3628946	
1617943	3628946	
1617944	3628946	
1617945	3628946	
1617946	1617951	
1617946	3628946	
1617951	1617952	
1617951	3628939	
1617951	3628946	
1617952	3628946	
2991650	3628810	
323	1554534	
674	38254	
860	1554534	
865	1554534	
880	486058	
882	270553	
883	270553	
883	1114635	
887	1554534	
897	270553	
905	1554534	
949	38254	
975	1554534	
1009	38254	
1009	390961	
1009	1554534	
1030	270553	
1030	1554534	
1032	1554534	
1043	38254	
1050	1554534	
1055	38254	
1055	1554534	
1078	270553	
1081	38254	
1082	270553	
1101	1554534	
1107	366341	
1112	38254	
1125	270553	
1193	1554534	
1256	1554534	
1263	261281	
1263	396172	
1271	1554534	
1300	1554534	
1307	1554534	
1315	1554534	
1321	1554534	
1331	1554534	
1351	38254	
1362	1554534	
1418	1554534	
1445	1554534	
1460	390961	
1460	1554534	
1580	1554534	
1737	38254	
1737	184900	
1737	1554534	
1807	673794	
2464	1554534	
2504	680364	
2729	1554534	
2817	261281	
2895	673794	
2926	673794	
2996	184900	
3399	38254	
3401	184900	
3401	412782	
3669	1554534	
3670	1554534	
3671	1554534	
3674	261281	
3675	1554534	
3847	1554534	
4085	486058	
4185	1554534	
4240	182984	
4435	1228621	
4435	1617902	
4574	261281	
4747	1554534	
5414	673794	
5949	1554534	
5954	1554534	
5955	38254	
5959	1554534	
5970	38254	
5990	1554534	
6395	182984	
7518	673794	
7832	684113	
7835	486058	
7835	684113	
8019	1554534	
8049	673794	
8051	1554534	
8100	390961	
8252	390961	
8670	1554534	
8731	182984	
9325	261281	
9350	38254	
9362	38254	
9377	261281	
9377	396172	
9377	396302	
9381	1554534	
9536	396172	
9544	1554534	
9558	1554534	
9564	1554534	
9567	38254	
9582	182984	
9584	1554534	
9586	1554534	
9589	1554534	
9624	38254	
9641	1554534	
9765	270553	
9765	486058	
9765	992895	
9765	1111704	
9765	1617907	
9766	680364	
9766	1313587	
9772	270553	
9777	261281	
9777	680364	
9778	680364	
9785	184900	
9785	412782	
9787	992895	
9787	1617907	
9790	38254	
9790	412782	
9790	680364	
9790	788460	
9792	396172	
9792	684113	
9792	788460	
9794	261281	
9794	396172	
9794	412782	
9794	486058	
9794	788460	
9799	1554534	
9803	1554534	
9807	1554534	
9814	1554534	
9815	1554534	
9817	38254	
9818	261281	
9819	1554534	
9829	390961	
9832	38254	
9832	680364	
9836	38254	
9842	412782	
9848	1554534	
9850	1313587	
9851	416726	
9851	680364	
9855	1554534	
9856	1554534	
9881	1554534	
9892	1554534	
9894	38254	
9894	261281	
9894	412782	
9895	450768	
9902	1554534	
9905	1554534	
9920	1554534	
9947	1554534	
9965	1554534	
9972	1554534	
9975	1554534	
9987	38254	
9989	1554534	
9996	1554534	
9997	38254	
10002	38254	
10005	1554534	
10035	38254	
10035	1554534	
10051	1554534	
10120	396172	
10129	1554534	
10132	1554534	
10134	1554534	
10137	1554534	
10223	38254	
10223	261281	
10223	1554534	
10389	1554534	
10438	1554534	
10583	486058	
10704	38254	
10704	390961	
10720	390961	
10910	261281	
11235	1554534	
11447	1554534	
11517	270553	
12835	684113	
12835	1554534	
12912	1554534	
12975	38254	
13140	38254	
13298	1554534	
13301	680364	
13379	38254	
13703	38254	
13859	38254	
13890	182984	
13930	38254	
13930	1554534	
13945	1554534	
14160	390961	
14193	486058	
14200	38254	
14627	1554534	
15758	450768	
15758	1554534	
15875	396172	
15881	38254	
15884	1554534	
15885	1554534	
15887	38254	
15891	38254	
15893	38254	
15894	1554534	
15900	396172	
15905	1554534	
15918	261281	
15918	486058	
15920	390961	
15926	1554534	
15928	261281	
15928	486058	
15936	38254	
15940	1554534	
15957	38254	
15957	390961	
15958	393781	
16079	1554534	
16414	396172	
16414	680364	
16416	1554534	
16462	38254	
16498	261281	
16498	396172	
16498	486058	
16516	38254	
16537	261281	
16621	261281	
16846	393781	
17301	182984	
17457	270553	
17608	38254	
17614	38254	
17976	673794	
18204	449540	
18204	652254	
18204	1558285	
18210	652254	
18210	1558285	
18235	449540	
18363	396172	
18363	486058	
18363	684113	
18373	38254	
19173	201851	
19349	996158	
19507	1554534	
19881	412782	
20073	38254	
20159	1148635	
20374	316325	
20496	38254	
21017	182984	
21103	449540	
21103	652254	
21103	1228621	
21103	1229013	
21103	1558282	
21103	1558285	
21103	1617931	
21340	1554534	
21517	1554534	
21622	38254	
21629	1554534	
21964	1554534	
21976	1554534	
21996	38254	
22004	1554534	
22035	1554534	
22038	38254	
22104	182984	
22525	184900	
22525	412782	
22782	1114635	
22917	1554534	
22922	1554534	
22924	38254	
22952	38254	
23279	1617931	
23394	38254	
23723	1554534	
24803	673794	
25112	454913	
25130	454913	
25379	1554534	
25994	1148635	
26189	38254	
26193	652254	
26664	396172	
27889	996158	
28079	38254	
28079	261281	
28079	396172	
28080	261281	
28080	396172	
28082	38254	
28082	396172	
28082	1554534	
28083	261281	
28084	261281	
28333	182984	
28966	1554534	
28974	454913	
29282	1554534	
29290	1554534	
29307	1554534	
29317	38254	
29355	1554534	
29359	38254	
29359	1554534	
31070	261281	
31070	390961	
31258	449540	
31546	1229227	
31850	261281	
31919	454913	
32098	182984	
32118	996158	
32653	38254	
32659	38254	
32899	182984	
32966	261281	
33316	261281	
33512	182984	
33622	396172	
33671	430681	
33675	38254	
33856	1554534	
34152	38254	
34444	673794	
35272	673794	
35410	182984	
35532	182984	
36476	316325	
37199	182984	
37298	1617902	
37458	673794	
37784	1617907	
37920	38254	
38254	38263	
38254	38520	
38254	43303	
38254	43306	
38254	43322	
38254	43332	
38254	43337	
38254	45743	
38254	45798	
38254	48220	
38254	48618	
38254	49122	
38254	49162	
38254	50629	
38254	51175	
38254	76214	
38254	76534	
38254	76691	
38254	77346	
38254	79727	
38254	84414	
38254	84415	
38254	86198	
38254	86216	
38254	87973	
38254	88787	
38254	93397	
38254	93416	
38254	93455	
38254	94711	
38254	95009	
38254	108425	
38254	108501	
38254	112213	
38254	114891	
38254	115035	
38254	116288	
38254	119365	
38254	135126	
38254	136467	
38254	146481	
38254	147151	
38254	147169	
38254	147180	
38254	147243	
38254	147245	
38254	147252	
38254	149333	
38254	153514	
38254	155887	
38254	157611	
38254	157614	
38254	165750	
38254	165764	
38254	174577	
38254	174617	
38254	178913	
38254	180803	
38254	181300	
38254	184895	
38254	184907	
38254	197874	
38254	198311	
38254	198866	
38254	201656	
38254	201856	
38254	201980	
38254	201983	
38254	202220	
38254	202260	
38254	202641	
38254	202903	
38254	203257	
38254	203611	
38254	203682	
38254	203694	
38254	203708	
38254	204222	
38254	204379	
38254	204463	
38254	204519	
38254	205539	
38254	206948	
38254	206971	
38254	207717	
38254	208584	
38254	208784	
38254	210639	
38254	210666	
38254	211372	
38254	211598	
38254	211608	
38254	211778	
38254	212441	
38254	213062	
38254	213151	
38254	213747	
38254	213774	
38254	214566	
38254	214937	
38254	215369	
38254	217712	
38254	217893	
38254	217908	
38254	217910	
38254	217971	
38254	221812	
38254	221846	
38254	221858	
38254	227193	
38254	239438	
38254	245893	
38254	248713	
38254	248890	
38254	249334	
38254	254908	
38254	255422	
38254	260008	
38254	261281	
38254	265456	
38254	265474	
38254	265475	
38254	265671	
38254	265699	
38254	265791	
38254	266326	
38254	267354	
38254	268438	
38254	270672	
38254	272293	
38254	272428	
38254	272760	
38254	275019	
38254	275545	
38254	276363	
38254	276488	
38254	277179	
38254	278594	
38254	279397	
38254	280305	
38254	280786	
38254	280973	
38254	281949	
38254	282110	
38254	282610	
38254	283602	
38254	285140	
38254	285575	
38254	287797	
38254	287803	
38254	287805	
38254	287808	
38254	287982	
38254	288194	
38254	288662	
38254	289341	
38254	289663	
38254	289957	
38254	290218	
38254	290635	
38254	291173	
38254	291224	
38254	291863	
38254	291888	
38254	292465	
38254	292695	
38254	293343	
38254	293514	
38254	293827	
38254	294755	
38254	295846	
38254	296466	
38254	301096	
38254	302191	
38254	302847	
38254	305113	
38254	306733	
38254	309360	
38254	310056	
38254	310944	
38254	311675	
38254	313701	
38254	313726	
38254	314009	
38254	315662	
38254	317311	
38254	317694	
38254	318047	
38254	318062	
38254	318063	
38254	318080	
38254	318082	
38254	318110	
38254	318560	
38254	318643	
38254	318992	
38254	319004	
38254	320562	
38254	320747	
38254	320800	
38254	322763	
38254	325266	
38254	328356	
38254	331192	
38254	334348	
38254	335188	
38254	335472	
38254	336131	
38254	336973	
38254	338188	
38254	339400	
38254	339405	
38254	339903	
38254	339917	
38254	341480	
38254	342297	
38254	342647	
38254	343104	
38254	344559	
38254	345430	
38254	345432	
38254	345491	
38254	345520	
38254	345568	
38254	345608	
38254	345641	
38254	345689	
38254	345784	
38254	345867	
38254	346351	
38254	346689	
38254	347206	
38254	347280	
38254	347547	
38254	347912	
38254	348630	
38254	350661	
38254	350902	
38254	351365	
38254	352316	
38254	352335	
38254	354283	
38254	354618	
38254	356651	
38254	356672	
38254	356954	
38254	357300	
38254	357453	
38254	357657	
38254	362082	
38254	362676	
38254	364906	
38254	366535	
38254	366751	
38254	366800	
38254	368868	
38254	369032	
38254	369372	
38254	369433	
38254	369668	
38254	370808	
38254	370951	
38254	374307	
38254	374438	
38254	376108	
38254	376828	
38254	376853	
38254	376911	
38254	377007	
38254	377088	
38254	377830	
38254	377835	
38254	377837	
38254	377841	
38254	378047	
38254	378103	
38254	378192	
38254	378382	
38254	378729	
38254	379207	
38254	379342	
38254	379527	
38254	379691	
38254	380168	
38254	380197	
38254	380237	
38254	380340	
38254	380381	
38254	380454	
38254	380623	
38254	380645	
38254	380657	
38254	380666	
38254	380669	
38254	380673	
38254	380687	
38254	380688	
38254	380725	
38254	380730	
38254	380973	
38254	380984	
38254	381028	
38254	381073	
38254	381137	
38254	381151	
38254	381261	
38254	381262	
38254	381265	
38254	381279	
38254	381294	
38254	381388	
38254	381401	
38254	381485	
38254	381512	
38254	381544	
38254	381548	
38254	381973	
38254	382106	
38254	382362	
38254	382392	
38254	382614	
38254	382736	
38254	382808	
38254	382819	
38254	382951	
38254	382973	
38254	382999	
38254	383031	
38254	383076	
38254	383137	
38254	383154	
38254	383317	
38254	383324	
38254	383345	
38254	383724	
38254	384174	
38254	384316	
38254	384333	
38254	384731	
38254	385116	
38254	385166	
38254	385204	
38254	385232	
38254	385241	
38254	385253	
38254	385667	
38254	385670	
38254	385723	
38254	386645	
38254	388736	
38254	388829	
38254	390804	
38254	390840	
38254	390929	
38254	390940	
38254	390948	
38254	390949	
38254	390953	
38254	390954	
38254	390986	
38254	390990	
38254	391012	
38254	391066	
38254	391201	
38254	391316	
38254	391368	
38254	391422	
38254	391476	
38254	391479	
38254	391494	
38254	391602	
38254	391740	
38254	391758	
38254	391761	
38254	391763	
38254	391765	
38254	391769	
38254	391770	
38254	391776	
38254	391781	
38254	391791	
38254	391796	
38254	391801	
38254	391804	
38254	391808	
38254	391816	
38254	391825	
38254	391834	
38254	391837	
38254	391848	
38254	391850	
38254	391861	
38254	391864	
38254	391873	
38254	391891	
38254	391892	
38254	391896	
38254	391900	
38254	391904	
38254	391912	
38254	391916	
38254	391918	
38254	391923	
38254	391928	
38254	391930	
38254	391940	
38254	391947	
38254	391949	
38254	391951	
38254	391965	
38254	391985	
38254	391988	
38254	392085	
38254	392252	
38254	392323	
38254	392406	
38254	392921	
38254	393005	
38254	393044	
38254	393066	
38254	393219	
38254	393330	
38254	393393	
38254	393486	
38254	393642	
38254	393650	
38254	393727	
38254	393734	
38254	393744	
38254	393747	
38254	393748	
38254	393754	
38254	393767	
38254	393768	
38254	393771	
38254	393774	
38254	393776	
38254	393780	
38254	393781	
38254	393785	
38254	393788	
38254	393790	
38254	393791	
38254	393794	
38254	393795	
38254	393797	
38254	393812	
38254	393824	
38254	393838	
38254	393840	
38254	393843	
38254	393852	
38254	393853	
38254	393861	
38254	393884	
38254	393886	
38254	393895	
38254	393904	
38254	393906	
38254	393937	
38254	393952	
38254	394183	
38254	394669	
38254	395869	
38254	395907	
38254	396129	
38254	396145	
38254	396156	
38254	396165	
38254	396168	
38254	396171	
38254	396186	
38254	396246	
38254	396257	
38254	396265	
38254	396272	
38254	396285	
38254	396286	
38254	396301	
38254	396308	
38254	396310	
38254	396338	
38254	396340	
38254	396348	
38254	398432	
38254	399434	
38254	399564	
38254	400931	
38254	403793	
38254	406470	
38254	406596	
38254	406631	
38254	406654	
38254	406760	
38254	407123	
38254	407679	
38254	412043	
38254	412430	
38254	412441	
38254	412443	
38254	412446	
38254	412543	
38254	412782	
38254	414128	
38254	415319	
38254	416616	
38254	416637	
38254	416641	
38254	416666	
38254	416695	
38254	416698	
38254	416721	
38254	416736	
38254	416742	
38254	416752	
38254	417147	
38254	417160	
38254	417392	
38254	417418	
38254	417746	
38254	417887	
