1570	100001	
53452	100001	
99969	100001	
99972	100001	
100001	153466	
100001	274148	
100001	282430	
100001	383914	
100001	485328	
100001	636283	
100001	847403	
100001	875121	
100001	876173	
100001	885365	
100001	908600	
100001	914293	
100001	1886591	
100001	1966616	
100001	2005199	
100001	2010517	
100001	2057152	
100001	2060240	
100001	2280171	
100001	2280192	
100001	2280193	
100001	2280236	
100001	2280243	
100001	2374849	
100001	2491496	
100001	2513522	
100001	2564185	
100001	2715960	
100001	2715961	
100001	2715963	
100001	2715964	
100001	2715967	
100001	2715968	
100001	2715969	
100001	2715970	
100001	2715973	
100001	2715974	
50	1570	
5860	282430	
26233	876173	
1534	1570	
1570	1576	
1570	1592	
1570	1594	
1570	1650	
1570	1654	
1570	70494	
1570	91429	
1570	92569	
1570	92572	
1570	94322	
1570	94352	
1570	94363	
1570	96055	
1570	98232	
1570	99969	
1570	99970	
1570	99971	
1570	99972	
1570	99973	
1570	99974	
1570	99975	
1570	99976	
1570	99977	
1570	99978	
1570	99979	
1570	99980	
1570	99981	
1570	99982	
1570	99983	
1570	99984	
1570	99985	
1570	99986	
1570	99987	
1570	99988	
1570	99989	
1570	99990	
1570	99991	
1570	99992	
1570	99993	
1570	99994	
1570	99995	
1570	99996	
1570	99997	
1570	99998	
1570	99999	
1570	100000	
1570	100002	
1570	100003	
1570	100004	
1570	100005	
1570	100006	
1570	100007	
1570	100008	
1570	2052705	
1570	2589045	
1570	2594559	
1570	2687091	
1570	2695067	
783	53452	
2578	153466	
5737	274148	
11309	485328	
8230	383914	
13904	153466	
14027	485328	
14066	485328	
36335	2513522	
18732	282430	
32691	875121	
18785	636283	
34087	885365	
33496	876173	
31682	847403	
33252	2715968	
33254	274148	
33888	53452	
35954	908600	
30656	99969	
40416	875121	
40426	485328	
40440	847403	
46798	1966616	
39552	876173	
36495	914293	
50479	274148	
48318	485328	
50456	1966616	
44807	1886591	
44829	885365	
45570	383914	
45585	383914	
49503	2005199	
55189	2060240	
59573	282430	
53816	2057152	
53365	53452	
53370	53452	
53380	53452	
53425	53452	
53427	53452	
53432	53452	
53452	53463	
53452	59655	
53452	177937	
53452	199048	
53452	223607	
53452	227514	
53452	231975	
53452	242731	
53452	243019	
53452	293190	
53452	300736	
53452	345114	
53452	375362	
53452	486067	
53452	486417	
53452	486510	
53452	516489	
53452	532820	
53452	545729	
53452	631204	
53452	631224	
53452	657652	
53452	689144	
53452	741769	
53452	771192	
53452	781575	
53452	818187	
53452	874098	
53452	874135	
53452	876116	
53452	896199	
53452	904564	
53452	911570	
53452	912813	
53452	936181	
53452	959759	
53452	1963630	
53452	1970685	
53452	2045508	
53452	2047051	
53452	2049758	
53452	2049759	
53452	2049760	
53452	2049761	
53452	2049762	
53452	2049763	
53452	2049765	
53452	2049766	
53452	2049771	
53452	2049772	
53452	2049773	
53452	2049775	
53452	2049777	
53452	2049778	
53452	2049779	
53452	2049780	
53452	2049783	
53452	2049785	
53452	2049786	
53452	2196824	
53452	2205830	
53452	2209861	
53452	2681304	
50172	2010517	
60177	99969	
68276	1966616	
57261	282430	
58118	485328	
58119	282430	
65228	847403	
64164	1966616	
63418	876173	
62844	2060240	
65432	383914	
84266	875121	
74733	99969	
74733	99972	
67020	99972	
67020	282430	
67020	383914	
67020	876173	
67020	2280171	
67020	2280192	
67020	2280193	
67020	2280236	
67020	2280243	
69655	876173	
69704	876173	
69842	875121	
73575	875121	
83149	485328	
71761	1966616	
71894	485328	
71955	875121	
70588	2060240	
83848	2513522	
83895	847403	
84050	2715968	
72412	153466	
72412	2715968	
73377	885365	
81557	2374849	
85646	875121	
85730	2060240	
85738	847403	
74444	2374849	
77579	485328	
77949	847403	
77949	2060240	
78757	2060240	
87579	2564185	
87167	914293	
87167	2010517	
87199	2060240	
87674	2060240	
82908	2491496	
86944	383914	
87079	485328	
91923	636283	
103542	2564185	
97779	2060240	
97779	2280193	
96500	1966616	
96817	876173	
99196	1966616	
101757	2060240	
101784	636283	
101313	2060240	
98461	383914	
98461	2060240	
94334	636283	
95677	2564185	
95618	2057152	
120623	2060240	
99969	99972	
99969	129358	
99969	149655	
99969	153450	
99969	222406	
99969	231259	
99969	231275	
99969	238551	
99969	266068	
99969	341329	
99969	346530	
99969	375889	
99969	379118	
99969	381271	
99969	390151	
99969	390167	
99969	393558	
99969	402901	
99969	402916	
99969	452229	
99969	485328	
99969	499431	
99969	501897	
99969	503015	
99969	510613	
99969	513404	
99969	524551	
99969	532570	
99969	541176	
99969	548744	
99969	611443	
99969	617496	
99969	657645	
99969	657646	
99969	657647	
99969	657652	
99969	681953	
99969	722336	
99969	722343	
99969	722384	
99969	766129	
99969	828630	
99969	828662	
99969	834768	
99969	860618	
99969	871374	
99969	877269	
99969	885365	
99969	891032	
99969	904124	
99969	908600	
99969	910859	
99969	947808	
99969	962023	
99969	1992256	
99969	1992308	
99969	2013222	
99969	2063841	
99969	2189549	
99969	2210714	
99969	2253328	
99969	2280171	
99969	2280236	
99969	2280243	
99969	2362453	
99969	2410112	
99969	2442930	
99969	2497289	
99969	2519441	
99969	2521067	
99969	2534060	
99969	2534647	
99969	2535157	
99969	2536868	
99969	2573370	
99969	2619704	
99969	2681404	
99969	2686460	
99969	2687830	
99969	2713249	
99969	2713915	
99969	2715968	
99969	2715970	
99969	2715973	
99969	2716238	
99969	2716241	
99969	2716242	
99969	2716249	
99969	2716251	
99969	2716252	
99969	2716253	
99969	2716254	
99969	2716255	
99969	2716256	
99969	2716257	
99969	2716258	
99969	2716259	
99969	2716260	
99969	2716261	
99969	2716262	
99972	99973	
99972	99987	
99972	99988	
99972	100725	
99972	133820	
99972	162566	
99972	222406	
99972	231239	
99972	231259	
99972	274148	
99972	282430	
99972	346530	
99972	383914	
99972	393537	
99972	450398	
99972	475741	
99972	485328	
99972	502101	
99972	509618	
99972	513338	
99972	513363	
99972	527119	
99972	527560	
99972	590629	
99972	594109	
99972	617496	
99972	625167	
99972	685398	
99972	720647	
99972	720671	
99972	741382	
99972	788237	
99972	814674	
99972	876173	
99972	885365	
99972	891032	
99972	902162	
99972	908536	
99972	908600	
99972	912271	
99972	914293	
99972	947808	
99972	951122	
99972	960222	
99972	961975	
99972	1886591	
99972	1888136	
99972	1949687	
99972	1992256	
99972	1992286	
99972	2017291	
99972	2024534	
99972	2063790	
99972	2189594	
99972	2191702	
99972	2193046	
99972	2236426	
99972	2280171	
99972	2280192	
99972	2280193	
99972	2280196	
99972	2280197	
99972	2280215	
99972	2280220	
99972	2280228	
99972	2280236	
99972	2280243	
99972	2280261	
99972	2337084	
99972	2354847	
99972	2357828	
99972	2359298	
99972	2374930	
99972	2496588	
99972	2573370	
99972	2619704	
99972	2715961	
99972	2715963	
99972	2715964	
99972	2715968	
99972	2715970	
99972	2715973	
99972	2716456	
99972	2716471	
99972	2716473	
99972	2716478	
99972	2719937	
99972	2719940	
99972	2719942	
99972	2719943	
99972	2719946	
99972	2719947	
99972	2719948	
99972	2719951	
99972	2719953	
99972	2719954	
99972	2719955	
99972	2769651	
99972	2769658	
99972	2924473	
99973	274148	
99973	282430	
99973	876173	
99973	914293	
99973	2280171	
99973	2280192	
99973	2280193	
99973	2280243	
99973	2715960	
99973	2715961	
99973	2715963	
99973	2715970	
99973	2715973	
99977	2057152	
99988	2280243	
110370	2564185	
110371	2564185	
110379	282430	
99434	914293	
99434	2060240	
101413	485328	
97006	99972	
106660	847403	
101943	2564185	
101955	885365	
102253	885365	
102261	282430	
103885	875121	
106365	2060240	
117231	2513522	
106992	2060240	
107029	485328	
107056	885365	
107108	2513522	
107970	2057152	
117441	847403	
115389	282430	
115407	485328	
123000	885365	
119017	2060240	
119019	2060240	
123932	1966616	
123933	2564185	
124808	383914	
124818	383914	
126434	282430	
126484	2060240	
126686	636283	
128817	876173	
129244	2057152	
129322	485328	
212247	914293	
586752	847403	
131614	876173	
131614	914293	
132325	485328	
134770	2060240	
135872	2564185	
135889	282430	
135930	2060240	
146307	885365	
160333	2057152	
160337	282430	
160341	2060240	
160360	282430	
156145	2374849	
152335	274148	
152335	914293	
152335	2280243	
151017	847403	
157121	876173	
157185	1966616	
149072	2280193	
149088	876173	
145714	1966616	
160701	282430	
160701	2060240	
160763	885365	
158675	2513522	
145195	1966616	
149585	383914	
153448	153466	
153450	885365	
153451	153466	
153453	153466	
153454	153466	
153459	153466	
153466	153469	
153466	153472	
153466	153483	
153466	153488	
153466	153490	
153466	153491	
153466	153492	
153466	153493	
153466	153494	
153466	153495	
153466	153496	
153466	153500	
153466	153507	
153466	153521	
153466	153522	
153466	153525	
153466	153526	
153466	153531	
153466	153532	
153466	153540	
153466	153541	
153466	153542	
153466	153548	
153466	153550	
153466	231199	
153466	234936	
153466	244574	
153466	244575	
153466	244577	
153466	244578	
153466	244586	
153466	264874	
153466	447757	
153466	511512	
153466	541266	
153466	545775	
153466	640748	
153466	731755	
153466	819117	
153466	827595	
153466	845344	
153466	888493	
153466	889599	
153466	926616	
153466	936254	
153466	960463	
153466	963443	
153466	1884460	
153466	1997392	
153466	2052316	
153466	2145949	
153466	2190231	
153466	2208740	
153466	2218740	
153466	2253644	
153466	2308514	
153466	2320527	
153466	2392106	
153466	2476498	
153466	2476523	
153466	2497468	
153466	2537033	
153466	2552461	
153466	2704569	
153466	2719671	
153466	2798609	
153466	2827101	
153466	3011600	
153466	3011603	
153466	3011604	
153466	3011804	
153466	3011806	
153466	3011999	
153466	3012145	
153466	3012151	
153466	3012159	
153466	3012170	
153466	3012178	
153466	3012508	
153466	3012601	
153466	3012903	
153466	3013394	
153466	3013395	
153466	3013396	
153466	3016577	
153491	2715968	
153508	2280193	
153516	636283	
151266	2005199	
151266	2060240	
156548	485328	
155151	876173	
153865	282430	
154816	2060240	
154852	2060240	
161566	636283	
164270	2374849	
163647	2060240	
165540	2374849	
168498	282430	
167039	2374849	
173146	274148	
179910	1966616	
185799	2280193	
180413	2060240	
188008	885365	
185305	847403	
179353	2060240	
181249	876173	
184284	2057152	
184292	2057152	
187064	2060240	
190464	876173	
188779	885365	
191468	383914	
192389	885365	
196384	2280193	
196703	914293	
197351	885365	
199567	1966616	
204078	2715963	
204141	876173	
198846	2060240	
198559	2564185	
199279	485328	
207111	485328	
211004	2060240	
211340	1966616	
220595	383914	
219078	885365	
211858	636283	
209456	2374849	
212292	485328	
209031	2280193	
212930	383914	
212930	2280193	
215581	914293	
216091	383914	
216736	1886591	
217264	2715968	
218992	2280193	
219020	2057152	
219020	2715967	
217903	2374849	
219737	636283	
223582	636283	
223641	2060240	
231239	282430	
233260	2564185	
233290	2715960	
219664	2374849	
224259	2513522	
222171	636283	
222185	2374849	
222193	1886591	
222193	2715964	
221674	2374849	
222738	2374849	
222406	885365	
222409	2715967	
223846	885365	
224015	914293	
225532	876173	
225594	875121	
231177	914293	
231202	2564185	
231248	636283	
231259	274148	
231275	885365	
231324	2060240	
231380	2060240	
231482	1966616	
231511	636283	
230854	876173	
235895	282430	
236235	282430	
245183	2564185	
238516	282430	
238550	1966616	
238578	282430	
238578	2060240	
243145	2280193	
243145	2715960	
243552	282430	
244578	2057152	
245308	885365	
245312	876173	
245312	2715960	
244901	2280243	
250625	485328	
252033	2564185	
256295	2060240	
257152	636283	
258055	885365	
260152	274148	
262257	383914	
270727	2060240	
270755	2374849	
270767	485328	
270769	876173	
270792	636283	
270813	485328	
270848	636283	
263022	847403	
266068	885365	
264864	282430	
266099	885365	
269231	1966616	
276294	847403	
276321	485328	
276368	2374849	
276391	876173	
276391	2280193	
276391	2715960	
273533	636283	
273550	2374849	
274141	274148	
274141	914293	
274141	2280193	
274148	274156	
274148	274157	
274148	274161	
274148	286191	
274148	383914	
274148	405468	
274148	405510	
274148	407434	
274148	447781	
274148	496317	
274148	499431	
274148	502101	
274148	509618	
274148	553159	
274148	556922	
274148	558932	
274148	618362	
274148	648791	
274148	720667	
274148	722326	
274148	726236	
274148	741382	
274148	742237	
274148	840236	
274148	849507	
274148	876173	
274148	891032	
274148	896230	
274148	903333	
274148	908481	
274148	908536	
274148	912271	
274148	914063	
274148	914293	
274148	926616	
274148	926630	
274148	960222	
274148	1884455	
274148	1951906	
274148	1984366	
274148	2005199	
274148	2010513	
274148	2013359	
274148	2013781	
274148	2017291	
274148	2063790	
274148	2149670	
274148	2160639	
274148	2189599	
274148	2191702	
274148	2215335	
274148	2235754	
274148	2275858	
274148	2280165	
274148	2280171	
274148	2280176	
274148	2280178	
274148	2280188	
274148	2280192	
274148	2280193	
274148	2280196	
274148	2280197	
274148	2280199	
274148	2280215	
274148	2280228	
274148	2280230	
274148	2280243	
274148	2280255	
274148	2280261	
274148	2280262	
274148	2280264	
274148	2312339	
274148	2357828	
274148	2367773	
274148	2374739	
274148	2374985	
274148	2380746	
274148	2381685	
274148	2413009	
274148	2420733	
274148	2496613	
274148	2557890	
274148	2582981	
274148	2619704	
274148	2699018	
274148	2712708	
274148	2715961	
274148	2715963	
274148	2715970	
274148	2716453	
274148	2716456	
274148	2716471	
274148	2719937	
274148	2719943	
274148	2719951	
274148	2720645	
274148	2723735	
274148	2865379	
274148	2924486	
274148	3013395	
274148	3026651	
276109	876173	
277627	2005199	
277007	485328	
279819	876173	
279825	2715964	
279828	1886591	
279883	875121	
282430	303409	
282430	330847	
282430	335799	
282430	339122	
282430	374080	
282430	376517	
282430	383591	
282430	383914	
282430	395034	
282430	449275	
282430	472688	
282430	475631	
282430	481579	
282430	484858	
282430	484878	
282430	484884	
282430	486405	
282430	493357	
282430	496075	
282430	497519	
282430	501067	
282430	502890	
282430	520515	
282430	532579	
282430	537861	
282430	537875	
282430	537893	
282430	541230	
282430	546065	
282430	551630	
282430	553808	
282430	601301	
282430	619026	
282430	622729	
282430	636504	
282430	650151	
282430	668818	
282430	689659	
282430	705358	
282430	715684	
282430	720749	
282430	722328	
282430	751356	
282430	767951	
282430	789988	
282430	799227	
282430	819111	
282430	832015	
282430	859454	
282430	861496	
282430	865549	
282430	872042	
282430	872855	
282430	874027	
282430	874130	
282430	876116	
282430	876122	
282430	876127	
282430	876173	
282430	903333	
282430	908594	
282430	909878	
282430	909890	
282430	910299	
282430	911283	
282430	911309	
282430	911312	
282430	911318	
282430	911319	
282430	911324	
282430	911327	
282430	911334	
282430	912924	
282430	913300	
282430	914083	
282430	914293	
282430	920452	
282430	923105	
282430	925805	
282430	926616	
282430	926630	
282430	960467	
282430	979111	
282430	1881952	
282430	1884420	
282430	1885977	
282430	1888136	
282430	1968693	
282430	1975398	
282430	2005163	
282430	2005199	
282430	2015717	
282430	2017291	
282430	2018869	
282430	2019907	
282430	2021450	
282430	2037419	
282430	2043727	
282430	2045067	
282430	2045224	
282430	2047347	
282430	2060240	
282430	2060293	
282430	2063790	
282430	2135860	
282430	2142817	
282430	2148201	
282430	2178508	
282430	2191702	
282430	2204979	
282430	2206870	
282430	2214754	
282430	2227903	
282430	2235754	
282430	2235760	
282430	2237961	
282430	2243038	
282430	2254288	
282430	2275858	
282430	2280164	
282430	2280165	
282430	2280168	
282430	2280170	
282430	2280171	
282430	2280176	
282430	2280178	
282430	2280187	
282430	2280188	
282430	2280192	
282430	2280193	
282430	2280196	
282430	2280197	
282430	2280199	
282430	2280200	
282430	2280201	
282430	2280209	
282430	2280215	
282430	2280216	
282430	2280218	
282430	2280220	
282430	2280223	
282430	2280224	
282430	2280228	
282430	2280230	
282430	2280236	
282430	2280239	
282430	2280243	
282430	2280245	
282430	2280248	
282430	2280249	
282430	2280255	
282430	2280258	
282430	2280259	
282430	2280261	
282430	2280262	
282430	2280264	
282430	2299029	
282430	2304513	
282430	2319737	
282430	2344985	
282430	2345014	
282430	2345021	
282430	2348070	
282430	2356213	
282430	2357828	
282430	2365082	
282430	2413009	
282430	2447130	
282430	2476488	
282430	2497439	
282430	2510463	
282430	2521152	
282430	2521154	
282430	2533357	
282430	2538623	
282430	2557913	
282430	2558641	
282430	2701410	
282430	2701420	
282430	2704528	
282430	2704540	
282430	2706846	
282430	2712681	
282430	2714193	
282430	2715963	
282430	2715970	
282430	2715973	
282430	2716432	
282430	2716453	
282430	2716489	
282430	2717779	
282430	2719943	
282430	2719946	
282430	2723092	
282430	2723735	
282430	2724112	
282430	2728968	
282430	2768954	
282430	2769440	
282430	2769456	
282430	2769490	
282430	2769651	
282430	2769662	
282430	2769717	
282430	2770573	
282430	2773548	
282430	2786770	
282430	2787908	
282430	2791506	
282430	2792748	
282430	2815828	
282430	2832452	
282430	2865165	
282430	2865379	
282430	2868765	
282430	2870395	
282430	2876152	
282430	2876170	
282430	2879066	
282430	2913736	
282430	3001997	
282430	3002001	
282430	3011967	
282430	3012041	
282430	3012042	
282430	3012044	
282430	3013395	
282430	3014030	
282430	3034298	
282430	3035046	
282430	3035047	
282430	3070342	
288570	847403	
284394	885365	
286191	2715973	
291046	2060240	
293341	885365	
298925	2374849	
295317	2005199	
299417	2280192	
299446	2280192	
299818	485328	
300152	885365	
303373	636283	
300718	885365	
318622	885365	
318667	636283	
314082	2564185	
314100	2564185	
317389	2715969	
325415	1966616	
330847	876173	
333738	885365	
333362	2060240	
336571	876173	
335686	2374849	
337019	383914	
335058	1886591	
335075	876173	
335082	636283	
335097	914293	
337163	2060240	
337163	2374849	
337237	2715968	
337271	485328	
337371	875121	
335323	485328	
341343	875121	
339121	383914	
339121	2005199	
342948	2513522	
343068	1966616	
343788	636283	
383224	1966616	
378495	847403	
378706	2564185	
378801	2564185	
379118	885365	
379230	636283	
379798	876173	
381117	2715968	
373853	383914	
375037	2060240	
375835	2057152	
375889	885365	
376029	636283	
376517	383914	
376517	1886591	
376517	2715964	
346530	1886591	
346530	2715964	
346530	2715968	
366031	2564185	
367183	2280193	
366166	2715970	
372823	383914	
383914	383915	
383914	383921	
383914	388094	
383914	388107	
383914	395056	
383914	407377	
383914	419517	
383914	532845	
383914	561109	
383914	584717	
383914	587930	
383914	606338	
383914	606352	
383914	610280	
383914	637516	
383914	685337	
383914	705324	
383914	764533	
383914	819111	
383914	819690	
383914	827691	
383914	872042	
383914	873168	
383914	876173	
383914	912870	
383914	913300	
383914	914293	
383914	1888184	
383914	1999526	
383914	2001651	
383914	2005199	
383914	2007368	
383914	2014374	
383914	2015413	
383914	2017291	
383914	2045104	
383914	2063790	
383914	2139740	
383914	2214502	
383914	2235754	
383914	2235759	
383914	2237961	
383914	2239364	
383914	2242188	
383914	2275858	
383914	2280170	
383914	2280173	
383914	2280176	
383914	2280187	
383914	2280191	
383914	2280192	
383914	2280193	
383914	2280196	
383914	2280198	
383914	2280199	
383914	2280200	
383914	2280204	
383914	2280205	
383914	2280208	
383914	2280215	
383914	2280216	
383914	2280218	
383914	2280220	
383914	2280223	
383914	2280225	
383914	2280228	
383914	2280230	
383914	2280236	
383914	2280255	
383914	2280259	
383914	2280261	
383914	2280262	
383914	2280270	
383914	2342839	
383914	2342847	
383914	2355259	
383914	2374401	
383914	2487705	
383914	2494719	
383914	2555812	
383914	2564236	
383914	2589364	
383914	2719946	
383914	2768954	
383914	2770437	
383914	2779423	
383914	2797795	
383914	2816745	
383914	2865379	
383914	2866322	
383914	2868752	
383914	2868757	
383914	2869137	
383914	2876251	
383914	2879080	
383914	2923445	
383914	2988110	
383914	2988115	
383914	3012044	
383914	3013395	
383914	3018093	
374208	2060240	
383036	885365	
382931	383914	
382931	485328	
382931	636283	
382931	2715967	
384853	2060240	
387249	885365	
385019	847403	
389050	2513522	
389050	2715969	
389571	2060240	
390132	2564185	
390151	885365	
390167	885365	
390245	2060240	
390245	2564185	
390427	2374849	
390611	485328	
390611	2374849	
391169	2374849	
393520	2057152	
393531	2513522	
393538	636283	
393539	2280171	
393539	2280193	
393558	885365	
393573	885365	
393578	2057152	
394828	485328	
394828	2057152	
395260	636283	
402901	885365	
402907	2564185	
402915	2564185	
402924	2715961	
402965	885365	
405318	2374849	
405453	914293	
405508	2057152	
405510	914293	
405510	2715963	
405519	2280193	
406143	1966616	
406163	875121	
406163	1886591	
406163	2715964	
406163	2715968	
406178	1886591	
737696	875121	
410892	1886591	
410490	636283	
407899	485328	
409372	2564185	
409133	2060240	
412845	2060240	
415992	875121	
421327	876173	
421166	1966616	
424206	876173	
423141	1966616	
426014	1886591	
426630	2715968	
427823	2564185	
429584	636283	
434597	2374849	
434616	908600	
438117	876173	
439218	2057152	
444855	2060240	
438152	847403	
442542	2513522	
484454	636283	
473440	2513522	
444240	636283	
444283	636283	
444806	2513522	
481947	875121	
481948	636283	
481968	875121	
444426	2280171	
447634	914293	
447664	914293	
447722	2057152	
447821	885365	
447873	847403	
452191	876173	
452200	2715973	
452206	885365	
452229	885365	
447139	914293	
447156	885365	
447165	2715964	
447168	1886591	
447168	2715964	
447168	2715974	
456588	1966616	
452976	2060240	
472639	1886591	
472688	2564185	
482679	2057152	
482704	2280193	
457499	1966616	
481579	914293	
481589	2057152	
481591	914293	
485102	2374849	
486415	2491496	
483099	876173	
484908	1966616	
485317	2280193	
485328	497517	
485328	505990	
485328	522560	
485328	644630	
485328	682465	
485328	692246	
485328	696535	
485328	719043	
485328	749350	
485328	751360	
485328	764130	
485328	810892	
485328	819042	
485328	859453	
485328	872638	
485328	875068	
485328	876131	
485328	879251	
485328	908499	
485328	908603	
485328	911464	
485328	914312	
485328	928209	
485328	1883807	
485328	1909955	
485328	1921364	
485328	1998174	
485328	2017139	
485328	2023175	
485328	2054182	
485328	2187468	
485328	2192851	
485328	2249984	
485328	2312153	
485328	2411239	
485328	2411649	
485328	2413054	
485328	2496614	
485328	2497254	
485328	2529626	
485328	2555809	
485328	2571052	
485328	2616523	
485328	2682471	
485328	2701118	
485328	2791180	
487645	2513522	
484864	2564185	
484822	2374849	
489499	2057152	
495579	2715963	
495580	2715963	
489640	2060240	
496191	2057152	
493520	847403	
493525	2005199	
497730	2491496	
495207	2060240	
497899	636283	
497899	847403	
497899	2057152	
497899	2513522	
497899	2715969	
496125	2374849	
496732	2374849	
496119	2564185	
498383	2060240	
501897	2715968	
501914	875121	
498806	2564185	
502101	914293	
502101	2715961	
502101	2715963	
502131	2715960	
502134	2374849	
502147	636283	
499614	2564185	
499630	2564185	
496940	2564185	
496957	2564185	
496957	2715961	
496859	885365	
499154	885365	
499196	885365	
496306	636283	
498052	885365	
498062	885365	
496895	1886591	
496895	2060240	
496895	2715964	
501071	1966616	
503005	2060240	
513043	2280192	
513363	2057152	
513366	2057152	
580715	2715968	
742222	2057152	
742233	914293	
742237	2280193	
511542	2060240	
516439	636283	
516440	885365	
516442	2374849	
516444	2280192	
516465	2060240	
516482	2715960	
516489	876173	
516489	2280193	
516500	2374849	
516527	2060240	
519350	2715961	
521584	2564185	
529952	2564185	
524551	885365	
524551	2060240	
527587	2060240	
532592	2491496	
530736	2715967	
530748	914293	
532552	1886591	
532552	2715964	
532553	885365	
532564	2491496	
532565	1886591	
531114	2060240	
531118	885365	
531125	1966616	
531513	885365	
532991	2564185	
532994	2564185	
533048	2564185	
533074	2564185	
531411	2374849	
531422	2564185	
532210	885365	
531841	876173	
532889	2060240	
539164	2374849	
543575	2491496	
546064	2057152	
545718	2057152	
545721	2715969	
545731	2564185	
545762	885365	
548237	636283	
548342	876173	
548744	2060240	
553593	875121	
549854	2060240	
551013	2491496	
552281	847403	
553159	2491496	
554118	885365	
556993	2513522	
556993	2715969	
555297	876173	
561265	2280193	
562115	876173	
570226	2060240	
577023	2060240	
574337	2564185	
574744	2060240	
578739	2060240	
584707	847403	
584707	2057152	
582096	876173	
579982	2513522	
586008	2060240	
590598	914293	
590629	914293	
591200	2513522	
592331	2060240	
594745	2060240	
595221	1966616	
596790	1886591	
605185	2715964	
617625	2715967	
604353	2564185	
606698	2715964	
606698	2715968	
619026	2280192	
617496	914293	
617496	2280193	
618362	914293	
619750	885365	
618331	2374849	
616519	875121	
626233	847403	
626233	2564185	
623908	847403	
629918	876173	
624681	2715970	
632460	2060240	
632742	2280193	
636485	2057152	
636564	2060240	
636822	1966616	
636242	636283	
636244	636283	
636245	636283	
636247	636283	
636249	2715968	
636249	2715969	
636252	636283	
636253	636283	
636255	636283	
636259	2060240	
636259	2715968	
636260	636283	
636261	636283	
636262	636283	
636263	636283	
636266	636283	
636270	636283	
636273	636283	
636276	885365	
636278	636283	
636281	636283	
636282	636283	
636283	636285	
636283	636286	
636283	636287	
636283	651372	
636283	683943	
636283	685378	
636283	690255	
636283	749179	
636283	772548	
636283	786820	
636283	798263	
636283	832808	
636283	861722	
636283	873955	
636283	908502	
636283	908507	
636283	908517	
636283	908601	
636283	1947549	
636283	1969013	
636283	2044667	
636283	2057151	
636283	2063748	
636283	2175990	
636283	2188487	
636283	2190127	
636283	2190236	
636283	2232045	
636283	2235695	
636283	2238028	
636283	2238145	
636283	2239350	
636283	2241553	
636283	2242063	
636283	2323016	
636283	2356174	
636283	2357442	
636283	2402264	
636283	2402267	
636283	2446937	
636283	2496567	
636283	2554963	
636283	2715796	
636283	2717237	
636283	2720523	
636283	2815837	
636283	2924477	
636283	2955716	
636283	2991173	
636283	3041571	
636283	3046847	
636283	3060840	
640778	875121	
640778	2715967	
640780	2715960	
640865	875121	
640903	2715967	
645653	2060240	
646943	885365	
647418	2715968	
648791	914293	
648791	2010517	
648791	2280193	
648791	2715964	
650151	2280193	
650151	2715968	
654328	2374849	
665072	876173	
657368	2060240	
657368	2715960	
658264	2060240	
658532	1966616	
665594	876173	
665594	2280193	
664963	2057152	
664651	2060240	
669233	2060240	
669266	2057152	
666582	876173	
670110	2060240	
671108	876173	
669826	1966616	
674858	2060240	
684047	2715964	
685452	2060240	
680340	1966616	
685322	2564185	
685325	2715974	
685343	2715974	
685381	2280193	
685387	875121	
685413	2280193	
681953	1886591	
681953	2715968	
681953	2715969	
685046	2060240	
686410	885365	
686425	2057152	
690980	2060240	
686972	885365	
686985	2491496	
686987	2491496	
687012	2491496	
691672	885365	
688832	2280193	
694256	885365	
689659	2060240	
698335	885365	
696001	875121	
696492	2057152	
696554	2060240	
708092	847403	
699991	2060240	
693440	876173	
702595	876173	
707740	876173	
705283	2280193	
705302	2060240	
705329	2060240	
705329	2715960	
705363	2715964	
705363	2715968	
710107	1886591	
717854	1966616	
709954	885365	
709957	885365	
709963	885365	
712060	885365	
713293	1886591	
713293	2715974	
717534	2060240	
715126	2564185	
717796	2057152	
716468	2060240	
719227	876173	
719273	1886591	
719273	2005199	
719273	2715974	
720632	914293	
720641	2057152	
720667	2280193	
720682	2715968	
720699	914293	
720738	914293	
732457	1966616	
732460	2060240	
726677	2715968	
726919	2715968	
731960	2491496	
722326	2005199	
722326	2010517	
722327	2280193	
722381	876173	
724528	847403	
733177	2005199	
722483	2491496	
722485	2564185	
723828	876173	
731873	885365	
741619	876173	
736415	885365	
736422	2715964	
738607	2060240	
738640	2715967	
737952	2280193	
738109	2491496	
738174	2057152	
740217	2057152	
740230	2057152	
740233	1966616	
740233	2057152	
740243	2057152	
741382	914293	
738936	2715967	
745368	2715969	
743397	1886591	
743397	2715964	
743397	2715967	
743397	2715968	
743099	2060240	
743643	2060240	
752905	2060240	
748239	876173	
749096	2374849	
749377	2057152	
749463	2060240	
753437	2280193	
760550	2057152	
763154	2280193	
764695	2057152	
766874	2374849	
766129	885365	
766145	2060240	
765089	2057152	
765106	2715967	
775348	2057152	
767886	2564185	
766587	2564185	
766600	914293	
766611	876173	
768427	2060240	
767424	885365	
779829	2057152	
767747	885365	
770206	885365	
770804	885365	
781806	885365	
774562	2715967	
779409	2060240	
789988	2060240	
783405	2280192	
782290	2715960	
790682	2060240	
790174	2564185	
788427	2715964	
788427	2715968	
788437	1886591	
788441	2564185	
788444	2280193	
788444	2564185	
788339	2280171	
787139	914293	
787139	2010517	
787142	914293	
787142	2010517	
786820	2715967	
787618	885365	
788237	2280243	
788237	2715973	
791079	885365	
793426	2715968	
805072	2057152	
798291	2060240	
796766	2374849	
800631	2280243	
803536	2060240	
803561	847403	
803578	2057152	
803607	1886591	
803612	2057152	
803667	914293	
803760	876173	
805330	2060240	
805709	2060240	
810959	2060240	
811105	2564185	
818402	876173	
810851	2280193	
810861	2715964	
815145	914293	
814674	908600	
814676	2057152	
814683	2005199	
814703	2060240	
814703	2280193	
814709	2280243	
814074	914293	
814083	875121	
814122	2057152	
813884	847403	
818222	876173	
818062	2280193	
818774	1966616	
818791	1966616	
818617	2057152	
819677	2060240	
819111	876173	
819111	2280171	
819111	2280193	
819112	2280171	
819112	2280193	
817968	2564185	
823028	847403	
823567	1966616	
823597	1966616	
824123	2057152	
824143	1966616	
833273	2060240	
828630	885365	
828631	885365	
828646	2564185	
828647	2564185	
828650	2564185	
828657	885365	
828660	2564185	
828662	885365	
828672	2564185	
834768	885365	
840244	876173	
840297	2280193	
841202	876173	
844983	2005199	
848144	2280193	
852475	2005199	
845461	2564185	
847397	847403	
847403	872280	
847403	883130	
847403	898723	
847403	969008	
847403	974709	
847403	1123095	
847403	1882046	
847403	1904803	
847403	2003739	
847403	2020440	
847403	2020456	
847403	2046857	
847403	2164233	
847403	2204504	
847403	2210714	
847403	2213867	
847403	2235792	
847403	2281086	
847403	2312793	
847403	2315617	
847403	2363396	
847403	2374989	
847403	2400549	
847403	2475958	
847403	2516250	
847403	2536077	
847403	2581426	
847403	2683471	
847403	2686705	
847403	2706488	
847403	2715964	
847403	2811317	
847403	2921284	
847403	2926042	
847403	2940345	
847403	2943611	
847403	2987200	
847403	3013927	
848020	885365	
860543	875121	
873054	2057152	
858685	2060240	
858649	2057152	
860104	2057152	
858469	2060240	
859339	2057152	
859353	2715968	
859378	2060240	
859414	2715961	
859422	2060240	
859436	2060240	
875121	959889	
875121	959892	
875121	959899	
875121	959905	
875121	959914	
875121	959920	
875121	1913787	
875121	2001656	
875121	2002359	
875121	2044462	
875121	2252074	
875121	2299057	
875121	2353686	
875121	2526498	
875121	2541452	
875121	2764456	
875121	2771696	
875121	2865523	
875121	3011793	
875121	3012045	
875121	3012050	
862262	2060240	
865479	2280193	
872042	876173	
872042	2280171	
872042	2280193	
872042	2280236	
865549	876173	
865549	2280171	
865549	2280192	
865549	2715970	
871470	914293	
870750	885365	
873728	2715964	
871777	885365	
873950	2060240	
873974	2057152	
874027	2715963	
874083	2280192	
874162	2060240	
872613	1886591	
872613	2715964	
872613	2715968	
872613	2715974	
872689	2715964	
872829	2060240	
872855	2060240	
872858	1886591	
872858	2715964	
872858	2715968	
872875	2374849	
872890	2280193	
876130	885365	
876138	2060240	
877555	2374849	
873172	2513522	
873176	876173	
873176	2010517	
873182	2715963	
874812	1966616	
874812	2057152	
876173	885077	
876173	903333	
876173	904177	
876173	908481	
876173	908536	
876173	913300	
876173	913301	
876173	914293	
876173	918735	
876173	922455	
876173	926630	
876173	951122	
876173	983786	
876173	1888136	
876173	1892501	
876173	1920615	
876173	1925766	
876173	1928675	
876173	1982062	
876173	2003800	
876173	2005163	
876173	2005199	
876173	2017291	
876173	2024837	
876173	2043374	
876173	2044477	
876173	2044495	
876173	2045067	
876173	2051748	
876173	2063790	
876173	2180956	
876173	2208715	
876173	2210682	
876173	2227903	
876173	2235265	
876173	2235754	
876173	2243048	
876173	2253644	
876173	2280170	
876173	2280176	
876173	2280178	
876173	2280188	
876173	2280192	
876173	2280193	
876173	2280196	
876173	2280197	
876173	2280200	
876173	2280201	
876173	2280204	
876173	2280205	
876173	2280215	
876173	2280216	
876173	2280218	
876173	2280220	
876173	2280223	
876173	2280228	
876173	2280230	
876173	2280236	
876173	2280239	
876173	2280243	
876173	2280245	
876173	2280248	
876173	2280249	
876173	2280258	
876173	2280261	
876173	2280264	
876173	2280270	
876173	2305517	
876173	2305518	
876173	2305525	
876173	2305526	
876173	2305530	
876173	2305535	
876173	2312264	
876173	2344994	
876173	2355448	
876173	2356213	
876173	2374147	
876173	2374931	
876173	2420733	
876173	2442310	
876173	2485635	
876173	2496989	
876173	2510463	
876173	2555368	
876173	2557006	
876173	2557052	
876173	2557895	
876173	2557913	
876173	2562437	
876173	2583884	
876173	2615403	
876173	2618165	
876173	2696453	
876173	2715227	
876173	2715973	
876173	2716432	
876173	2716456	
876173	2716461	
876173	2716468	
876173	2719943	
876173	2723092	
876173	2723735	
876173	2767793	
876173	2769585	
876173	2769651	
876173	2773440	
876173	2865379	
876173	2870395	
876173	2902071	
876173	2902076	
876173	2902078	
876173	2902080	
876173	2902081	
876173	2918890	
876173	2988364	
876173	3012041	
876173	3012042	
876173	3012508	
876173	3013395	
876173	3025809	
876173	3054813	
877124	2564185	
878864	885365	
878506	2374849	
878541	2280193	
878541	2715968	
882098	2060240	
879888	1966616	
881643	2564185	
880558	2280171	
880558	2280193	
880588	914293	
880588	2280193	
882323	2715967	
885329	885365	
885365	885376	
885365	885401	
885365	885405	
885365	885406	
885365	891032	
885365	898719	
885365	903876	
885365	904124	
885365	910859	
885365	911575	
885365	911714	
885365	912386	
885365	916530	
885365	916533	
885365	920414	
885365	981423	
885365	1909988	
885365	2011292	
885365	2012419	
885365	2015728	
885365	2020447	
885365	2024453	
885365	2043360	
885365	2045025	
885365	2063738	
885365	2063841	
885365	2109287	
885365	2153624	
885365	2204397	
885365	2253328	
885365	2280243	
885365	2311663	
885365	2392586	
885365	2442930	
885365	2477173	
885365	2519441	
885365	2534060	
885365	2534647	
885365	2611098	
885365	2613708	
885365	2613733	
885365	2613849	
885365	2614017	
885365	2619280	
885365	2699196	
885365	2706506	
885365	2707926	
885365	2713915	
885365	2715410	
885365	2716238	
885365	2716241	
885365	2716242	
885365	2716253	
885365	2716257	
885365	2716258	
885365	2716259	
885365	2716260	
885365	2716262	
885365	2778585	
885365	2803181	
885365	2922310	
885365	3011946	
886789	2564185	
891032	2280236	
891032	2280243	
885042	885365	
899878	2060240	
902120	2280193	
902150	2491496	
902162	2280243	
901027	1966616	
904551	1966616	
903333	914293	
903333	2280193	
903334	2564185	
903413	914293	
903662	2060240	
903674	2060240	
904129	2715961	
904130	2715961	
904142	2715961	
903872	2280193	
903877	2280193	
903881	2280171	
903884	2280193	
904156	2715960	
904166	2060240	
904175	2060240	
904177	2060240	
904179	2564185	
910696	2060240	
908481	914293	
908481	2280171	
908481	2280193	
908512	2060240	
908536	914293	
908536	2280243	
908536	2564185	
908536	2715961	
908536	2715963	
908536	2715964	
908536	2715968	
908536	2715970	
908536	2715973	
908537	2060240	
908557	2374849	
908561	2060240	
908575	2491496	
908591	2374849	
908600	961975	
908600	1886591	
908600	1888136	
908600	2007659	
908600	2280243	
908600	2354929	
908600	2491496	
908600	2535157	
908600	2619704	
908600	2687851	
908600	2715964	
908600	2715968	
908600	2715973	
908603	2280193	
908605	2060240	
908611	2060240	
908836	2060240	
910910	2564185	
910165	2280193	
910221	1966616	
910264	2280193	
910820	914293	
912271	914293	
912278	2374849	
912303	914293	
912303	2060240	
911005	2280193	
910120	2564185	
913300	914293	
913300	2280171	
913300	2280192	
913300	2280193	
913301	2280236	
912897	2060240	
916516	1966616	
916533	2564185	
915208	2715968	
910975	2564185	
910976	2564185	
913084	2374849	
911092	2513522	
916634	2513522	
916220	2057152	
911075	2513522	
911083	2513522	
911084	2513522	
911088	2715968	
911091	2513522	
911093	2513522	
911094	2513522	
911099	2513522	
911104	2513522	
914081	2280192	
914083	2005199	
914083	2280192	
914112	2280192	
911311	2060240	
913493	2513522	
911848	2715967	
911848	2715968	
911894	2564185	
916454	2060240	
914214	1966616	
914216	1966616	
917520	2564185	
917530	2715960	
917541	2715967	
911436	2060240	
913328	2060240	
915446	2715968	
911433	2374849	
913248	2564185	
913453	2060240	
915243	2374849	
915318	2005199	
911665	2513522	
911665	2715968	
911669	1886591	
911669	2715964	
911678	1886591	
911686	2513522	
914293	915961	
914293	926616	
914293	927252	
914293	954268	
914293	960222	
914293	960734	
914293	963411	
914293	972487	
914293	1884506	
914293	1951906	
914293	1992286	
914293	2010517	
914293	2013781	
914293	2017291	
914293	2052909	
914293	2060717	
914293	2063790	
914293	2142817	
914293	2189549	
914293	2191702	
914293	2216814	
914293	2235754	
914293	2251849	
914293	2259961	
914293	2275858	
914293	2280171	
914293	2280173	
914293	2280176	
914293	2280178	
914293	2280188	
914293	2280193	
914293	2280196	
914293	2280197	
914293	2280199	
914293	2280201	
914293	2280215	
914293	2280228	
914293	2280243	
914293	2280245	
914293	2280249	
914293	2280261	
914293	2280262	
914293	2280270	
914293	2312339	
914293	2312773	
914293	2342875	
914293	2345036	
914293	2357828	
914293	2374985	
914293	2420733	
914293	2483531	
914293	2487522	
914293	2496989	
914293	2536817	
914293	2557944	
914293	2573370	
914293	2582981	
914293	2590945	
914293	2591164	
914293	2608775	
914293	2618165	
914293	2619704	
914293	2697839	
914293	2707640	
914293	2715961	
914293	2715963	
914293	2715970	
914293	2715973	
914293	2716432	
914293	2716435	
914293	2716453	
914293	2716456	
914293	2716471	
914293	2719937	
914293	2719943	
914293	2719951	
914293	2758831	
914293	2766088	
914293	2850544	
914293	2850563	
914293	2865379	
914293	2923763	
914293	2988364	
914293	3013395	
914355	2374849	
914063	914293	
914162	1966616	
914164	1966616	
914284	2060240	
919985	2057152	
915614	1886591	
924566	2060240	
924566	2280193	
929313	2057152	
927937	2060240	
927939	2715964	
926616	2005199	
926616	2010517	
926616	2280192	
926616	2280193	
926630	2005199	
926630	2280171	
926630	2280192	
926630	2280193	
926630	2280236	
927252	2564185	
931915	2715961	
933131	1966616	
934655	1886591	
936391	2280193	
936271	2715964	
936271	2715968	
942889	2057152	
942488	2513522	
942488	2715969	
950147	2060240	
955660	2715960	
949999	2060240	
951122	2010517	
952389	2060240	
952396	1966616	
957314	2060240	
957314	2280193	
961945	2057152	
961975	1886591	
961975	2715964	
961975	2715967	
961975	2715968	
961975	2715974	
959887	2564185	
959515	2564185	
961371	2010517	
959980	2057152	
960463	2057152	
960467	1886591	
960467	2715964	
959972	2057152	
960202	2280193	
960222	2715973	
963433	2280243	
963481	2010517	
961265	2005199	
960734	2005199	
960734	2280171	
960734	2280193	
972520	2060240	
978627	2057152	
978835	2715968	
979112	2010517	
981180	2060240	
985352	2060240	
985368	2060240	
985371	2060240	
1170211	2060240	
1616722	2060240	
1730543	2060240	
1888018	2057152	
1888023	2280193	
1888136	2280236	
1888136	2715973	
1888164	2060240	
1888165	2491496	
1884420	2280193	
1884426	2715963	
1884447	2715968	
1884470	2280192	
1884487	2715968	
1883848	2374849	
1882588	2060240	
1883134	1966616	
1881399	2060240	
1882491	2060240	
1904465	2060240	
1904472	2060240	
1883040	1966616	
1883142	1966616	
1886583	1886591	
1886584	1886591	
1886586	1886591	
1886588	1886591	
1886590	1886591	
1886591	1886592	
1886591	1886596	
1886591	1886607	
1886591	1909821	
1886591	1913646	
1886591	1919177	
1886591	1921461	
1886591	1973639	
1886591	2005000	
1886591	2044445	
1886591	2044471	
1886591	2044536	
1886591	2044691	
1886591	2045861	
1886591	2142809	
1886591	2205325	
1886591	2205340	
1886591	2205353	
1886591	2205371	
1886591	2205379	
1886591	2206036	
1886591	2209489	
1886591	2210787	
1886591	2212369	
1886591	2232129	
1886591	2233021	
1886591	2236096	
1886591	2285503	
1886591	2285631	
1886591	2355795	
1886591	2367666	
1886591	2374821	
1886591	2559176	
1886591	2609784	
1886591	2617528	
1886591	2619704	
1886591	2715825	
1886591	2715964	
1886591	2715967	
1886591	2715968	
1886591	2715974	
1886591	2719123	
1886591	2773217	
1886591	2791845	
1886591	2865594	
1886591	2865642	
1886591	2866270	
1886591	2868513	
1886591	2869862	
1886591	2878825	
1886591	2886165	
1886591	2912436	
1886591	2982863	
1886591	3012524	
1886591	3012526	
1886591	3012557	
1886591	3012571	
1886591	3012616	
1886591	3014290	
1886591	3045974	
1886591	3068251	
1907821	2715970	
1907011	2374849	
1919177	2060240	
1919177	2715964	
1919177	2715974	
1911388	2280193	
1909991	2060240	
1909993	2715973	
1910004	1966616	
1959216	2715961	
1947740	2564185	
1951906	2060240	
1966616	1966641	
1966616	1984301	
1966616	1989297	
1966616	1989305	
1966616	1989306	
1966616	1989310	
1966616	1998248	
1966616	2004347	
1966616	2012099	
1966616	2012113	
1966616	2015419	
1966616	2015438	
1966616	2016583	
1966616	2051335	
1966616	2205056	
1966616	2216129	
1966616	2236079	
1966616	2242186	
1966616	2276472	
1966616	2377363	
1966616	2412053	
1966616	2427448	
1966616	2471563	
1966616	2497456	
1966616	2536917	
1966616	2586281	
1966616	2619042	
1966616	2691979	
1966616	2708209	
1966616	2712417	
1966616	2723705	
1966616	2769997	
1966616	2771342	
1966616	2787839	
1966616	2876155	
1966616	2961189	
1966616	3014043	
1966616	3018737	
1968693	2280171	
1968693	2280193	
1968693	2280236	
1973639	2715974	
1973441	2060240	
1974254	2280193	
1975495	2057152	
1975449	2060240	
1985263	2060240	
1999250	2715961	
1999252	2715961	
1992228	2060240	
1995082	2491496	
2001585	2715964	
2001585	2715968	
2005562	2564185	
2005151	2513522	
2005163	2280171	
2005163	2280192	
2005199	2010517	
2005199	2046295	
2005199	2049886	
2005199	2060240	
2005199	2200553	
2005199	2235754	
2005199	2280171	
2005199	2280187	
2005199	2280192	
2005199	2280193	
2005199	2280199	
2005199	2280201	
2005199	2280215	
2005199	2280220	
2005199	2280228	
2005199	2280232	
2005199	2280236	
2005199	2280245	
2005199	2280251	
2005199	2280255	
2005199	2280256	
2005199	2280262	
2005199	2280264	
2005199	2319710	
2005199	2319727	
2005199	2345007	
2005199	2357588	
2005199	2374815	
2005199	2557892	
2005199	2557913	
2005199	2716432	
2005199	2719946	
2005199	2723092	
2005199	2723735	
2005199	2724112	
2005199	2773616	
2005199	2865379	
2005199	2868569	
2005199	2869138	
2005199	2941394	
2005199	2980158	
2005199	3012508	
2005199	3013395	
2005199	3048298	
2017519	2564185	
2004186	2057152	
2007368	2280193	
2010517	2191702	
2010517	2210678	
2010517	2280197	
2010517	2280216	
2010517	2280232	
2010517	2280235	
2010517	2280256	
2010517	2319711	
2010517	2345045	
2010517	2356213	
2010517	2483531	
2010517	2495095	
2010517	2524752	
2010517	2557895	
2010517	2557909	
2010517	2557944	
2010517	2721220	
2010517	2723735	
2010517	2752277	
2010517	2816733	
2010517	2865379	
2012355	2280171	
2014317	2280193	
2014573	2564185	
2014575	2564185	
2010799	2715964	
2016518	2715960	
2015411	2060240	
2015438	2057152	
2017096	2374849	
2017291	2280171	
2017291	2280192	
2017291	2280193	
2017291	2280236	
2017291	2715961	
2017291	2715963	
2030247	2280193	
2021450	2715964	
2021450	2715968	
2023479	2715968	
2023479	2715974	
2026079	2060240	
2024600	2280243	
2037419	2280192	
2044615	2564185	
2044445	2715964	
2044471	2715964	
2044471	2715974	
2044520	2715968	
2044536	2715964	
2044536	2715968	
2044691	2715964	
2044060	2060240	
2045077	2715967	
2045206	2060240	
2052919	2374849	
2045861	2715968	
2048412	2715969	
2052460	2060240	
2046823	2374849	
2048018	2057152	
2054170	2491496	
2047520	2715973	
2048637	2491496	
2051714	2374849	
2057151	2057152	
2057152	2057160	
2057152	2057163	
2057152	2057173	
2057152	2157088	
2057152	2193104	
2057152	2204277	
2057152	2204471	
2057152	2206473	
2057152	2206579	
2057152	2212350	
2057152	2235093	
2057152	2238625	
2057152	2242189	
2057152	2363391	
2057152	2363934	
2057152	2444770	
2057152	2487184	
2057152	2491497	
2057152	2493853	
2057152	2496617	
2057152	2497458	
2057152	2555914	
2057152	2606776	
2057152	2616068	
2057152	2683755	
2057152	2697035	
2057152	2699728	
2057152	2705455	
2057152	2706175	
2057152	2706523	
2057152	2712592	
2057152	2712597	
2057152	2712602	
2057152	2715861	
2057152	2722672	
2057152	2722680	
2057152	2791023	
2057152	2794931	
2057152	2810740	
2057152	2810745	
2057152	2810748	
2057152	2854791	
2057152	2898230	
2057152	2898231	
2057152	2898243	
2057152	2918723	
2057152	2922125	
2057152	2923326	
2057152	3012920	
2050927	2513522	
2052590	2374849	
2049850	2060240	
2052270	2280193	
2060240	2060241	
2060240	2060776	
2060240	2155070	
2060240	2169666	
2060240	2192642	
2060240	2192996	
2060240	2203307	
2060240	2203344	
2060240	2207386	
2060240	2211257	
2060240	2211340	
2060240	2232135	
2060240	2235760	
2060240	2238319	
2060240	2243032	
2060240	2243943	
2060240	2257114	
2060240	2285612	
2060240	2286363	
2060240	2294462	
2060240	2299057	
2060240	2306558	
2060240	2309047	
2060240	2309124	
2060240	2319690	
2060240	2319706	
2060240	2319710	
2060240	2319717	
2060240	2319719	
2060240	2319726	
2060240	2319729	
2060240	2319734	
2060240	2319742	
2060240	2319754	
2060240	2319761	
2060240	2319769	
2060240	2319792	
2060240	2319794	
2060240	2319828	
2060240	2319877	
2060240	2319925	
2060240	2341718	
2060240	2345042	
2060240	2353683	
2060240	2353696	
2060240	2357828	
2060240	2359966	
2060240	2360630	
2060240	2367739	
2060240	2393123	
2060240	2403634	
2060240	2450131	
2060240	2495495	
2060240	2495498	
2060240	2497483	
2060240	2498214	
2060240	2534250	
2060240	2554096	
2060240	2558082	
2060240	2617214	
2060240	2698805	
2060240	2723092	
2060240	2723738	
2060240	2724112	
2060240	2724113	
2060240	2728897	
2060240	2728968	
2060240	2761249	
2060240	2761265	
2060240	2770341	
2060240	2832441	
2060240	2832442	
2060240	2832448	
2060240	2832452	
2060240	2832454	
2060240	2832460	
2060240	2832463	
2060240	2832464	
2060240	2832466	
2060240	2832468	
2060240	2832473	
2060240	2832480	
2060240	2852658	
2060240	2852676	
2060240	2870406	
2060240	2879073	
2060240	2913299	
2060240	2993997	
2060240	3001999	
2060240	3002005	
2060240	3002011	
2060240	3002328	
2060240	3012057	
2060240	3012692	
2060240	3012698	
2060240	3043594	
2060240	3043596	
2060240	3060041	
2060240	3068583	
2063778	2280193	
2063790	2280193	
2064258	2564185	
2138570	2513522	
2149930	2374849	
2142809	2715964	
2142809	2715968	
2142809	2715974	
2147109	2715968	
2154268	2280193	
2180956	2715960	
2178508	2280192	
2191702	2280192	
2191702	2280193	
2191702	2280243	
2191702	2715970	
2189612	2280193	
2179198	2491496	
2186736	2564185	
2186738	2564185	
2194155	2715963	
2199581	2564185	
2204641	2715974	
2204276	2715968	
2206273	2280193	
2207259	2715968	
2206218	2513522	
2206218	2715969	
2205314	2280193	
2205314	2715964	
2205325	2715964	
2205330	2715964	
2205340	2715964	
2205353	2715964	
2205356	2715964	
2205371	2715964	
2205371	2715974	
2205379	2715964	
2205388	2715964	
2204980	2715968	
2210787	2715974	
2212369	2715964	
2209489	2280171	
2209489	2280193	
2209489	2715964	
2209489	2715968	
2209489	2715974	
2212049	2715967	
2214729	2564185	
2214737	2564185	
2214742	2564185	
2223209	2715960	
2232129	2715974	
2233021	2715964	
2235258	2715960	
2235754	2280171	
2235754	2280193	
2235754	2280236	
2235754	2715963	
2235760	2280171	
2235760	2280193	
2239185	2564185	
2236096	2280193	
2236096	2715964	
2235978	2715967	
2238031	2374849	
2243041	2280193	
2239474	2564185	
2245530	2564185	
2254897	2374849	
2275858	2280171	
2275858	2280193	
2270446	2513522	
2280164	2280171	
2280165	2280171	
2280165	2280193	
2280168	2280171	
2280168	2280193	
2280170	2280171	
2280170	2280193	
2280170	2280236	
2280170	2715963	
2280171	2280176	
2280171	2280187	
2280171	2280188	
2280171	2280191	
2280171	2280193	
2280171	2280198	
2280171	2280199	
2280171	2280200	
2280171	2280201	
2280171	2280205	
2280171	2280209	
2280171	2280215	
2280171	2280216	
2280171	2280220	
2280171	2280223	
2280171	2280224	
2280171	2280225	
2280171	2280228	
2280171	2280230	
2280171	2280236	
2280171	2280239	
2280171	2280245	
2280171	2280248	
2280171	2280249	
2280171	2280251	
2280171	2280258	
2280171	2280259	
2280171	2280261	
2280171	2280262	
2280171	2280264	
2280171	2280270	
2280171	2356213	
2280171	2376116	
2280171	2446597	
2280171	2518444	
2280171	2558031	
2280171	2562437	
2280171	2701410	
2280171	2705842	
2280171	2715963	
2280171	2715973	
2280171	2716456	
2280171	2719946	
2280171	2723735	
2280171	2768954	
2280171	2769448	
2280171	2769458	
2280171	2769496	
2280171	2769499	
2280171	2769555	
2280171	2769663	
2280171	2770437	
2280171	2865379	
2280171	3012041	
2280171	3012042	
2280171	3012044	
2280171	3012046	
2280171	3034319	
2280173	2280192	
2280173	2280193	
2280173	2280236	
2280176	2280193	
2280176	2280236	
2280178	2280193	
2280183	2513522	
2280187	2280193	
2280187	2280236	
2280187	2715963	
2280188	2280193	
2280188	2715960	
2280188	2715963	
2280191	2280236	
2280192	2280196	
2280192	2280197	
2280192	2280200	
2280192	2280204	
2280192	2280215	
2280192	2280220	
2280192	2280230	
2280192	2280236	
2280192	2280264	
2280192	2344985	
2280192	2372042	
2280192	2510463	
2280192	2519453	
2280192	2557913	
2280192	2619557	
2280192	2715970	
2280192	2716432	
2280192	2716453	
2280192	2723092	
2280192	2723735	
2280192	2769651	
2280192	3012508	
2280193	2280196	
2280193	2280197	
2280193	2280198	
2280193	2280199	
2280193	2280200	
2280193	2280201	
2280193	2280204	
2280193	2280209	
2280193	2280215	
2280193	2280216	
2280193	2280220	
2280193	2280223	
2280193	2280224	
2280193	2280225	
2280193	2280228	
2280193	2280230	
2280193	2280243	
2280193	2280245	
2280193	2280248	
2280193	2280249	
2280193	2280251	
2280193	2280258	
2280193	2280259	
2280193	2280261	
2280193	2280262	
2280193	2280264	
2280193	2280270	
2280193	2345007	
2280193	2354860	
2280193	2356213	
2280193	2374821	
2280193	2376116	
2280193	2422849	
2280193	2518444	
2280193	2521154	
2280193	2555811	
2280193	2557913	
2280193	2560515	
2280193	2562437	
2280193	2564165	
2280193	2575608	
2280193	2613667	
2280193	2694678	
2280193	2694688	
2280193	2701410	
2280193	2715963	
2280193	2716453	
2280193	2718282	
2280193	2719946	
2280193	2723735	
2280193	2768954	
2280193	2769448	
2280193	2769451	
2280193	2769499	
2280193	2770064	
2280193	2770437	
2280193	2865379	
2280193	2870395	
2280193	3012036	
2280193	3012041	
2280193	3012042	
2280193	3012044	
2280193	3012046	
2280193	3012059	
2280193	3034315	
2280193	3034319	
2280193	3034322	
2280193	3051682	
2280193	3051684	
2280200	2280236	
2280204	2280236	
2280205	2280236	
2280215	2280236	
2280215	2715973	
2280216	2715960	
2280218	2280236	
2280220	2280236	
2280220	2715973	
2280228	2280236	
2280236	2280239	
2280236	2280249	
2280236	2280256	
2280236	2280261	
2280236	2280262	
2280236	2715973	
2280236	2719946	
2280236	2723735	
2280236	2769651	
2280236	2865379	
2280243	2357828	
2280243	2715963	
2280243	2715970	
2280243	2715973	
2280243	2716456	
2280243	2719940	
2280243	2719943	
2280243	2719951	
2280245	2715963	
2280249	2715963	
2285503	2715964	
2285503	2715974	
2285630	2513522	
2285630	2715969	
2294114	2715964	
2293037	2513522	
2313862	2715964	
2313862	2715974	
2323249	2513522	
2327335	2715968	
2330073	2715964	
2337084	2715973	
2345015	2715960	
2358269	2374849	
2357828	2715963	
2357828	2715970	
2357828	2715973	
2355795	2715964	
2355858	2491496	
2359302	2715968	
2359323	2715968	
2354806	2715964	
2354806	2715968	
2354838	2715968	
2361465	2374849	
2360211	2715968	
2359207	2715970	
2361058	2715968	
2365082	2564185	
2369067	2564185	
2374985	2715963	
2374849	2376022	
2374849	2476510	
2374849	2501351	
2374849	2555590	
2374849	2558717	
2374849	2609796	
2374849	2618779	
2374849	2619501	
2374849	2693642	
2374849	2719024	
2374849	2854193	
2374849	2926336	
2374849	2930084	
2374849	2947977	
2374849	2954868	
2374821	2715964	
2374821	2715974	
2392635	2715970	
2399747	2491496	
2408542	2715960	
2414373	2715968	
2419738	2491496	
2447126	2715968	
2474207	2715960	
2472866	2564185	
2483490	2564185	
2483545	2564185	
2483566	2564185	
2491496	2589440	
2491496	2617494	
2491496	2684466	
2491496	2684475	
2491496	2684486	
2491496	2684497	
2491496	2707731	
2491496	2711910	
2491496	2856137	
2513522	2563167	
2513522	2575714	
2513522	2715797	
2513522	2715969	
2513522	2728675	
2513522	2741431	
2513522	2770256	
2513522	2791851	
2513522	2866069	
2513522	2870394	
2513522	2916002	
2513522	2947559	
2513522	3011839	
2513522	3017330	
2513522	3041398	
2513522	3046127	
2532346	2715968	
2554641	2715974	
2555466	2564185	
2557014	2715964	
2557014	2715968	
2557035	2715964	
2564185	2618715	
2564185	2687027	
2564185	2688322	
2564185	2688847	
2564185	2704506	
2564185	2706813	
2564185	2706819	
2564185	2707644	
2564185	2707926	
2564185	2708152	
2564185	2708158	
2564185	2712555	
2564185	2718021	
2564185	2725220	
2564185	2725957	
2564185	2725961	
2564185	2725962	
2564185	2725963	
2564185	2725967	
2564185	2725968	
2564185	2725969	
2564185	2725970	
2564185	2730357	
2564185	2791741	
2564185	2791766	
2564185	2793735	
2564185	2794014	
2564185	2794017	
2564185	2794020	
2564185	2794022	
2564185	2794023	
2564185	2794030	
2564185	2794038	
2564185	2794044	
2564185	2794046	
2564185	2794047	
2564185	2794058	
2564185	2815844	
2564185	2868142	
2564185	2918629	
2564185	2979840	
2564185	3045173	
2564185	3046139	
2564194	2715964	
2564194	2715968	
2573370	2715973	
2588491	2715960	
2604906	2715960	
2607191	2715968	
2613845	2715974	
2617528	2715964	
2617537	2715967	
2619704	2715964	
2619704	2715968	
2619704	2715974	
2687326	2715968	
2688708	2715963	
2698807	2715968	
2711139	2715967	
2713915	2715973	
2715968	2715974	
2715968	2716256	
2715968	2719123	
2715968	2726197	
2715968	2865729	
2715968	2869862	
2715968	2886173	
2715968	2902081	
2715968	2918881	
2715968	2960638	
2715968	3011788	
2715968	3011789	
2715968	3012526	
2715968	3012610	
2715968	3045974	
2715970	2715973	
2715970	2716456	
2715970	2719943	
2715970	2723261	
2715970	2791485	
2715973	2716453	
2715973	2719942	
2715973	2719947	
2715973	2719953	
2715973	2928674	
2715963	2715970	
2715963	2715973	
2715963	2716435	
2715963	2716453	
2715963	2716456	
2715963	2716471	
2715963	2719943	
2715963	2719951	
2715963	2871244	
2715964	2715967	
2715964	2715968	
2715964	2715974	
2715964	2716256	
2715964	2719123	
2715964	2773217	
2715964	2791845	
2715964	2799060	
2715964	2865594	
2715964	2865729	
2715964	2865856	
2715964	2868513	
2715964	2878825	
2715964	2886301	
2715964	2912436	
2715964	2982863	
2715964	3011788	
2715964	3012463	
2715964	3012524	
2715964	3012526	
2715964	3012616	
2715964	3014290	
2715964	3033244	
2715964	3045974	
2715964	3068251	
2715960	2779418	
2715960	2918890	
2715825	2715964	
2715825	2715974	
2715967	2715968	
2715967	2726112	
2715967	2752281	
2715967	2768543	
2715967	2798537	
2715967	2806803	
2715969	3017330	
2715969	3069690	
2715974	2719940	
2715974	2750659	
2715974	2866270	
2715974	2868515	
2715974	2878825	
2715974	2912436	
2715974	2982863	
2715974	3012463	
2715974	3012571	
6	50	
175	11309	
2381	62844	
3016	63418	
26696	781806	
26717	374080	
6650	160333	
6655	2716252	
6657	95677	
6663	60177	
6663	222171	
6663	303373	
6663	303409	
6669	300718	
6669	300736	
9061	117231	
1180	67020	
18	5860	
19	50	
21	50	
23	50	
25	50	
27	50	
28	50	
31	50	
34	50	
39	50	
39	26233	
49	50	
50	51	
50	53	
50	66	
50	69	
50	70	
50	76	
50	78	
50	356	
50	371	
50	382	
50	440	
50	474	
50	475	
50	490	
50	527	
50	536	
50	570	
50	813	
50	1524	
50	1525	
50	1526	
50	1527	
50	1528	
50	1529	
50	1530	
50	1531	
50	1532	
50	1533	
50	1534	
50	1535	
50	1536	
50	1537	
50	1538	
50	1539	
50	1540	
50	1541	
50	1542	
50	1543	
50	1544	
50	1545	
50	1546	
50	1547	
50	1548	
50	1549	
50	1550	
50	1551	
50	1552	
50	1553	
50	1554	
50	1555	
50	1556	
50	1557	
50	1558	
50	1559	
50	1560	
50	1561	
50	1562	
50	1563	
50	1564	
50	1565	
50	1566	
50	1567	
50	1568	
50	1569	
50	1570	
50	1571	
50	1572	
50	1573	
50	1574	
50	1575	
50	1576	
50	1577	
50	1578	
50	1579	
50	1580	
50	1581	
50	1582	
50	1583	
50	1584	
50	1585	
50	1586	
50	1587	
50	1588	
50	1589	
50	1590	
50	1591	
50	1592	
50	1593	
50	1594	
50	1595	
50	1596	
50	1597	
50	1598	
50	1599	
50	1600	
50	1601	
50	1602	
50	1603	
50	1604	
50	1605	
50	1606	
50	1607	
50	1608	
50	1609	
50	1610	
50	1611	
50	1612	
50	1613	
50	1614	
50	1615	
50	1616	
50	1617	
50	1618	
50	1619	
50	1620	
50	1621	
50	1622	
50	1623	
50	1624	
50	1625	
50	1626	
50	1627	
50	1628	
50	1629	
50	1630	
50	1631	
50	1632	
50	1633	
50	1634	
50	1635	
50	1636	
50	1637	
50	1638	
50	1639	
50	1640	
50	1641	
50	1642	
50	1643	
50	1644	
50	1645	
50	1646	
50	1647	
50	1648	
50	1649	
50	1650	
50	1651	
50	1652	
50	1653	
50	1654	
50	1655	
50	1656	
50	1657	
50	1658	
50	1659	
50	1660	
50	1661	
50	1662	
50	1663	
50	1664	
50	1665	
50	1666	
50	1667	
50	1668	
50	1669	
50	1670	
50	1671	
50	1672	
50	1673	
50	1674	
50	1675	
50	92574	
50	383414	
50	599543	
50	746617	
50	2051255	
50	2522241	
50	2623306	
50	2757270	
50	2940915	
59	783	
3998	860618	
5840	5860	
5841	277007	
5843	5860	
5845	5860	
5847	5860	
5849	5860	
5850	5860	
5851	5860	
5854	5860	
5856	279819	
5856	279825	
5856	279828	
5856	279883	
5857	5860	
5858	69655	
5858	103542	
5860	5861	
5860	5863	
5860	5866	
5860	5868	
5860	5874	
5860	5875	
5860	5876	
5860	5877	
5860	5878	
5860	5880	
5860	5882	
5860	5883	
5860	5884	
5860	7620	
5860	41914	
5860	45265	
5860	45901	
5860	47606	
5860	49423	
5860	49440	
5860	49514	
5860	53746	
5860	54479	
5860	54651	
5860	55156	
5860	55162	
5860	55196	
5860	55207	
5860	55220	
5860	56460	
5860	59540	
5860	68401	
5860	82133	
5860	85788	
5860	99085	
5860	103983	
5860	109049	
5860	114199	
5860	120996	
5860	129422	
5860	134848	
5860	134867	
5860	138971	
5860	139704	
5860	226250	
5860	226263	
5860	226292	
5860	226310	
5860	226335	
5860	226344	
5860	262903	
5860	277152	
5860	277157	
5860	277164	
5860	277372	
5860	277374	
5860	277379	
5860	277380	
5860	277381	
5860	277384	
5860	277390	
5860	277394	
5860	277395	
5860	277399	
5860	277400	
5860	277403	
5860	277409	
5860	277433	
5860	277968	
5860	277972	
5860	277989	
5860	277999	
5860	278034	
5860	278411	
5860	278421	
5860	278453	
5860	278463	
5860	278469	
5860	278471	
5860	278607	
5860	278827	
5860	280188	
5860	280198	
5860	280229	
5860	280857	
5860	280858	
5860	280867	
5860	281562	
5860	281566	
5860	282424	
5860	282425	
5860	282426	
5860	282427	
5860	282428	
5860	282429	
5860	282430	
5860	282431	
5860	282432	
5860	282433	
5860	282434	
5860	282435	
5860	282436	
5860	282437	
5860	282438	
5860	282439	
5860	282440	
5860	282441	
5860	754139	
5860	1900988	
5860	1909384	
5860	2042783	
5860	2955345	
2631	156548	
2635	26233	
19962	26233	
19963	26233	
19970	26233	
19971	49503	
19971	131614	
19971	513404	
19971	2305526	
195	8230	
200	8230	
490	31682	
527	35954	
8188	160763	
8188	346530	
8514	78757	
8531	45585	
10003	426014	
10038	14027	
10058	190464	
10068	295317	
10079	57261	
10079	83149	
10080	95677	
10098	383036	
10125	426630	
10200	160763	
10207	427823	
1423	86944	
1423	87079	
1433	14027	
1433	57261	
1433	91923	
1433	103542	
1438	78757	
1438	97779	
1447	91923	
1447	96500	
1447	96817	
1715	2493853	
1723	78757	
1723	103885	
5184	36495	
5184	59655	
5184	154852	
5184	238578	
5184	252033	
5184	260152	
5185	131614	
5186	160337	
5201	65432	
5215	57261	
5262	94322	
5262	262257	
5263	53380	
5271	270727	
5301	85738	
5301	87579	
5301	101784	
5301	120623	
5301	179353	
5301	256295	
5301	270727	
5301	270755	
5301	270767	
5301	270769	
5301	270792	
5301	270813	
5301	270848	
5301	497899	
5324	263022	
5352	50456	
5371	266068	
940	57261	
941	58118	
941	58119	
970	65228	
1931	50456	
6029	64164	
268	13904	
274	14027	
274	14066	
330	14066	
331	14066	
342	36335	
362	18732	
369	32691	
376	14027	
384	18785	
390	18785	
394	14027	
394	14066	
408	34087	
409	14027	
409	14066	
412	33496	
422	14027	
426	14027	
501	33252	
501	33254	
508	33888	
513	14027	
533	30656	
95	2578	
3853	188008	
3859	78757	
3863	99998	
3872	64164	
3872	184292	
3873	188008	
3873	220595	
3879	115407	
3893	188008	
3897	219078	
3908	191468	
3911	188008	
3912	102261	
3912	211858	
3920	188008	
3922	57261	
3928	188008	
3930	188008	
3934	209456	
3936	212247	
3936	212292	
3937	209031	
3939	57261	
3939	212930	
3943	188008	
3948	14027	
3949	188008	
3952	188008	
3954	188008	
3957	188008	
3958	188008	
3963	188008	
3964	31682	
1757	99434	
1763	74444	
1763	106365	
1838	36495	
1841	50456	
1844	107970	
1850	50456	
1856	50456	
1860	50456	
1864	50456	
1866	50456	
1871	50456	
1872	50456	
1879	50456	
1880	50456	
1882	50456	
1894	50456	
1899	50456	
1900	50456	
1901	50456	
1904	50456	
1909	50456	
1912	50456	
1918	50456	
1935	50456	
1937	50456	
1941	50456	
1945	50456	
1947	50456	
1950	50456	
1966	117441	
1969	50456	
1975	50456	
1977	50456	
1980	48318	
1982	50456	
1984	115389	
1984	115407	
1987	50456	
1990	50456	
1991	48318	
1993	123000	
2013	50456	
2014	50456	
2019	50456	
2026	119017	
2026	119019	
2028	50456	
2031	45585	
2034	123932	
2034	123933	
2034	824143	
2037	50456	
2042	50456	
2044	50456	
2047	50456	
2052	50456	
2057	50456	
2060	50456	
2063	124808	
2063	124818	
2078	50456	
2081	50456	
2087	50456	
2093	50456	
2095	78757	
2095	126434	
2095	126484	
2095	126686	
2096	50456	
2098	50456	
2102	50456	
2104	26233	
2108	50456	
2118	50456	
2122	103542	
2132	128817	
2132	129244	
2133	129322	
2133	129358	
2141	50456	
2152	129244	
2170	50456	
2172	50456	
2187	212247	
2187	586752	
2193	131614	
2197	50456	
3046	173146	
4111	217264	
4133	219737	
8776	59655	
8776	153865	
8776	177937	
8776	238578	
8776	300736	
1792	57261	
1797	117231	
1820	106992	
1820	107029	
1820	107056	
1820	107108	
4282	225532	
4282	225594	
8788	14027	
8788	238578	
16271	36495	
25416	26233	
26102	26233	
26104	26233	
26104	379798	
26104	764533	
26107	379798	
26108	379798	
26112	26233	
26116	26233	
26121	379798	
26123	153865	
26123	225532	
26123	648791	
26123	685381	
26123	685413	
26123	766874	
26124	26233	
26125	26233	
26127	772548	
26128	379798	
26129	379798	
26130	26233	
26131	26233	
26139	26233	
26140	26233	
26140	40416	
26140	58119	
26140	318622	
26140	626233	
26140	766129	
26140	766145	
26141	26233	
26142	128817	
26143	26233	
26145	26233	
26147	179910	
26148	157185	
26148	410892	
26148	765089	
26148	765106	
26151	26233	
26151	2769658	
26153	26233	
26153	31682	
26155	379798	
26156	26233	
26156	775348	
26158	263022	
26159	225532	
26160	26233	
26164	26233	
26166	26233	
26168	126484	
26168	225532	
26171	26233	
26174	379798	
26175	26233	
26177	562115	
26182	767951	
26182	2769440	
26186	300718	
26186	393558	
26186	481947	
26186	501914	
26186	545729	
26186	685413	
26186	767886	
26190	379798	
26190	395034	
26191	191468	
26192	379798	
26195	26233	
26196	378495	
26204	55189	
26207	26233	
26208	379798	
26210	379798	
26214	26233	
26216	379798	
26222	527119	
26225	26233	
26227	26233	
26231	26233	
26233	26234	
26233	26239	
26233	26240	
26233	26247	
26233	26248	
26233	26259	
26233	26261	
26233	26264	
26233	26274	
26233	26275	
26233	26277	
26233	26282	
26233	26294	
26233	26305	
26233	26308	
26233	26309	
26233	26311	
26233	26315	
26233	26318	
26233	26319	
26233	26321	
26233	26326	
26233	26333	
26233	26334	
26233	26338	
26233	26342	
26233	26347	
26233	26352	
26233	26355	
26233	26362	
26233	26364	
26233	26368	
26233	26371	
26233	26376	
26233	26377	
26233	26378	
26233	26379	
26233	26382	
26233	26383	
26233	26400	
26233	26404	
26233	26407	
26233	26413	
26233	26424	
26233	26426	
26233	26429	
26233	26439	
26233	26445	
26233	26447	
26233	26721	
26233	27481	
26233	27706	
26233	28407	
26233	28411	
26233	28700	
26233	29148	
26233	29358	
26233	33133	
26233	33640	
26233	33772	
26233	35449	
26233	35462	
26233	35465	
26233	36260	
26233	38606	
26233	40195	
26233	47426	
26233	47433	
26233	47539	
26233	49561	
26233	50219	
26233	51858	
26233	52295	
26233	53251	
26233	53369	
26233	53377	
26233	53396	
26233	53436	
26233	53441	
26233	53460	
26233	53897	
26233	54279	
26233	58559	
26233	59666	
26233	60568	
26233	60582	
26233	60782	
26233	61037	
26233	61114	
26233	62023	
26233	62467	
26233	63418	
26233	64139	
26233	64228	
26233	64427	
26233	64585	
26233	65529	
26233	65565	
26233	66220	
26233	66226	
26233	66227	
26233	66252	
26233	66256	
26233	66304	
26233	66311	
26233	66346	
26233	66365	
26233	66370	
26233	66855	
26233	66883	
26233	68783	
26233	70329	
26233	70341	
26233	72121	
26233	72123	
26233	72124	
26233	72131	
26233	72134	
26233	72135	
26233	72136	
26233	72138	
26233	72144	
26233	72146	
26233	72151	
26233	72157	
26233	72159	
26233	72168	
26233	72170	
26233	72171	
26233	72174	
26233	72179	
26233	72183	
26233	72184	
26233	72186	
26233	72189	
26233	72195	
26233	72202	
26233	72203	
26233	72213	
26233	72214	
26233	72215	
26233	72218	
26233	72223	
26233	72224	
26233	72245	
26233	72250	
26233	72259	
26233	72265	
26233	72268	
26233	72269	
26233	72279	
26233	72285	
26233	72298	
26233	77855	
26233	79270	
26233	87329	
26233	87868	
26233	90111	
26233	91777	
26233	92831	
26233	93137	
26233	93724	
26233	95683	
26233	96582	
26233	97498	
26233	102248	
26233	102251	
26233	102680	
26233	102682	
26233	102700	
26233	102722	
26233	102724	
26233	102739	
26233	102751	
26233	103423	
26233	103438	
26233	103466	
26233	103474	
26233	103499	
26233	103502	
26233	103505	
26233	103507	
26233	103522	
26233	103525	
26233	103530	
26233	103538	
26233	103543	
26233	103550	
26233	103573	
26233	103601	
26233	103625	
26233	103629	
26233	103631	
26233	103642	
26233	103673	
26233	103800	
26233	106447	
26233	107014	
26233	107109	
26233	107991	
26233	108511	
26233	108515	
26233	108517	
26233	108519	
26233	108522	
26233	108537	
26233	108540	
26233	108545	
26233	108549	
26233	108551	
26233	108552	
26233	108557	
26233	108650	
26233	109472	
26233	109931	
26233	112491	
26233	118675	
26233	119917	
26233	120174	
26233	120227	
26233	121560	
26233	121571	
26233	121587	
26233	121608	
26233	122349	
26233	123003	
26233	123011	
26233	127120	
26233	127140	
26233	127141	
26233	128295	
26233	128708	
26233	128727	
26233	129841	
26233	132734	
26233	132746	
26233	132752	
26233	132760	
26233	132808	
26233	132992	
26233	142375	
26233	143140	
26233	143264	
26233	143277	
26233	143288	
26233	143315	
26233	145312	
26233	145923	
26233	145959	
26233	146526	
26233	150173	
26233	150185	
26233	151477	
26233	151640	
26233	151767	
26233	152700	
26233	154771	
26233	158670	
26233	158674	
26233	158688	
26233	160346	
26233	171238	
26233	178422	
26233	179852	
26233	180613	
26233	181875	
26233	182970	
26233	183304	
26233	183462	
26233	184502	
26233	188048	
26233	189515	
26233	189662	
26233	189716	
26233	190452	
26233	191506	
26233	191604	
26233	192145	
26233	192447	
26233	192528	
26233	193740	
26233	193843	
26233	197439	
26233	198076	
26233	198081	
26233	198551	
26233	198593	
26233	198600	
26233	198602	
26233	202736	
26233	207208	
26233	207538	
26233	207931	
26233	211839	
26233	216753	
26233	216806	
26233	216812	
26233	219085	
26233	225532	
26233	225595	
26233	225653	
26233	234865	
26233	234869	
26233	235041	
26233	238529	
26233	245426	
26233	246960	
26233	247428	
26233	247443	
26233	251777	
26233	252245	
26233	254847	
26233	260115	
26233	267186	
26233	267420	
26233	273225	
26233	291625	
26233	299031	
26233	302963	
26233	319029	
26233	322170	
26233	322215	
26233	330938	
26233	333649	
26233	336391	
26233	346074	
26233	367399	
26233	379798	
26233	391658	
26233	397240	
26233	398721	
26233	398734	
26233	399220	
26233	401314	
26233	418635	
26233	419385	
26233	419907	
26233	428698	
26233	429554	
26233	434982	
26233	452309	
26233	452320	
26233	457938	
26233	484464	
26233	490709	
26233	499671	
26233	503288	
26233	512276	
26233	533074	
26233	537843	
26233	537860	
26233	537888	
26233	538280	
26233	555954	
26233	561260	
26233	566186	
26233	568020	
26233	568033	
26233	573012	
26233	596726	
26233	616414	
26233	621761	
26233	646300	
26233	658122	
26233	677963	
26233	679081	
26233	681681	
26233	686519	
26233	701446	
26233	701596	
26233	764575	
26233	766546	
26233	766585	
26233	766586	
26233	766587	
26233	766588	
26233	766589	
26233	766590	
26233	766591	
26233	766592	
26233	766593	
26233	766594	
26233	766595	
26233	766596	
26233	766597	
26233	766598	
26233	766599	
26233	766600	
26233	766601	
26233	766602	
26233	766603	
26233	766604	
26233	766605	
26233	766606	
26233	766607	
26233	766608	
26233	766609	
26233	766610	
26233	766611	
26233	766612	
26233	766613	
26233	766616	
26233	766618	
26233	766619	
26233	766621	
26233	766623	
26233	766624	
26233	766625	
26233	766626	
26233	766627	
26233	766628	
26233	766629	
26233	766630	
26233	876173	
26233	2004353	
26233	2049728	
26233	2555368	
26233	2700602	
26234	766129	
26234	768427	
26246	379798	
26247	252033	
26247	390167	
26253	379798	
26260	55189	
26267	157185	
26269	698335	
26271	31682	
26271	295317	
26271	590598	
26272	74444	
26274	263022	
26274	562115	
26275	395034	
26277	244575	
26277	244578	
26278	263022	
26292	781575	
26295	263022	
26299	395034	
26304	188008	
26304	410490	
26304	767424	
26309	379798	
26312	45585	
26312	191468	
26317	263022	
26325	191468	
26325	231202	
26325	379798	
26325	765089	
26325	779829	
26326	191468	
26327	379798	
26328	379798	
26332	379798	
26343	664651	
26345	65228	
26351	55189	
26356	188008	
26356	192389	
26356	284394	
26356	300152	
26356	498052	
26356	646943	
26356	686410	
26356	767747	
26361	191468	
26364	770206	
26370	379798	
26385	238578	
26428	379798	
26429	379798	
26448	481947	
4271	5860	
4275	231975	
4278	227514	
4281	224015	
4289	153865	
4306	876130	
4309	234936	
4310	32691	
4310	33252	
4310	99982	
4310	212247	
4310	231177	
4310	231199	
4310	231202	
4310	231239	
4310	231248	
4310	231259	
4310	231275	
4310	231324	
4310	231380	
4310	231482	
4310	231511	
4314	230854	
4327	196384	
1414	63418	
3017	177937	
3038	26233	
8726	394828	
673	972487	
874	2044691	
986	36495	
1024	63418	
4063	216091	
4065	216736	
4071	59655	
4071	2285503	
4075	1921364	
4078	63418	
4078	798263	
4085	26233	
4085	157121	
4092	59655	
4096	11309	
4106	191468	
4112	197351	
4116	36495	
4127	11309	
4127	218992	
4127	219020	
4128	217903	
4130	36495	
4151	160337	
4151	223582	
4151	223607	
4151	223641	
4152	64164	
4152	157185	
4152	231239	
4152	233260	
4152	233290	
4154	196384	
4161	87579	
4161	219664	
4164	224259	
4165	222171	
4165	222185	
4165	222193	
4169	219664	
4175	59655	
4182	96500	
4189	11309	
4194	11309	
4196	99989	
4199	64164	
4199	91923	
4199	157185	
4199	221674	
4202	63418	
4217	33888	
4226	222738	
4226	2928674	
4227	36495	
4246	222406	
4246	222409	
4247	223846	
816	68276	
3109	35954	
8284	374080	
7904	26233	
7911	339121	
7911	339122	
7914	70588	
7914	101784	
7914	151017	
7914	179353	
7925	53425	
7925	244575	
7925	342948	
7925	343068	
4637	65228	
4637	106365	
4637	242731	
4637	243019	
4637	243145	
4637	243552	
8061	91923	
8073	62844	
8073	383224	
8076	68276	
8160	160333	
8160	235895	
8160	243019	
8160	243552	
8160	378495	
8160	378706	
8160	378801	
8160	379118	
8160	379230	
8160	379798	
8160	381117	
8160	381271	
8160	541266	
8568	389571	
8578	62844	
8580	62844	
8580	252033	
8580	383224	
8580	390132	
8580	390151	
8580	390167	
8587	62844	
8587	383224	
8595	62844	
8595	383224	
8595	390245	
8609	62844	
8609	383224	
8613	158675	
8613	333362	
8617	63418	
8630	62844	
8639	62844	
8639	383224	
8639	2047051	
8643	107970	
8643	390427	
8647	48318	
8647	71894	
8647	85646	
8647	87079	
8647	163647	
8647	390611	
8651	62844	
8651	383224	
8652	269231	
8660	62844	
8660	383224	
8669	231511	
8669	383224	
8672	62844	
8672	383224	
8672	391169	
8678	100005	
8679	26233	
8679	62844	
8679	383224	
1527	1592	
1527	1594	
1527	1650	
1527	1654	
1527	92569	
1527	92572	
1528	1594	
1528	92569	
1528	92572	
1528	2716258	
1529	99196	
1531	1534	
1531	1576	
1531	1594	
1531	1650	
1531	1654	
1531	92569	
1532	96055	
1532	101757	
1532	101784	
1534	1537	
1534	1545	
1534	1548	
1534	1549	
1534	1556	
1534	1565	
1534	1570	
1534	1574	
1534	1576	
1534	1578	
1534	1580	
1534	1584	
1534	1587	
1534	1588	
1534	1591	
1534	1593	
1534	1609	
1534	1632	
1534	1648	
1534	1650	
1534	1651	
1534	1653	
1534	1654	
1534	51021	
1534	71894	
1534	92566	
1534	92569	
1534	92588	
1534	92589	
1534	92830	
1534	92831	
1534	92832	
1534	92833	
1534	92834	
1534	92835	
1534	92836	
1534	92837	
1534	92838	
1534	92839	
1534	92840	
1534	92841	
1534	92842	
1534	92843	
1534	92844	
1534	92845	
1534	92846	
1534	92847	
1534	92848	
1534	92849	
1534	92850	
1534	92851	
1534	92852	
1534	92853	
1534	92854	
1534	92855	
1534	92856	
1534	92857	
1534	92858	
1534	92859	
1534	92860	
1534	92861	
1534	92862	
1534	92863	
1534	92864	
1534	92865	
1534	92866	
1534	92867	
1534	92868	
1534	99432	
1534	2448804	
1536	101313	
1537	1654	
1537	92569	
1540	1576	
1540	92569	
1540	92572	
1540	98461	
1542	1650	
1544	99196	
1545	1592	
1545	1594	
1545	1650	
1545	1654	
1545	92569	
1546	1650	
1546	92569	
1548	1576	
1548	1594	
1548	1650	
1548	1654	
1548	92569	
1548	92572	
1548	94322	
1548	94334	
1548	94352	
1548	94363	
1548	2594559	
1549	1592	
1549	1594	
1549	1650	
1549	1654	
1549	92569	
1549	95677	
1552	1594	
1552	1650	
1552	1654	
1552	92569	
1554	1594	
1554	1654	
1554	92569	
1554	92572	
1555	92572	
1555	96055	
1556	1576	
1556	1594	
1556	1650	
1556	1654	
1556	92569	
1558	1594	
1558	92569	
1558	92572	
1560	96055	
1560	101784	
1562	1576	
1562	1594	
1562	92569	
1562	92572	
1565	1594	
1565	92569	
1565	98232	
1566	1592	
1566	1650	
1566	95618	
1567	1576	
1567	1592	
1567	1654	
1567	92569	
1567	96055	
1567	120623	
1567	913328	
1570	1576	
1570	1592	
1570	1594	
1570	1650	
1570	1654	
1570	70494	
1570	91429	
1570	92569	
1570	92572	
1570	94322	
1570	94352	
1570	94363	
1570	96055	
1570	98232	
1570	99970	
1570	99971	
1570	99973	
1570	99974	
1570	99975	
1570	99976	
1570	99977	
1570	99978	
1570	99979	
1570	99980	
1570	99981	
1570	99982	
1570	99983	
1570	99984	
1570	99985	
1570	99986	
1570	99987	
1570	99988	
1570	99989	
1570	99990	
1570	99991	
1570	99992	
1570	99993	
1570	99994	
1570	99995	
1570	99996	
1570	99997	
1570	99998	
1570	99999	
1570	100000	
1570	100001	
1570	100002	
1570	100003	
1570	100004	
1570	100005	
1570	100006	
1570	100007	
1570	100008	
1570	2052705	
1570	2589045	
1570	2594559	
1570	2687091	
1570	2695067	
1571	1592	
1571	92569	
1571	92572	
1571	110370	
1571	110371	
1571	110379	
1572	1654	
1572	92569	
1572	92572	
1574	1592	
1574	1594	
1574	1650	
1574	1654	
1576	1578	
1576	1580	
1576	1584	
1576	1587	
1576	1588	
1576	1594	
1576	1650	
1576	1651	
1576	1654	
1576	41538	
1576	71894	
1576	90777	
1576	92574	
1576	92842	
1576	92851	
1576	92855	
1576	92861	
1576	92863	
1576	94331	
1576	95486	
1576	95574	
1576	95575	
1576	95576	
1576	95577	
1576	95578	
1576	95579	
1576	95580	
1576	95581	
1576	95582	
1576	95583	
1576	95584	
1576	95585	
1576	95586	
1576	95587	
1576	95588	
1576	95589	
1576	95590	
1576	95591	
1576	95592	
1576	95593	
1576	95594	
1576	95595	
1576	95596	
1576	95597	
1576	95598	
1576	95599	
1576	95600	
1576	95601	
1576	95602	
1576	95603	
1576	95604	
1576	95605	
1576	95606	
1576	95607	
1576	95608	
1576	95609	
1576	95610	
1576	95611	
1576	95612	
1576	95613	
1576	95614	
1576	95615	
1576	95616	
1576	496350	
1576	879037	
1576	2005259	
1576	2023159	
1576	2679110	
1578	1592	
1578	1594	
1578	1650	
1578	1654	
1578	92569	
1578	99434	
1580	1594	
1580	1650	
1580	1654	
1580	101413	
1584	1594	
1584	1650	
1584	1654	
1584	92569	
1584	92572	
1584	97006	
1587	1594	
1587	1650	
1587	1654	
1587	106660	
1588	1594	
1588	1650	
1588	1654	
1588	92569	
1591	1592	
1591	1650	
1591	1654	
1592	1593	
1592	1610	
1592	1625	
1592	1629	
1592	1650	
1592	1651	
1592	1653	
1592	92569	
1592	92572	
1592	92576	
1592	92583	
1592	92584	
1592	92861	
1592	93124	
1592	93758	
1592	93771	
1592	93782	
1592	93939	
1592	95624	
1592	95693	
1592	95722	
1592	95923	
1592	96096	
1592	98480	
1592	98481	
1592	98482	
1592	98483	
1592	98484	
1592	98485	
1592	98486	
1592	98487	
1592	98488	
1592	98489	
1592	2045669	
1592	2204946	
1592	2619277	
1592	2706836	
1593	1594	
1593	1650	
1593	1654	
1593	101943	
1593	101955	
1594	1609	
1594	1648	
1594	1650	
1594	1653	
1594	1672	
1594	92566	
1594	92569	
1594	92580	
1594	92589	
1594	92593	
1594	92833	
1594	92835	
1594	92849	
1594	92855	
1594	92857	
1594	92859	
1594	92861	
1594	93726	
1594	93759	
1594	94376	
1594	96019	
1594	96020	
1594	96021	
1594	96022	
1594	96023	
1594	96024	
1594	96025	
1594	96026	
1594	96027	
1594	96028	
1594	96029	
1594	96030	
1594	96031	
1594	96032	
1594	96033	
1594	96034	
1594	96035	
1596	92572	
1596	96055	
1605	92572	
1609	1650	
1609	1654	
1609	92569	
1610	1650	
1610	1654	
1610	92569	
1615	100725	
1617	92569	
1617	92572	
1619	96055	
1625	1650	
1629	92569	
1632	1650	
1632	1654	
1632	92569	
1635	102253	
1635	102261	
1648	1650	
1648	1654	
1648	92569	
1650	1651	
1650	1654	
1650	92563	
1650	92574	
1650	92593	
1650	92838	
1650	92842	
1650	92846	
1650	92851	
1650	92861	
1650	92863	
1650	93132	
1650	93720	
1650	93740	
1650	93758	
1650	93759	
1650	93782	
1650	94331	
1650	94362	
1650	95608	
1650	95682	
1650	95689	
1650	95693	
1650	95925	
1650	95929	
1650	96068	
1650	96101	
1650	97980	
1650	98001	
1650	99481	
1650	107708	
1650	109244	
1650	109245	
1650	109246	
1650	109247	
1650	109248	
1650	109249	
1650	109250	
1650	109251	
1650	109252	
1650	109253	
1650	343061	
1650	2605395	
1650	2711989	
1650	2712525	
1651	1654	
1651	92569	
1653	1654	
1653	92569	
1654	47664	
1654	70118	
1654	92563	
1654	92569	
1654	92575	
1654	92593	
1654	92833	
1654	92838	
1654	92851	
1654	92855	
1654	92861	
1654	92863	
1654	92864	
1654	93727	
1654	93740	
1654	93759	
1654	93782	
1654	94331	
1654	95619	
1654	95624	
1654	95682	
1654	95689	
1654	95730	
1654	95735	
1654	97980	
1654	99463	
1654	100680	
1654	101417	
1654	101421	
1654	107695	
1654	107696	
1654	107697	
1654	107698	
1654	107699	
1654	107700	
1654	107701	
1654	107702	
1654	107703	
1654	107704	
1654	107705	
1654	107706	
1654	107707	
1654	107708	
1654	107709	
1654	2618936	
1672	92569	
4558	78757	
4579	157185	
4584	63418	
4587	245183	
4588	196384	
4594	59655	
4594	238516	
4594	238550	
4594	238551	
4594	238578	
4594	2238319	
4613	63418	
4628	97779	
4639	191468	
4657	234936	
4657	244574	
4657	244575	
4657	244577	
4657	244578	
4657	244586	
4658	63418	
4661	157185	
4679	197351	
4679	245308	
4679	245312	
4690	63418	
4690	238578	
4712	157121	
4729	26233	
4729	102261	
4753	244901	
4761	191468	
4772	11309	
4772	63418	
4772	157121	
4789	2203307	
4799	64164	
4799	250625	
4813	157185	
4815	63418	
4830	191468	
4839	26233	
4848	238516	
4848	238551	
4866	36495	
1417	63418	
2556	160701	
2556	160763	
3181	160763	
3184	179910	
3188	185799	
3190	14066	
3193	180413	
3204	188008	
3219	149072	
3221	103542	
3221	154852	
3221	185305	
3223	99434	
3223	179910	
3226	68276	
3227	179353	
3237	181249	
3239	179910	
3242	181249	
3257	57261	
3257	73575	
3260	184284	
3260	184292	
3264	179910	
3266	2928674	
3283	185305	
3296	185799	
3309	187064	
3310	181249	
3349	190464	
3354	181249	
3365	188779	
3371	188008	
3382	181249	
3392	2280183	
3405	191468	
3434	192389	
3435	149655	
3444	32691	
3457	196384	
3473	181249	
3478	87674	
3483	149655	
3507	196703	
1175	74733	
3543	197351	
3563	35954	
3563	199567	
3564	199048	
3564	204078	
3564	204141	
3577	57261	
3589	198846	
3591	199048	
3592	26233	
3592	198559	
3597	199048	
3607	199048	
3612	57261	
3617	199048	
3618	199048	
3619	199048	
3626	45585	
3627	199048	
3646	199048	
3650	33888	
3650	199279	
3652	199048	
3654	199048	
3657	199048	
3661	199048	
3664	101784	
3677	199048	
3678	199048	
3693	57261	
766	783	
766	59573	
766	59655	
771	783	
775	53816	
779	783	
783	786	
783	799	
783	804	
783	806	
783	1013	
783	2131	
783	4081	
783	4594	
783	4671	
783	4909	
783	5508	
783	8287	
783	8617	
783	8813	
783	8928	
783	9533	
783	16090	
783	20082	
783	21875	
783	26118	
783	26204	
783	26205	
783	26234	
783	26297	
783	26321	
783	26359	
783	26399	
783	26403	
783	27420	
783	27706	
783	28720	
783	29768	
783	35346	
783	36174	
783	37544	
783	37803	
783	38771	
783	38846	
783	46833	
783	46898	
783	47486	
783	47920	
783	48774	
783	49190	
783	49208	
783	49727	
783	49739	
783	49740	
783	49743	
783	49756	
783	49763	
783	49766	
783	49769	
783	49774	
783	49780	
783	49786	
783	49787	
783	49796	
783	49799	
783	49808	
783	49816	
783	49871	
783	49885	
783	49906	
783	49930	
783	49933	
783	49940	
783	49942	
783	49959	
783	49968	
783	49974	
783	49996	
783	50008	
783	50014	
783	50015	
783	50033	
783	50039	
783	50049	
783	50068	
783	50072	
783	50190	
783	50194	
783	50195	
783	50203	
783	50204	
783	50223	
783	50232	
783	50250	
783	50270	
783	50278	
783	50286	
783	51433	
783	53355	
783	53356	
783	53357	
783	53358	
783	53359	
783	53360	
783	53361	
783	53362	
783	53363	
783	53364	
783	53365	
783	53366	
783	53367	
783	53368	
783	53369	
783	53370	
783	53371	
783	53372	
783	53373	
783	53374	
783	53375	
783	53376	
783	53377	
783	53378	
783	53379	
783	53380	
783	53381	
783	53382	
783	53383	
783	53384	
783	53385	
783	53386	
783	53387	
783	53388	
783	53389	
783	53390	
783	53391	
783	53392	
783	53393	
783	53394	
783	53395	
783	53396	
783	53397	
783	53398	
783	53399	
783	53400	
783	53401	
783	53402	
783	53403	
783	53404	
783	53405	
783	53406	
783	53407	
783	53408	
783	53409	
783	53410	
783	53411	
783	53412	
783	53413	
783	53414	
783	53415	
783	53416	
783	53417	
783	53418	
783	53419	
783	53420	
783	53421	
783	53422	
783	53423	
783	53424	
783	53425	
783	53426	
783	53427	
783	53428	
783	53429	
783	53430	
783	53431	
783	53432	
783	53433	
783	53434	
783	53435	
783	53436	
783	53437	
783	53438	
783	53439	
783	53440	
783	53441	
783	53442	
783	53443	
783	53444	
783	53445	
783	53446	
783	53447	
783	53448	
783	53449	
783	53450	
783	53451	
783	53453	
783	53454	
783	53455	
783	53456	
783	53457	
783	53458	
783	53459	
783	53460	
783	53461	
783	53462	
783	53463	
783	53464	
783	53465	
783	53466	
783	53467	
783	53468	
783	53469	
783	53470	
783	53471	
783	53472	
783	53473	
783	53474	
783	53475	
783	53476	
783	53477	
783	53478	
783	53479	
783	53480	
783	53481	
783	53482	
783	53483	
783	53484	
783	53485	
783	53486	
783	53487	
783	53488	
783	198073	
783	227783	
783	411678	
783	1910559	
783	2005887	
799	50172	
806	60177	
2209	132325	
7047	63418	
7726	335799	
15637	99434	
19627	444426	
19627	651372	
19648	179910	
19674	179910	
19737	44829	
993	64164	
1020	26233	
1052	62844	
664	50456	
683	44807	
683	44829	
616	36495	
9462	412845	
9475	78757	
9535	407434	
5413	263022	
7056	50456	
7059	50456	
7087	50456	
7087	317389	
7089	26233	
7106	50456	
7137	50456	
7151	50456	
7154	50456	
7157	50456	
7175	63418	
3169	2049758	
3169	2487184	
5439	266099	
5456	269231	
5470	269231	
5480	26233	
12265	434597	
12266	212247	
12266	270727	
12266	375037	
12266	407434	
12277	295317	
12282	513043	
12284	36495	
12284	244578	
12284	513338	
12284	513363	
12284	513366	
12284	513404	
12286	520515	
12293	36495	
12293	69655	
12293	173146	
12293	244578	
12293	580715	
12293	742222	
12293	742233	
12293	742237	
12297	509618	
12298	513043	
12299	295317	
12312	511542	
12312	2554641	
12314	115389	
12314	212247	
12314	295317	
12314	510613	
12326	57261	
12335	511512	
15709	50172	
15710	50172	
15725	58118	
15728	154816	
15729	32691	
15729	50172	
15729	50479	
15729	85730	
15729	558932	
15729	2013359	
15738	50172	
15738	579982	
15741	50172	
15743	50172	
15748	452976	
15749	50172	
15755	50172	
15769	199048	
15774	199048	
15778	199048	
600	40416	
600	40426	
600	40440	
606	46798	
613	39552	
634	50479	
637	48318	
4445	235895	
4481	236235	
4544	235895	
27559	788237	
27576	73575	
2637	32691	
2637	153865	
2657	154816	
2657	154852	
2668	65228	
2668	161566	
711	45570	
711	45585	
715	49503	
727	55189	
5405	264864	
5405	264874	
2529	151017	
2540	157121	
2540	157185	
2542	149072	
2542	149088	
2552	145714	
2558	48318	
2565	26233	
2565	158675	
2567	145195	
2570	73575	
2570	103885	
2570	149585	
2570	149655	
2578	27472	
2578	33938	
2578	65761	
2578	72412	
2578	153447	
2578	153448	
2578	153449	
2578	153450	
2578	153451	
2578	153452	
2578	153453	
2578	153454	
2578	153455	
2578	153456	
2578	153457	
2578	153458	
2578	153459	
2578	153460	
2578	153461	
2578	153462	
2578	153463	
2578	153464	
2578	153465	
2578	153467	
2578	153468	
2578	153469	
2578	153470	
2578	153471	
2578	153472	
2578	153473	
2578	153474	
2578	153475	
2578	153476	
2578	153477	
2578	153478	
2578	153479	
2578	153480	
2578	153481	
2578	153482	
2578	153483	
2578	153484	
2578	153485	
2578	153486	
2578	153487	
2578	153488	
2578	153489	
2578	153490	
2578	153491	
2578	153492	
2578	153493	
2578	153494	
2578	153495	
2578	153496	
2578	153497	
2578	153498	
2578	153499	
2578	153500	
2578	153501	
2578	153502	
2578	153503	
2578	153504	
2578	153505	
2578	153506	
2578	153507	
2578	153508	
2578	153509	
2578	153510	
2578	153511	
2578	153512	
2578	153513	
2578	153514	
2578	153515	
2578	153516	
2578	153517	
2578	153518	
2578	153519	
2578	153520	
2578	153521	
2578	153522	
2578	153523	
2578	153524	
2578	153525	
2578	153526	
2578	153527	
2578	153528	
2578	153529	
2578	153530	
2578	153531	
2578	153532	
2578	153533	
2578	153534	
2578	153535	
2578	153536	
2578	153537	
2578	153538	
2578	153539	
2578	153540	
2578	153541	
2578	153542	
2578	153543	
2578	153544	
2578	153545	
2578	153546	
2578	153547	
2578	153548	
2578	153549	
2578	153550	
2578	153551	
2578	153552	
2578	738622	
2578	790929	
2578	871502	
2578	983955	
2578	2126406	
2578	2175293	
2578	2191522	
2578	2243780	
2578	2244220	
2578	2422847	
2578	2521150	
2578	2532358	
2578	2611650	
2578	2707145	
2578	2734249	
2578	2793720	
2578	3011600	
2578	3011603	
2578	3011957	
2578	3012073	
2578	3012086	
2578	3012484	
2578	3012487	
2578	3012601	
2578	3013040	
2578	3016577	
2580	151266	
2581	145714	
2584	156548	
2599	155151	
2626	26233	
162	5737	
1509	91923	
2287	35954	
8220	160763	
12440	164270	
12448	295317	
12458	231177	
12467	50456	
12530	36495	
12530	87579	
12530	238578	
12587	484908	
12617	519350	
7747	48318	
7747	151017	
7747	337163	
7747	337237	
7747	337271	
7747	337371	
2273	115389	
2273	135872	
2273	135889	
2273	135930	
8718	78757	
8718	132325	
8718	181249	
8719	73575	
8719	212930	
8719	395034	
8719	395056	
8723	188779	
8723	314100	
8723	393520	
8723	393531	
8723	393537	
8723	393538	
8723	393539	
8723	393558	
8723	393573	
8723	393578	
8755	57261	
8755	126686	
8756	270848	
8756	395260	
2233	133820	
2245	85646	
2245	100000	
2245	134770	
5142	68276	
2394	31682	
2410	99976	
8340	972487	
8343	276321	
8345	129322	
8352	115389	
8352	212247	
8377	382931	
8379	383591	
8406	383591	
8409	167039	
8425	57261	
8425	384853	
8441	126686	
8455	59655	
8455	387249	
8469	115389	
8469	385019	
8494	68276	
2339	156145	
7668	18732	
7811	87674	
7819	160763	
7823	160763	
7830	160763	
7839	99975	
7839	231248	
7844	160763	
7845	160763	
7860	40416	
7860	197351	
7860	300736	
7860	341329	
7860	341343	
7861	160763	
7590	330847	
7597	333738	
7620	65228	
7632	333362	
7639	35954	
7647	167039	
7703	155151	
7703	197351	
7703	336571	
7704	179910	
7704	212247	
7716	335686	
10465	242731	
10471	221674	
10474	14027	
10474	57261	
10474	212930	
10481	129322	
10481	389571	
10481	434597	
10481	434616	
10504	86944	
10516	36495	
10517	291046	
13609	84266	
2322	14027	
2322	69842	
2322	146307	
2336	129322	
2336	160333	
2336	160337	
2336	160341	
2336	160360	
15139	263022	
1112	65432	
1138	84266	
2738	164270	
2738	373853	
2741	154816	
2742	87579	
2757	39552	
2762	162566	
2855	163647	
2878	165540	
2879	165540	
2900	168498	
2919	167039	
2955	115389	
2518	152335	
1220	1888164	
1222	48318	
1222	69655	
1222	69704	
1222	69842	
1231	73575	
1231	83149	
1235	68276	
1235	71761	
1235	71894	
1235	71955	
1235	78757	
1237	70494	
1237	70588	
1241	48318	
1241	65228	
1241	73575	
1241	83848	
1241	83895	
1241	84050	
1241	84266	
1242	72412	
1248	952389	
1250	73377	
1254	73575	
1267	81557	
1273	48318	
1273	65228	
1273	73575	
1273	84266	
1273	85646	
1273	85730	
1273	85738	
1280	73575	
1280	91429	
1296	74444	
1297	77579	
1306	57261	
1306	77949	
1308	69655	
1316	73575	
1321	73575	
1332	78757	
1360	87579	
1361	87167	
1361	87199	
1367	87674	
1373	82908	
1382	73575	
1389	45585	
11546	126686	
6777	318622	
3750	99434	
3818	207111	
5610	126686	
17197	2493853	
3804	191468	
6043	91923	
6047	212247	
6049	288570	
6062	50456	
6062	276368	
6063	284394	
6067	70588	
6067	78757	
6067	87674	
6081	276368	
6096	286191	
6141	243019	
9240	737696	
9240	2012355	
9601	415992	
9605	197351	
9605	383036	
9608	288570	
9610	185799	
10550	156548	
10576	86944	
10576	438117	
10583	298925	
10583	390167	
10584	129358	
7450	2943611	
7458	14066	
7460	185799	
6518	299417	
6518	299446	
20743	39552	
20743	669826	
20783	74733	
10288	31682	
3752	99434	
9878	99434	
6897	314082	
6897	314100	
6911	191468	
6918	197351	
6927	231975	
6936	263022	
6944	69655	
4056	215581	
9234	32691	
9237	209031	
9237	339122	
9237	406143	
9237	406163	
9237	406178	
9238	157121	
9242	71955	
4924	252033	
5000	50456	
5058	238578	
5059	74444	
5059	256295	
5066	257152	
5084	160763	
5084	258055	
5109	36495	
7267	325415	
16164	394828	
16173	394828	
16173	591200	
5608	65228	
5613	181249	
3796	191468	
3811	191468	
3849	211004	
3849	211340	
7375	85730	
7375	256295	
7414	73575	
21353	594745	
21361	91923	
21361	270848	
21361	395260	
21361	683943	
21368	594745	
21372	161566	
21383	594745	
21386	264874	
21386	594745	
21397	209031	
21397	406143	
21412	447873	
21413	594745	
21417	684047	
21423	129358	
21428	295317	
21428	594745	
21436	594745	
21437	55189	
21438	685452	
21447	188008	
21447	262257	
21447	594745	
21447	680340	
21450	318667	
21450	367183	
21450	481591	
21450	497730	
21450	531513	
21450	685322	
21450	685325	
21450	685337	
21450	685343	
21450	685378	
21450	685381	
21450	685387	
21450	685398	
21450	685413	
21470	126686	
5737	10049	
5737	18016	
5737	44662	
5737	44761	
5737	53560	
5737	90222	
5737	133875	
5737	155187	
5737	204271	
5737	212766	
5737	213359	
5737	214590	
5737	232738	
5737	237544	
5737	274140	
5737	274141	
5737	274142	
5737	274143	
5737	274144	
5737	274145	
5737	274146	
5737	274147	
5737	274148	
5737	274149	
5737	274150	
5737	274151	
5737	274152	
5737	274153	
5737	274154	
5737	274155	
5737	274156	
5737	274157	
5737	274158	
5737	274159	
5737	274160	
5737	274161	
5737	274162	
5737	274163	
5737	274164	
5737	274165	
5737	274166	
5737	274167	
5737	891782	
5737	2361697	
5751	276109	
5771	277627	
9157	11309	
24311	337019	
24315	222738	
24316	337019	
24316	689144	
24319	57261	
24325	35954	
24325	745368	
7759	335323	
11305	484908	
11377	489499	
29514	97779	
29516	97779	
29516	722326	
29516	722336	
29516	814674	
29516	814676	
29516	814683	
29516	814703	
29516	814709	
29519	97779	
29519	516439	
29519	619026	
29519	814074	
29519	814083	
29519	814122	
29521	813884	
29522	818222	
13073	233290	
13073	405318	
13073	529952	
13073	532592	
13076	199048	
13084	489499	
13087	529952	
13088	390167	
13089	196384	
13089	318622	
13090	529952	
13100	212247	
13100	375362	
13101	131614	
13101	231259	
13101	243552	
13101	530736	
13101	530748	
13104	53425	
13104	233290	
13104	529952	
13104	532552	
13104	532553	
13104	532564	
13104	532565	
13104	532570	
13104	532579	
13104	532592	
13107	375362	
13107	532820	
13110	99986	
13116	2707640	
13117	375362	
13119	98461	
13121	531114	
13121	531118	
13121	531125	
13122	531513	
13124	529952	
13127	496732	
13131	335058	
13131	529952	
13138	212247	
13139	496940	
13139	532991	
13139	532994	
13139	533048	
13139	533074	
13142	529952	
13144	34087	
13150	188779	
13152	163647	
13152	529952	
13152	531411	
13152	531422	
13156	199048	
13156	532210	
13158	231275	
13158	383036	
13160	489499	
13166	335058	
13166	529952	
13169	99434	
13169	233290	
13169	244574	
13169	244575	
13169	244578	
13169	390132	
13169	529952	
13169	531411	
13169	532579	
13169	537861	
13169	537875	
13169	537893	
13172	531841	
13175	366031	
13185	187064	
13187	36495	
13187	60177	
13187	233290	
13187	529952	
13189	199048	
13191	199048	
13191	204078	
13192	529952	
13194	529952	
13197	231239	
13197	497517	
13197	532845	
13197	532889	
13198	233290	
13198	529952	
11302	50456	
11309	12016	
11309	13089	
11309	13996	
11309	25986	
11309	27446	
11309	27481	
11309	30488	
11309	30572	
11309	30574	
11309	37562	
11309	39059	
11309	39602	
11309	39610	
11309	40882	
11309	44836	
11309	45429	
11309	46855	
11309	46875	
11309	49131	
11309	53584	
11309	60220	
11309	62021	
11309	62556	
11309	63202	
11309	64128	
11309	68809	
11309	68860	
11309	76805	
11309	85162	
11309	96643	
11309	96653	
11309	101225	
11309	101781	
11309	106931	
11309	119844	
11309	123827	
11309	154542	
11309	159111	
11309	160322	
11309	161132	
11309	165072	
11309	166126	
11309	166995	
11309	187501	
11309	192150	
11309	193572	
11309	196325	
11309	197531	
11309	199267	
11309	215698	
11309	216679	
11309	217260	
11309	217813	
11309	218273	
11309	220474	
11309	220518	
11309	223028	
11309	223054	
11309	223058	
11309	223061	
11309	223064	
11309	223072	
11309	225323	
11309	227909	
11309	231371	
11309	233202	
11309	237348	
11309	241275	
11309	247424	
11309	249925	
11309	249970	
11309	249975	
11309	253471	
11309	260147	
11309	260173	
11309	261140	
11309	265102	
11309	270743	
11309	273752	
11309	276785	
11309	290989	
11309	292266	
11309	292269	
11309	292274	
11309	300587	
11309	301578	
11309	302047	
11309	302632	
11309	312291	
11309	318298	
11309	342872	
11309	342932	
11309	378632	
11309	380021	
11309	383915	
11309	388105	
11309	390253	
11309	394143	
11309	395064	
11309	397512	
11309	409445	
11309	412485	
11309	416248	
11309	416335	
11309	420017	
11309	423263	
11309	427709	
11309	429584	
11309	452198	
11309	453715	
11309	455801	
11309	480065	
11309	485289	
11309	485290	
11309	485291	
11309	485292	
11309	485293	
11309	485294	
11309	485295	
11309	485296	
11309	485297	
11309	485298	
11309	485299	
11309	485300	
11309	485301	
11309	485302	
11309	485303	
11309	485304	
11309	485305	
11309	485306	
11309	485307	
11309	485308	
11309	485309	
11309	485310	
11309	485311	
11309	485312	
11309	485313	
11309	485314	
11309	485315	
11309	485316	
11309	485317	
11309	485318	
11309	485319	
11309	485320	
11309	485321	
11309	485322	
11309	485323	
11309	485324	
11309	485325	
11309	485326	
11309	485327	
11309	485328	
11309	485329	
11309	485330	
11309	485331	
11309	485332	
11309	485333	
11309	485334	
11309	485335	
11309	485336	
11309	485337	
11309	485338	
11309	485339	
11309	485340	
11309	485341	
11309	485342	
11309	485343	
11309	485344	
11309	485345	
11309	485346	
11309	485347	
11309	485348	
11309	485349	
11309	485350	
11309	485351	
11309	485352	
11309	485353	
11309	485354	
11309	485355	
11309	485356	
11309	485357	
11309	485358	
11309	485359	
11309	485360	
11309	485361	
11309	485362	
11309	485363	
11309	485364	
11309	485365	
11309	485366	
11309	485367	
11309	485368	
11309	485369	
11309	485370	
11309	485371	
11309	485372	
11309	1968782	
11309	2000217	
11309	2003597	
11309	2618789	
11309	2708137	
11309	2722335	
11309	3012489	
11309	3045880	
11319	487645	
11326	64164	
11326	452206	
11327	115389	
11327	484858	
11327	484864	
11327	484878	
11327	484884	
11328	86944	
11328	335686	
11329	484822	
11338	26233	
11338	102261	
11350	98461	
11353	484908	
11369	263022	
11378	300736	
11378	495579	
11378	495580	
11396	231239	
11396	484908	
6193	119017	
6375	231177	
6375	293341	
6375	770206	
6376	197351	
6380	298925	
18323	631204	
18323	631224	
8312	95677	
8312	375362	
8315	383036	
6569	50456	
6570	299818	
6571	45585	
6622	60177	
6622	99998	
6646	300152	
5693	14066	
5693	58119	
5693	65228	
5693	73575	
5693	78757	
5693	85646	
5693	86944	
5693	87674	
5693	98461	
5693	103885	
5693	212247	
5693	270727	
5693	276294	
5693	276321	
5693	276368	
5693	276391	
5718	273533	
5718	273550	
16933	617625	
16946	48318	
16958	270813	
16959	77949	
12814	522560	
8254	53425	
8254	117231	
9149	30656	
9149	60177	
9149	98461	
9149	231324	
9149	318622	
9149	341343	
9149	375889	
9149	402901	
9149	402907	
9149	402915	
9149	402916	
9149	402924	
9149	2865165	
9155	402965	
9158	3014043	
9170	405318	
9207	3014043	
9210	212930	
9210	402901	
9210	402907	
9210	402916	
9210	405453	
9210	405468	
9210	405508	
9210	405510	
9210	405519	
6200	293190	
6249	153450	
6253	291046	
6254	57261	
6257	266099	
6258	115407	
6261	31682	
37235	126484	
37238	586752	
7723	153865	
7723	211858	
10247	429584	
14669	264874	
14669	372823	
14669	561265	
14673	196384	
14673	444426	
14677	231324	
14683	561109	
14699	204078	
14707	269231	
12668	263022	
8163	373853	
8230	9840	
8230	10269	
8230	13949	
8230	16174	
8230	40999	
8230	44778	
8230	44792	
8230	50366	
8230	50380	
8230	50398	
8230	50438	
8230	50528	
8230	53825	
8230	68623	
8230	96355	
8230	97186	
8230	108291	
8230	111650	
8230	114354	
8230	125674	
8230	126640	
8230	154062	
8230	171574	
8230	194305	
8230	218173	
8230	226062	
8230	236675	
8230	236686	
8230	236699	
8230	236710	
8230	236722	
8230	236727	
8230	240974	
8230	243564	
8230	246084	
8230	273706	
8230	343685	
8230	383913	
8230	383914	
8230	383915	
8230	383916	
8230	383917	
8230	383918	
8230	383919	
8230	383920	
8230	383921	
8230	383922	
8230	383923	
8230	383924	
8230	383925	
8230	383926	
8230	383927	
8230	383928	
8230	383929	
8230	383930	
8230	383931	
8230	2237885	
8230	2865007	
9840	383921	
9847	419517	
9861	153508	
9864	421327	
9871	263022	
6857	318667	
7724	153508	
7724	288570	
7724	337019	
7729	263022	
7732	335058	
7732	335075	
7732	335082	
7732	335097	
7736	99998	
6415	295317	
7974	269231	
8008	343788	
8123	153865	
8123	196384	
8130	345114	
8170	181249	
8170	375037	
8175	375835	
8175	375889	
8175	376029	
8175	376517	
8192	366031	
8195	245312	
8195	367183	
8208	366166	
8210	8230	
8210	372823	
8227	372823	
8274	374208	
9267	11309	
11735	2687091	
11736	14066	
11736	497899	
11739	496125	
11739	496732	
11746	502890	
11757	231380	
11758	96817	
11758	197351	
11758	390245	
11758	496075	
11759	496125	
11763	390427	
11763	496119	
11763	496125	
11764	197351	
11764	498383	
11766	197351	
11766	341329	
11767	197351	
11767	341329	
11767	501897	
11767	501914	
11772	475631	
11773	498806	
11774	87079	
11774	381117	
11774	382931	
11774	486067	
11774	502101	
11774	502131	
11774	502134	
11774	502147	
11774	2487184	
11774	2681304	
11776	33888	
11776	499614	
11776	499630	
11777	390245	
11777	496940	
11777	496957	
11779	496859	
11782	499154	
11782	499196	
11785	496306	
11785	496317	
11786	498052	
11786	498062	
11789	496895	
11802	497517	
11802	497519	
8896	263022	
8916	197351	
8959	263022	
8960	383921	
13059	164270	
9109	185305	
9422	409133	
9779	106365	
18759	149655	
18773	129322	
15229	570226	
15414	818222	
35289	99971	
35289	270813	
35289	337237	
35289	2330073	
35297	117231	
35314	71894	
9299	220595	
9306	263022	
9307	407434	
9339	288570	
9341	410892	
9361	262257	
9361	407377	
11178	475631	
11217	475631	
18881	637516	
14730	160763	
14745	562115	
14746	185305	
14752	444240	
14783	126484	
14812	393538	
8532	181249	
8536	389050	
8544	388094	
8544	388107	
18105	244574	
18105	447821	
18109	153865	
18112	153865	
18191	100725	
18191	106365	
10789	72412	
10791	295317	
10795	179910	
10799	185799	
10809	179910	
10815	185799	
10829	48318	
10830	181249	
10832	449275	
10835	185799	
10850	407434	
10854	14027	
10854	179910	
10857	442542	
10862	231239	
10862	337237	
10862	484454	
10864	473440	
10867	209031	
10867	406178	
10867	444240	
10867	444283	
10876	181249	
10876	185799	
10878	444806	
10888	14027	
10892	197351	
10892	252033	
10892	378801	
10892	481947	
10892	481948	
10892	481968	
10900	196384	
10900	300152	
10900	410490	
10900	444426	
10906	263022	
10908	181249	
10918	126686	
10918	231199	
10918	231511	
10918	295317	
10918	447634	
10918	447664	
10918	447722	
10918	447757	
10918	447781	
10918	447821	
10918	447873	
10925	231239	
10925	452191	
10925	452200	
10925	452206	
10925	452229	
10926	53380	
10928	49503	
10933	181249	
10938	450398	
10940	447139	
10940	447156	
10940	447165	
10940	447168	
10941	231177	
10951	181249	
10968	277627	
10970	32691	
10970	447873	
10972	181249	
10973	33252	
10973	110371	
10973	157185	
10973	286191	
10991	212247	
10994	288570	
10999	185799	
11001	456588	
