42230	1003775	
90502	1003775	
482754	1003775	
1003705	1003775	
1003710	1003775	
1003713	1003775	
1003721	1003775	
1003722	1003775	
1003724	1003775	
1003730	1003775	
1003746	1003775	
1003752	1003775	
1003755	1003775	
1003764	1003775	
1003766	1003775	
1003770	1003775	
1003774	1003775	
1003775	1003778	
1003775	1003780	
1003775	1003781	
1003775	1003786	
1003775	1003800	
1003775	1003802	
1003775	1003803	
1003775	1003843	
1003775	1003847	
1003775	1003865	
1003775	1003869	
1003775	1003874	
1003775	1003887	
1003775	1003888	
1003775	1003910	
1003775	1003912	
1003775	1003932	
1003775	1003933	
1003775	1003947	
1003775	1003948	
1003775	1048599	
1003775	1142039	
1003775	1333760	
1003775	1336186	
1003775	1385551	
1003775	1569374	
1003775	1677647	
1003775	1736671	
1003775	1870583	
1003775	2672916	
1003775	2684843	
1003775	3057579	
1459	90502	
26368	90502	
692	42230	
12332	90502	
15750	90502	
2322	90502	
2982	90502	
2519	90502	
11098	482754	
30247	90502	
13410	90502	
23851	90502	
60589	90502	
36725	90502	
13455	90502	
13481	90502	
23508	90502	
36270	90502	
32685	90502	
37858	90502	
22224	90502	
33070	90502	
31165	90502	
32349	90502	
29550	90502	
36134	90502	
47480	90502	
28034	90502	
40425	90502	
46124	90502	
47903	90502	
40646	90502	
46365	90502	
46422	1003721	
45337	90502	
43031	90502	
43031	1048599	
55674	90502	
55769	90502	
55835	90502	
42154	90502	
42165	90502	
42180	90502	
42183	90502	
42194	90502	
42224	90502	
42226	90502	
42230	482754	
42230	1003704	
42230	1003705	
42230	1003706	
42230	1003707	
42230	1003708	
42230	1003709	
42230	1003710	
42230	1003711	
42230	1003712	
42230	1003713	
42230	1003714	
42230	1003715	
42230	1003716	
42230	1003717	
42230	1003718	
42230	1003719	
42230	1003720	
42230	1003721	
42230	1003722	
42230	1003723	
42230	1003724	
42230	1003725	
42230	1003726	
42230	1003727	
42230	1003728	
42230	1003729	
42230	1003730	
42230	1003731	
42230	1003732	
42230	1003733	
42230	1003734	
42230	1003735	
42230	1003736	
42230	1003737	
42230	1003738	
42230	1003739	
42230	1003740	
42230	1003741	
42230	1003742	
42230	1003743	
42230	1003744	
42230	1003745	
42230	1003746	
42230	1003747	
42230	1003748	
42230	1003749	
42230	1003750	
42230	1003751	
42230	1003752	
42230	1003753	
42230	1003754	
42230	1003755	
42230	1003756	
42230	1003757	
42230	1003758	
42230	1003759	
42230	1003760	
42230	1003761	
42230	1003762	
42230	1003763	
42230	1003764	
42230	1003765	
42230	1003766	
42230	1003767	
42230	1003768	
42230	1003769	
42230	1003770	
42230	1003771	
42230	1003772	
42230	1003773	
42230	1003774	
42230	1003776	
42230	1003777	
42230	1003778	
42230	1003779	
42230	1003780	
42230	1003781	
42230	1003782	
42230	1003783	
42230	1003784	
42230	1003785	
42230	1003786	
42230	1003787	
42230	1003788	
42230	1003789	
42230	1003790	
42230	1003791	
42230	1003792	
42230	1003793	
42230	1003794	
42230	1003795	
42230	1003796	
42230	1003797	
42230	1003798	
42230	1003799	
42230	1003800	
42230	1003801	
42230	1003802	
42230	1003803	
42230	1003804	
42230	1003805	
42230	1003806	
42230	1003807	
42230	1003808	
42230	1003809	
42230	1003810	
42230	1003811	
42230	1003812	
42230	1003813	
42230	1003814	
42230	1003815	
42230	1003816	
42230	1003817	
42230	1003818	
42230	1003819	
42230	1003820	
42230	1003821	
42230	1003822	
42230	1003823	
42230	1003824	
42230	1003825	
42230	1003826	
42230	1003827	
42230	1003828	
42230	1003829	
42230	1003830	
42230	1003831	
42230	1003832	
42230	1003833	
42230	1003834	
42230	1003835	
42230	1003836	
42230	1003837	
42230	1003838	
42230	1003839	
42230	1003840	
42230	1003841	
42230	1003842	
42230	1003843	
42230	1003844	
42230	1003845	
42230	1003846	
42230	1003847	
42230	1003848	
42230	1003849	
42230	1003850	
42230	1003851	
42230	1003852	
42230	1003853	
42230	1003854	
42230	1003855	
42230	1003856	
42230	1003857	
42230	1003858	
42230	1003859	
42230	1003860	
42230	1003861	
42230	1003862	
42230	1003863	
42230	1003864	
42230	1003865	
42230	1003866	
42230	1003867	
42230	1003868	
42230	1003869	
42230	1003870	
42230	1003871	
42230	1003872	
42230	1003873	
42230	1003874	
42230	1003875	
42230	1003876	
42230	1003877	
42230	1003878	
42230	1003879	
42230	1003880	
42230	1003881	
42230	1003882	
42230	1003883	
42230	1003884	
42230	1003885	
42230	1003886	
42230	1003887	
42230	1003888	
42230	1003889	
42230	1003890	
42230	1003891	
42230	1003892	
42230	1003893	
42230	1003894	
42230	1003895	
42230	1003896	
42230	1003897	
42230	1003898	
42230	1003899	
42230	1003900	
42230	1003901	
42230	1003902	
42230	1003903	
42230	1003904	
42230	1003905	
42230	1003906	
42230	1003907	
42230	1003908	
42230	1003909	
42230	1003910	
42230	1003911	
42230	1003912	
42230	1003913	
42230	1003914	
42230	1003915	
42230	1003916	
42230	1003917	
42230	1003918	
42230	1003919	
42230	1003920	
42230	1003921	
42230	1003922	
42230	1003923	
42230	1003924	
42230	1003925	
42230	1003926	
42230	1003927	
42230	1003928	
42230	1003929	
42230	1003930	
42230	1003931	
42230	1003932	
42230	1003933	
42230	1003934	
42230	1003935	
42230	1003936	
42230	1003937	
42230	1003938	
42230	1003939	
42230	1003940	
42230	1003941	
42230	1003942	
42230	1003943	
42230	1003944	
42230	1003945	
42230	1003946	
42230	1003947	
42230	1003948	
42230	1003949	
42230	1003950	
42230	1003951	
42230	1003952	
42230	1003953	
42230	1003954	
42230	1003955	
42230	1003956	
42230	1003957	
42230	1003958	
42230	1003959	
42230	1003960	
42230	2677197	
42241	90502	
42248	90502	
42248	1048599	
42257	90502	
42268	90502	
42273	90502	
42282	90502	
42283	1003755	
42291	90502	
42302	90502	
42304	90502	
42313	90502	
42316	90502	
42324	90502	
42325	90502	
42343	90502	
42374	90502	
42381	1003755	
42398	90502	
42421	90502	
42422	90502	
42423	482754	
42424	90502	
42428	90502	
42428	1142039	
42429	90502	
42429	1003755	
42431	1003724	
42431	1003755	
42446	90502	
42469	90502	
42476	90502	
42480	90502	
42483	90502	
42487	90502	
42493	90502	
42496	90502	
42506	90502	
42506	1003755	
42510	90502	
42516	90502	
42519	90502	
42521	90502	
42528	90502	
42531	90502	
42543	90502	
42547	90502	
42550	1003887	
42550	1333760	
42550	1336186	
42552	90502	
42556	90502	
42563	90502	
42573	1048599	
42575	1003755	
42582	90502	
42588	90502	
42596	90502	
42597	90502	
42601	90502	
42601	1003755	
42604	90502	
42614	90502	
42615	90502	
42618	90502	
42621	90502	
42628	90502	
42631	1003774	
42652	90502	
42656	90502	
42659	90502	
42663	1003755	
42670	90502	
42672	90502	
42678	90502	
42689	90502	
42701	90502	
42705	90502	
42705	1003869	
42707	90502	
42717	90502	
42723	90502	
42731	90502	
42741	90502	
42743	90502	
42759	90502	
42760	90502	
42774	90502	
42790	90502	
42798	1385551	
42804	90502	
42808	90502	
42809	1003755	
42819	90502	
42824	90502	
42829	90502	
42863	90502	
42869	90502	
42885	90502	
42902	90502	
42910	90502	
42911	90502	
42925	90502	
42938	90502	
42939	90502	
42940	90502	
42950	90502	
42963	1003755	
42970	90502	
42973	90502	
42990	90502	
42993	90502	
43048	90502	
43074	90502	
43077	90502	
43099	90502	
43114	90502	
43126	90502	
43146	90502	
43152	90502	
43154	90502	
43163	90502	
43168	1142039	
43173	90502	
43177	90502	
43184	90502	
43190	90502	
43192	90502	
43195	90502	
43204	90502	
43208	90502	
43208	1142039	
43209	90502	
43214	1569374	
43221	90502	
43223	90502	
43232	90502	
43246	1003755	
43248	90502	
43257	90502	
43257	1003755	
43267	90502	
43274	90502	
43275	90502	
43277	90502	
43281	90502	
43305	90502	
43307	90502	
43313	1677647	
43328	90502	
43329	90502	
43341	90502	
43349	1003755	
43357	90502	
43367	1003755	
43394	90502	
43410	90502	
43411	90502	
43420	90502	
43421	90502	
43422	90502	
43425	1003869	
43432	1677647	
43446	90502	
43456	90502	
43461	90502	
43466	90502	
43481	90502	
43492	1003755	
43493	90502	
43505	90502	
43511	90502	
43514	1333760	
43514	1336186	
43534	90502	
43542	90502	
43550	90502	
43578	1003755	
43597	90502	
43606	90502	
43608	90502	
43608	1736671	
43611	90502	
43613	90502	
43631	90502	
43635	90502	
43643	90502	
43643	1048599	
43644	90502	
43654	1003755	
43663	90502	
43681	90502	
43695	90502	
43707	90502	
43718	90502	
43721	90502	
43728	1003721	
43728	1003755	
43752	90502	
43753	1003755	
43763	90502	
43778	90502	
43796	90502	
43798	90502	
43799	90502	
43805	90502	
43822	1003755	
43839	1003755	
43843	90502	
43850	90502	
43872	90502	
43890	90502	
43898	90502	
43902	90502	
43902	1333760	
43910	90502	
43922	90502	
43930	90502	
43931	90502	
43934	90502	
43935	90502	
43936	90502	
43937	90502	
43959	90502	
43961	90502	
43977	90502	
43982	90502	
43983	90502	
43984	90502	
43992	90502	
44004	90502	
44022	90502	
44023	1003755	
44027	1003755	
44028	90502	
44047	90502	
44052	1870583	
44053	90502	
44091	1003800	
44106	90502	
44118	90502	
44137	90502	
44144	90502	
44149	90502	
44151	1003755	
44187	90502	
44196	90502	
44199	90502	
44206	90502	
44227	90502	
44268	90502	
44279	90502	
51612	90502	
51977	90502	
49698	90502	
45610	90502	
49404	90502	
57403	90502	
57449	90502	
46562	90502	
46666	90502	
52266	90502	
51994	90502	
68217	90502	
61411	90502	
60100	90502	
57078	90502	
54499	90502	
56350	90502	
55459	90502	
63386	90502	
76193	90502	
77104	90502	
77181	90502	
61834	90502	
62612	90502	
62697	90502	
65385	1142039	
70063	90502	
83965	90502	
85654	90502	
85742	90502	
81681	90502	
82043	90502	
82429	90502	
82439	90502	
81190	90502	
81259	90502	
87138	90502	
86201	90502	
86236	90502	
86450	90502	
86485	90502	
84834	90502	
87259	90502	
90502	92345	
90502	93424	
90502	95078	
90502	95139	
90502	105888	
90502	107638	
90502	108973	
90502	112052	
90502	113443	
90502	115947	
90502	116880	
90502	118853	
90502	120620	
90502	122748	
90502	124455	
90502	124641	
90502	124812	
90502	125937	
90502	126389	
90502	126536	
90502	126543	
90502	126627	
90502	128325	
90502	128794	
90502	128951	
90502	131542	
90502	136022	
90502	140397	
90502	144324	
90502	145022	
90502	145219	
90502	147468	
90502	148017	
90502	149540	
90502	152229	
90502	155191	
90502	157057	
90502	158073	
90502	160721	
90502	161367	
90502	161919	
90502	161952	
90502	163343	
90502	163769	
90502	163850	
90502	164222	
90502	165072	
90502	165188	
90502	165703	
90502	166142	
90502	166157	
90502	166248	
90502	166324	
90502	166416	
90502	166512	
90502	167113	
90502	167144	
90502	167195	
90502	167798	
90502	167800	
90502	167801	
90502	167803	
90502	167881	
90502	167896	
90502	167914	
90502	168155	
90502	169448	
90502	170872	
90502	170897	
90502	172762	
90502	173066	
90502	173406	
90502	173427	
90502	173691	
90502	173833	
90502	174102	
90502	174119	
90502	174324	
90502	175339	
90502	176215	
90502	178001	
90502	178333	
90502	178582	
90502	178819	
90502	178898	
90502	179771	
90502	186203	
90502	188884	
90502	189451	
90502	189552	
90502	193052	
90502	194322	
90502	194435	
90502	194894	
90502	195544	
90502	195579	
90502	195727	
90502	196470	
90502	198281	
90502	199675	
90502	200424	
90502	202174	
90502	202637	
90502	204677	
90502	205859	
90502	206328	
90502	208358	
90502	208641	
90502	210048	
90502	210052	
90502	210745	
90502	211227	
90502	211430	
90502	212133	
90502	212339	
90502	213796	
90502	214733	
90502	218236	
90502	218309	
90502	218396	
90502	218416	
90502	218820	
90502	222237	
90502	222249	
90502	222251	
90502	222271	
90502	222273	
90502	222276	
90502	222282	
90502	224070	
90502	226447	
90502	226478	
90502	227945	
90502	227971	
90502	228485	
90502	229566	
90502	230542	
90502	231322	
90502	231347	
90502	232029	
90502	233918	
90502	234192	
90502	234304	
90502	234774	
90502	234992	
90502	236183	
90502	238060	
90502	239066	
90502	243066	
90502	243110	
90502	243129	
90502	243513	
90502	243896	
90502	246194	
90502	247017	
90502	247727	
90502	247875	
90502	247884	
90502	248175	
90502	248324	
90502	248577	
90502	248618	
90502	248674	
90502	248688	
90502	248724	
90502	248746	
90502	248747	
90502	248748	
90502	248758	
90502	248765	
90502	248768	
90502	248775	
90502	248787	
90502	248796	
90502	248810	
90502	248815	
90502	248828	
90502	248834	
90502	248852	
90502	248870	
90502	248918	
90502	248936	
90502	248937	
90502	248945	
90502	248969	
90502	249006	
90502	249008	
90502	249029	
90502	249033	
90502	249051	
90502	249053	
90502	249071	
90502	249090	
90502	249130	
90502	249169	
90502	249207	
90502	249211	
90502	249222	
90502	249236	
90502	249258	
90502	249268	
90502	249296	
90502	249300	
90502	249341	
90502	249343	
90502	249366	
90502	249377	
90502	249385	
90502	249400	
90502	249403	
90502	249438	
90502	249448	
90502	249450	
90502	249483	
90502	249532	
90502	249568	
90502	249595	
90502	249599	
90502	249602	
90502	249610	
90502	249636	
90502	249914	
90502	251229	
90502	253262	
90502	253926	
90502	255765	
90502	256601	
90502	256646	
90502	257322	
90502	258464	
90502	258777	
90502	259846	
90502	260356	
90502	270622	
90502	271571	
90502	276599	
90502	277572	
90502	282556	
90502	286304	
90502	286329	
90502	289785	
90502	290853	
90502	292314	
90502	294104	
90502	294132	
90502	295330	
90502	295408	
90502	295469	
90502	295891	
90502	297604	
90502	301039	
90502	301619	
90502	302457	
90502	303618	
90502	304494	
90502	306760	
90502	306832	
90502	306849	
90502	306850	
90502	306851	
90502	306889	
90502	306902	
90502	306906	
90502	306993	
90502	306996	
90502	307004	
90502	307017	
90502	307118	
90502	307145	
90502	307207	
90502	307243	
90502	307295	
90502	307320	
90502	307338	
90502	307356	
90502	307368	
90502	307371	
90502	307376	
90502	307384	
90502	307402	
90502	307419	
90502	307421	
90502	307427	
90502	307429	
90502	307430	
90502	307444	
90502	307451	
90502	307459	
90502	307474	
90502	307483	
90502	307493	
90502	307502	
90502	307526	
90502	307535	
90502	307543	
90502	307545	
90502	307894	
90502	311915	
90502	315433	
90502	315443	
90502	315456	
90502	315459	
90502	315460	
90502	317928	
90502	318244	
90502	318436	
90502	326571	
90502	326660	
90502	330363	
90502	330398	
90502	334688	
90502	334710	
90502	335318	
90502	335541	
90502	335550	
90502	335613	
90502	336792	
90502	336900	
90502	337901	
90502	338590	
90502	338770	
90502	340349	
90502	340760	
90502	343095	
90502	344383	
90502	344401	
90502	346749	
90502	346772	
90502	346784	
90502	346794	
90502	347169	
90502	347341	
90502	347560	
90502	347618	
90502	347657	
90502	347817	
90502	347826	
90502	347896	
90502	347902	
90502	347991	
90502	348075	
90502	348426	
90502	348466	
90502	348916	
90502	348941	
90502	349035	
90502	349086	
90502	349218	
90502	349329	
90502	349379	
90502	349620	
90502	349656	
90502	349980	
90502	350053	
90502	350193	
90502	350235	
90502	350343	
90502	350654	
90502	350750	
90502	350762	
90502	351201	
90502	351537	
90502	351779	
90502	351932	
90502	352063	
90502	352194	
90502	352209	
90502	352408	
90502	352468	
90502	352797	
90502	352919	
90502	352976	
90502	353099	
90502	353295	
90502	353422	
90502	353494	
90502	353652	
90502	353654	
90502	353664	
90502	353718	
90502	353725	
90502	353727	
90502	353733	
90502	353751	
90502	353758	
90502	353761	
90502	353766	
90502	353792	
90502	353795	
90502	353852	
90502	353855	
90502	353857	
90502	353872	
90502	353873	
90502	353887	
90502	353895	
90502	353897	
90502	353902	
90502	353907	
90502	353908	
90502	353920	
90502	353929	
90502	353948	
90502	353958	
90502	353964	
90502	353971	
90502	353978	
90502	353986	
90502	354071	
90502	354078	
90502	354087	
90502	354108	
90502	354128	
90502	354151	
90502	354153	
90502	354168	
90502	354176	
90502	354182	
90502	354184	
90502	354205	
90502	354207	
90502	354208	
90502	354284	
90502	354288	
90502	354319	
90502	354333	
90502	354334	
90502	354337	
90502	354339	
90502	354347	
90502	354356	
90502	354380	
90502	354381	
90502	354397	
90502	354398	
90502	354401	
90502	354405	
90502	354410	
90502	354414	
90502	354422	
90502	354423	
90502	354436	
90502	354445	
90502	354449	
90502	354469	
90502	354514	
90502	354521	
90502	354545	
90502	354562	
90502	354571	
90502	354577	
90502	354612	
90502	354647	
90502	354658	
90502	354661	
90502	354672	
90502	354675	
90502	354690	
90502	354701	
90502	354702	
90502	354703	
90502	354705	
90502	354707	
90502	354714	
90502	354731	
90502	354747	
90502	354752	
90502	354771	
90502	354772	
90502	354788	
90502	354799	
90502	354809	
90502	354814	
90502	354832	
90502	354841	
90502	354850	
90502	354865	
90502	354886	
90502	354899	
90502	354900	
90502	354902	
90502	354915	
90502	354918	
90502	354920	
90502	354924	
90502	354942	
90502	354965	
90502	354978	
90502	354989	
90502	354994	
90502	354998	
90502	354999	
90502	355017	
90502	355029	
90502	355034	
90502	355055	
90502	355065	
90502	355066	
90502	355076	
90502	355086	
90502	355088	
90502	355114	
90502	355116	
90502	355128	
90502	355136	
90502	355142	
90502	355146	
90502	355163	
90502	355185	
90502	355193	
90502	355199	
90502	355204	
90502	355229	
90502	355231	
90502	355234	
90502	355239	
90502	355258	
90502	355259	
90502	355274	
90502	355290	
90502	355306	
90502	355310	
90502	355312	
90502	355314	
90502	355338	
90502	355341	
90502	355360	
90502	355366	
90502	355376	
90502	355384	
90502	355397	
90502	355403	
90502	355410	
90502	355420	
90502	355434	
90502	355451	
90502	355466	
90502	355474	
90502	355481	
90502	355487	
90502	355516	
90502	355519	
90502	355524	
90502	355534	
90502	355536	
90502	355548	
90502	355549	
90502	355581	
90502	355584	
90502	355589	
90502	355592	
90502	355614	
90502	355648	
90502	355662	
90502	355688	
90502	355696	
90502	355712	
90502	355717	
90502	355718	
90502	355719	
90502	355731	
90502	355739	
90502	355761	
90502	355763	
90502	355770	
90502	355775	
90502	355776	
90502	355790	
90502	355791	
90502	355804	
90502	355807	
90502	355809	
90502	355815	
90502	355818	
90502	355819	
90502	355827	
90502	355828	
90502	355843	
90502	355852	
90502	355865	
90502	355867	
90502	355875	
90502	355880	
90502	355893	
90502	355915	
90502	355943	
90502	355960	
90502	355961	
90502	355972	
90502	355977	
90502	355988	
90502	356003	
90502	356005	
90502	356009	
90502	356015	
90502	356021	
90502	356025	
90502	356030	
90502	356031	
90502	356034	
90502	356037	
90502	356039	
90502	356043	
90502	356062	
90502	356072	
90502	356073	
90502	356098	
90502	356099	
90502	356103	
90502	356115	
90502	356123	
90502	356128	
90502	356129	
90502	356137	
90502	356141	
90502	356155	
90502	356160	
90502	356187	
90502	356188	
90502	356195	
90502	356202	
90502	356209	
90502	356210	
90502	356227	
90502	356234	
90502	356238	
90502	356270	
90502	356271	
90502	356290	
90502	356298	
90502	356307	
90502	356312	
90502	356326	
90502	356328	
90502	356370	
90502	356392	
90502	356393	
90502	356398	
90502	356423	
90502	356433	
90502	356467	
90502	356482	
90502	356485	
90502	356487	
90502	356495	
90502	356499	
90502	356531	
90502	356537	
90502	356539	
90502	356541	
90502	356542	
90502	356557	
90502	356559	
90502	356578	
90502	356584	
90502	356585	
90502	356593	
90502	356596	
90502	356627	
90502	356641	
90502	356643	
90502	356650	
90502	356653	
90502	356658	
90502	356670	
90502	356679	
90502	356680	
90502	356681	
90502	356692	
90502	356776	
90502	356780	
90502	356815	
90502	356825	
90502	356830	
90502	356833	
90502	356863	
90502	356864	
90502	356870	
90502	356873	
90502	356874	
90502	356890	
90502	356892	
90502	356893	
90502	356899	
90502	356910	
90502	356916	
90502	356941	
90502	356949	
90502	356970	
90502	356996	
90502	357006	
90502	357018	
90502	357065	
90502	357083	
90502	357104	
90502	357124	
90502	357126	
90502	357139	
90502	357140	
90502	357145	
90502	357150	
90502	357174	
90502	357180	
90502	357191	
90502	357193	
90502	357194	
90502	357197	
90502	357206	
90502	357239	
90502	357241	
90502	357259	
90502	357288	
90502	357290	
90502	357293	
90502	357302	
90502	357305	
90502	357324	
90502	357355	
90502	357356	
90502	357357	
90502	357360	
90502	357370	
90502	357382	
90502	357411	
90502	357412	
90502	357424	
90502	357439	
90502	357453	
90502	357461	
90502	357488	
90502	357492	
90502	357504	
90502	357506	
90502	357518	
90502	357531	
90502	357532	
90502	357540	
90502	357550	
90502	357553	
90502	357565	
90502	357567	
90502	357574	
90502	357575	
90502	357598	
90502	357608	
90502	357614	
90502	357620	
90502	357625	
90502	357649	
90502	357668	
90502	357676	
90502	357694	
90502	357699	
90502	357707	
90502	357733	
90502	357736	
90502	357739	
90502	357743	
90502	357749	
90502	357758	
90502	357762	
90502	357766	
90502	357768	
90502	357781	
90502	357782	
90502	357786	
90502	357791	
90502	357795	
90502	357798	
90502	357805	
90502	357813	
90502	357867	
90502	357879	
90502	357891	
90502	357912	
90502	357914	
90502	357931	
90502	357935	
90502	357938	
90502	357942	
90502	357959	
90502	357966	
90502	357992	
90502	357999	
90502	358021	
90502	358025	
90502	358030	
90502	358031	
90502	358042	
90502	358046	
90502	358057	
90502	358059	
90502	358075	
90502	358077	
90502	358082	
90502	358088	
90502	358111	
90502	358128	
90502	358134	
90502	358147	
90502	358157	
90502	358160	
90502	358162	
90502	358171	
90502	358180	
90502	358182	
90502	358191	
90502	358197	
90502	358204	
90502	358220	
90502	358230	
90502	358258	
90502	358266	
90502	358270	
90502	358294	
90502	358300	
90502	358324	
90502	358337	
90502	358345	
90502	358358	
90502	358364	
90502	358368	
90502	358382	
90502	358399	
90502	358404	
90502	358412	
90502	358414	
90502	358417	
90502	358422	
90502	358429	
90502	358432	
90502	358438	
90502	358457	
90502	358461	
90502	358463	
90502	358478	
90502	358498	
90502	358502	
90502	358533	
90502	358534	
90502	358557	
90502	358580	
90502	358581	
90502	358623	
90502	358626	
90502	358633	
90502	358663	
90502	358676	
90502	358697	
90502	358711	
90502	358727	
90502	358756	
90502	358774	
90502	358775	
90502	358778	
90502	358779	
90502	358780	
90502	358795	
90502	358803	
90502	358813	
90502	358828	
90502	358829	
90502	358838	
90502	358847	
90502	358852	
90502	358856	
90502	358885	
90502	358893	
90502	358919	
90502	358933	
90502	358937	
90502	358974	
90502	358979	
90502	358986	
90502	358990	
90502	358994	
90502	359010	
90502	359012	
90502	359019	
90502	359032	
90502	359044	
90502	359049	
90502	359059	
90502	359073	
90502	359077	
90502	359088	
90502	359134	
90502	359142	
90502	359162	
90502	359166	
90502	359178	
90502	359209	
90502	359218	
90502	359219	
90502	359271	
90502	359299	
90502	359313	
90502	359317	
90502	359322	
90502	359323	
90502	359334	
90502	359342	
90502	359343	
90502	359345	
90502	359355	
90502	359370	
90502	359380	
90502	359387	
90502	359391	
90502	359399	
90502	359400	
90502	359446	
90502	359449	
90502	359464	
90502	359517	
90502	359543	
90502	359557	
90502	359563	
90502	359573	
90502	359592	
90502	359593	
90502	359598	
90502	359600	
90502	359619	
90502	359621	
90502	359637	
90502	359638	
90502	359652	
90502	359662	
90502	359671	
90502	359676	
90502	359679	
90502	359698	
90502	359708	
90502	359712	
90502	359719	
90502	359731	
90502	359755	
90502	359767	
90502	359770	
90502	359775	
90502	359783	
90502	359789	
90502	359793	
90502	359797	
90502	359801	
90502	359806	
90502	359807	
90502	359811	
90502	359813	
90502	359823	
90502	359825	
90502	359826	
90502	359849	
90502	359855	
90502	359862	
90502	359869	
90502	359872	
90502	359881	
90502	359887	
90502	359901	
90502	359913	
90502	359920	
90502	359924	
90502	359936	
90502	359938	
90502	359947	
90502	359962	
90502	359975	
90502	360007	
90502	360015	
90502	360026	
90502	360028	
90502	360041	
90502	360086	
90502	360087	
90502	360102	
90502	360127	
90502	360133	
90502	360135	
90502	360150	
90502	360157	
90502	360188	
90502	360201	
90502	360203	
90502	360220	
90502	360259	
90502	360277	
90502	360279	
90502	360281	
90502	360284	
90502	360290	
90502	360316	
90502	360321	
90502	360329	
90502	360332	
90502	360343	
90502	360351	
90502	360358	
90502	360360	
90502	360367	
90502	360389	
90502	360392	
90502	360404	
90502	360406	
90502	360423	
90502	360433	
90502	360434	
90502	360437	
90502	360446	
90502	360452	
90502	360455	
90502	360456	
90502	360496	
90502	360497	
90502	360501	
90502	360504	
90502	360505	
90502	360513	
90502	360516	
90502	360517	
90502	360525	
90502	360529	
90502	360544	
90502	360551	
90502	360566	
90502	360568	
90502	360572	
90502	360587	
90502	360596	
90502	360603	
90502	360611	
90502	360615	
90502	360624	
90502	360631	
90502	360653	
90502	360662	
90502	360676	
90502	360678	
90502	360685	
90502	360712	
90502	360730	
90502	360737	
90502	360738	
90502	360771	
90502	360786	
90502	360801	
90502	360805	
90502	360823	
90502	360826	
90502	360831	
90502	360834	
90502	360843	
90502	360854	
90502	360870	
90502	360876	
90502	360896	
90502	360913	
90502	360929	
90502	360934	
90502	360943	
90502	360954	
90502	360956	
90502	360964	
90502	360969	
90502	360973	
90502	360975	
90502	360980	
90502	360986	
90502	360994	
90502	361003	
90502	361004	
90502	361005	
90502	361014	
90502	361022	
90502	361027	
90502	361047	
90502	361049	
90502	361053	
90502	361056	
90502	361070	
90502	361082	
90502	361091	
90502	361107	
90502	361109	
90502	361128	
90502	361131	
90502	361140	
90502	361151	
90502	361170	
90502	361179	
90502	361183	
90502	361192	
90502	361197	
90502	361198	
90502	361199	
90502	361201	
90502	361215	
90502	361221	
90502	361263	
90502	361270	
90502	361279	
90502	361285	
90502	361286	
90502	361287	
90502	361304	
90502	361305	
90502	361308	
90502	361319	
90502	361324	
90502	361335	
90502	361352	
90502	361364	
90502	361378	
90502	361391	
90502	361405	
90502	361413	
90502	361428	
90502	361444	
90502	361445	
90502	361452	
90502	361453	
90502	361465	
90502	361470	
90502	361487	
90502	361515	
90502	361521	
90502	361526	
90502	361531	
90502	361537	
90502	361542	
90502	361544	
90502	361555	
90502	361593	
90502	361596	
90502	361603	
90502	361609	
90502	361612	
90502	361614	
90502	361626	
90502	361636	
90502	361664	
90502	361666	
90502	361696	
90502	361697	
90502	361705	
90502	361733	
90502	361752	
90502	361767	
90502	361777	
90502	361778	
90502	361781	
90502	361795	
90502	361800	
90502	361808	
90502	361811	
90502	361816	
90502	361827	
90502	361828	
90502	361831	
90502	361843	
90502	361847	
90502	361850	
90502	361900	
90502	361901	
90502	361905	
90502	361906	
90502	361914	
90502	361934	
90502	361968	
90502	361975	
90502	361993	
90502	362001	
90502	362007	
90502	362027	
90502	362040	
90502	362041	
90502	362054	
90502	362056	
90502	362074	
90502	362075	
90502	362089	
90502	362098	
90502	362106	
90502	362115	
90502	362120	
90502	362125	
90502	362133	
90502	362152	
90502	362176	
90502	362186	
90502	362194	
90502	362200	
90502	362202	
90502	362205	
90502	362213	
90502	362215	
90502	362217	
90502	362231	
90502	362240	
90502	362273	
90502	362296	
90502	362298	
90502	362301	
90502	362307	
90502	362321	
90502	362329	
90502	362330	
90502	362333	
90502	362335	
90502	362337	
90502	362344	
90502	362347	
90502	362357	
90502	362378	
90502	362380	
90502	362382	
90502	362391	
90502	362407	
90502	362423	
90502	362429	
90502	362434	
90502	362440	
90502	362447	
90502	362450	
90502	362455	
90502	362459	
90502	362464	
90502	362476	
90502	362480	
90502	362482	
90502	362483	
90502	362519	
90502	362524	
90502	362526	
90502	362552	
90502	362554	
90502	362557	
90502	362561	
90502	362578	
90502	362586	
90502	362599	
90502	362607	
90502	362618	
90502	362639	
90502	362644	
90502	362683	
90502	362701	
90502	362726	
90502	362731	
90502	362733	
90502	362734	
90502	362735	
90502	362737	
90502	362738	
90502	362739	
90502	362740	
90502	362741	
90502	362742	
90502	362743	
90502	362750	
90502	362777	
90502	362787	
90502	362795	
90502	362802	
90502	362803	
90502	362817	
90502	362820	
90502	362827	
90502	362828	
90502	362842	
90502	362847	
90502	362860	
90502	362881	
90502	362887	
90502	362893	
90502	362901	
90502	362923	
90502	362944	
90502	362968	
90502	362978	
90502	362979	
90502	363003	
90502	363006	
90502	363014	
90502	363040	
90502	363069	
90502	363073	
90502	363082	
90502	363090	
90502	363104	
90502	363116	
90502	363141	
90502	363146	
90502	363152	
90502	363163	
90502	363184	
90502	363185	
90502	363195	
90502	363209	
90502	363212	
90502	363217	
90502	363232	
90502	363234	
90502	363262	
90502	363265	
90502	363275	
90502	363281	
90502	363287	
90502	363289	
90502	363290	
90502	363304	
90502	363306	
90502	363327	
90502	363337	
90502	363356	
90502	363362	
90502	363369	
90502	363372	
90502	363374	
90502	363384	
90502	363390	
90502	363396	
90502	363402	
90502	363410	
90502	363411	
90502	363424	
90502	363451	
90502	363460	
90502	363468	
90502	363472	
90502	363482	
90502	363486	
90502	363489	
90502	363493	
90502	363495	
90502	363502	
90502	363526	
90502	363529	
90502	363539	
90502	363550	
90502	363561	
90502	363584	
90502	363587	
90502	363588	
90502	363601	
90502	363604	
90502	363606	
90502	363607	
90502	363613	
90502	363618	
90502	363620	
90502	363622	
90502	363630	
90502	363668	
90502	363675	
90502	363677	
90502	363689	
90502	363706	
90502	363715	
90502	363717	
90502	363727	
90502	363743	
90502	363765	
90502	363768	
90502	363786	
90502	363792	
90502	363795	
90502	363802	
90502	363815	
90502	363824	
90502	363846	
90502	363848	
90502	363853	
90502	363862	
90502	363867	
90502	363882	
90502	363907	
90502	363915	
90502	363937	
90502	363947	
90502	363981	
90502	363996	
90502	364081	
90502	364086	
90502	364096	
90502	364110	
90502	364120	
90502	364184	
90502	364188	
90502	364193	
90502	364197	
90502	364203	
90502	364206	
90502	364214	
90502	364215	
90502	364226	
90502	364269	
90502	364271	
90502	364275	
90502	364281	
90502	364294	
90502	364297	
90502	364301	
90502	364316	
90502	364354	
90502	364389	
90502	364429	
90502	364436	
90502	364504	
90502	364528	
90502	364544	
90502	364558	
90502	364577	
90502	364578	
90502	364580	
90502	364605	
90502	364623	
90502	364628	
90502	364637	
90502	364671	
90502	364685	
90502	364712	
90502	364738	
90502	364756	
90502	364772	
90502	364806	
90502	364808	
90502	364846	
90502	364890	
90502	364932	
90502	364936	
90502	364954	
90502	364963	
90502	365005	
90502	365014	
90502	365036	
90502	365043	
90502	365051	
90502	365079	
90502	365081	
90502	365203	
90502	365375	
90502	365396	
90502	366959	
90502	366988	
90502	367121	
90502	367315	
90502	367829	
90502	368021	
90502	368095	
90502	368327	
90502	368432	
90502	368487	
90502	368700	
90502	368731	
90502	368910	
90502	369207	
90502	369255	
90502	369282	
90502	370427	
90502	370450	
90502	370634	
90502	370642	
90502	370769	
90502	371042	
90502	371640	
90502	371671	
90502	372021	
90502	372446	
90502	373235	
90502	373242	
90502	374210	
90502	374957	
90502	375345	
90502	375354	
90502	375757	
90502	376000	
90502	376005	
90502	376351	
90502	376426	
90502	376515	
90502	377363	
90502	377504	
90502	377534	
90502	377599	
90502	377660	
90502	377672	
90502	378798	
90502	379111	
90502	379554	
90502	380287	
90502	380346	
90502	380902	
90502	380926	
90502	381282	
90502	382102	
90502	384186	
90502	384197	
90502	384253	
90502	384349	
90502	388698	
90502	390683	
90502	391405	
90502	392132	
90502	392133	
90502	392138	
90502	392145	
90502	394432	
90502	395409	
90502	397258	
90502	401198	
90502	401212	
90502	401247	
90502	401622	
90502	403874	
90502	403915	
90502	403919	
90502	403973	
90502	404442	
90502	404881	
90502	405161	
90502	406364	
90502	407807	
90502	407829	
90502	407834	
90502	409156	
90502	410709	
90502	410723	
90502	410742	
90502	410758	
90502	415919	
90502	416047	
90502	416064	
90502	425470	
90502	427490	
90502	427987	
90502	429006	
90502	430982	
90502	431094	
90502	431504	
90502	433274	
90502	433286	
90502	433328	
90502	433335	
90502	435619	
90502	436689	
90502	437732	
90502	439869	
90502	440157	
90502	443026	
90502	445608	
90502	445950	
90502	446262	
90502	446373	
90502	446380	
90502	446487	
90502	446496	
90502	446524	
90502	447802	
90502	449904	
90502	451434	
90502	452271	
90502	453411	
90502	453422	
90502	453480	
90502	453750	
90502	453959	
90502	454776	
90502	454791	
90502	455005	
90502	455781	
90502	455988	
90502	456805	
90502	457043	
90502	457110	
90502	457112	
90502	457844	
90502	458032	
90502	458142	
90502	458202	
90502	458293	
90502	458385	
90502	459049	
90502	459505	
90502	459667	
90502	460090	
90502	460224	
90502	460399	
90502	460662	
90502	460683	
90502	460727	
90502	460898	
90502	460931	
90502	461641	
90502	462024	
90502	462662	
90502	462670	
90502	462739	
90502	464512	
90502	464645	
90502	464668	
90502	464710	
90502	464754	
90502	464799	
90502	464948	
90502	465016	
90502	465021	
90502	465023	
90502	465066	
90502	465090	
90502	465105	
90502	465116	
90502	465139	
90502	465627	
90502	465680	
90502	465814	
90502	465955	
90502	466007	
90502	466993	
90502	467266	
90502	467354	
90502	467407	
90502	467871	
90502	468014	
90502	468321	
90502	468324	
90502	468341	
90502	468346	
90502	468355	
90502	468357	
90502	468363	
90502	468371	
90502	468378	
90502	468379	
90502	468390	
90502	468391	
90502	468393	
90502	468401	
90502	468432	
90502	468434	
90502	468437	
90502	468460	
90502	468468	
90502	468472	
90502	468477	
90502	468485	
90502	468488	
90502	468491	
90502	468493	
90502	468498	
90502	468511	
90502	468516	
90502	468522	
90502	468525	
90502	468533	
90502	468542	
90502	468550	
90502	468553	
90502	468575	
90502	468590	
90502	468602	
90502	468604	
90502	468612	
90502	468626	
90502	468628	
90502	468636	
90502	468637	
90502	468649	
90502	468658	
90502	468660	
90502	468662	
90502	468681	
90502	468685	
90502	468687	
90502	468690	
90502	468695	
90502	468697	
90502	468702	
90502	468703	
90502	468707	
90502	468708	
90502	468714	
90502	468720	
90502	468724	
90502	468733	
90502	468739	
90502	468746	
90502	468752	
90502	468754	
90502	468756	
90502	468760	
90502	468767	
90502	468775	
90502	468785	
90502	468788	
90502	468801	
90502	468802	
90502	468804	
90502	468807	
90502	468808	
90502	468809	
90502	468832	
90502	468834	
90502	468846	
90502	468851	
90502	468852	
90502	468853	
90502	468856	
90502	468869	
90502	468876	
90502	468878	
90502	468880	
90502	468883	
90502	468888	
90502	468892	
90502	468894	
90502	468896	
90502	468897	
90502	468912	
90502	468916	
90502	468921	
90502	468930	
90502	468935	
90502	468937	
90502	468961	
90502	468964	
90502	468977	
90502	468990	
90502	469002	
90502	469015	
90502	469028	
90502	469035	
90502	469041	
90502	469049	
90502	469229	
90502	469501	
90502	470167	
90502	470397	
90502	470431	
90502	470548	
90502	470565	
90502	470603	
90502	470671	
90502	470758	
90502	470771	
90502	471166	
90502	471220	
90502	471298	
90502	471318	
90502	471397	
90502	471434	
90502	471521	
90502	471554	
90502	471580	
90502	471618	
90502	471626	
90502	471720	
90502	471829	
90502	471843	
90502	471899	
90502	471920	
90502	471935	
90502	471957	
90502	472012	
90502	472053	
90502	472064	
90502	472074	
90502	472084	
90502	472359	
90502	472561	
90502	473756	
90502	474204	
90502	474469	
90502	474917	
90502	475108	
90502	475246	
90502	475513	
90502	475748	
90502	476229	
90502	476253	
90502	476390	
90502	476421	
90502	477149	
90502	478617	
90502	479318	
90502	479384	
90502	480747	
90502	480805	
90502	480886	
90502	480938	
90502	481009	
90502	481339	
90502	482054	
90502	482778	
90502	482833	
90502	485573	
90502	487008	
90502	487061	
90502	487385	
90502	488972	
90502	490441	
90502	491301	
90502	492513	
90502	494595	
90502	496160	
90502	496778	
90502	497375	
90502	498018	
90502	500373	
90502	502761	
90502	508344	
90502	509779	
90502	510194	
90502	515141	
90502	515152	
90502	515159	
90502	515164	
90502	515220	
90502	515230	
90502	515233	
90502	515288	
90502	515496	
90502	515497	
90502	518915	
90502	521032	
90502	522578	
90502	525245	
90502	525687	
90502	526549	
90502	526555	
90502	526575	
90502	527411	
90502	528372	
90502	529262	
90502	529744	
90502	532879	
90502	533037	
90502	533039	
90502	533046	
90502	533065	
90502	533111	
90502	533112	
90502	533131	
90502	533136	
90502	533138	
90502	533164	
90502	533181	
90502	533183	
90502	533187	
90502	533218	
90502	533220	
90502	533231	
90502	533233	
90502	533268	
90502	533274	
90502	533305	
90502	533306	
90502	533309	
90502	533311	
90502	533312	
90502	533325	
90502	533733	
90502	533783	
90502	533900	
90502	534082	
90502	534155	
90502	534182	
90502	534193	
90502	534222	
90502	534276	
90502	535643	
90502	535700	
90502	536195	
90502	536846	
90502	539959	
90502	543553	
90502	545353	
90502	546760	
90502	547293	
90502	548805	
90502	549105	
90502	554960	
90502	557085	
90502	557595	
90502	557602	
90502	557626	
90502	557647	
90502	557687	
90502	557735	
90502	557800	
90502	557810	
90502	558093	
90502	560166	
90502	560178	
90502	560322	
90502	561049	
90502	563164	
90502	572886	
90502	580635	
90502	585359	
90502	585835	
90502	587551	
90502	589487	
90502	590698	
90502	592111	
90502	593434	
90502	595891	
90502	597351	
90502	599530	
90502	601335	
90502	605317	
90502	606330	
90502	609121	
90502	610369	
90502	610762	
90502	610878	
90502	610920	
90502	610987	
90502	611867	
90502	612049	
90502	612052	
90502	612601	
90502	612642	
90502	612691	
90502	612824	
90502	612840	
90502	613256	
90502	614777	
90502	615918	
90502	616150	
90502	616180	
90502	616225	
90502	616229	
90502	616255	
90502	616259	
90502	616262	
90502	616535	
90502	616981	
90502	618206	
90502	622164	
90502	622223	
90502	622685	
90502	624208	
90502	629233	
90502	630732	
90502	632847	
90502	633866	
90502	634006	
90502	634420	
90502	634985	
90502	636652	
90502	637249	
90502	638679	
90502	641552	
90502	642221	
90502	642230	
90502	642252	
90502	642962	
90502	642967	
90502	643921	
90502	644018	
90502	644705	
90502	648238	
90502	648317	
90502	649318	
90502	649484	
90502	650163	
90502	651181	
90502	653209	
90502	653425	
90502	660042	
90502	660046	
90502	660671	
90502	662000	
90502	662059	
90502	662068	
90502	662560	
90502	663411	
90502	663414	
90502	668147	
90502	668314	
90502	671141	
90502	673660	
90502	673670	
90502	675206	
90502	676417	
90502	676440	
90502	678005	
90502	678219	
90502	678710	
90502	679580	
90502	680737	
90502	687423	
90502	687752	
90502	691235	
90502	691872	
90502	695352	
90502	695372	
90502	695651	
90502	695657	
90502	697222	
90502	697359	
90502	697440	
90502	697474	
90502	698777	
90502	699694	
90502	699956	
90502	700882	
90502	700918	
90502	701333	
90502	704218	
90502	704232	
90502	704531	
90502	704562	
90502	705956	
90502	707437	
90502	709922	
90502	709972	
90502	709974	
90502	710033	
90502	712531	
90502	714701	
90502	716245	
90502	717062	
90502	718802	
90502	718810	
90502	718816	
90502	718819	
90502	718821	
90502	718841	
90502	718853	
90502	718879	
90502	718902	
90502	722144	
90502	722775	
90502	722787	
90502	722807	
90502	722818	
90502	722902	
90502	723504	
90502	723524	
90502	723549	
90502	724211	
90502	724493	
90502	724598	
90502	725046	
90502	725169	
90502	725233	
90502	725298	
90502	725525	
90502	725587	
90502	726233	
90502	727579	
90502	729009	
90502	729045	
90502	729645	
90502	729714	
90502	729860	
90502	729897	
90502	729934	
90502	730290	
90502	730387	
90502	730701	
90502	730888	
90502	730901	
90502	730905	
90502	733129	
90502	733728	
90502	733742	
90502	734682	
90502	734780	
90502	734879	
90502	734976	
90502	734993	
90502	735016	
90502	735519	
90502	736146	
90502	736496	
90502	737707	
90502	740160	
90502	742242	
90502	745343	
90502	748370	
90502	748389	
90502	748394	
90502	748405	
90502	748406	
90502	748410	
90502	748448	
90502	748455	
90502	748463	
90502	750592	
90502	752332	
90502	756095	
90502	761053	
90502	761105	
90502	765933	
90502	766482	
90502	770533	
90502	772113	
90502	773542	
90502	773612	
90502	774499	
90502	775113	
90502	775313	
90502	775363	
90502	775771	
90502	775906	
90502	775908	
90502	776276	
90502	776295	
90502	777063	
90502	777461	
90502	777816	
90502	777901	
90502	777907	
90502	778010	
90502	778042	
90502	778056	
90502	778086	
90502	778121	
90502	778184	
90502	778239	
90502	778341	
90502	778462	
90502	778675	
90502	778713	
90502	778724	
90502	778759	
90502	778776	
90502	778802	
90502	778805	
90502	778858	
90502	778870	
90502	778906	
90502	778950	
90502	778976	
90502	778979	
90502	779009	
90502	779129	
90502	779287	
90502	779313	
90502	779315	
90502	779332	
90502	779335	
90502	779384	
90502	779401	
90502	779427	
90502	779534	
90502	779586	
90502	779665	
90502	779740	
90502	779889	
90502	780085	
90502	780478	
90502	781706	
90502	782153	
90502	783403	
90502	783937	
90502	783958	
90502	783990	
90502	786441	
90502	788131	
90502	789007	
90502	789788	
90502	794432	
90502	794779	
90502	794816	
90502	795968	
90502	796259	
90502	797561	
90502	798731	
90502	799224	
90502	799231	
90502	800259	
90502	801320	
90502	801994	
90502	803882	
90502	804950	
90502	805546	
90502	806687	
90502	807105	
90502	808179	
90502	808802	
90502	809232	
90502	809820	
90502	812421	
90502	813414	
90502	814027	
90502	818933	
90502	819502	
90502	820729	
90502	821853	
90502	823738	
90502	824886	
90502	824913	
90502	824916	
90502	824919	
90502	824922	
90502	824926	
90502	824964	
90502	824998	
90502	825013	
90502	825027	
90502	825863	
90502	826005	
90502	830493	
90502	830573	
90502	830582	
90502	830610	
90502	831257	
90502	831288	
90502	831356	
90502	831619	
90502	831681	
90502	831722	
90502	831926	
90502	832085	
90502	833117	
90502	833131	
90502	834394	
90502	834875	
90502	835840	
90502	836292	
90502	836815	
90502	836826	
90502	836927	
90502	837185	
90502	837223	
90502	837226	
90502	837249	
90502	837303	
90502	837602	
90502	837604	
90502	837626	
90502	837685	
90502	837743	
90502	837780	
90502	837799	
90502	837811	
90502	837956	
90502	838081	
90502	838102	
90502	838144	
90502	838284	
90502	838289	
90502	838328	
90502	838408	
90502	838434	
90502	838440	
90502	838441	
90502	838454	
90502	838494	
90502	838512	
90502	838525	
90502	838533	
90502	838704	
90502	838892	
90502	839016	
90502	839063	
90502	839295	
90502	839544	
90502	839698	
90502	841179	
90502	843209	
90502	843277	
90502	843317	
90502	843342	
90502	846826	
90502	848046	
90502	848257	
90502	848396	
90502	849129	
90502	854387	
90502	854969	
90502	855921	
90502	855923	
90502	855925	
90502	856303	
90502	857336	
90502	858351	
90502	859074	
90502	859665	
90502	862992	
90502	864299	
90502	864404	
90502	864405	
90502	864486	
90502	864611	
90502	865158	
90502	865710	
90502	866622	
90502	866984	
90502	867392	
90502	867829	
90502	867961	
90502	869227	
90502	869600	
90502	870224	
90502	870312	
90502	870313	
90502	878370	
90502	878603	
90502	879519	
90502	879675	
90502	879714	
90502	879744	
90502	879784	
90502	879792	
90502	879827	
90502	879867	
90502	882165	
90502	883014	
90502	886943	
90502	886975	
90502	887700	
90502	887917	
90502	887966	
90502	887971	
90502	888405	
90502	888406	
90502	888692	
90502	888728	
90502	888732	
90502	888747	
90502	888763	
90502	888764	
90502	888792	
90502	888929	
90502	888947	
90502	889019	
90502	889030	
90502	889051	
90502	890128	
90502	890198	
90502	890416	
90502	892617	
90502	893146	
90502	893311	
90502	893379	
90502	893700	
90502	894621	
90502	894859	
90502	897011	
90502	897045	
90502	897052	
90502	897108	
90502	897636	
90502	897638	
90502	897654	
90502	897671	
90502	897675	
90502	899750	
90502	899805	
90502	899885	
90502	899992	
90502	900363	
90502	902674	
90502	906951	
90502	912653	
90502	912730	
90502	912734	
90502	912758	
90502	918102	
90502	920189	
90502	920326	
90502	920346	
90502	921253	
90502	922884	
90502	923406	
90502	925485	
90502	925592	
90502	926702	
90502	931875	
90502	933797	
90502	935049	
90502	935304	
90502	935877	
90502	936131	
90502	937553	
90502	937554	
90502	943173	
90502	943202	
90502	943996	
90502	944849	
90502	945585	
90502	945944	
90502	950591	
90502	950940	
90502	955809	
90502	958426	
90502	959482	
90502	959666	
90502	959820	
90502	960758	
90502	961117	
90502	961138	
90502	961426	
90502	962698	
90502	966806	
90502	967922	
90502	967926	
90502	968831	
90502	969710	
90502	970002	
90502	970035	
90502	970036	
90502	970097	
90502	970358	
90502	970808	
90502	971425	
90502	971842	
90502	973328	
90502	973424	
90502	973584	
90502	973592	
90502	973626	
90502	973825	
90502	973839	
90502	973990	
90502	974798	
90502	975400	
90502	976091	
90502	976385	
90502	976508	
90502	976511	
90502	976538	
90502	978945	
90502	980282	
90502	980342	
90502	980427	
90502	980488	
90502	980581	
90502	980778	
90502	980840	
90502	983318	
90502	983943	
90502	984583	
90502	984974	
90502	985160	
90502	985166	
90502	985168	
90502	985189	
90502	985198	
90502	985209	
90502	985356	
90502	985611	
90502	986970	
90502	987364	
90502	987371	
90502	987378	
90502	987380	
90502	987398	
90502	987407	
90502	987413	
90502	987417	
90502	987421	
90502	987435	
90502	987446	
90502	987461	
90502	987468	
90502	987471	
90502	987479	
90502	987487	
90502	987488	
90502	987489	
90502	987496	
90502	987499	
90502	987514	
90502	987517	
90502	987522	
90502	987536	
90502	987537	
90502	987573	
90502	987574	
90502	987607	
90502	987614	
90502	987624	
90502	987639	
90502	987663	
90502	987666	
90502	987672	
90502	987684	
90502	987686	
90502	987690	
90502	987694	
90502	987695	
90502	987699	
90502	987700	
90502	987704	
90502	987712	
90502	987720	
90502	987725	
90502	987726	
90502	987730	
90502	987738	
90502	987745	
90502	987747	
90502	987749	
90502	987760	
90502	987763	
90502	987775	
90502	987777	
90502	987779	
90502	987787	
90502	987789	
90502	987815	
90502	987827	
90502	987832	
90502	987833	
90502	987834	
90502	987838	
90502	987848	
90502	987858	
90502	987862	
90502	987863	
90502	987867	
90502	987874	
90502	987889	
90502	987893	
90502	987895	
90502	987900	
90502	987906	
90502	987907	
90502	987913	
90502	987915	
90502	987926	
90502	987933	
90502	987948	
90502	987981	
90502	987983	
90502	987995	
90502	987997	
90502	988018	
90502	988020	
90502	988027	
90502	988032	
90502	988034	
90502	988056	
90502	988058	
90502	988083	
90502	988084	
90502	988090	
90502	988096	
90502	988101	
90502	988110	
90502	988122	
90502	988125	
90502	988130	
90502	988131	
90502	988135	
90502	988138	
90502	988156	
90502	988158	
90502	988160	
90502	988167	
90502	988179	
90502	988181	
90502	988197	
90502	988198	
90502	988202	
90502	988216	
90502	988220	
90502	988223	
90502	988228	
90502	988237	
90502	988245	
90502	988248	
90502	988263	
90502	988266	
90502	988276	
90502	988280	
90502	988285	
90502	988310	
90502	988313	
90502	988318	
90502	988446	
90502	988468	
90502	988479	
90502	988481	
90502	988483	
90502	988744	
90502	989019	
90502	989034	
90502	989036	
90502	989039	
90502	989054	
90502	989077	
90502	989088	
90502	989098	
90502	989100	
90502	989130	
90502	989134	
90502	989147	
90502	989155	
90502	989209	
90502	989212	
90502	989214	
90502	989219	
90502	989222	
90502	989226	
90502	989239	
90502	989243	
90502	989244	
90502	989257	
90502	989263	
90502	989264	
90502	989272	
90502	989276	
90502	989288	
90502	989290	
90502	989292	
90502	989303	
90502	989315	
90502	989324	
90502	989334	
90502	989335	
90502	989341	
90502	989353	
90502	989364	
90502	989369	
90502	989375	
90502	989384	
90502	989387	
90502	989388	
90502	989391	
90502	990446	
90502	990458	
90502	990472	
90502	990483	
90502	990484	
90502	990486	
90502	990551	
90502	990718	
90502	990787	
90502	990846	
90502	990981	
90502	991032	
90502	991038	
90502	991049	
90502	991057	
90502	991187	
90502	991243	
90502	991266	
90502	991366	
90502	991411	
90502	991420	
90502	991489	
90502	991508	
90502	991581	
90502	991611	
90502	991630	
90502	991656	
90502	991730	
90502	991750	
90502	991764	
90502	991799	
90502	991853	
90502	991868	
90502	992093	
90502	992114	
90502	992121	
90502	992130	
90502	992134	
90502	992136	
90502	992143	
90502	992158	
90502	992163	
90502	992164	
90502	992189	
90502	992200	
90502	992212	
90502	992215	
90502	992230	
90502	992244	
90502	992254	
90502	992255	
90502	992266	
90502	992280	
90502	992286	
90502	992291	
90502	992295	
90502	992306	
90502	992312	
90502	992319	
90502	992329	
90502	992332	
90502	992341	
90502	992353	
90502	992362	
90502	992364	
90502	992367	
90502	992375	
90502	992393	
90502	992406	
90502	992407	
90502	992411	
90502	992423	
90502	992428	
90502	992436	
90502	992440	
90502	992441	
90502	992444	
90502	992445	
90502	992446	
90502	992480	
90502	992497	
90502	992499	
90502	992505	
90502	992514	
90502	992519	
90502	992558	
90502	992573	
90502	992587	
90502	992599	
90502	992600	
90502	992632	
90502	992642	
90502	992646	
90502	992653	
90502	992654	
90502	992656	
90502	992660	
90502	992686	
90502	992692	
90502	992704	
90502	992709	
90502	992724	
90502	992727	
90502	992737	
90502	992738	
90502	992764	
90502	992773	
90502	992783	
90502	992790	
90502	992800	
90502	992809	
90502	992811	
90502	992837	
90502	992852	
90502	992855	
90502	992864	
90502	992867	
90502	993134	
90502	993148	
90502	993240	
90502	993264	
90502	993480	
90502	993533	
90502	993796	
90502	993913	
90502	994011	
90502	994177	
90502	994178	
90502	994191	
90502	994247	
90502	994306	
90502	994436	
90502	994439	
90502	994444	
90502	994587	
90502	994591	
90502	994596	
90502	994708	
90502	994826	
90502	994857	
90502	994873	
90502	994880	
90502	994898	
90502	994908	
90502	994952	
90502	994959	
90502	994962	
90502	994980	
90502	994984	
90502	995010	
90502	995011	
90502	995038	
90502	995055	
90502	995063	
90502	995086	
90502	995097	
90502	995353	
90502	995420	
90502	995438	
90502	995468	
90502	995471	
90502	995575	
90502	995663	
90502	995702	
90502	995784	
90502	995802	
90502	995830	
90502	995832	
90502	995838	
90502	995844	
90502	995846	
90502	995857	
90502	995884	
90502	995892	
90502	995898	
90502	995900	
90502	995901	
90502	995908	
90502	995944	
90502	995956	
90502	995961	
90502	995968	
90502	995970	
90502	995972	
90502	995975	
90502	995976	
90502	995982	
90502	995985	
90502	995987	
90502	995991	
90502	995999	
90502	996001	
90502	996013	
90502	996018	
90502	996019	
90502	996033	
90502	996038	
90502	996040	
90502	996042	
90502	996044	
90502	996045	
90502	996059	
90502	996061	
90502	996064	
90502	996070	
90502	996071	
90502	996082	
90502	996084	
90502	996101	
90502	996109	
90502	996110	
90502	996113	
90502	996115	
90502	996117	
90502	996118	
90502	996119	
90502	996131	
90502	996135	
90502	996136	
90502	996154	
90502	996536	
90502	996589	
90502	996925	
90502	997488	
90502	997499	
90502	997506	
90502	997511	
90502	997526	
90502	997548	
90502	997635	
90502	997665	
90502	997666	
90502	997672	
90502	997707	
90502	997742	
90502	997743	
90502	997750	
90502	997753	
90502	997787	
90502	997847	
90502	997863	
90502	997897	
90502	997958	
90502	997968	
90502	997983	
90502	997984	
90502	998034	
90502	998043	
90502	998059	
90502	998074	
90502	998083	
90502	998087	
90502	998102	
90502	998103	
90502	998105	
90502	998121	
90502	998140	
90502	998175	
90502	998230	
90502	998231	
90502	998235	
90502	998241	
90502	998243	
90502	998259	
90502	998264	
90502	998267	
90502	998270	
90502	998285	
90502	998289	
90502	998293	
90502	998300	
90502	998304	
90502	998309	
90502	998310	
90502	998322	
90502	998323	
90502	998326	
90502	998336	
90502	998337	
90502	998340	
90502	998343	
90502	998351	
90502	998354	
90502	998358	
90502	998385	
90502	998391	
90502	998399	
90502	998428	
90502	998443	
90502	998451	
90502	998463	
90502	998468	
90502	998469	
90502	998474	
90502	998479	
90502	998480	
90502	998495	
90502	998496	
90502	998498	
90502	998517	
90502	998520	
90502	998530	
90502	998549	
90502	998551	
90502	998556	
90502	998569	
90502	998589	
90502	998597	
90502	998600	
90502	998606	
90502	998619	
90502	998628	
90502	998638	
90502	998650	
90502	998868	
90502	999046	
90502	999072	
90502	999163	
90502	999188	
90502	999359	
90502	999456	
90502	999545	
90502	999567	
90502	999571	
90502	999576	
90502	999578	
90502	999593	
90502	999599	
90502	999603	
90502	999605	
90502	999611	
90502	999612	
90502	999626	
90502	999652	
90502	999675	
90502	999679	
90502	999777	
90502	999820	
90502	999883	
90502	999887	
90502	1000030	
90502	1000168	
90502	1000231	
90502	1000239	
90502	1000247	
90502	1000249	
90502	1000264	
90502	1000267	
90502	1000270	
90502	1000273	
90502	1000280	
90502	1000284	
90502	1000286	
90502	1000287	
90502	1000289	
90502	1000304	
90502	1000312	
90502	1000320	
90502	1000337	
90502	1000340	
90502	1000343	
90502	1000346	
90502	1000348	
90502	1000349	
90502	1000354	
90502	1000357	
90502	1000359	
90502	1000368	
90502	1000375	
90502	1000390	
90502	1000394	
90502	1000410	
90502	1000411	
90502	1000413	
90502	1000422	
90502	1000423	
90502	1000428	
90502	1000433	
90502	1000435	
90502	1000439	
90502	1000442	
90502	1000455	
90502	1000458	
90502	1000469	
90502	1000481	
90502	1000484	
90502	1000485	
90502	1000489	
90502	1000490	
90502	1000500	
90502	1000512	
90502	1000513	
90502	1000515	
90502	1000519	
90502	1000522	
90502	1000527	
90502	1000542	
90502	1000544	
90502	1000550	
90502	1000551	
90502	1000559	
90502	1000564	
90502	1000565	
90502	1000568	
90502	1000573	
90502	1000575	
90502	1000578	
90502	1000582	
90502	1000591	
90502	1000602	
90502	1000612	
90502	1000619	
90502	1000621	
90502	1000624	
90502	1000625	
90502	1000640	
90502	1000673	
90502	1000677	
90502	1000681	
90502	1000694	
90502	1000713	
90502	1000732	
90502	1000736	
90502	1000740	
90502	1000745	
90502	1000746	
90502	1000752	
90502	1000756	
90502	1000758	
90502	1000764	
90502	1000767	
90502	1000778	
90502	1000782	
90502	1000804	
90502	1000806	
90502	1000807	
90502	1000811	
90502	1000815	
90502	1000821	
90502	1000824	
90502	1000832	
90502	1000833	
90502	1000834	
90502	1000840	
90502	1000841	
90502	1000843	
90502	1000857	
90502	1000859	
90502	1000867	
90502	1000868	
90502	1000886	
90502	1000904	
90502	1000907	
90502	1000910	
90502	1000916	
90502	1000917	
90502	1000931	
90502	1000937	
90502	1000943	
90502	1000946	
90502	1000948	
90502	1000953	
90502	1000962	
90502	1000965	
90502	1000973	
90502	1000977	
90502	1000986	
90502	1001132	
90502	1001134	
90502	1001138	
90502	1001163	
90502	1001203	
90502	1001221	
90502	1001275	
90502	1001285	
90502	1001288	
90502	1001308	
90502	1001319	
90502	1001321	
90502	1001944	
90502	1002020	
90502	1002024	
90502	1002032	
90502	1002039	
90502	1002042	
90502	1002043	
90502	1002051	
90502	1002058	
90502	1002063	
90502	1002073	
90502	1002079	
90502	1002090	
90502	1002093	
90502	1002099	
90502	1002116	
90502	1002118	
90502	1002139	
90502	1002163	
90502	1002168	
90502	1002199	
90502	1002203	
90502	1002206	
90502	1002208	
90502	1002222	
90502	1002224	
90502	1002228	
90502	1002240	
90502	1002249	
90502	1002261	
90502	1002272	
90502	1002273	
90502	1002275	
90502	1002279	
90502	1002304	
90502	1002308	
90502	1002314	
90502	1002330	
90502	1002335	
90502	1002338	
90502	1002344	
90502	1002347	
90502	1002350	
90502	1002351	
90502	1002355	
90502	1002361	
90502	1002363	
90502	1002386	
90502	1002390	
90502	1002391	
90502	1002401	
90502	1002409	
90502	1002414	
90502	1002415	
90502	1002422	
90502	1002423	
90502	1002433	
90502	1002462	
90502	1002466	
90502	1002469	
90502	1002496	
90502	1002504	
90502	1002525	
90502	1002539	
90502	1002578	
90502	1002601	
90502	1002616	
90502	1002664	
90502	1002713	
90502	1002738	
90502	1002746	
90502	1002788	
90502	1002797	
90502	1002806	
90502	1002853	
90502	1002857	
90502	1002918	
90502	1002980	
90502	1003006	
90502	1003077	
90502	1003084	
90502	1003110	
90502	1003138	
90502	1003142	
90502	1003149	
90502	1003156	
90502	1003244	
90502	1003310	
90502	1003336	
90502	1003541	
90502	1003542	
90502	1003551	
90502	1003562	
90502	1003566	
90502	1003570	
90502	1003585	
90502	1003617	
90502	1003640	
90502	1003650	
90502	1003654	
90502	1003661	
90502	1003671	
90502	1003694	
90502	1003695	
90502	1003696	
90502	1003697	
90502	1003701	
90502	1003970	
90502	1003989	
90502	1004007	
90502	1004012	
90502	1004015	
90502	1004022	
90502	1004027	
90502	1004035	
90502	1004036	
90502	1004050	
90502	1004053	
90502	1004054	
90502	1004062	
90502	1004063	
90502	1004064	
90502	1004071	
90502	1004072	
90502	1004084	
90502	1004102	
90502	1004115	
90502	1004122	
90502	1004123	
90502	1004125	
90502	1004137	
90502	1004141	
90502	1004156	
90502	1004158	
90502	1004163	
90502	1004179	
90502	1004204	
90502	1004205	
90502	1004212	
90502	1004220	
90502	1004227	
90502	1004248	
90502	1004250	
90502	1004252	
90502	1004276	
90502	1004282	
90502	1004291	
90502	1004308	
90502	1004318	
90502	1004326	
90502	1004331	
90502	1004333	
90502	1004335	
90502	1004346	
90502	1004362	
90502	1004367	
90502	1004371	
90502	1004373	
90502	1004378	
90502	1004389	
90502	1004404	
90502	1004405	
90502	1004411	
90502	1004430	
90502	1004448	
90502	1004455	
90502	1004459	
90502	1004468	
90502	1004476	
90502	1004478	
90502	1004479	
90502	1004491	
90502	1004493	
90502	1004501	
90502	1004507	
90502	1004509	
90502	1004517	
90502	1004531	
90502	1004534	
90502	1004555	
90502	1004561	
90502	1004567	
90502	1004568	
90502	1004582	
90502	1004616	
90502	1004619	
90502	1004621	
90502	1004630	
90502	1004634	
90502	1004640	
90502	1004646	
90502	1004648	
90502	1004651	
90502	1004664	
90502	1004665	
90502	1004666	
90502	1004687	
90502	1004691	
90502	1004709	
90502	1004721	
90502	1004730	
90502	1004736	
90502	1004737	
90502	1004738	
90502	1004753	
90502	1004756	
90502	1004757	
90502	1004758	
90502	1004763	
90502	1004779	
90502	1004799	
90502	1004806	
90502	1004809	
90502	1004812	
90502	1004818	
90502	1004832	
90502	1004834	
90502	1004854	
90502	1004860	
90502	1004865	
90502	1004867	
90502	1004872	
90502	1004875	
90502	1004878	
90502	1004887	
90502	1004897	
90502	1004910	
90502	1004913	
90502	1004920	
90502	1004926	
90502	1004930	
90502	1004937	
90502	1004943	
90502	1004954	
90502	1004956	
90502	1004960	
90502	1004970	
90502	1004981	
90502	1004983	
90502	1005002	
90502	1005012	
90502	1005016	
90502	1005030	
90502	1005036	
90502	1005048	
90502	1005054	
90502	1005056	
90502	1005075	
90502	1005090	
90502	1005096	
90502	1005102	
90502	1005107	
90502	1005117	
90502	1005121	
90502	1005129	
90502	1005139	
90502	1005158	
90502	1005159	
90502	1005205	
90502	1005214	
90502	1005231	
90502	1005243	
90502	1005261	
90502	1005264	
90502	1005268	
90502	1005274	
90502	1005282	
90502	1005292	
90502	1005295	
90502	1005297	
90502	1005298	
90502	1005301	
90502	1005302	
90502	1005316	
90502	1005321	
90502	1005328	
90502	1005330	
90502	1005333	
90502	1005340	
90502	1005343	
90502	1005357	
90502	1005369	
90502	1005378	
90502	1005401	
90502	1005411	
90502	1005416	
90502	1005429	
90502	1005446	
90502	1005463	
90502	1005479	
90502	1005516	
90502	1005528	
90502	1005543	
90502	1005549	
90502	1005573	
90502	1005801	
90502	1005880	
90502	1005888	
90502	1005910	
90502	1005914	
90502	1005944	
90502	1005971	
90502	1005982	
90502	1005983	
90502	1005987	
90502	1005989	
90502	1006007	
90502	1006019	
90502	1006021	
90502	1006032	
90502	1006042	
90502	1006048	
90502	1006086	
90502	1006099	
90502	1006109	
90502	1006112	
90502	1006132	
90502	1006142	
90502	1006146	
90502	1006158	
90502	1006173	
90502	1006182	
90502	1006187	
90502	1006195	
90502	1006201	
90502	1006217	
90502	1006237	
90502	1006242	
90502	1006243	
90502	1006261	
90502	1006271	
90502	1006276	
90502	1006281	
90502	1006331	
90502	1006333	
90502	1006339	
90502	1006342	
90502	1006362	
90502	1006389	
90502	1006397	
90502	1006403	
90502	1006427	
90502	1006460	
90502	1006471	
90502	1006499	
90502	1006501	
90502	1006504	
90502	1006513	
90502	1006515	
90502	1006516	
90502	1006529	
90502	1006535	
90502	1006540	
90502	1006549	
90502	1006551	
90502	1006555	
90502	1006570	
90502	1006597	
90502	1006612	
90502	1006619	
90502	1006624	
90502	1006630	
90502	1006647	
90502	1006652	
90502	1006659	
90502	1006662	
90502	1006667	
90502	1006678	
90502	1006681	
90502	1006760	
90502	1006761	
90502	1006765	
90502	1006778	
90502	1006784	
90502	1006785	
90502	1006791	
90502	1006793	
90502	1006801	
90502	1006810	
90502	1006844	
90502	1006880	
90502	1006893	
90502	1006894	
90502	1006895	
90502	1006900	
90502	1006905	
90502	1006909	
90502	1006910	
90502	1006912	
90502	1006914	
90502	1006915	
90502	1006941	
90502	1006949	
90502	1006969	
90502	1006973	
90502	1006980	
90502	1006994	
90502	1007003	
90502	1007017	
90502	1007027	
90502	1007038	
90502	1007053	
90502	1007054	
90502	1007066	
90502	1007085	
90502	1007094	
90502	1007106	
90502	1007108	
90502	1007110	
90502	1007137	
90502	1007177	
90502	1007179	
90502	1007202	
90502	1007206	
90502	1007223	
90502	1007243	
90502	1007251	
90502	1007258	
90502	1007262	
90502	1007277	
90502	1007292	
90502	1007295	
90502	1007297	
90502	1007313	
90502	1007316	
90502	1007339	
90502	1007340	
90502	1007349	
90502	1007370	
90502	1007373	
90502	1007375	
90502	1007376	
90502	1007382	
90502	1007383	
90502	1007399	
90502	1007427	
90502	1007438	
90502	1007470	
90502	1007471	
90502	1007473	
90502	1007475	
90502	1007493	
90502	1007503	
90502	1007514	
90502	1007524	
90502	1007544	
90502	1007563	
90502	1007573	
90502	1007581	
90502	1007596	
90502	1007597	
90502	1007611	
90502	1007623	
90502	1007629	
90502	1007633	
90502	1007634	
90502	1007635	
90502	1007658	
90502	1007659	
90502	1007660	
90502	1007669	
90502	1007673	
90502	1007698	
90502	1007700	
90502	1007723	
90502	1007737	
90502	1007758	
90502	1007762	
90502	1007763	
90502	1007774	
90502	1007777	
90502	1007793	
90502	1007794	
90502	1007807	
90502	1007810	
90502	1007828	
90502	1007829	
90502	1007840	
90502	1007862	
90502	1007864	
90502	1007869	
90502	1007871	
90502	1007885	
90502	1007901	
90502	1007926	
90502	1007930	
90502	1007939	
90502	1007956	
90502	1007964	
90502	1007982	
90502	1007986	
90502	1007998	
90502	1008046	
90502	1008047	
90502	1008053	
90502	1008061	
90502	1008072	
90502	1008076	
90502	1008082	
90502	1008090	
90502	1008095	
90502	1008097	
90502	1008112	
90502	1008116	
90502	1008121	
90502	1008128	
90502	1008134	
90502	1008141	
90502	1008169	
90502	1008189	
90502	1008197	
90502	1008202	
90502	1008210	
90502	1008234	
90502	1008239	
90502	1008241	
90502	1008253	
90502	1008254	
90502	1008268	
90502	1008291	
90502	1008292	
90502	1008293	
90502	1008296	
90502	1008303	
90502	1008314	
90502	1008331	
90502	1008364	
90502	1008376	
90502	1008397	
90502	1008401	
90502	1008402	
90502	1008445	
90502	1008450	
90502	1008458	
90502	1008461	
90502	1008462	
90502	1008466	
90502	1008468	
90502	1008469	
90502	1008471	
90502	1008478	
90502	1008481	
90502	1008508	
90502	1008513	
90502	1008517	
90502	1008519	
90502	1008571	
90502	1008576	
90502	1008579	
90502	1008584	
90502	1008587	
90502	1008597	
90502	1008602	
90502	1008606	
90502	1008609	
90502	1008623	
90502	1008643	
90502	1008662	
90502	1008664	
90502	1008665	
90502	1008686	
90502	1008705	
90502	1008731	
90502	1008732	
90502	1008741	
90502	1008773	
90502	1008794	
90502	1008801	
90502	1008803	
90502	1008829	
90502	1008853	
90502	1008873	
90502	1008881	
90502	1008884	
90502	1008895	
90502	1008897	
90502	1008908	
90502	1008916	
90502	1008927	
90502	1008933	
90502	1008934	
90502	1008946	
90502	1008952	
90502	1008988	
90502	1008992	
90502	1008997	
90502	1009012	
90502	1009020	
90502	1009024	
90502	1009046	
90502	1009060	
90502	1009067	
90502	1009069	
90502	1009070	
90502	1009086	
90502	1009089	
90502	1009097	
90502	1009102	
90502	1009103	
90502	1009107	
90502	1009111	
90502	1009116	
90502	1009128	
90502	1009133	
90502	1009144	
90502	1009150	
90502	1009161	
90502	1009169	
90502	1009173	
90502	1009186	
90502	1009196	
90502	1009209	
90502	1009214	
90502	1009225	
90502	1009231	
90502	1009236	
90502	1009253	
90502	1009267	
90502	1009274	
90502	1009288	
90502	1009290	
90502	1009298	
90502	1009299	
90502	1009342	
90502	1009360	
90502	1009365	
90502	1009375	
90502	1009376	
90502	1009383	
90502	1009390	
90502	1009406	
90502	1009418	
90502	1009427	
90502	1009431	
90502	1009436	
90502	1009444	
90502	1009456	
90502	1009462	
90502	1009465	
90502	1009482	
90502	1009496	
90502	1009498	
90502	1009500	
90502	1009503	
90502	1009504	
90502	1009518	
90502	1009534	
90502	1009563	
90502	1009564	
90502	1009566	
90502	1009592	
90502	1009604	
90502	1009610	
90502	1009633	
90502	1009634	
90502	1009643	
90502	1009647	
90502	1009666	
90502	1009671	
90502	1009703	
90502	1009713	
90502	1009723	
90502	1009745	
90502	1009769	
90502	1009792	
90502	1009797	
90502	1009804	
90502	1009822	
90502	1009825	
90502	1009829	
90502	1009831	
90502	1009834	
90502	1009835	
90502	1009846	
90502	1009871	
90502	1009898	
90502	1009935	
90502	1009949	
90502	1009950	
90502	1009996	
90502	1009999	
90502	1010025	
90502	1010026	
90502	1010038	
90502	1010075	
90502	1010086	
90502	1010109	
90502	1010129	
90502	1010154	
90502	1010157	
90502	1010159	
90502	1010161	
90502	1010163	
90502	1010167	
90502	1010176	
90502	1010181	
90502	1010193	
90502	1010202	
90502	1010216	
90502	1010239	
90502	1010259	
90502	1010269	
90502	1010271	
90502	1010278	
90502	1010286	
90502	1010300	
90502	1010307	
90502	1010308	
90502	1010311	
90502	1010323	
90502	1010354	
90502	1010359	
90502	1010365	
90502	1010366	
90502	1010382	
90502	1010406	
90502	1010408	
90502	1010413	
90502	1010424	
90502	1010441	
90502	1010449	
90502	1010456	
90502	1010462	
90502	1010471	
90502	1010473	
90502	1010482	
90502	1010484	
90502	1010486	
90502	1010510	
90502	1010517	
90502	1010518	
90502	1010538	
90502	1010542	
90502	1010555	
90502	1010560	
90502	1010565	
90502	1010568	
90502	1010574	
90502	1010580	
90502	1010619	
90502	1010633	
90502	1010657	
90502	1010664	
90502	1010666	
90502	1010668	
90502	1010678	
90502	1010697	
90502	1010699	
90502	1010700	
90502	1010702	
90502	1010724	
90502	1010728	
90502	1010753	
90502	1010792	
90502	1010802	
90502	1010815	
90502	1010824	
90502	1010849	
90502	1010864	
90502	1010875	
90502	1010910	
90502	1010919	
90502	1010923	
90502	1010925	
90502	1010927	
90502	1010929	
90502	1010931	
90502	1010939	
90502	1010940	
90502	1010947	
90502	1010952	
90502	1010955	
90502	1010958	
90502	1010965	
90502	1010975	
90502	1010982	
90502	1010985	
90502	1010997	
90502	1011014	
90502	1011023	
90502	1011027	
90502	1011039	
90502	1011042	
90502	1011058	
90502	1011066	
90502	1011092	
90502	1011115	
90502	1011129	
90502	1011132	
90502	1011139	
90502	1011169	
90502	1011176	
90502	1011190	
90502	1011192	
90502	1011196	
90502	1011199	
90502	1011206	
90502	1011218	
90502	1011222	
90502	1011230	
90502	1011232	
90502	1011238	
90502	1011247	
90502	1011263	
90502	1011266	
90502	1011267	
90502	1011276	
90502	1011286	
90502	1011300	
90502	1011330	
90502	1011333	
90502	1011355	
90502	1011362	
90502	1011364	
90502	1011365	
90502	1011395	
90502	1011397	
90502	1011401	
90502	1011404	
90502	1011406	
90502	1011408	
90502	1011451	
90502	1011457	
90502	1011459	
90502	1011467	
90502	1011472	
90502	1011473	
90502	1011477	
90502	1011481	
90502	1011499	
90502	1011505	
90502	1011512	
90502	1011516	
90502	1011518	
90502	1011521	
90502	1011529	
90502	1011532	
90502	1011549	
90502	1011555	
90502	1011558	
90502	1011559	
90502	1011566	
90502	1011570	
90502	1011582	
90502	1011595	
90502	1011637	
90502	1011654	
90502	1011672	
90502	1011705	
90502	1011709	
90502	1011712	
90502	1011718	
90502	1011724	
90502	1011730	
90502	1011734	
90502	1011738	
90502	1011759	
90502	1011760	
90502	1011767	
90502	1011776	
90502	1011782	
90502	1011783	
90502	1011792	
90502	1011800	
90502	1011806	
90502	1011827	
90502	1011829	
90502	1011832	
90502	1011866	
90502	1011886	
90502	1011908	
90502	1011930	
90502	1011936	
90502	1011939	
90502	1011944	
90502	1011946	
90502	1011980	
90502	1011990	
90502	1012001	
90502	1012006	
90502	1012023	
90502	1012029	
90502	1012034	
90502	1012051	
90502	1012062	
90502	1012063	
90502	1012066	
90502	1012068	
90502	1012069	
90502	1012070	
90502	1012082	
90502	1012108	
90502	1012128	
90502	1012134	
90502	1012149	
90502	1012150	
90502	1012153	
90502	1012155	
90502	1012156	
90502	1012199	
90502	1012208	
90502	1012233	
90502	1012237	
90502	1012240	
90502	1012267	
90502	1012274	
90502	1012278	
90502	1012298	
90502	1012302	
90502	1012357	
90502	1012362	
90502	1012371	
90502	1012376	
90502	1012378	
90502	1012396	
90502	1012405	
90502	1012409	
90502	1012419	
90502	1012438	
90502	1012444	
90502	1012462	
90502	1012480	
90502	1012482	
90502	1012484	
90502	1012505	
90502	1012513	
90502	1012536	
90502	1012537	
90502	1012546	
90502	1012549	
90502	1012563	
90502	1012580	
90502	1012588	
90502	1012593	
90502	1012630	
90502	1012631	
90502	1012649	
90502	1012653	
90502	1012658	
90502	1012677	
90502	1012682	
90502	1012684	
90502	1012685	
90502	1012688	
90502	1012694	
90502	1012704	
90502	1012709	
90502	1012721	
90502	1012738	
90502	1012777	
90502	1012779	
90502	1012817	
90502	1012843	
90502	1012847	
90502	1012865	
90502	1012872	
90502	1012915	
90502	1012935	
90502	1012941	
90502	1012967	
90502	1012968	
90502	1012977	
90502	1012985	
90502	1012993	
90502	1012997	
90502	1012998	
90502	1013005	
90502	1013015	
90502	1013024	
90502	1013043	
90502	1013054	
90502	1013063	
90502	1013083	
90502	1013095	
90502	1013117	
90502	1013129	
90502	1013157	
90502	1013165	
90502	1013190	
90502	1013196	
90502	1013226	
90502	1013358	
90502	1013362	
90502	1013379	
90502	1013398	
90502	1013405	
90502	1013437	
90502	1013442	
90502	1013458	
90502	1013467	
90502	1013481	
90502	1013486	
90502	1013491	
90502	1013496	
90502	1013519	
90502	1013526	
90502	1013527	
90502	1013529	
90502	1013530	
90502	1013534	
90502	1013547	
90502	1013548	
90502	1013555	
90502	1013570	
90502	1013575	
90502	1013576	
90502	1013577	
90502	1013578	
90502	1013581	
90502	1013582	
90502	1013587	
90502	1013590	
90502	1013592	
90502	1013597	
90502	1013604	
90502	1013614	
90502	1013627	
90502	1013630	
90502	1013634	
90502	1013650	
90502	1013662	
90502	1013666	
90502	1013677	
90502	1013678	
90502	1013679	
90502	1013684	
90502	1013693	
90502	1013701	
90502	1013715	
90502	1013720	
90502	1013734	
90502	1013745	
90502	1013758	
90502	1013774	
90502	1013779	
90502	1013792	
90502	1013793	
90502	1013818	
90502	1013820	
90502	1013833	
90502	1013834	
90502	1013835	
90502	1013837	
90502	1013843	
90502	1013849	
90502	1013851	
90502	1013864	
90502	1013868	
90502	1013877	
90502	1013892	
90502	1013897	
90502	1013900	
90502	1013903	
90502	1013913	
90502	1013914	
90502	1013915	
90502	1013926	
90502	1013928	
90502	1013981	
90502	1013987	
90502	1013991	
90502	1014002	
90502	1014005	
90502	1014014	
90502	1014018	
90502	1014033	
90502	1014051	
90502	1014054	
90502	1014060	
90502	1014061	
90502	1014062	
90502	1014065	
90502	1014084	
90502	1014089	
90502	1014111	
90502	1014112	
90502	1014117	
90502	1014127	
90502	1014134	
90502	1014135	
90502	1014137	
90502	1014138	
90502	1014142	
90502	1014145	
90502	1014163	
90502	1014171	
90502	1014182	
90502	1014185	
90502	1014194	
90502	1014199	
90502	1014231	
90502	1014246	
90502	1014249	
90502	1014250	
90502	1014255	
90502	1014259	
90502	1014268	
90502	1014274	
90502	1014280	
90502	1014296	
90502	1014302	
90502	1014306	
90502	1014315	
90502	1014329	
90502	1014336	
90502	1014340	
90502	1014356	
90502	1014359	
90502	1014367	
90502	1014371	
90502	1014377	
90502	1014378	
90502	1014383	
90502	1014394	
90502	1014402	
90502	1014414	
90502	1014416	
90502	1014427	
90502	1014428	
90502	1014452	
90502	1014456	
90502	1014466	
90502	1014468	
90502	1014499	
90502	1014512	
90502	1014515	
90502	1014519	
90502	1014522	
90502	1014533	
90502	1014551	
90502	1014552	
90502	1014563	
90502	1014565	
90502	1014567	
90502	1014568	
90502	1014571	
90502	1014574	
90502	1014577	
90502	1014578	
90502	1014590	
90502	1014607	
90502	1014609	
90502	1014619	
90502	1014629	
90502	1014640	
90502	1014643	
90502	1014657	
90502	1014663	
90502	1014664	
90502	1014669	
90502	1014673	
90502	1014680	
90502	1014684	
90502	1014688	
90502	1014693	
90502	1014694	
90502	1014698	
90502	1014700	
90502	1014705	
90502	1014707	
90502	1014715	
90502	1014719	
90502	1014722	
90502	1014723	
90502	1014724	
90502	1014727	
90502	1014735	
90502	1014736	
90502	1014737	
90502	1014765	
90502	1014770	
90502	1014774	
90502	1014777	
90502	1014787	
90502	1014797	
90502	1014804	
90502	1014810	
90502	1014820	
90502	1014824	
90502	1014825	
90502	1014834	
90502	1014835	
90502	1014844	
90502	1014850	
90502	1014864	
90502	1014869	
90502	1014871	
90502	1014877	
90502	1014879	
90502	1014882	
90502	1014883	
90502	1014884	
90502	1014885	
90502	1014896	
90502	1014903	
90502	1014904	
90502	1014909	
90502	1014911	
90502	1014912	
90502	1014916	
90502	1014918	
90502	1014920	
90502	1014923	
90502	1014925	
90502	1014927	
90502	1014939	
90502	1014950	
90502	1014952	
90502	1014959	
90502	1014964	
90502	1014970	
90502	1014975	
90502	1014978	
90502	1014983	
90502	1014987	
90502	1014991	
90502	1014992	
90502	1014996	
90502	1015000	
90502	1015002	
90502	1015006	
90502	1015007	
90502	1015011	
90502	1015015	
90502	1015016	
90502	1015027	
90502	1015044	
90502	1015046	
90502	1015048	
90502	1015049	
90502	1015054	
90502	1015058	
90502	1015062	
90502	1015063	
90502	1015069	
90502	1015070	
90502	1015081	
90502	1015084	
90502	1015090	
90502	1015094	
90502	1015096	
90502	1015098	
90502	1015104	
90502	1015107	
90502	1015109	
90502	1015116	
90502	1015124	
90502	1015125	
90502	1015128	
90502	1015130	
90502	1015132	
90502	1015134	
90502	1015138	
90502	1015140	
90502	1015147	
90502	1015150	
90502	1015155	
90502	1015157	
90502	1015169	
90502	1015182	
90502	1015185	
90502	1015190	
90502	1015197	
90502	1015202	
90502	1015206	
90502	1015208	
90502	1015210	
90502	1015217	
90502	1015232	
90502	1015238	
90502	1015242	
90502	1015244	
90502	1015250	
90502	1015251	
90502	1015253	
90502	1015255	
90502	1015257	
90502	1015259	
90502	1015263	
90502	1015268	
90502	1015271	
90502	1015274	
90502	1015278	
90502	1015284	
90502	1015288	
90502	1015311	
90502	1015317	
90502	1015321	
90502	1015322	
90502	1015324	
90502	1015327	
90502	1015328	
90502	1015331	
90502	1015332	
90502	1015333	
90502	1015335	
