5236	100370	
3111	100370	
1614	100370	
4741	100370	
4782	100370	
6255	100370	
9288	100370	
13066	100370	
10304	100370	
9320	100370	
10840	100370	
15663	100370	
14422	100370	
30226	100370	
16523	100370	
16551	100370	
23856	100370	
19197	100370	
29132	100370	
28069	100370	
32012	100370	
36193	100370	
38068	100370	
45384	100370	
45633	100370	
45665	100370	
50595	100370	
50600	100370	
50608	100370	
50621	100370	
58760	100370	
65891	100370	
63381	100370	
67148	100370	
67604	100370	
67460	100370	
67533	100370	
84178	100370	
86674	100370	
86682	100370	
93011	100370	
100320	100370	
100332	100370	
100341	100370	
100355	100370	
100363	100370	
100370	106633	
100370	110437	
100370	112360	
100370	112385	
100370	115353	
100370	115376	
100370	115937	
100370	118101	
100370	118112	
100370	118117	
100370	118118	
100370	119524	
100370	119737	
100370	119739	
100370	119801	
100370	119857	
100370	121381	
100370	122051	
100370	122226	
100370	122394	
100370	123689	
100370	127282	
100370	137796	
100370	160037	
100370	168804	
100370	169929	
100370	170760	
100370	171220	
100370	172684	
100370	173518	
100370	174164	
100370	175080	
100370	175526	
100370	176465	
100370	176472	
100370	176477	
100370	176481	
100370	176488	
100370	176492	
100370	176906	
100370	176947	
100370	190660	
100370	193352	
100370	199398	
100370	207509	
100370	218362	
100370	227634	
100370	232620	
100370	238090	
100370	241428	
100370	245211	
100370	245218	
100370	245423	
100370	245429	
100370	261795	
100370	264912	
100370	277118	
100370	277122	
100370	312738	
100370	319681	
100370	334566	
100370	383788	
100370	406834	
100370	406838	
100370	406840	
100370	424651	
100370	431434	
100370	652665	
100370	715755	
100370	822550	
100370	822593	
100370	822595	
100370	876362	
100370	2246750	
100370	2687831	
100370	2717847	
100370	2717848	
100370	2717849	
100370	2717850	
100370	2717851	
100370	2717852	
99822	100370	
653	38068	
3016	63381	
26704	65891	
1180	63381	
25	5236	
46	3111	
50	1614	
53	4741	
53	4782	
913	5236	
4007	119739	
4035	38068	
4035	127282	
4035	173518	
4035	174164	
4035	218362	
2840	28069	
2446	14422	
2446	118112	
11668	14422	
5853	45633	
1658	99822	
188	6255	
202	9288	
206	13066	
215	9288	
215	10304	
216	9320	
229	10840	
309	4782	
509	16523	
595	36193	
2106	127282	
6869	99822	
6887	312738	
8514	312738	
10040	86674	
10054	424651	
10139	86674	
10154	45665	
1438	9320	
1679	19197	
1733	19197	
736	5236	
753	4741	
1613	10840	
5213	176906	
5236	5244	
5236	5734	
5236	6255	
5236	6700	
5236	6869	
5236	8195	
5236	8377	
5236	10805	
5236	12508	
5236	12763	
5236	13337	
5236	17819	
5236	19668	
5236	20203	
5236	20242	
5236	20292	
5236	21839	
5236	24461	
5236	25381	
5236	28053	
5236	28060	
5236	28062	
5236	28064	
5236	28069	
5236	28144	
5236	29732	
5236	30214	
5236	31495	
5236	31695	
5236	33077	
5236	35813	
5236	36040	
5236	37963	
5236	37989	
5236	39384	
5236	41251	
5236	45369	
5236	45372	
5236	45540	
5236	45614	
5236	45665	
5236	45817	
5236	45889	
5236	46143	
5236	46593	
5236	46629	
5236	46642	
5236	46677	
5236	47671	
5236	47678	
5236	47691	
5236	47695	
5236	47697	
5236	47724	
5236	47725	
5236	47731	
5236	47747	
5236	47750	
5236	47751	
5236	48364	
5236	53693	
5236	54446	
5236	54603	
5236	54816	
5236	54840	
5236	54845	
5236	55507	
5236	55513	
5236	55528	
5236	55529	
5236	55531	
5236	55535	
5236	55545	
5236	57032	
5236	59078	
5236	59103	
5236	59107	
5236	59110	
5236	59111	
5236	59116	
5236	59142	
5236	59151	
5236	59158	
5236	59159	
5236	59160	
5236	59167	
5236	59180	
5236	59183	
5236	59193	
5236	60985	
5236	61002	
5236	62934	
5236	65154	
5236	72006	
5236	73249	
5236	75507	
5236	81126	
5236	82408	
5236	82490	
5236	84680	
5236	84924	
5236	86675	
5236	88457	
5236	91416	
5236	92047	
5236	92134	
5236	99249	
5236	99845	
5236	100391	
5236	101464	
5236	105463	
5236	105514	
5236	105568	
5236	106707	
5236	109889	
5236	112368	
5236	114126	
5236	115011	
5236	115173	
5236	118101	
5236	118977	
5236	119524	
5236	120780	
5236	121540	
5236	121929	
5236	123664	
5236	125429	
5236	125959	
5236	125995	
5236	127513	
5236	127524	
5236	130924	
5236	133652	
5236	138889	
5236	139073	
5236	145987	
5236	148735	
5236	152118	
5236	157419	
5236	164386	
5236	177474	
5236	179955	
5236	179965	
5236	183146	
5236	183148	
5236	183697	
5236	184120	
5236	184234	
5236	184485	
5236	184656	
5236	189110	
5236	194566	
5236	194568	
5236	208627	
5236	210291	
5236	212386	
5236	240683	
5236	261667	
5236	262944	
5236	262945	
5236	262946	
5236	262947	
5236	262948	
5236	262949	
5236	262950	
5236	262951	
5236	262952	
5236	262953	
5236	262954	
5236	262955	
5236	262956	
5236	262957	
5236	262958	
5236	262959	
5236	262960	
5236	262961	
5236	262962	
5236	262963	
5236	262964	
5236	262965	
5236	262966	
5236	262967	
5236	262968	
5236	262969	
5236	262970	
5236	262971	
5236	262972	
5236	262973	
5236	262974	
5236	262975	
5236	262976	
5236	262977	
5236	262978	
5236	262979	
5236	262980	
5236	262981	
5236	262982	
5236	262983	
5236	262984	
5236	262985	
5236	262986	
5236	262987	
5236	262988	
5236	262989	
5236	262990	
5236	262991	
5236	262992	
5236	262993	
5236	262994	
5236	262995	
5236	262996	
5236	262997	
5236	262998	
5236	262999	
5236	263000	
5236	263001	
5236	263002	
5236	263003	
5236	263004	
5236	263005	
5236	263006	
5236	263007	
5236	263008	
5236	263009	
5236	263010	
5236	263011	
5236	263012	
5236	263013	
5236	263014	
5236	263015	
5236	728427	
5236	737106	
5236	816668	
5236	871355	
5236	1880833	
5236	2065140	
5236	2199317	
5236	2199794	
5236	2257356	
5236	2366725	
5242	122051	
5242	261795	
5250	14422	
5259	16523	
5260	67148	
5261	30226	
5264	30226	
5280	16523	
5294	14422	
5308	175526	
5310	115353	
5320	169929	
5322	16551	
5345	173518	
5349	122051	
5351	14422	
5351	171220	
5351	175080	
5351	241428	
5351	261795	
5351	277118	
5351	277122	
5357	176465	
909	5236	
970	9320	
4625	16551	
4625	38068	
4625	93011	
4716	38068	
5897	122051	
5897	122226	
5908	15663	
5914	16551	
5918	16551	
5921	67460	
5934	16551	
5963	16551	
5986	45633	
5986	100320	
5986	100332	
5986	112360	
5986	123689	
5987	67604	
5994	122051	
5996	121381	
6019	16551	
6019	38068	
6025	16551	
272	15663	
295	15663	
296	14422	
302	30226	
304	16523	
304	16551	
306	23856	
319	4741	
338	16523	
338	16551	
339	19197	
346	19197	
367	30226	
369	30226	
424	15663	
458	29132	
483	4782	
502	5236	
502	28069	
521	19197	
525	15663	
525	16551	
525	32012	
6326	122051	
6338	16551	
6344	122051	
3855	127282	
3863	127282	
3865	127282	
3867	119739	
3867	127282	
3869	127282	
3871	127282	
3873	127282	
3875	127282	
3877	127282	
3878	127282	
3879	65891	
3879	127282	
3881	127282	
3882	127282	
3882	207509	
3883	127282	
3885	127282	
3888	127282	
3893	127282	
3895	127282	
3896	127282	
3897	127282	
3898	127282	
3900	127282	
3902	127282	
3903	127282	
3904	127282	
3910	127282	
3913	127282	
3915	127282	
3917	127282	
3920	127282	
3922	127282	
3923	127282	
3925	127282	
3926	127282	
3929	127282	
3936	5236	
3938	127282	
3939	127282	
3940	127282	
3941	127282	
3942	127282	
3947	127282	
3948	127282	
3949	127282	
3950	127282	
3951	127282	
3952	127282	
3953	127282	
3955	127282	
3960	127282	
3961	127282	
3963	127282	
3966	127282	
3967	127282	
3968	127282	
3969	127282	
3970	127282	
3971	127282	
3976	127282	
3979	127282	
3982	127282	
3983	127282	
1830	112385	
1834	30226	
1838	112360	
1838	112385	
1839	19197	
1854	19197	
1857	4741	
1857	45384	
1857	110437	
1861	115937	
1861	119737	
1861	119739	
1861	119801	
1861	119857	
1870	30226	
1879	115937	
1884	100332	
1890	112385	
1891	119737	
1891	119739	
1891	119801	
1891	119857	
1891	121381	
1897	86674	
1916	100363	
1950	15663	
1950	16551	
1950	122051	
1960	122226	
1962	19197	
1970	6255	
1970	16523	
1970	115353	
1970	115376	
1973	122394	
1977	4782	
1981	15663	
1981	45384	
1981	115353	
1981	118101	
1981	118112	
1981	118117	
1981	118118	
1982	115937	
1982	119524	
1983	16523	
1984	110437	
1996	4782	
2023	30226	
2023	123689	
2043	16523	
2055	19197	
2069	122394	
2086	112385	
2091	112385	
2095	32012	
2112	16523	
2112	16551	
2112	112385	
2116	112385	
2116	122394	
2132	19197	
2144	110437	
2163	19197	
2185	30226	
2193	45665	
8764	264912	
1809	14422	
1809	50621	
1810	106633	
3269	50600	
3778	100332	
4282	119524	
6247	45633	
6247	100320	
6247	100332	
6247	100341	
6247	100363	
26121	715755	
26134	86682	
26195	67604	
26352	127282	
26432	45633	
4278	65891	
4278	227634	
4280	106633	
4280	232620	
4311	45384	
4311	115376	
4319	45633	
4331	115376	
826	4782	
1021	65891	
3003	170760	
3017	4782	
3019	67604	
3019	171220	
3025	172684	
3036	5236	
3050	174164	
3084	170760	
8790	84178	
8810	67148	
1009	19197	
1024	63381	
1172	4782	
4065	19197	
4075	38068	
4094	65891	
4106	4741	
4106	93011	
4130	4782	
4135	67604	
4143	19197	
4148	63381	
4158	65891	
4171	19197	
4180	63381	
4182	122051	
4194	4782	
4197	16551	
4202	4782	
4205	4782	
4217	63381	
4232	19197	
4245	4782	
816	16551	
816	19197	
816	45384	
823	4741	
824	14422	
824	50595	
824	50600	
824	50608	
824	50621	
827	14422	
832	16551	
832	45384	
856	14422	
856	50595	
856	50608	
856	50621	
868	29132	
3104	168804	
3111	3113	
3111	3123	
3111	3135	
3111	4311	
3111	4741	
3111	4951	
3111	6258	
3111	7219	
3111	10304	
3111	15663	
3111	16523	
3111	16551	
3111	23519	
3111	23856	
3111	23871	
3111	30226	
3111	36126	
3111	37206	
3111	44765	
3111	45384	
3111	50621	
3111	58703	
3111	58724	
3111	58730	
3111	58754	
3111	67533	
3111	70910	
3111	73685	
3111	77254	
3111	77560	
3111	85257	
3111	110410	
3111	110411	
3111	110416	
3111	110428	
3111	110437	
3111	112569	
3111	113790	
3111	115353	
3111	115367	
3111	115376	
3111	118101	
3111	118117	
3111	118118	
3111	118125	
3111	120330	
3111	122226	
3111	132811	
3111	137454	
3111	137796	
3111	156718	
3111	157323	
3111	157953	
3111	163087	
3111	170760	
3111	172813	
3111	175080	
3111	175526	
3111	175572	
3111	175596	
3111	176464	
3111	176465	
3111	176466	
3111	176467	
3111	176468	
3111	176469	
3111	176470	
3111	176471	
3111	176472	
3111	176473	
3111	176474	
3111	176475	
3111	176476	
3111	176477	
3111	176478	
3111	176479	
3111	176480	
3111	176481	
3111	176482	
3111	176483	
3111	176484	
3111	176485	
3111	176486	
3111	176487	
3111	176488	
3111	176489	
3111	176490	
3111	176491	
3111	176492	
3111	176493	
3111	176494	
3111	176495	
3111	176496	
3111	176497	
3111	253739	
3111	311690	
3111	2137481	
3111	2687831	
3113	175080	
3123	16523	
3123	45384	
3123	45633	
3123	100363	
3123	112360	
3123	115376	
3123	118101	
3123	170760	
3123	176906	
3123	176947	
8282	63381	
8298	19197	
8308	50621	
7894	122051	
7904	176481	
7905	218362	
7911	65891	
7911	190660	
7925	14422	
7925	218362	
7972	19197	
8160	14422	
8160	16523	
8160	16551	
8160	50621	
8160	123689	
8160	172684	
8160	174164	
8160	218362	
8160	312738	
8566	122051	
8622	119801	
8686	9320	
8710	30226	
8710	100341	
8710	119739	
1530	1614	
1535	1614	
1553	1614	
1577	1614	
1581	1614	
1595	1614	
1600	1614	
1604	1614	
1614	1633	
1614	1636	
1614	1641	
1614	1652	
1614	1656	
1614	1995	
1614	16523	
1614	16551	
1614	20180	
1614	21791	
1614	23369	
1614	27564	
1614	27821	
1614	32331	
1614	33641	
1614	35067	
1614	36602	
1614	38074	
1614	38542	
1614	41271	
1614	41363	
1614	41597	
1614	45384	
1614	45590	
1614	45633	
1614	45694	
1614	49445	
1614	52061	
1614	54137	
1614	54279	
1614	54800	
1614	58232	
1614	58233	
1614	58234	
1614	58240	
1614	58248	
1614	58256	
1614	58258	
1614	58260	
1614	58944	
1614	58954	
1614	59114	
1614	59184	
1614	65177	
1614	68278	
1614	77719	
1614	77761	
1614	93565	
1614	97699	
1614	98700	
1614	100317	
1614	100318	
1614	100319	
1614	100320	
1614	100321	
1614	100322	
1614	100323	
1614	100324	
1614	100325	
1614	100326	
1614	100327	
1614	100328	
1614	100329	
1614	100330	
1614	100331	
1614	100332	
1614	100333	
1614	100334	
1614	100335	
1614	100336	
1614	100337	
1614	100338	
1614	100339	
1614	100340	
1614	100341	
1614	100342	
1614	100343	
1614	100344	
1614	100345	
1614	100346	
1614	100347	
1614	100348	
1614	100349	
1614	100350	
1614	100351	
1614	100352	
1614	100353	
1614	100354	
1614	100355	
1614	100356	
1614	100357	
1614	100358	
1614	100359	
1614	100360	
1614	100361	
1614	100362	
1614	100363	
1614	100364	
1614	100365	
1614	100366	
1614	100367	
1614	100368	
1614	100369	
1614	100371	
1614	100372	
1614	100373	
1614	100374	
1614	100375	
1614	100376	
1614	100377	
1614	100378	
1614	100379	
1614	100380	
1614	100381	
1614	100382	
1614	100383	
1614	100384	
1614	100385	
1614	100386	
1614	100387	
1614	100388	
1614	100389	
1614	100390	
1614	100391	
1614	100392	
1614	100393	
1614	100394	
1614	100395	
1614	100396	
1614	100397	
1614	100398	
1614	100399	
1614	100400	
1614	100401	
1614	100402	
1614	100403	
1614	100404	
1614	100405	
1614	100406	
1614	100407	
1614	100408	
1614	100409	
1614	2718177	
1160	38068	
1160	67148	
1160	67604	
4418	16551	
4556	4782	
4562	38068	
4563	30226	
4563	38068	
4566	4782	
4567	19197	
4568	38068	
4570	38068	
4575	67148	
4576	19197	
4577	4741	
4578	4741	
4578	67148	
4580	4741	
4583	19197	
4584	4782	
4585	19197	
4590	38068	
4592	67148	
4593	4782	
4597	4741	
4597	93011	
4598	38068	
4599	4782	
4602	19197	
4604	19197	
4612	93011	
4614	4782	
4615	38068	
4617	19197	
4618	4782	
4622	4741	
4622	93011	
4624	4782	
4624	19197	
4628	93011	
4630	176906	
4632	4782	
4636	4741	
4636	169929	
4641	65891	
4642	4782	
4643	4741	
4646	4741	
4646	93011	
4647	4741	
4647	122051	
4651	10840	
4651	38068	
4652	19197	
4653	19197	
4655	19197	
4662	93011	
4668	93011	
4672	15663	
4675	4782	
4680	9288	
4680	58760	
4680	67604	
4680	93011	
4680	241428	
4681	4741	
4685	14422	
4685	38068	
4690	4782	
4690	9320	
4690	19197	
4690	115376	
4693	93011	
4694	4782	
4696	4741	
4696	67148	
4700	16551	
4700	38068	
4701	38068	
4704	38068	
4707	19197	
4708	4741	
4711	4782	
4713	38068	
4722	93011	
4723	16551	
4732	4741	
4732	93011	
4733	93011	
4734	4782	
4734	65891	
4741	4750	
4741	4751	
4741	4763	
4741	4769	
4741	4773	
4741	4778	
4741	4786	
4741	4863	
4741	4884	
4741	5481	
4741	6229	
4741	6238	
4741	6240	
4741	6255	
4741	6291	
4741	7206	
4741	8759	
4741	8769	
4741	8773	
4741	8778	
4741	8779	
4741	10889	
4741	15159	
4741	15663	
4741	16185	
4741	16428	
4741	16523	
4741	18385	
4741	21791	
4741	23519	
4741	23856	
4741	23871	
4741	25819	
4741	28586	
4741	30226	
4741	31001	
4741	32271	
4741	37716	
4741	39104	
4741	41345	
4741	45384	
4741	46996	
4741	47036	
4741	47333	
4741	49302	
4741	49303	
4741	49308	
4741	49309	
4741	49315	
4741	49323	
4741	49325	
4741	49333	
4741	49339	
4741	49340	
4741	49342	
4741	49352	
4741	52169	
4741	52170	
4741	52171	
4741	52172	
4741	52173	
4741	52178	
4741	52185	
4741	52900	
4741	54228	
4741	58459	
4741	58790	
4741	61814	
4741	67699	
4741	67725	
4741	67759	
4741	70291	
4741	83397	
4741	93011	
4741	100373	
4741	102619	
4741	107604	
4741	109665	
4741	110028	
4741	110399	
4741	110410	
4741	110411	
4741	110419	
4741	110437	
4741	110444	
4741	110445	
4741	110446	
4741	112569	
4741	115343	
4741	115353	
4741	115357	
4741	118101	
4741	118112	
4741	118117	
4741	118118	
4741	120330	
4741	121154	
4741	122226	
4741	124078	
4741	126259	
4741	127933	
4741	132871	
4741	143140	
4741	146216	
4741	154492	
4741	156758	
4741	161191	
4741	161537	
4741	165360	
4741	168874	
4741	170760	
4741	175526	
4741	176464	
4741	176468	
4741	176470	
4741	176471	
4741	176472	
4741	176481	
4741	176484	
4741	176893	
4741	182171	
4741	221912	
4741	235455	
4741	238090	
4741	239453	
4741	239457	
4741	240956	
4741	241920	
4741	244571	
4741	245208	
4741	245209	
4741	245210	
4741	245211	
4741	245212	
4741	245213	
4741	245214	
4741	245215	
4741	245216	
4741	245217	
4741	245218	
4741	245219	
4741	245220	
4741	245221	
4741	245222	
4741	245223	
4741	245224	
4741	245225	
4741	245226	
4741	245227	
4741	245228	
4741	245229	
4741	246207	
4741	247659	
4741	255995	
4741	344684	
4741	365949	
4741	603258	
4741	604996	
4741	652662	
4741	850840	
4741	952530	
4741	1910444	
4741	2044424	
4741	2054507	
4741	2590606	
4742	10840	
4742	16551	
4742	38068	
4749	16551	
4757	4782	
4764	4782	
4769	93011	
4771	93011	
4779	4782	
4782	4792	
4782	4814	
4782	4835	
4782	4837	
4782	4866	
4782	5241	
4782	5405	
4782	6225	
4782	7831	
4782	9592	
4782	11312	
4782	11610	
4782	16516	
4782	18199	
4782	19100	
4782	19924	
4782	20889	
4782	22229	
4782	22431	
4782	22579	
4782	22829	
4782	25442	
4782	27403	
4782	27406	
4782	27423	
4782	27424	
4782	27437	
4782	27442	
4782	27458	
4782	27459	
4782	27480	
4782	27486	
4782	27489	
4782	30590	
4782	30617	
4782	31105	
4782	32918	
4782	35334	
4782	35411	
4782	35430	
4782	35513	
4782	36048	
4782	38083	
4782	39980	
4782	40771	
4782	46826	
4782	46839	
4782	46842	
4782	46866	
4782	47039	
4782	47936	
4782	47988	
4782	48026	
4782	49230	
4782	51356	
4782	52664	
4782	53601	
4782	56093	
4782	56171	
4782	58077	
4782	60532	
4782	60542	
4782	61059	
4782	61114	
4782	61425	
4782	62404	
4782	62409	
4782	62442	
4782	62455	
4782	62851	
4782	63353	
4782	63680	
4782	64059	
4782	64061	
4782	64062	
4782	64065	
4782	64076	
4782	64083	
4782	64206	
4782	64254	
4782	66955	
4782	68675	
4782	68749	
4782	68753	
4782	68775	
4782	68781	
4782	68795	
4782	68828	
4782	68829	
4782	69373	
4782	69977	
4782	71467	
4782	72194	
4782	73256	
4782	73482	
4782	80991	
4782	83027	
4782	83029	
4782	83192	
4782	84178	
4782	88565	
4782	90196	
4782	92117	
4782	94856	
4782	102695	
4782	106233	
4782	108276	
4782	111717	
4782	112675	
4782	114779	
4782	117777	
4782	117806	
4782	119733	
4782	120065	
4782	121823	
4782	141914	
4782	146267	
4782	153959	
4782	158507	
4782	160621	
4782	161446	
4782	165686	
4782	171377	
4782	172606	
4782	185191	
4782	192568	
4782	196699	
4782	207051	
4782	207062	
4782	207325	
4782	208622	
4782	212804	
4782	213940	
4782	218275	
4782	218780	
4782	220558	
4782	222416	
4782	224215	
4782	225392	
4782	232565	
4782	234955	
4782	238023	
4782	242038	
4782	242302	
4782	244426	
4782	244427	
4782	244440	
4782	245410	
4782	245411	
4782	245412	
4782	245413	
4782	245414	
4782	245415	
4782	245416	
4782	245417	
4782	245418	
4782	245419	
4782	245420	
4782	245421	
4782	245422	
4782	245423	
4782	245424	
4782	245425	
4782	245426	
4782	245427	
4782	245428	
4782	245429	
4782	245430	
4782	245431	
4782	245432	
4782	245433	
4782	245434	
4782	245435	
4782	245436	
4782	245437	
4782	245438	
4782	245439	
4782	245440	
4782	245441	
4782	245442	
4782	245443	
4782	245444	
4782	245445	
4782	245446	
4782	245447	
4782	245448	
4782	245449	
4782	245450	
4782	245451	
4782	245452	
4782	245453	
4783	19197	
4785	38068	
4788	67148	
4789	16551	
4790	67148	
4799	19197	
4803	14422	
4814	19197	
4817	93011	
4837	65891	
4839	122051	
4845	93011	
4848	38068	
4852	93011	
4855	19197	
4859	38068	
4883	38068	
1410	29132	
2556	10840	
3190	10840	
3195	119739	
3207	127282	
3221	9320	
3221	14422	
3221	168804	
3227	10840	
3238	10840	
3248	67604	
3253	9320	
3258	168804	
3260	10840	
3261	10840	
3267	10840	
3268	10840	
3268	100341	
3268	173518	
3268	174164	
3282	9320	
3309	67148	
3316	65891	
3317	19197	
3330	45384	
3331	10840	
3331	65891	
3332	190660	
3345	10840	
3345	173518	
3371	127282	
3379	16551	
3380	10840	
3382	9320	
3384	10840	
3385	10840	
3399	5236	
3399	36193	
3399	119524	
3399	127282	
3400	67604	
3432	16523	
3462	193352	
3469	10840	
3485	173518	
1176	16551	
1176	67460	
1176	67533	
1185	14422	
1187	67148	
3563	14422	
3603	99822	
3610	115376	
3610	199398	
3624	99822	
8538	173518	
10249	169929	
10255	10304	
10256	173518	
19630	173518	
19638	652665	
19645	173518	
19645	174164	
19650	50595	
19669	122051	
19672	121381	
19679	173518	
19695	127282	
1039	10304	
9537	65891	
5525	93011	
6700	10840	
7054	115353	
7054	176472	
7058	10840	
7082	38068	
7086	30226	
7093	38068	
7103	67460	
7107	319681	
7123	14422	
7125	118118	
7138	30226	
7160	14422	
7201	50608	
7203	67148	
7203	67604	
7219	15663	
7219	16523	
7219	16551	
7219	30226	
7219	110437	
7219	115353	
7219	115376	
7219	118112	
7219	175526	
7219	176906	
7219	176947	
7229	173518	
7234	319681	
3160	10304	
3178	168804	
5429	173518	
5429	174164	
5480	10304	
12297	115376	
12319	118101	
15720	112360	
15720	123689	
15754	424651	
15785	16523	
4510	238090	
2213	118118	
620	4782	
2657	4782	
7446	45384	
711	45384	
711	45633	
711	45665	
5405	264912	
2624	5236	
2287	137796	
12439	127282	
12519	168804	
12540	16523	
12540	112385	
12540	122394	
12574	16523	
12580	112360	
1489	93011	
8719	9320	
8748	16523	
8748	100320	
8748	100332	
8748	100341	
8748	100363	
8748	115353	
8748	176906	
2235	30226	
2409	5236	
2409	36193	
2409	119524	
2411	112360	
2417	36193	
2431	45633	
8339	218362	
8467	84178	
7845	118101	
7637	334566	
7639	45633	
7639	99822	
7664	99822	
10479	16523	
10479	118117	
13610	45633	
889	58760	
2320	45633	
2322	65891	
2512	5236	
5632	32012	
2742	112360	
2757	160037	
2764	173518	
2772	50595	
2866	30226	
2892	10840	
2917	169929	
2955	168804	
2957	118118	
2959	30226	
2972	115353	
2972	175526	
6366	32012	
1233	9320	
1241	84178	
1263	10304	
1343	28069	
1343	86674	
1343	86682	
1394	10304	
4044	160037	
11563	67604	
5694	122226	
5746	173518	
7465	30226	
7465	67604	
7515	175526	
5696	13066	
6943	19197	
9231	65891	
9264	65891	
4909	172684	
4913	115353	
4913	175526	
4924	10304	
4933	16551	
4937	172684	
4944	15663	
4949	30226	
4949	115353	
4969	45384	
4972	118118	
5002	199398	
5004	30226	
5024	160037	
5029	115353	
5055	171220	
5066	14422	
5107	115353	
5132	115353	
5132	175526	
5133	171220	
7276	14422	
16182	16523	
16185	16523	
16185	30226	
16185	45384	
16185	118112	
16185	118117	
16185	118118	
7002	123689	
7035	30226	
3815	118101	
3835	86674	
3835	86682	
7426	118112	
21412	45665	
5759	122226	
5760	9288	
5760	122051	
5680	10840	
11342	100363	
13088	19197	
11312	16551	
11314	110437	
11314	175080	
6383	30226	
6384	30226	
6604	65891	
6617	19197	
5708	13066	
6489	10840	
5707	169929	
16946	45665	
6840	10840	
8156	383788	
8254	30226	
8254	84178	
9147	65891	
9154	65891	
9154	173518	
9156	65891	
9160	65891	
9161	65891	
9162	65891	
9169	65891	
9175	65891	
9199	65891	
9203	65891	
9216	65891	
9217	319681	
6206	100320	
6213	112360	
6229	6255	
6229	16523	
6229	30226	
6229	115353	
6229	118112	
6229	118117	
6229	118118	
6229	176465	
6229	176906	
6229	176947	
6233	100332	
6233	112360	
6233	123689	
6233	137796	
6234	6255	
6238	6255	
6238	16523	
6238	16551	
6238	30226	
6238	45384	
6238	115353	
6238	118101	
6238	122226	
6238	176465	
6238	176472	
6238	176906	
6238	176947	
6239	112360	
6240	115353	
6240	137796	
6240	175526	
6240	176472	
6240	176481	
6251	112360	
6253	100320	
6253	100332	
6253	100363	
6253	118118	
6253	137796	
6253	176906	
6254	6255	
6254	15663	
6254	16523	
6254	30226	
6254	45384	
6254	115353	
6254	115376	
6254	118101	
6254	118112	
6254	118117	
6254	118118	
6254	176465	
6254	176906	
6254	176947	
6255	6258	
6255	6270	
6255	6279	
6255	6282	
6255	6291	
6255	10738	
6255	12222	
6255	14893	
6255	16523	
6255	19820	
6255	20180	
6255	21109	
6255	21845	
6255	23015	
6255	24246	
6255	28336	
6255	33922	
6255	35281	
6255	36927	
6255	37983	
6255	40562	
6255	41887	
6255	45633	
6255	45665	
6255	51235	
6255	51238	
6255	54228	
6255	60437	
6255	61085	
6255	64674	
6255	66838	
6255	74200	
6255	74695	
6255	75031	
6255	85851	
6255	85871	
6255	85877	
6255	91314	
6255	92130	
6255	95453	
6255	99838	
6255	100320	
6255	100332	
6255	100348	
6255	100354	
6255	100356	
6255	100363	
6255	100372	
6255	100391	
6255	100395	
6255	100420	
6255	100714	
6255	102899	
6255	107604	
6255	110105	
6255	110419	
6255	112360	
6255	112476	
6255	114127	
6255	115335	
6255	115337	
6255	115343	
6255	115345	
6255	115357	
6255	115363	
6255	115367	
6255	115373	
6255	118101	
6255	122199	
6255	123689	
6255	123690	
6255	127933	
6255	140084	
6255	156880	
6255	158308	
6255	161537	
6255	167504	
6255	170760	
6255	176470	
6255	176893	
6255	176901	
6255	176910	
6255	176911	
6255	176925	
6255	176929	
6255	176931	
6255	176934	
6255	176946	
6255	176947	
6255	179965	
6255	187420	
6255	238453	
6255	244933	
6255	245215	
6255	270675	
6255	283579	
6255	289173	
6255	290205	
6255	290690	
6255	292419	
6255	294872	
6255	294879	
6255	294899	
6255	298431	
6255	298432	
6255	298433	
6255	298434	
6255	298435	
6255	298436	
6255	298437	
6255	298438	
6255	298439	
6255	298440	
6255	2248095	
6255	2703204	
6258	16523	
6258	110437	
6258	118112	
6258	122226	
6258	175526	
6258	176906	
6258	176947	
6262	112360	
6262	123689	
6268	16523	
6268	118112	
6270	16523	
6270	16551	
6270	45384	
6270	176906	
6270	176947	
6279	115353	
6282	16523	
6282	115353	
6282	176465	
6282	176472	
6282	176477	
6282	176906	
6282	176947	
6283	112360	
6283	123689	
6287	45665	
6291	16523	
6291	176947	
6294	176947	
6305	16523	
6307	137796	
6310	45633	
6310	100320	
6310	100363	
6314	16523	
6314	176906	
6318	67533	
6318	115353	
7324	63381	
10257	173518	
10259	174164	
14677	424651	
9957	23856	
9972	176906	
9983	175526	
9985	115353	
9985	175526	
9985	176465	
8165	29132	
8176	29132	
9863	118117	
9863	170760	
9863	245211	
6415	45384	
7988	16551	
8092	16551	
8123	168804	
8145	264912	
8170	119739	
8175	168804	
8177	168804	
8187	65891	
8187	176906	
8195	168804	
8195	173518	
8199	10840	
8201	110437	
8218	170760	
8221	14422	
8232	19197	
8232	264912	
8270	168804	
8274	38068	
8860	10840	
9273	277122	
9278	50600	
9278	169929	
9278	277118	
9279	169929	
9285	241428	
9285	277118	
9288	9290	
9288	10304	
9288	10307	
9288	10330	
9288	10340	
9288	14866	
9288	16692	
9288	19718	
9288	22273	
9288	50508	
9288	50608	
9288	50621	
9288	64378	
9288	66751	
9288	90857	
9288	117185	
9288	117607	
9288	118346	
9288	124587	
9288	130240	
9288	132117	
9288	136681	
9288	150376	
9288	158420	
9288	160055	
9288	161599	
9288	165155	
9288	166593	
9288	172684	
9288	175080	
9288	176010	
9288	184234	
9288	190528	
9288	245245	
9288	251605	
9288	252398	
9288	256556	
9288	261795	
9288	262377	
9288	262796	
9288	262809	
9288	267755	
9288	267797	
9288	268887	
9288	276276	
9288	277065	
9288	277069	
9288	277122	
9288	279716	
9288	311845	
9288	346227	
9288	406829	
9288	406830	
9288	406831	
9288	406832	
9288	406833	
9288	406834	
9288	406835	
9288	406836	
9288	406837	
9288	406838	
9288	406839	
9288	406840	
9288	406841	
9288	406842	
9288	406843	
9288	564274	
9288	742866	
9288	2618441	
9293	169929	
8895	65891	
8915	14422	
8915	58760	
8941	45633	
8953	65891	
13007	406834	
13041	13066	
13056	13066	
13066	50595	
13066	67604	
13066	126024	
13066	167456	
13066	172684	
13066	177468	
13066	178949	
13066	180369	
13066	241447	
13066	256549	
13066	374053	
13066	418543	
13066	530327	
13066	1869291	
13066	2153959	
13066	2587517	
13066	2765757	
9396	115937	
9137	277122	
9144	67148	
9680	16551	
9680	93011	
9681	19197	
9731	14422	
9732	19197	
18769	169929	
15437	218362	
15441	218362	
15466	176906	
35321	171220	
10304	10313	
10304	10332	
10304	12842	
10304	13861	
10304	13966	
10304	15323	
10304	21404	
10304	25523	
10304	25940	
10304	26698	
10304	30602	
10304	31836	
10304	32012	
10304	35646	
10304	36728	
10304	36740	
10304	36818	
10304	36835	
10304	36836	
10304	36879	
10304	36906	
10304	36988	
10304	36996	
10304	37005	
10304	37026	
10304	37967	
10304	44675	
10304	44813	
10304	46959	
10304	50595	
10304	50621	
10304	52036	
10304	52288	
10304	53412	
10304	58194	
10304	60418	
10304	60436	
10304	60459	
10304	60509	
10304	60542	
10304	61771	
10304	61781	
10304	61804	
10304	61819	
10304	61824	
10304	61835	
10304	61847	
10304	61849	
10304	61854	
10304	61858	
10304	62090	
10304	66751	
10304	66755	
10304	66760	
10304	66764	
10304	66787	
10304	66790	
10304	67148	
10304	67460	
10304	67533	
10304	67604	
10304	70335	
10304	73485	
10304	73507	
10304	73509	
10304	73517	
10304	73518	
10304	73521	
10304	73522	
10304	73524	
10304	73526	
10304	73542	
10304	73548	
10304	73559	
10304	73561	
10304	86764	
10304	90591	
10304	109568	
10304	112849	
10304	115436	
10304	119417	
10304	129052	
10304	131673	
10304	134657	
10304	135217	
10304	145999	
10304	148338	
10304	157715	
10304	157739	
10304	161599	
10304	164970	
10304	175080	
10304	176724	
10304	178376	
10304	189811	
10304	189927	
10304	189956	
10304	189968	
10304	189978	
10304	189993	
10304	190024	
10304	213032	
10304	237922	
10304	241443	
10304	249834	
10304	253701	
10304	261795	
10304	277119	
10304	277122	
10304	406131	
10304	406834	
10304	406838	
10304	431425	
10304	442429	
10304	442430	
10304	442431	
10304	442432	
10304	442433	
10304	442434	
10304	442435	
10304	442436	
10304	442437	
10304	442438	
10304	442439	
10304	442440	
10304	442441	
10304	442442	
10304	442443	
10304	442444	
10304	442445	
10304	442446	
10304	442447	
10308	169929	
10310	119737	
10310	119739	
10310	171220	
10311	169929	
10311	241428	
10313	16523	
10313	16551	
10313	30226	
10313	67460	
10313	67533	
10313	110437	
10313	122226	
10313	169929	
10313	171220	
10313	241428	
10313	261795	
10313	431434	
10316	32012	
10316	67604	
10316	171220	
10316	172684	
10316	241428	
10316	261795	
10316	277118	
10322	241428	
10322	277118	
10325	241428	
10328	160037	
10328	171220	
10328	241428	
10332	67533	
10332	169929	
10332	175080	
10332	241428	
10332	261795	
10335	241428	
10336	32012	
10336	67460	
10336	175080	
10336	241428	
10336	277118	
10338	241428	
9319	9320	
9320	9345	
9320	10084	
9320	10199	
9320	11139	
9320	12207	
9320	12434	
9320	12562	
9320	14225	
9320	15186	
9320	15819	
9320	16888	
9320	18622	
9320	19527	
9320	20111	
9320	22246	
9320	22268	
9320	22431	
9320	22667	
9320	22739	
9320	22775	
9320	22815	
9320	22829	
9320	22875	
9320	23505	
9320	23801	
9320	23886	
9320	24699	
9320	25442	
9320	32005	
9320	32217	
9320	32645	
9320	32663	
9320	32688	
9320	32932	
9320	32971	
9320	34104	
9320	35047	
9320	38606	
9320	44755	
9320	45358	
9320	45382	
9320	47332	
9320	49752	
9320	50539	
9320	50859	
9320	50873	
9320	50878	
9320	52292	
9320	53601	
9320	54367	
9320	55013	
9320	56820	
9320	59924	
9320	61658	
9320	61763	
9320	62543	
9320	63055	
9320	64431	
9320	65795	
9320	66222	
9320	68288	
9320	68325	
9320	72194	
9320	75887	
9320	77800	
9320	78581	
9320	78912	
9320	79195	
9320	83261	
9320	83676	
9320	85887	
9320	85911	
9320	85979	
9320	89472	
9320	90103	
9320	90362	
9320	90387	
9320	92280	
9320	92372	
9320	94738	
9320	96099	
9320	96158	
9320	96592	
9320	96974	
9320	99859	
9320	99906	
9320	100106	
9320	100399	
9320	101269	
9320	104159	
9320	104550	
9320	104574	
9320	105476	
9320	108068	
9320	109254	
9320	109255	
9320	109258	
9320	109265	
9320	110824	
9320	111209	
9320	112127	
9320	112895	
9320	114757	
9320	116702	
9320	116977	
9320	117554	
9320	117777	
9320	118406	
9320	118407	
9320	119524	
9320	119759	
9320	119774	
9320	119839	
9320	120199	
9320	121777	
9320	125754	
9320	125992	
9320	126938	
9320	127266	
9320	128356	
9320	128711	
9320	130183	
9320	131812	
9320	132626	
9320	137177	
9320	137427	
9320	138452	
9320	139140	
9320	139784	
9320	150494	
9320	151366	
9320	153977	
9320	154253	
9320	154865	
9320	156247	
9320	158742	
9320	169488	
9320	173528	
9320	175916	
9320	176175	
9320	177189	
9320	178745	
9320	179751	
9320	180149	
9320	181289	
9320	181884	
9320	184151	
9320	185400	
9320	185808	
9320	186920	
9320	188264	
9320	188743	
9320	193626	
9320	196687	
9320	196750	
9320	199379	
9320	199383	
9320	199436	
9320	199569	
9320	207325	
9320	208622	
9320	209012	
9320	209088	
9320	210205	
9320	215268	
9320	216186	
9320	216667	
9320	224016	
9320	225026	
9320	225426	
9320	227765	
9320	232292	
9320	232622	
9320	232852	
9320	233258	
9320	238427	
9320	239267	
9320	242722	
9320	244200	
9320	244349	
9320	247021	
9320	254392	
9320	260526	
9320	264873	
9320	264892	
9320	265634	
9320	273612	
9320	277322	
9320	277333	
9320	280381	
9320	280960	
9320	290744	
9320	295487	
9320	308153	
9320	319070	
9320	324487	
9320	326505	
9320	326513	
9320	329024	
9320	329028	
9320	342392	
9320	345776	
9320	353086	
9320	366849	
9320	373919	
9320	380839	
9320	387752	
9320	401815	
9320	406194	
9320	407020	
9320	407021	
9320	407022	
9320	407023	
9320	407024	
9320	407025	
9320	407026	
9320	407027	
9320	407028	
9320	407029	
9320	407030	
9320	407031	
9320	407032	
9320	407033	
9320	407034	
9320	407035	
9320	407036	
9320	407037	
9320	407038	
9320	407039	
9320	407040	
9320	407041	
9320	407042	
9320	407043	
9320	407044	
9320	407045	
9320	407046	
9320	407047	
9320	407048	
9320	407049	
9320	407050	
9320	407051	
9320	407052	
9320	407053	
9320	407054	
9320	407055	
9320	407056	
9320	407057	
9320	407058	
9320	407059	
9320	407060	
9320	407061	
9320	407062	
9320	407063	
9362	112360	
11191	175080	
18898	110437	
14760	176488	
20807	173518	
20819	173518	
18127	45633	
10783	10840	
10785	10840	
10788	10840	
10789	10840	
10794	10840	
10799	10840	
10800	10840	
10803	10840	
10804	10840	
10804	45384	
10806	174164	
10814	10840	
10817	10840	
10817	173518	
10823	10840	
10831	118112	
10833	10840	
10840	10855	
10840	10856	
10840	10861	
10840	10871	
10840	10881	
10840	10885	
10840	10893	
10840	10903	
10840	10904	
10840	10922	
10840	10946	
10840	10947	
10840	10948	
10840	10952	
10840	10972	
10840	10976	
10840	11026	
10840	11035	
10840	11043	
10840	11044	
10840	11050	
10840	11051	
10840	11057	
10840	11067	
10840	11137	
10840	11144	
10840	11148	
10840	11149	
10840	11150	
10840	12508	
10840	15518	
10840	16016	
10840	16392	
10840	16518	
10840	19677	
10840	19683	
10840	19684	
10840	19728	
10840	20088	
10840	20807	
10840	21936	
10840	22070	
10840	22134	
10840	22636	
10840	22645	
10840	23349	
10840	24113	
10840	24285	
10840	25442	
10840	26507	
10840	27160	
10840	30140	
10840	32958	
10840	35515	
10840	35526	
10840	37562	
10840	38098	
10840	38868	
10840	39014	
10840	40184	
10840	40193	
10840	40244	
10840	41774	
10840	41807	
10840	44747	
10840	45430	
10840	45517	
10840	45807	
10840	46882	
10840	47242	
10840	47268	
10840	47281	
10840	47323	
10840	47370	
10840	47461	
10840	47522	
10840	47694	
10840	48628	
10840	50550	
10840	50760	
10840	50792	
10840	50793	
10840	52716	
10840	52765	
10840	53629	
10840	53630	
10840	54087	
10840	54950	
10840	58256	
10840	61060	
10840	63100	
10840	63238	
10840	67102	
10840	67603	
10840	68453	
10840	69981	
10840	70187	
10840	74062	
10840	75414	
10840	75476	
10840	75480	
10840	75497	
10840	75522	
10840	75528	
10840	75537	
10840	75550	
10840	75589	
10840	75594	
10840	75641	
10840	75648	
10840	75653	
10840	75995	
10840	78175	
10840	79292	
10840	83490	
10840	92069	
10840	92091	
10840	92146	
10840	92174	
10840	92210	
10840	92396	
10840	92449	
10840	92546	
10840	94025	
10840	96393	
10840	96512	
10840	96564	
10840	96731	
10840	97172	
10840	97277	
10840	105429	
10840	105466	
10840	105875	
10840	105993	
10840	108104	
10840	108717	
10840	110526	
10840	111242	
10840	111341	
10840	115060	
10840	117147	
10840	117151	
10840	118449	
10840	119553	
10840	121447	
10840	125936	
10840	126287	
10840	126297	
10840	126320	
10840	127744	
10840	128787	
10840	128841	
10840	129121	
10840	129925	
10840	130333	
10840	130917	
10840	130924	
10840	130973	
10840	131876	
10840	132290	
10840	132482	
10840	138639	
10840	146361	
10840	147092	
10840	150402	
10840	150504	
10840	151679	
10840	153321	
10840	154434	
10840	154557	
10840	157687	
10840	157699	
10840	158165	
10840	160489	
10840	160721	
10840	160722	
10840	160727	
10840	160762	
10840	163669	
10840	167280	
10840	167847	
10840	168816	
10840	168837	
10840	168844	
10840	168880	
10840	168908	
10840	177273	
10840	177429	
10840	177433	
10840	177440	
10840	177441	
10840	177538	
10840	177647	
10840	178087	
10840	178324	
10840	178573	
10840	178944	
10840	179286	
10840	179337	
10840	180084	
10840	180116	
10840	180118	
10840	180142	
10840	180156	
10840	180203	
10840	180279	
10840	180400	
10840	180472	
10840	180608	
10840	180640	
10840	180687	
10840	180934	
10840	181193	
10840	181200	
10840	181236	
10840	181477	
10840	181485	
10840	181951	
10840	182047	
10840	182239	
10840	183116	
10840	183120	
10840	183122	
10840	183131	
10840	183143	
10840	183144	
10840	183147	
10840	183157	
10840	183159	
10840	183164	
10840	183168	
10840	183175	
10840	183186	
10840	183188	
10840	183193	
10840	183205	
10840	183208	
10840	183217	
10840	183243	
10840	183260	
10840	183261	
10840	183264	
10840	183293	
10840	183295	
10840	183302	
10840	183307	
10840	183308	
10840	183317	
10840	183371	
10840	183381	
10840	183382	
10840	183429	
10840	183728	
10840	183771	
10840	184464	
10840	184794	
10840	184817	
10840	186210	
10840	186596	
10840	188254	
10840	189413	
10840	189467	
10840	190056	
10840	190093	
10840	190282	
10840	190836	
10840	191038	
10840	191880	
10840	194070	
10840	194253	
10840	194332	
10840	194358	
10840	194511	
10840	194532	
10840	195776	
10840	196190	
10840	196191	
10840	197532	
10840	198243	
10840	198473	
10840	199339	
10840	199425	
10840	200280	
10840	200298	
10840	200314	
10840	204676	
10840	206313	
10840	206674	
10840	208624	
10840	209216	
10840	209345	
10840	209621	
10840	210145	
10840	212020	
10840	215638	
10840	215906	
10840	216770	
10840	218275	
10840	218306	
10840	218333	
10840	218440	
10840	218734	
10840	225545	
10840	231629	
10840	234796	
10840	234925	
10840	240485	
10840	242283	
10840	245397	
10840	245787	
10840	246147	
10840	246194	
10840	246204	
10840	246249	
10840	246269	
10840	246285	
10840	246287	
10840	247970	
10840	248372	
10840	251577	
10840	255249	
10840	255765	
10840	257797	
10840	258771	
10840	258784	
10840	265538	
10840	267402	
10840	269308	
10840	273574	
10840	276743	
10840	280966	
10840	281891	
10840	284281	
10840	291197	
10840	297542	
10840	299060	
10840	302238	
10840	304132	
10840	310066	
10840	318599	
10840	331787	
10840	338789	
10840	341457	
10840	344550	
10840	348354	
10840	364244	
10840	366057	
10840	371081	
10840	378438	
10840	384321	
10840	386851	
10840	386865	
10840	390025	
10840	390028	
10840	396057	
10840	396200	
10840	403754	
10840	406489	
10840	408537	
10840	413130	
10840	428716	
10840	434699	
10840	439163	
10840	440765	
10840	441715	
10840	442073	
10840	444531	
10840	449131	
10840	449166	
10840	449897	
10840	449898	
10840	449899	
10840	449900	
10840	449901	
10840	449902	
10840	449903	
10840	449904	
10840	449905	
10840	449906	
10840	449907	
10840	449908	
10840	449909	
10840	449910	
10840	449911	
10840	449912	
10840	449913	
10840	449914	
10840	449915	
10840	449916	
10840	449917	
10840	449918	
10840	449919	
10840	449920	
10840	449921	
10840	449922	
10840	449923	
10840	449924	
10840	449925	
10840	449926	
10840	449927	
10840	449928	
10840	449929	
10840	449930	
10840	449931	
10840	449932	
10840	449933	
10840	449934	
10840	449935	
10840	449936	
10840	449937	
10840	449938	
10840	449939	
10840	449940	
10840	449941	
10840	449942	
10840	449943	
10840	449944	
10840	449945	
10840	449946	
10840	449947	
10840	449948	
10840	449949	
10840	449950	
10840	449951	
10840	449952	
10840	449953	
10840	449954	
10840	449955	
10840	449956	
10840	449957	
10840	449958	
10840	449959	
10840	449960	
10840	449961	
10840	449962	
10840	449963	
10840	449964	
10840	449965	
10840	449966	
10840	449967	
10840	449968	
10840	449969	
10840	449970	
10840	449971	
10840	449972	
10840	449973	
10840	449974	
10840	449975	
10840	449976	
10840	449977	
10840	449978	
10840	449979	
10840	449980	
10840	449981	
10840	449982	
10840	449983	
10840	449984	
10840	449985	
10840	449986	
10840	449987	
10840	449988	
10840	449989	
10840	449990	
10840	449991	
10840	449992	
10840	449993	
10840	2388723	
10889	110437	
10926	173518	
11003	424651	
11015	119739	
11016	106633	
11016	232620	
11024	168804	
11146	173518	
11148	65891	
11148	174164	
11150	119857	
9374	14422	
9374	58760	
11286	112385	
11291	112385	
10261	65891	
12142	14422	
9886	122226	
21859	67148	
21890	45665	
11504	67533	
11504	261795	
11729	160037	
17785	19197	
17845	19197	
36111	45633	
36111	100332	
36111	100363	
37200	112360	
11600	19197	
12749	112385	
12761	16551	
13900	16523	
13909	218362	
18504	50621	
18528	45384	
18528	115353	
18528	118117	
18528	170760	
18528	176465	
18528	176472	
18528	238090	
30016	122226	
10738	16523	
10738	112360	
10738	118117	
10738	176947	
14083	14422	
15615	15663	
15620	15663	
15663	15889	
15663	16404	
15663	16442	
15663	16523	
15663	16551	
15663	16594	
15663	16692	
15663	16724	
15663	16780	
15663	16856	
15663	17849	
15663	18492	
15663	18518	
15663	22979	
15663	23856	
15663	23871	
15663	23897	
15663	25362	
15663	25727	
15663	26511	
15663	26513	
15663	29045	
15663	30049	
15663	30226	
15663	30317	
15663	30472	
15663	31925	
15663	31974	
15663	31994	
15663	31995	
15663	31999	
15663	32001	
15663	32011	
15663	32014	
15663	32019	
15663	32024	
15663	32026	
15663	32029	
15663	32030	
15663	32038	
15663	32039	
15663	32040	
15663	32042	
15663	32043	
15663	32048	
15663	32052	
15663	32465	
15663	36318	
15663	40529	
15663	45384	
15663	48166	
15663	51238	
15663	52950	
15663	52951	
15663	52961	
15663	52977	
15663	54095	
15663	56849	
15663	58734	
15663	59042	
15663	62601	
15663	63948	
15663	67105	
15663	67485	
15663	67624	
15663	75409	
15663	99412	
15663	100337	
15663	100351	
15663	102468	
15663	104628	
15663	110445	
15663	112174	
15663	112279	
15663	112476	
15663	112569	
15663	113387	
15663	113844	
15663	113865	
15663	114453	
15663	115337	
15663	115353	
15663	115668	
15663	116992	
15663	116994	
15663	117000	
15663	117021	
15663	117846	
15663	118105	
15663	118111	
15663	118112	
15663	118117	
15663	118118	
15663	118126	
15663	118360	
15663	120322	
15663	120330	
15663	122036	
15663	122047	
15663	122048	
15663	122050	
15663	122065	
15663	123591	
15663	125594	
15663	126763	
15663	128511	
15663	128531	
15663	128532	
15663	129827	
15663	132811	
15663	134730	
15663	161577	
15663	163087	
15663	163091	
15663	163839	
15663	165542	
15663	171386	
15663	175443	
15663	175526	
15663	176294	
15663	176328	
15663	176333	
15663	176465	
15663	176473	
15663	176475	
15663	176480	
15663	183291	
15663	225653	
15663	236677	
15663	238090	
15663	250337	
15663	258463	
15663	258478	
15663	258491	
15663	258492	
15663	262589	
15663	282807	
15663	310989	
15663	323291	
15663	396817	
15663	400858	
15663	440486	
15663	571134	
15663	578923	
15663	578924	
15663	578925	
15663	578926	
15663	578927	
15663	578928	
15663	578929	
15663	578930	
15663	578931	
15663	578932	
15663	2815575	
16609	175526	
11939	67148	
17376	112360	
17441	137796	
11961	127282	
12015	15663	
14001	30226	
14080	119857	
14129	119857	
14131	127282	
14171	14422	
14229	100320	
14272	119857	
15915	30226	
12197	45633	
12198	45633	
12205	119739	
12205	121381	
12207	19197	
12209	176488	
12214	119737	
12216	45633	
12218	45633	
12222	115937	
12222	119737	
12222	119739	
12222	119801	
12222	119857	
12222	121381	
12222	207509	
12227	176488	
12231	45633	
12235	45384	
12236	45633	
12247	45633	
12248	45633	
12161	15663	
12169	15663	
12172	15663	
12176	15663	
14867	199398	
14894	118112	
14924	45384	
14924	176465	
14942	160037	
14986	30226	
14999	19197	
15014	19197	
15048	45633	
15052	15663	
15052	16551	
15052	169929	
25442	30226	
25448	30226	
25452	30226	
19147	100332	
19147	176906	
12763	36193	
12775	16523	
13220	19197	
13400	19197	
13409	19197	
21839	36193	
21845	99822	
11897	15663	
11906	38068	
11928	16551	
12017	23856	
12050	23856	
26764	110437	
26765	218362	
21791	86674	
13318	19197	
13390	16523	
13390	19197	
21000	45633	
21000	100332	
21000	100341	
21000	122226	
33769	99822	
35836	122226	
35842	122226	
35859	122226	
35865	119739	
35891	122226	
14510	38068	
14513	173518	
14514	118101	
15165	199398	
15181	16523	
15194	115937	
15303	118101	
15304	115937	
15310	160037	
18003	19197	
18385	112385	
18407	112360	
18407	112385	
15608	16551	
15608	67148	
15664	16551	
15673	115937	
13498	14422	
14401	16551	
14404	14422	
14405	19197	
14422	14451	
14422	14463	
14422	14472	
14422	14473	
14422	14520	
14422	15766	
14422	15913	
14422	16536	
14422	16706	
14422	16854	
14422	17062	
14422	17387	
14422	19791	
14422	19893	
14422	20175	
14422	21684	
14422	22285	
14422	25499	
14422	25511	
14422	25514	
14422	25515	
14422	25544	
14422	25574	
14422	25628	
14422	28754	
14422	28793	
14422	31217	
14422	32005	
14422	32012	
14422	33547	
14422	35026	
14422	35027	
14422	35371	
14422	35652	
14422	36420	
14422	36422	
14422	36443	
14422	36479	
14422	36506	
14422	36510	
14422	36535	
14422	36536	
14422	38058	
14422	38110	
14422	38216	
14422	38518	
14422	39102	
14422	39104	
14422	39107	
14422	39121	
14422	39125	
14422	39126	
14422	39127	
14422	39129	
14422	39133	
14422	39141	
14422	39145	
14422	39147	
14422	39160	
14422	39173	
14422	39176	
14422	39216	
14422	39238	
14422	39298	
14422	40919	
14422	44389	
14422	44411	
14422	44412	
14422	44413	
14422	44427	
14422	44432	
14422	47027	
14422	50514	
14422	50581	
14422	50583	
14422	50584	
14422	50585	
14422	50586	
14422	50587	
14422	50594	
14422	50595	
14422	50599	
14422	50600	
14422	50602	
14422	50604	
14422	50605	
14422	50608	
14422	50610	
14422	50616	
14422	50621	
14422	50625	
14422	50627	
14422	50722	
14422	53990	
14422	53997	
14422	54030	
14422	54764	
14422	54777	
14422	54906	
14422	58701	
14422	58724	
14422	58764	
14422	59661	
14422	59664	
14422	59677	
14422	59679	
14422	59680	
14422	59681	
14422	59690	
14422	59696	
14422	59698	
14422	59699	
14422	59700	
14422	59701	
14422	61449	
14422	64619	
14422	67148	
14422	67604	
14422	73527	
14422	87718	
14422	87733	
14422	87738	
14422	90842	
14422	92126	
14422	92970	
14422	97076	
14422	99113	
14422	100861	
14422	113865	
14422	113873	
14422	113875	
14422	113882	
14422	113890	
14422	113908	
14422	114039	
14422	122051	
14422	124348	
14422	127330	
14422	131549	
14422	136361	
14422	136374	
14422	140036	
14422	142598	
14422	143946	
14422	156853	
14422	161599	
14422	167209	
14422	172684	
14422	172943	
14422	174245	
14422	179127	
14422	185636	
14422	186329	
14422	187092	
14422	193414	
14422	226126	
14422	236817	
14422	240538	
14422	240561	
14422	244699	
14422	244766	
14422	247248	
14422	255590	
14422	261795	
14422	265125	
14422	277118	
14422	277122	
14422	328653	
14422	338366	
14422	341077	
14422	344989	
14422	365899	
14422	365901	
14422	365907	
14422	365914	
14422	372719	
14422	400791	
14422	406838	
14422	416769	
14422	432079	
14422	434917	
14422	499576	
14422	499684	
14422	504551	
14422	504650	
14422	504654	
14422	518211	
14422	539378	
14422	544506	
14422	550849	
14422	555609	
14422	555612	
14422	555850	
14422	555851	
14422	555852	
14422	555853	
14422	555854	
14422	555855	
14422	555856	
14422	555857	
14422	555858	
14422	555859	
14422	555860	
14422	827568	
14422	2054432	
14422	2057765	
16084	16551	
31701	67460	
31703	67460	
31706	118118	
16496	30226	
16531	30226	
30218	431434	
30226	30282	
30226	30292	
30226	30294	
30226	30376	
30226	30487	
30226	30488	
30226	30528	
30226	30590	
30226	32015	
30226	32642	
30226	33081	
30226	33268	
30226	33640	
30226	33833	
30226	36126	
30226	36146	
30226	36203	
30226	36536	
30226	38068	
30226	38074	
30226	38138	
30226	38231	
30226	39353	
30226	39880	
30226	40042	
30226	40102	
30226	40105	
30226	40123	
30226	40735	
30226	41626	
30226	44668	
30226	45384	
30226	46395	
30226	46440	
30226	46849	
30226	50687	
30226	51238	
30226	51249	
30226	52835	
30226	58469	
30226	58529	
30226	58790	
30226	59114	
30226	61881	
30226	62439	
30226	63720	
30226	63725	
30226	64728	
30226	65680	
30226	66765	
30226	67533	
30226	67878	
30226	68253	
30226	69203	
30226	72063	
30226	72064	
30226	72066	
30226	72069	
30226	72070	
30226	72073	
30226	72074	
30226	72075	
30226	72076	
30226	72077	
30226	72081	
30226	72083	
30226	72084	
30226	72087	
30226	72088	
30226	72089	
30226	72090	
30226	72091	
30226	72093	
30226	72095	
30226	72096	
30226	72098	
30226	72099	
30226	72100	
30226	72101	
30226	72104	
30226	72105	
30226	72107	
30226	72111	
30226	72112	
30226	72940	
30226	73545	
30226	74975	
30226	77254	
30226	78371	
30226	78457	
30226	85920	
30226	86641	
30226	88129	
30226	89404	
30226	90440	
30226	92810	
30226	93011	
30226	96342	
30226	96821	
30226	97161	
30226	97197	
30226	97217	
30226	97219	
30226	97228	
30226	97229	
30226	97638	
30226	100318	
30226	100341	
30226	100358	
30226	101020	
30226	102619	
30226	108276	
30226	108638	
30226	108988	
30226	110437	
30226	110442	
30226	110444	
30226	110445	
30226	110446	
30226	112783	
30226	113540	
30226	113549	
30226	114612	
30226	115341	
30226	115353	
30226	115356	
30226	115498	
30226	117398	
30226	117568	
30226	117606	
30226	117640	
30226	118101	
30226	118103	
30226	118107	
30226	118112	
30226	118117	
30226	118118	
30226	118125	
30226	118129	
30226	119174	
30226	119193	
30226	120330	
30226	121118	
30226	121131	
30226	121211	
30226	121219	
30226	121222	
30226	121229	
30226	121232	
30226	121233	
30226	121238	
30226	122226	
30226	122301	
30226	122431	
30226	123691	
30226	123694	
30226	124078	
30226	124357	
30226	124845	
30226	125128	
30226	129839	
30226	130674	
30226	130736	
30226	130760	
30226	131184	
30226	131186	
30226	131188	
30226	131192	
30226	131196	
30226	131199	
30226	131200	
30226	131201	
30226	131202	
30226	131203	
30226	132871	
30226	132972	
30226	132985	
30226	133061	
30226	134267	
30226	136626	
30226	137796	
30226	146216	
30226	152328	
30226	154495	
30226	161476	
30226	163087	
30226	163778	
30226	163839	
30226	163917	
30226	164357	
30226	165360	
30226	165413	
30226	165430	
30226	165431	
30226	165432	
30226	165433	
30226	165435	
30226	165965	
30226	168099	
30226	168115	
30226	168874	
30226	170029	
30226	170038	
30226	170102	
30226	170103	
30226	170760	
30226	171213	
30226	171217	
30226	171234	
30226	175526	
30226	176065	
30226	176465	
30226	176470	
30226	176471	
30226	176475	
30226	176479	
30226	176481	
30226	176483	
30226	176488	
30226	176494	
30226	176507	
30226	176903	
30226	180356	
30226	181608	
30226	182387	
30226	183651	
30226	183736	
30226	184670	
30226	185623	
30226	186577	
30226	187420	
30226	188294	
30226	190490	
30226	192311	
30226	193767	
30226	195408	
30226	196950	
30226	199341	
30226	201256	
30226	216098	
30226	217320	
30226	217722	
30226	217730	
30226	218085	
30226	218375	
30226	224884	
30226	228620	
30226	237394	
30226	237921	
30226	238090	
30226	238586	
30226	240265	
30226	240368	
30226	240698	
30226	244255	
30226	245024	
30226	245211	
30226	245215	
30226	245220	
30226	245225	
30226	245319	
30226	246008	
30226	246414	
30226	247108	
30226	251354	
30226	252584	
30226	255332	
30226	255338	
30226	257824	
30226	258112	
30226	259725	
30226	262058	
30226	262060	
30226	262062	
30226	262063	
30226	262064	
30226	262302	
30226	262612	
30226	263371	
30226	264605	
30226	266690	
30226	267186	
30226	268553	
30226	268563	
30226	270675	
30226	271078	
30226	272627	
30226	276430	
30226	280690	
30226	283698	
30226	289199	
30226	290690	
30226	290856	
30226	291015	
30226	320507	
30226	330481	
30226	335345	
30226	336480	
30226	339837	
30226	340501	
30226	346359	
30226	379659	
30226	381765	
30226	392586	
30226	399986	
30226	400858	
30226	401045	
30226	402887	
30226	402888	
30226	417014	
30226	439822	
30226	441037	
30226	487381	
30226	510686	
30226	526862	
30226	544117	
30226	548052	
30226	562283	
30226	567028	
30226	574048	
30226	582505	
30226	586533	
30226	597179	
30226	625547	
30226	633288	
30226	635225	
30226	649445	
30226	659842	
30226	670597	
30226	675597	
30226	738969	
30226	739193	
30226	780900	
30226	797567	
30226	807843	
30226	822534	
30226	822535	
30226	822536	
30226	822540	
30226	822543	
30226	822544	
30226	822550	
30226	822559	
30226	822564	
30226	822580	
30226	822583	
30226	822585	
30226	822588	
30226	822589	
30226	822591	
30226	822593	
30226	822595	
30226	2375393	
30226	2582448	
30226	2687831	
30226	2695173	
30226	2830966	
30226	2925920	
30226	2946294	
30226	2946503	
30226	3040367	
30237	169929	
30239	406834	
30247	65891	
30253	115353	
30282	119524	
30309	115353	
30309	175526	
30317	174164	
30320	100332	
30320	112360	
30401	122394	
30405	65891	
30428	65891	
30450	170760	
30509	65891	
30511	383788	
13246	127282	
15520	16551	
16376	16551	
16378	16551	
16383	16523	
16383	16551	
16405	16523	
16411	16551	
16415	16551	
16425	16523	
16425	16551	
16425	172684	
16428	110437	
16429	118112	
16431	16551	
16442	16551	
16451	123689	
16478	16523	
16480	16523	
16480	16551	
16480	112385	
16480	122394	
16501	16523	
16502	16523	
16516	19197	
16516	65891	
16523	16551	
16523	16557	
16523	16569	
16523	16579	
16523	16622	
16523	16624	
16523	19147	
16523	20180	
16523	21013	
16523	22246	
16523	23122	
16523	23369	
16523	23519	
16523	23958	
16523	24296	
16523	25819	
16523	26481	
16523	28902	
16523	28974	
16523	30101	
16523	30130	
16523	30226	
16523	32067	
16523	37983	
16523	38074	
16523	39621	
16523	41260	
16523	41345	
16523	41363	
16523	44648	
16523	45384	
16523	45633	
16523	45694	
16523	46983	
16523	47468	
16523	48166	
16523	48429	
16523	48879	
16523	51328	
16523	52064	
16523	52078	
16523	52835	
16523	58240	
16523	58268	
16523	58922	
16523	59078	
16523	59184	
16523	68272	
16523	71101	
16523	72935	
16523	73859	
16523	77254	
16523	83279	
16523	85796	
16523	92743	
16523	94405	
16523	99162	
16523	100318	
16523	100328	
16523	100332	
16523	100333	
16523	100337	
16523	100348	
16523	100351	
16523	100354	
16523	100363	
16523	100376	
16523	100395	
16523	100407	
16523	102619	
16523	104645	
16523	107885	
16523	109631	
16523	110105	
16523	110410	
16523	110413	
16523	110419	
16523	110431	
16523	110437	
16523	110439	
16523	110442	
16523	110444	
16523	110445	
16523	110446	
16523	110604	
16523	111417	
16523	111849	
16523	112359	
16523	112360	
16523	112476	
16523	115335	
16523	115337	
16523	115341	
16523	115343	
16523	115345	
16523	115346	
16523	115353	
16523	115355	
16523	115356	
16523	115357	
16523	115358	
16523	115363	
16523	115367	
16523	115368	
16523	115370	
16523	115371	
16523	115373	
16523	115374	
16523	115376	
16523	118101	
16523	118105	
16523	118112	
16523	118117	
16523	121848	
16523	122039	
16523	122050	
16523	122833	
16523	123672	
16523	123674	
16523	123689	
16523	123690	
16523	123697	
16523	123699	
16523	123702	
16523	127933	
16523	130241	
16523	131188	
16523	135215	
16523	137491	
16523	138033	
16523	138343	
16523	138360	
16523	138526	
16523	139829	
16523	142387	
16523	142973	
16523	146216	
16523	151824	
16523	152328	
16523	159525	
16523	161537	
16523	161577	
16523	163087	
16523	163687	
16523	166076	
16523	169566	
16523	170041	
16523	170950	
16523	175443	
16523	175526	
16523	176470	
16523	176475	
16523	176480	
16523	176488	
16523	176901	
16523	176903	
16523	176906	
16523	176911	
16523	176919	
16523	176922	
16523	176925	
16523	176926	
16523	176931	
16523	176932	
16523	176934	
16523	176944	
16523	176946	
16523	183361	
16523	184153	
16523	187471	
16523	192301	
16523	192304	
16523	200266	
16523	204613	
16523	212728	
16523	213223	
16523	219990	
16523	241752	
16523	244933	
16523	245211	
16523	245215	
16523	245220	
16523	250337	
16523	250690	
16523	260760	
16523	260882	
16523	262302	
16523	262347	
16523	264993	
16523	278786	
16523	278804	
16523	278808	
16523	283579	
16523	283580	
16523	289173	
16523	289907	
16523	290206	
16523	290318	
16523	290320	
16523	290322	
16523	290573	
16523	290690	
16523	290696	
16523	290703	
16523	290841	
16523	291048	
16523	291549	
16523	292419	
16523	294498	
16523	294875	
16523	321851	
16523	340115	
16523	343497	
16523	383248	
16523	393932	
16523	399792	
16523	407045	
16523	407573	
16523	431424	
16523	436760	
16523	440367	
16523	468033	
16523	490669	
16523	547130	
16523	553738	
16523	574048	
16523	582638	
16523	594311	
16523	594814	
16523	603252	
16523	603253	
16523	603254	
16523	603255	
16523	603256	
16523	603257	
16523	603258	
16523	603259	
16523	603260	
16523	603261	
16523	603262	
16523	603263	
16523	603264	
16523	603265	
16523	766103	
16523	980028	
16523	2378395	
16523	2590396	
16523	2590397	
16523	2940159	
16529	123689	
16537	30226	
16551	16552	
16551	16561	
16551	16834	
16551	17780	
16551	17819	
16551	17849	
16551	18205	
16551	18632	
16551	19084	
16551	20180	
16551	21260	
16551	22126	
16551	23571	
16551	23775	
16551	23856	
16551	23879	
16551	23883	
16551	23886	
16551	23888	
16551	23890	
16551	23891	
16551	23896	
16551	23904	
16551	23905	
16551	23908	
16551	23909	
16551	23910	
16551	23912	
16551	23913	
16551	23915	
16551	23916	
16551	23918	
16551	23920	
16551	23921	
16551	23927	
16551	23928	
16551	23932	
16551	23935	
16551	23941	
16551	23942	
16551	23944	
16551	23950	
16551	23951	
16551	23952	
16551	23956	
16551	23957	
16551	23959	
16551	23960	
16551	23965	
16551	23968	
16551	23971	
16551	23982	
16551	23983	
16551	23985	
16551	23990	
16551	23995	
16551	23998	
16551	23999	
16551	24000	
16551	24001	
16551	24002	
16551	24004	
16551	24007	
16551	24022	
16551	24023	
16551	24026	
16551	24027	
16551	25362	
16551	25368	
16551	25458	
16551	26040	
16551	27089	
16551	27669	
16551	28399	
16551	28618	
16551	30049	
16551	30226	
16551	31925	
16551	31973	
16551	31975	
16551	31999	
16551	32003	
16551	32011	
16551	32014	
16551	32019	
16551	32024	
16551	32029	
16551	32030	
16551	32038	
16551	32039	
16551	32043	
16551	32048	
16551	32052	
16551	36478	
16551	36480	
16551	38032	
16551	38040	
16551	38046	
16551	38051	
16551	38059	
16551	38085	
16551	39621	
16551	44676	
16551	45044	
16551	45384	
16551	50529	
16551	50561	
16551	51160	
16551	52236	
16551	52674	
16551	54160	
16551	54169	
16551	54206	
16551	54208	
16551	54228	
16551	54240	
16551	54318	
16551	54356	
16551	54357	
16551	54858	
16551	58233	
16551	58545	
16551	58904	
16551	58924	
16551	59042	
16551	59903	
16551	66438	
16551	67533	
16551	67638	
16551	67659	
16551	67693	
16551	67707	
16551	68278	
16551	68451	
16551	70300	
16551	72075	
16551	75048	
16551	89140	
16551	100341	
16551	104628	
16551	109700	
16551	110125	
16551	110410	
16551	110439	
16551	110445	
16551	110446	
16551	112744	
16551	113418	
16551	113419	
16551	113834	
16551	114317	
16551	115341	
16551	115353	
16551	117846	
16551	118101	
16551	122045	
16551	122048	
16551	122050	
16551	122063	
16551	122065	
16551	122226	
16551	122749	
16551	122800	
16551	122820	
16551	124322	
16551	124556	
16551	126763	
16551	134144	
16551	137796	
16551	148266	
16551	156302	
16551	163839	
16551	167579	
16551	170760	
16551	170950	
16551	175526	
16551	176470	
16551	176471	
16551	176473	
16551	176478	
16551	176494	
16551	176947	
16551	182428	
16551	187420	
16551	210402	
16551	236677	
16551	241701	
16551	245211	
16551	246915	
16551	250337	
16551	250566	
16551	259259	
16551	260671	
16551	262302	
16551	265370	
16551	266651	
16551	280694	
16551	295368	
16551	418412	
16551	495610	
16551	521546	
16551	571134	
16551	572430	
16551	594170	
16551	594174	
16551	594179	
16551	594180	
16551	594181	
16551	2382874	
16551	2581012	
16551	2687831	
16569	110437	
16575	175526	
16579	112360	
16593	119524	
15944	16551	
15974	16523	
15974	176947	
15526	16551	
23097	23856	
23850	23856	
23856	23871	
23856	25819	
23856	30226	
23856	30713	
23856	32041	
23856	49181	
23856	54078	
23856	56332	
23856	63755	
23856	80101	
23856	83649	
23856	83936	
23856	104617	
23856	110444	
23856	112569	
23856	113975	
23856	115353	
23856	118101	
23856	118112	
23856	139000	
23856	144580	
23856	146102	
23856	163087	
23856	165360	
23856	168874	
23856	170760	
23856	171077	
23856	173247	
23856	176465	
23856	176470	
23856	176471	
23856	176472	
23856	176475	
23856	176479	
23856	176481	
23856	177034	
23856	179309	
23856	179525	
23856	182500	
23856	201251	
23856	237925	
23856	240555	
23856	241266	
23856	245211	
23856	245220	
23856	245225	
23856	261033	
23856	261040	
23856	261053	
23856	261066	
23856	261763	
23856	266666	
23856	267243	
23856	277727	
23856	289776	
23856	289783	
23856	290344	
23856	291675	
23856	294481	
23856	299207	
23856	317822	
23856	320764	
23856	337582	
23856	342215	
23856	398069	
23856	407587	
23856	422176	
23856	422180	
23856	422187	
23856	490873	
23856	633096	
23856	714945	
23856	715158	
23856	719069	
23856	735095	
23856	735096	
23856	735097	
23856	735098	
23856	735099	
23856	735100	
23856	735101	
23856	735102	
23868	238090	
23871	30226	
23871	45384	
23871	115353	
23871	118101	
23871	118112	
23871	118117	
23871	122226	
23871	175526	
23871	176472	
23871	238090	
23871	245211	
23871	245218	
16830	30226	
16848	30226	
16895	169929	
16899	30226	
27489	30226	
37596	67148	
38045	38068	
39155	50595	
39155	50621	
46855	65891	
46892	65891	
106233	218362	
106233	245423	
106233	245429	
106233	424651	
106233	2717847	
12720	100320	
12720	100355	
12720	100363	
20585	100355	
20592	30226	
20655	100332	
21620	424651	
12865	38068	
12867	207509	
12883	169929	
12885	50600	
12934	38068	
12934	119857	
12950	122226	
12965	169929	
12984	38068	
12994	193352	
12995	238090	
13733	115353	
36318	115937	
36318	119801	
36692	127282	
36699	45384	
36834	176947	
36956	170760	
13461	115353	
13491	16551	
13507	122051	
18393	173518	
18393	174164	
18418	86674	
18482	312738	
15490	16551	
15503	16551	
15507	65891	
15562	67533	
23369	30226	
23369	45384	
23369	100320	
23369	100332	
23369	100363	
23369	118101	
23369	118112	
23369	118118	
23369	176906	
23375	118118	
23438	127282	
23448	121381	
23519	30226	
23519	45384	
23519	100332	
23519	110437	
23519	112360	
23519	115353	
23519	118101	
23519	118117	
23519	118118	
23519	122226	
23519	170760	
16272	32012	
16272	84178	
16298	173518	
27258	30226	
22494	30226	
20935	30226	
20935	112360	
20951	45633	
20955	45633	
20959	45633	
20961	45665	
21013	45633	
21025	45633	
21053	67533	
21053	115353	
20836	169929	
20874	169929	
15325	29132	
15325	406838	
15342	65891	
15345	277122	
16638	169929	
16645	118112	
16646	169929	
16661	169929	
16670	169929	
20021	100341	
20021	100363	
20052	29132	
20075	112385	
17552	32012	
17552	193352	
18687	119857	
23193	122051	
23197	119857	
23205	106633	
23205	232620	
23207	122051	
23212	261795	
23217	30226	
23226	175526	
23231	122051	
23231	193352	
23231	261795	
23233	32012	
23233	193352	
23233	261795	
23234	122051	
23248	119737	
23248	261795	
23263	32012	
23263	193352	
23272	199398	
23279	115937	
23279	121381	
23283	32012	
23283	176906	
17701	118112	
19445	67533	
19508	169929	
23882	424651	
23886	67148	
23918	38068	
23924	38068	
23959	38068	
23959	118118	
23961	123689	
23963	30226	
23963	169929	
23983	67533	
23983	110437	
23988	38068	
24007	38068	
24011	115353	
24011	137796	
24011	176472	
24011	176481	
24026	119524	
24033	261795	
19163	19197	
19197	19198	
19197	19203	
19197	19214	
19197	19215	
19197	19225	
19197	19233	
19197	19278	
19197	19283	
19197	19294	
19197	19300	
19197	19321	
19197	19328	
19197	19509	
19197	20439	
19197	21438	
19197	21657	
19197	21705	
19197	21796	
19197	22118	
19197	22352	
19197	22648	
19197	22676	
19197	23034	
19197	24040	
19197	24051	
19197	24103	
19197	24139	
19197	25282	
19197	26137	
19197	26204	
19197	26323	
19197	26772	
19197	27416	
19197	27425	
19197	27462	
19197	27622	
19197	27772	
19197	27954	
19197	28078	
19197	28183	
19197	28710	
19197	29777	
19197	30754	
19197	30757	
19197	30760	
19197	30761	
19197	30762	
19197	30763	
19197	30768	
19197	30769	
19197	30770	
19197	30773	
19197	30774	
19197	30775	
19197	30777	
19197	30779	
19197	31111	
19197	31351	
19197	31742	
19197	32137	
19197	33524	
19197	35329	
19197	35348	
19197	35427	
19197	35481	
19197	36035	
19197	37366	
19197	38133	
19197	38482	
19197	38858	
19197	39585	
19197	39614	
19197	39628	
19197	39638	
19197	39663	
19197	39991	
19197	41865	
19197	41923	
19197	41946	
19197	45517	
19197	46830	
19197	46831	
19197	46868	
19197	46875	
19197	46878	
19197	47964	
19197	48260	
19197	48496	
19197	48527	
19197	48533	
19197	48540	
19197	48934	
19197	49213	
19197	49845	
19197	50039	
19197	51643	
19197	52191	
19197	52194	
19197	52196	
19197	52197	
19197	52198	
19197	52201	
19197	52206	
19197	52212	
19197	52216	
19197	52218	
19197	52225	
19197	52228	
19197	52230	
19197	52239	
19197	52240	
19197	52630	
19197	52655	
19197	53097	
19197	53621	
19197	56071	
19197	57408	
19197	59228	
19197	60551	
19197	60654	
19197	60656	
19197	60662	
19197	60695	
19197	60696	
19197	60705	
19197	60709	
19197	60728	
19197	60729	
19197	60769	
19197	60802	
19197	60825	
19197	60839	
19197	60851	
19197	61505	
19197	61519	
19197	61540	
19197	61546	
19197	62021	
19197	62022	
19197	62402	
19197	62411	
19197	62418	
19197	62430	
19197	62434	
19197	62440	
19197	62447	
19197	62467	
19197	63229	
19197	63237	
19197	63258	
19197	63357	
19197	63361	
19197	63368	
19197	63369	
19197	63370	
19197	63383	
19197	63385	
19197	63390	
19197	63392	
19197	63402	
19197	63404	
19197	63414	
19197	63466	
19197	63680	
19197	64035	
19197	64036	
19197	64039	
19197	64042	
19197	64048	
19197	64052	
19197	64055	
19197	64059	
19197	64061	
19197	64062	
19197	64065	
19197	64070	
19197	64071	
19197	64079	
19197	64083	
19197	64085	
19197	64086	
19197	64092	
19197	64095	
19197	64099	
19197	64102	
19197	64103	
19197	64104	
19197	64109	
19197	64119	
19197	64120	
19197	64126	
19197	64127	
19197	64135	
19197	64140	
19197	64144	
19197	64155	
19197	64167	
19197	64171	
19197	64179	
19197	64180	
19197	64185	
19197	64187	
19197	64188	
19197	64224	
19197	64231	
19197	64233	
19197	64254	
19197	65128	
19197	65620	
19197	68331	
19197	68384	
19197	68465	
19197	68671	
19197	68675	
19197	68759	
19197	68763	
19197	68768	
19197	68775	
19197	68781	
19197	68787	
19197	68792	
19197	68795	
19197	68800	
19197	68820	
19197	69104	
19197	69371	
19197	69934	
19197	69943	
19197	69944	
19197	70285	
19197	70299	
19197	71470	
19197	71682	
19197	71713	
19197	71851	
19197	73238	
19197	73241	
19197	73246	
19197	73290	
19197	74368	
19197	74860	
19197	74980	
19197	78140	
19197	79165	
19197	82123	
19197	82971	
19197	83651	
19197	84557	
19197	92246	
19197	93701	
19197	94661	
19197	94791	
19197	96493	
19197	96542	
19197	96581	
19197	96584	
19197	96659	
19197	96673	
19197	96877	
19197	96994	
19197	99087	
19197	100852	
19197	103437	
19197	104733	
19197	105807	
19197	105945	
19197	106551	
19197	106555	
19197	106559	
19197	106564	
19197	107014	
19197	107249	
19197	107766	
19197	108532	
19197	108553	
19197	109009	
19197	110263	
19197	111533	
19197	111540	
19197	111918	
19197	112820	
19197	113243	
19197	113737	
19197	113763	
19197	113947	
19197	117806	
19197	117997	
19197	118046	
19197	119070	
19197	119518	
19197	119537	
19197	122269	
19197	123010	
19197	123824	
19197	123965	
19197	124468	
19197	126481	
19197	126602	
19197	127154	
19197	128548	
19197	129385	
19197	130669	
19197	131783	
19197	131802	
19197	133117	
19197	133715	
19197	134109	
19197	138916	
19197	138949	
19197	139494	
19197	141865	
19197	145964	
19197	145976	
19197	146411	
19197	146513	
19197	146780	
19197	146983	
19197	147419	
19197	149251	
19197	150351	
19197	151014	
19197	151587	
19197	152642	
19197	153899	
19197	154777	
19197	154852	
19197	156978	
19197	156981	
19197	156984	
19197	156997	
19197	157016	
19197	157027	
19197	157030	
19197	157032	
19197	157050	
19197	157135	
19197	157141	
19197	157175	
19197	157176	
19197	157199	
19197	157211	
19197	166052	
19197	172461	
19197	173128	
19197	173300	
19197	174499	
19197	175069	
19197	175923	
19197	177141	
19197	177192	
19197	177449	
19197	179589	
19197	179907	
19197	179908	
19197	180470	
19197	181250	
19197	181880	
19197	181936	
19197	183245	
19197	183410	
19197	185181	
19197	185227	
19197	185794	
19197	185832	
19197	185974	
19197	186075	
19197	189307	
19197	189784	
19197	190298	
19197	190640	
19197	193038	
19197	195437	
19197	196266	
19197	196437	
19197	196439	
19197	198192	
19197	204084	
19197	206201	
19197	207048	
19197	207050	
19197	207051	
19197	207052	
19197	207053	
19197	207058	
19197	207059	
19197	207060	
19197	207066	
19197	207068	
19197	207085	
19197	207090	
19197	207230	
19197	207960	
19197	208573	
19197	208863	
19197	208885	
19197	208904	
19197	209551	
19197	209802	
19197	209938	
19197	213179	
19197	213199	
19197	213564	
19197	216559	
19197	216665	
19197	216667	
19197	216681	
19197	216684	
19197	216686	
19197	216693	
19197	216694	
19197	216696	
19197	216700	
19197	216706	
19197	216707	
19197	216709	
19197	216714	
19197	216718	
19197	216726	
19197	216744	
19197	216751	
19197	216752	
19197	216753	
19197	216767	
19197	216769	
19197	216770	
19197	216777	
19197	216782	
19197	216784	
19197	216789	
19197	216793	
19197	216794	
19197	216809	
19197	216815	
19197	216821	
19197	216823	
19197	216832	
19197	216835	
19197	216845	
19197	217798	
19197	218181	
19197	218195	
19197	220092	
19197	220625	
19197	221096	
19197	221119	
19197	221131	
19197	221628	
19197	221747	
19197	222441	
19197	225533	
19197	226160	
19197	226231	
19197	227187	
19197	232546	
19197	234845	
19197	237654	
19197	238006	
19197	238010	
19197	238031	
19197	240003	
19197	240004	
19197	240006	
19197	240013	
19197	240019	
19197	240026	
19197	240185	
19197	240400	
19197	240412	
19197	240415	
19197	240423	
19197	241350	
19197	241353	
19197	241365	
19197	241523	
19197	241766	
19197	241768	
19197	241769	
19197	241770	
19197	241771	
19197	241772	
19197	241773	
19197	241774	
19197	241775	
19197	241778	
19197	241800	
19197	241832	
19197	241855	
19197	242531	
19197	244375	
19197	244944	
19197	247350	
19197	250554	
19197	250644	
19197	253331	
19197	261138	
19197	261427	
19197	264187	
19197	270257	
19197	278913	
19197	280807	
19197	281294	
19197	281781	
19197	282227	
19197	283752	
19197	288983	
19197	293486	
19197	304391	
19197	304392	
19197	304396	
19197	304401	
19197	318293	
19197	318311	
19197	321607	
19197	334842	
19197	337101	
19197	338614	
19197	341720	
19197	341734	
19197	343949	
19197	346597	
19197	375821	
19197	396772	
19197	400003	
19197	405966	
19197	416202	
19197	427018	
19197	428860	
19197	440474	
19197	452696	
19197	453257	
19197	456739	
19197	462386	
19197	476590	
19197	485160	
19197	488996	
19197	490177	
19197	491485	
19197	508116	
19197	525113	
19197	538120	
19197	540251	
19197	542214	
19197	544642	
19197	553172	
19197	553920	
19197	555084	
19197	561479	
19197	563409	
19197	563595	
19197	565780	
19197	567114	
19197	597258	
19197	603396	
19197	603604	
19197	606299	
19197	616680	
19197	622640	
19197	645537	
19197	645538	
19197	645539	
19197	645540	
19197	645541	
19197	645542	
19197	645543	
19197	645544	
19197	645545	
19197	645546	
19197	645547	
19197	645548	
19197	645549	
19197	645550	
19197	645551	
19197	645552	
19197	645553	
19197	645554	
19197	645555	
19197	645556	
19197	645557	
19197	645558	
19197	645559	
19197	645560	
19197	645561	
19197	645562	
19197	645563	
19197	645564	
19197	645565	
19197	645566	
19197	645567	
19197	645568	
19197	645569	
19197	645570	
19197	645571	
19197	645572	
19197	645573	
19197	645574	
19197	645575	
19197	645576	
19197	645577	
19197	645578	
19197	645579	
19197	645580	
19197	2411744	
19197	2761097	
19197	2803062	
19197	2993809	
19197	3019744	
22624	38068	
22647	38068	
22654	715755	
16213	110437	
16223	119737	
16223	119739	
16223	119801	
16223	119857	
16249	424651	
17942	67148	
17973	264912	
17269	100332	
19169	19197	
19174	19197	
19175	19197	
19180	19197	
19189	19197	
17110	115353	
17110	176472	
31383	127282	
33576	193352	
16736	45384	
16758	19197	
16775	19197	
16784	19197	
16799	19197	
16806	119737	
16092	50600	
26451	100332	
26459	100332	
25078	30226	
27836	100341	
18740	65891	
23774	112360	
18967	19197	
22801	65891	
22801	67148	
18299	115376	
18302	112360	
31918	45633	
32554	383788	
32666	84178	
32712	119857	
32714	84178	
19004	190660	
19022	112360	
19022	112385	
19089	115353	
22202	127282	
22705	127282	
22711	127282	
22720	115376	
22720	127282	
22724	65891	
22730	127282	
22736	127282	
22759	119857	
22765	67148	
22765	67604	
22775	67604	
22795	312738	
22809	122226	
22819	127282	
22826	127282	
22830	127282	
22856	127282	
22857	127282	
22872	67604	
22876	119857	
22906	115376	
22908	67148	
22922	127282	
27497	277122	
17590	160037	
17605	319681	
17621	110437	
17631	115353	
17639	118112	
17656	245218	
17669	277122	
17676	115353	
17676	175526	
28586	199398	
52950	65891	
53002	175526	
53019	67460	
53020	119737	
18265	45633	
17768	67148	
17773	50595	
17773	50621	
17802	122051	
17813	19197	
17819	86674	
17821	406840	
17837	19197	
17849	30226	
17849	67533	
17868	106633	
17868	232620	
26031	160037	
26031	207509	
26050	118112	
18606	67604	
18621	115376	
28268	312738	
19773	50600	
19773	58760	
19791	50595	
19791	58760	
19791	277118	
19793	2687831	
19833	424651	
19839	100332	
19839	119737	
19851	100332	
19956	119737	
24735	100363	
24757	100355	
20288	112360	
28444	119857	
28456	119857	
37873	115937	
34895	218362	
32122	127282	
19624	100332	
19624	112360	
18949	169929	
18956	168804	
21150	169929	
20290	170760	
20300	112385	
20303	86674	
23579	169929	
25727	176465	
25756	38068	
25793	30226	
25819	115353	
25819	118101	
25819	118112	
25819	176472	
25819	245211	
25853	169929	
25891	67460	
20012	112385	
20012	122394	
23708	45633	
23721	112360	
23060	112385	
24445	112385	
24460	100341	
24460	112360	
24460	112385	
24475	112385	
24507	112385	
24511	112385	
24522	112385	
24538	112385	
24539	173518	
24539	174164	
24556	45665	
24563	112360	
24563	112385	
24566	110437	
24586	112385	
24589	112385	
24594	112385	
24597	112385	
24597	122394	
24612	122051	
24612	122226	
24614	112360	
24614	112385	
24637	112360	
24637	112385	
24642	112360	
24649	112385	
24682	115353	
26831	169929	
26849	118112	
26900	38068	
20170	121381	
20175	30226	
20180	30226	
20180	45633	
20180	100320	
20180	100332	
20180	100341	
20180	100363	
20180	112360	
20180	115353	
20180	176906	
20180	176947	
20195	122051	
20195	193352	
20264	45384	
31543	119857	
21339	424651	
21960	190660	
21969	264912	
24330	118101	
24349	118118	
24357	38068	
24383	115376	
24404	45384	
24417	122394	
31001	169929	
31030	264912	
31053	45384	
28679	50621	
22126	67148	
22126	67604	
22132	119524	
22179	30226	
22179	65891	
22222	119524	
22230	406838	
22285	172684	
22290	119737	
23560	169929	
23565	172684	
23565	277118	
23584	67148	
23588	238090	
25496	176472	
25518	100355	
25518	122051	
25525	65891	
25536	65891	
25595	169929	
25607	112360	
26585	112385	
26600	122226	
22965	23856	
23028	119739	
23046	319681	
23100	115376	
21592	65891	
23134	30226	
40561	424651	
40562	176947	
21510	67148	
21510	169929	
21523	38068	
21540	118101	
21569	218362	
31392	65891	
33058	110437	
33067	115353	
33116	199398	
25124	28069	
26541	122051	
24058	100332	
24176	99822	
29867	112360	
29892	115353	
31161	424651	
31176	160037	
31212	169929	
31234	424651	
28974	30226	
28974	115353	
28974	118112	
28989	112360	
29447	30226	
29452	67148	
29467	119737	
29467	119739	
29477	67604	
25212	110437	
28096	715755	
32331	100332	
32331	175526	
32393	207509	
32406	175526	
24260	30226	
24265	168804	
24267	175526	
28101	45633	
28104	45665	
28110	45665	
28111	45633	
28120	45633	
28120	100320	
28120	100332	
28120	100363	
28124	45665	
28132	45665	
28133	45633	
28133	100320	
28133	100332	
28133	100363	
28136	45633	
28137	45633	
28138	45633	
28144	45633	
28150	45665	
28153	45633	
28160	45665	
27124	67148	
27157	169929	
29323	100320	
29323	100332	
29323	100341	
29323	100355	
29323	112360	
32778	123689	
32783	123689	
28714	45665	
28861	67148	
28870	38068	
28877	119524	
29413	264912	
29120	29132	
29127	29132	
29128	29132	
29129	29132	
29130	119737	
29130	119739	
29132	29134	
29132	29143	
29132	29149	
29132	29159	
29132	29187	
29132	29211	
29132	29223	
29132	29239	
29132	29240	
29132	52631	
29132	62098	
29132	67592	
29132	79694	
29132	87327	
29132	95994	
29132	95998	
29132	96014	
29132	96015	
29132	119737	
29132	119739	
29132	123672	
29132	151839	
29132	156853	
29132	175915	
29132	199398	
29132	258753	
29132	317947	
29132	334566	
29132	336195	
29132	343520	
29132	373726	
29132	383788	
29132	411659	
29132	411686	
29132	570452	
29132	2691299	
29139	121381	
29160	176906	
29179	115376	
29186	424651	
25397	45633	
29531	115353	
29531	175526	
29560	112360	
29564	176906	
29677	45384	
25285	112385	
31308	86674	
31313	45633	
31313	100332	
31316	245218	
31340	112360	
31340	245218	
28395	100355	
28417	312738	
26950	119524	
32956	876362	
32994	168804	
33007	119737	
27046	45384	
34374	112360	
34374	112385	
31134	118101	
31999	171220	
40688	238090	
40691	118101	
40691	160037	
40718	171220	
40729	172684	
28315	93011	
28322	38068	
28342	38068	
27400	65891	
27416	30226	
27424	65891	
40840	169929	
32747	45633	
47330	115937	
47333	67148	
47333	67604	
47343	115937	
47343	119857	
47396	119737	
47443	110437	
47462	119739	
47516	119801	
47547	264912	
47547	715755	
44315	67604	
27170	245218	
27173	67148	
30528	118118	
30528	176465	
30547	100332	
30583	169929	
30591	193352	
27937	312738	
38542	100320	
38542	100341	
33233	38068	
33237	38068	
33263	38068	
28043	45633	
28048	99822	
28050	36193	
28050	119524	
28052	36193	
28053	28069	
28053	36193	
28053	86674	
28053	86682	
28057	99822	
28057	100320	
28069	45592	
28069	54501	
28069	55020	
28069	58124	
28069	60983	
28069	61005	
28069	72959	
28069	79382	
28069	86652	
28069	86653	
28069	86655	
28069	86656	
28069	86659	
28069	86661	
28069	86662	
28069	86663	
28069	86664	
28069	86666	
28069	86669	
28069	86672	
28069	86674	
28069	86675	
28069	86678	
28069	86680	
28069	86682	
28069	86683	
28069	86685	
28069	86686	
28069	86688	
28069	86689	
28069	86690	
28069	86691	
28069	86692	
28069	86693	
28069	86696	
28069	86698	
28069	86700	
28069	86703	
28069	100320	
28069	102899	
28069	102925	
28069	125224	
28069	129539	
28069	132076	
28069	179966	
28069	194006	
28069	202023	
28069	217447	
28069	217453	
28069	217456	
28069	217457	
28069	287085	
28069	298432	
28069	308774	
28069	382934	
28069	382947	
28069	422434	
28069	428314	
28069	516679	
28069	518936	
28069	522117	
28069	608075	
28069	625519	
28069	752982	
28069	795141	
28069	797259	
28069	797260	
28069	797261	
28069	797263	
28630	115353	
28630	175526	
37353	174164	
37357	715755	
41234	160037	
41242	173518	
41242	174164	
41259	112360	
41259	112385	
41265	119524	
41269	112385	
41271	45633	
41271	100320	
41271	100332	
41271	100341	
41271	100355	
41271	100363	
41271	112360	
41271	170760	
41275	112385	
41285	112360	
41285	112385	
41285	122394	
41288	112360	
41305	112385	
41345	110437	
41345	112385	
41345	122394	
41350	112360	
41363	45633	
41363	100320	
41363	100332	
41363	100341	
41363	100363	
41363	112360	
36014	100363	
36015	65891	
29315	123689	
31466	45633	
29801	174164	
37283	169929	
37323	169929	
31302	45665	
36126	110437	
36126	122226	
36126	245211	
31925	38068	
31972	32012	
31976	122051	
31977	32012	
31978	122051	
31978	193352	
31978	261795	
31980	32012	
31980	122051	
31982	169929	
31982	193352	
31984	32012	
31991	32012	
31991	122051	
31991	193352	
31991	261795	
31996	32012	
31996	122051	
31998	193352	
32003	32012	
32003	122051	
32003	169929	
32003	193352	
32003	277122	
32005	32012	
32005	122051	
32005	122226	
32005	193352	
32005	261795	
32012	32015	
32012	32028	
32012	32049	
32012	32050	
32012	32055	
32012	32060	
32012	32061	
32012	32063	
32012	32890	
32012	37512	
32012	38064	
32012	45495	
32012	46316	
32012	47356	
32012	50595	
32012	50608	
32012	50621	
32012	64705	
32012	65071	
32012	65548	
32012	66740	
32012	67604	
32012	68419	
32012	70047	
32012	73342	
32012	78970	
32012	81675	
32012	92683	
32012	99497	
32012	99906	
32012	104273	
32012	111182	
32012	112054	
32012	112156	
32012	112254	
32012	119244	
32012	119687	
32012	119882	
32012	122051	
32012	124525	
32012	128979	
32012	129096	
32012	131361	
32012	131828	
32012	131990	
32012	134107	
32012	139038	
32012	142969	
32012	146003	
32012	154884	
32012	161599	
32012	171220	
32012	172684	
32012	175080	
32012	177276	
32012	178767	
32012	178946	
32012	181162	
32012	181635	
32012	182690	
32012	186664	
32012	187519	
32012	193352	
32012	195436	
32012	197109	
32012	197169	
32012	207135	
32012	218970	
32012	221411	
32012	222981	
32012	226280	
32012	227926	
32012	230690	
32012	230693	
32012	246572	
32012	259947	
32012	264775	
32012	271184	
32012	271760	
32012	271793	
32012	277118	
32012	277122	
32012	298350	
32012	301762	
32012	339882	
32012	373725	
32012	374960	
32012	384825	
32012	389432	
32012	403816	
32012	404509	
32012	406834	
32012	406838	
32012	406840	
32012	415885	
32012	419370	
32012	421501	
32012	421554	
32012	428696	
32012	429970	
32012	432203	
32012	441061	
32012	451307	
32012	452295	
32012	452704	
32012	453797	
32012	457493	
32012	458322	
32012	468253	
32012	475780	
32012	482588	
32012	491489	
32012	493421	
32012	508893	
32012	512727	
32012	523814	
32012	550267	
32012	564861	
32012	579059	
32012	579655	
32012	595937	
32012	602717	
32012	607874	
32012	614767	
32012	619583	
32012	621581	
32012	626620	
32012	643666	
32012	644687	
32012	654076	
32012	658556	
32012	659112	
32012	659113	
32012	670224	
32012	682623	
32012	688852	
32012	717882	
32012	717890	
32012	724258	
32012	736591	
32012	808987	
32012	851242	
32012	851503	
32012	852788	
32012	855740	
32012	855742	
32012	855743	
32012	855745	
32012	855746	
32012	855747	
32012	855748	
32012	855750	
32012	855751	
32012	855753	
32012	855754	
32012	855757	
32012	855759	
32012	1978552	
32012	2303069	
32012	2596693	
32012	2705240	
32012	2711545	
32012	2718725	
32012	2850632	
32015	193352	
32016	122051	
32016	193352	
32017	122051	
32020	119739	
32020	119857	
32020	193352	
32021	193352	
32028	193352	
32033	122051	
32033	193352	
32034	122051	
32034	193352	
32036	122051	
32036	193352	
32050	122051	
32050	193352	
32052	67533	
32055	193352	
32058	122226	
32060	67533	
32060	193352	
32060	261795	
32061	193352	
32063	122051	
32063	193352	
32065	169929	
33749	122226	
33763	122226	
30631	127282	
30635	168804	
30075	175080	
30106	65891	
30109	65891	
30113	65891	
30114	118112	
30122	65891	
30132	65891	
30156	65891	
30162	65891	
30164	65891	
30166	169929	
30168	65891	
30178	176488	
30179	119524	
30186	118118	
30187	65891	
30190	65891	
30192	65891	
30195	65891	
30200	218362	
30208	65891	
47855	119524	
33905	119739	
33905	160037	
33905	207509	
39384	45665	
33641	45633	
33641	100320	
33641	100332	
33641	100341	
33641	100363	
33667	312738	
33687	112360	
33152	119524	
48680	264912	
48690	264912	
37943	115353	
37983	100341	
37983	112360	
37983	123689	
37985	112360	
37985	123689	
37989	112385	
32243	171220	
32274	822550	
32295	238090	
31938	38068	
46203	115376	
35508	63381	
35511	63381	
35522	122226	
38595	121381	
38655	169929	
38660	100341	
37137	169929	
37144	169929	
40013	652665	
35485	36193	
35498	45633	
35706	119524	
36592	100341	
36592	100355	
36602	100320	
36602	100332	
36602	100341	
36602	100355	
36602	100363	
36185	67148	
36193	45540	
36193	54550	
36193	54648	
36193	54651	
36193	54693	
36193	55050	
36193	56157	
36193	59368	
36193	59496	
36193	72232	
36193	73362	
36193	85851	
36193	86675	
36193	86682	
36193	137722	
36193	139063	
36193	139067	
36193	139068	
36193	139069	
36193	139070	
36193	139071	
36193	139073	
36193	139074	
36193	152191	
36193	179955	
36193	183669	
36193	189095	
36193	189110	
36193	262999	
36193	317712	
36193	338700	
36193	406252	
36193	431407	
36193	487283	
36193	615630	
36193	674745	
36193	677022	
36193	735467	
36193	753973	
