42230	1003776	
42936	1003776	
353804	1003776	
371705	1003776	
864278	1003776	
1003731	1003776	
1003749	1003776	
1003771	1003776	
1003773	1003776	
1003776	1003779	
1003776	1003782	
1003776	1003783	
1003776	1003784	
1003776	1003813	
1003776	1003814	
1003776	1003821	
1003776	1003832	
1003776	1003837	
1003776	1003848	
1003776	1003850	
1003776	1003855	
1003776	1003867	
1003776	1003871	
1003776	1003883	
1003776	1003889	
1003776	1003896	
1003776	1003898	
1003776	1003905	
1003776	1003916	
1003776	1003920	
1003776	1003922	
1003776	1025086	
1003776	1054931	
1003776	1057720	
1003776	1059670	
1003776	1070259	
1003776	1108907	
1003776	1158436	
1003776	1187241	
1003776	1235267	
1003776	1269221	
1003776	1269491	
1003776	1303099	
1003776	1313124	
1003776	1319133	
1003776	1330744	
1003776	1355519	
1003776	1359696	
1003776	1385503	
1003776	1385520	
1003776	1385742	
1003776	1392719	
1003776	1438728	
1003776	1438732	
1003776	1438738	
1003776	1438752	
1003776	1438759	
1003776	1438821	
1003776	1438832	
1003776	1438835	
1003776	1438845	
1003776	1438850	
1003776	1438868	
1003776	1438872	
1003776	1438885	
1003776	1438934	
1003776	1438973	
1003776	1438978	
1003776	1438979	
1003776	1438993	
1003776	1439001	
1003776	1439028	
1003776	1439032	
1003776	1439072	
1003776	1439073	
1003776	1439075	
1003776	1439086	
1003776	1439098	
1003776	1439104	
1003776	1439120	
1003776	1439127	
1003776	1439152	
1003776	1439165	
1003776	1439173	
1003776	1439196	
1003776	1439214	
1003776	1439232	
1003776	1439253	
1003776	1439272	
1003776	1439293	
1003776	1439322	
1003776	1439346	
1003776	1439368	
1003776	1439372	
1003776	1439387	
1003776	1439390	
1003776	1439399	
1003776	1439400	
1003776	1439401	
1003776	1439409	
1003776	1439425	
1003776	1443429	
1003776	1627995	
1003776	1639947	
1003776	1643989	
1003776	1666641	
1003776	1667089	
1003776	1668560	
1003776	1702943	
1003776	1719280	
1003776	1736833	
1003776	1783472	
1003776	1788050	
1003776	1791130	
1003776	1821751	
1003776	1874205	
1003776	2072128	
1003776	2380342	
1003776	2740432	
1003776	2748600	
1003776	2929325	
692	42230	
692	42936	
8123	353804	
8195	371705	
32622	864278	
44467	1108907	
48108	1438850	
42610	1054931	
42610	1303099	
44198	1666641	
42713	1319133	
43031	1438752	
43296	1025086	
43296	1054931	
55771	2072128	
55966	1158436	
42157	1025086	
42190	371705	
42230	482754	
42230	1003704	
42230	1003705	
42230	1003706	
42230	1003707	
42230	1003708	
42230	1003709	
42230	1003710	
42230	1003711	
42230	1003712	
42230	1003713	
42230	1003714	
42230	1003715	
42230	1003716	
42230	1003717	
42230	1003718	
42230	1003719	
42230	1003720	
42230	1003721	
42230	1003722	
42230	1003723	
42230	1003724	
42230	1003725	
42230	1003726	
42230	1003727	
42230	1003728	
42230	1003729	
42230	1003730	
42230	1003731	
42230	1003732	
42230	1003733	
42230	1003734	
42230	1003735	
42230	1003736	
42230	1003737	
42230	1003738	
42230	1003739	
42230	1003740	
42230	1003741	
42230	1003742	
42230	1003743	
42230	1003744	
42230	1003745	
42230	1003746	
42230	1003747	
42230	1003748	
42230	1003749	
42230	1003750	
42230	1003751	
42230	1003752	
42230	1003753	
42230	1003754	
42230	1003755	
42230	1003756	
42230	1003757	
42230	1003758	
42230	1003759	
42230	1003760	
42230	1003761	
42230	1003762	
42230	1003763	
42230	1003764	
42230	1003765	
42230	1003766	
42230	1003767	
42230	1003768	
42230	1003769	
42230	1003770	
42230	1003771	
42230	1003772	
42230	1003773	
42230	1003774	
42230	1003775	
42230	1003777	
42230	1003778	
42230	1003779	
42230	1003780	
42230	1003781	
42230	1003782	
42230	1003783	
42230	1003784	
42230	1003785	
42230	1003786	
42230	1003787	
42230	1003788	
42230	1003789	
42230	1003790	
42230	1003791	
42230	1003792	
42230	1003793	
42230	1003794	
42230	1003795	
42230	1003796	
42230	1003797	
42230	1003798	
42230	1003799	
42230	1003800	
42230	1003801	
42230	1003802	
42230	1003803	
42230	1003804	
42230	1003805	
42230	1003806	
42230	1003807	
42230	1003808	
42230	1003809	
42230	1003810	
42230	1003811	
42230	1003812	
42230	1003813	
42230	1003814	
42230	1003815	
42230	1003816	
42230	1003817	
42230	1003818	
42230	1003819	
42230	1003820	
42230	1003821	
42230	1003822	
42230	1003823	
42230	1003824	
42230	1003825	
42230	1003826	
42230	1003827	
42230	1003828	
42230	1003829	
42230	1003830	
42230	1003831	
42230	1003832	
42230	1003833	
42230	1003834	
42230	1003835	
42230	1003836	
42230	1003837	
42230	1003838	
42230	1003839	
42230	1003840	
42230	1003841	
42230	1003842	
42230	1003843	
42230	1003844	
42230	1003845	
42230	1003846	
42230	1003847	
42230	1003848	
42230	1003849	
42230	1003850	
42230	1003851	
42230	1003852	
42230	1003853	
42230	1003854	
42230	1003855	
42230	1003856	
42230	1003857	
42230	1003858	
42230	1003859	
42230	1003860	
42230	1003861	
42230	1003862	
42230	1003863	
42230	1003864	
42230	1003865	
42230	1003866	
42230	1003867	
42230	1003868	
42230	1003869	
42230	1003870	
42230	1003871	
42230	1003872	
42230	1003873	
42230	1003874	
42230	1003875	
42230	1003876	
42230	1003877	
42230	1003878	
42230	1003879	
42230	1003880	
42230	1003881	
42230	1003882	
42230	1003883	
42230	1003884	
42230	1003885	
42230	1003886	
42230	1003887	
42230	1003888	
42230	1003889	
42230	1003890	
42230	1003891	
42230	1003892	
42230	1003893	
42230	1003894	
42230	1003895	
42230	1003896	
42230	1003897	
42230	1003898	
42230	1003899	
42230	1003900	
42230	1003901	
42230	1003902	
42230	1003903	
42230	1003904	
42230	1003905	
42230	1003906	
42230	1003907	
42230	1003908	
42230	1003909	
42230	1003910	
42230	1003911	
42230	1003912	
42230	1003913	
42230	1003914	
42230	1003915	
42230	1003916	
42230	1003917	
42230	1003918	
42230	1003919	
42230	1003920	
42230	1003921	
42230	1003922	
42230	1003923	
42230	1003924	
42230	1003925	
42230	1003926	
42230	1003927	
42230	1003928	
42230	1003929	
42230	1003930	
42230	1003931	
42230	1003932	
42230	1003933	
42230	1003934	
42230	1003935	
42230	1003936	
42230	1003937	
42230	1003938	
42230	1003939	
42230	1003940	
42230	1003941	
42230	1003942	
42230	1003943	
42230	1003944	
42230	1003945	
42230	1003946	
42230	1003947	
42230	1003948	
42230	1003949	
42230	1003950	
42230	1003951	
42230	1003952	
42230	1003953	
42230	1003954	
42230	1003955	
42230	1003956	
42230	1003957	
42230	1003958	
42230	1003959	
42230	1003960	
42230	2677197	
42236	1054931	
42277	1054931	
42279	353804	
42279	1070259	
42282	353804	
42282	1025086	
42282	1158436	
42284	353804	
42287	1059670	
42315	1054931	
42330	353804	
42330	1057720	
42340	1057720	
42368	1108907	
42392	1070259	
42397	1235267	
42419	353804	
42425	1070259	
42426	1025086	
42439	1070259	
42471	1054931	
42480	1054931	
42543	353804	
42550	1330744	
42557	1054931	
42557	1187241	
42564	1059670	
42564	1269491	
42596	1025086	
42604	353804	
42604	1269221	
42604	1269491	
42621	42936	
42630	1025086	
42640	1057720	
42652	1313124	
42652	1319133	
42652	2380342	
42663	1070259	
42664	1025086	
42672	1070259	
42681	1385503	
42736	353804	
42738	1627995	
42740	1392719	
42741	1054931	
42783	353804	
42798	42936	
42798	864278	
42798	1385503	
42798	1385520	
42798	1385742	
42806	1359696	
42809	1355519	
42821	1057720	
42829	353804	
42829	1438845	
42850	1438845	
42850	1439272	
42878	1070259	
42910	353804	
42919	1025086	
42936	42987	
42936	43015	
42936	43296	
42936	43361	
42936	43371	
42936	43378	
42936	43430	
42936	43444	
42936	43682	
42936	43735	
42936	44000	
42936	46316	
42936	57503	
42936	79121	
42936	195579	
42936	195676	
42936	229469	
42936	229955	
42936	229974	
42936	230045	
42936	247945	
42936	248086	
42936	248134	
42936	248945	
42936	307338	
42936	357747	
42936	360913	
42936	363090	
42936	429157	
42936	446153	
42936	446424	
42936	446535	
42936	454951	
42936	460701	
42936	461758	
42936	463637	
42936	465111	
42936	467352	
42936	467453	
42936	472161	
42936	475153	
42936	476129	
42936	476140	
42936	476229	
42936	476247	
42936	476253	
42936	476413	
42936	476423	
42936	476466	
42936	476478	
42936	476486	
42936	476493	
42936	476496	
42936	478634	
42936	497190	
42936	497363	
42936	714701	
42936	724798	
42936	725409	
42936	731640	
42936	734207	
42936	734809	
42936	806578	
42936	837625	
42936	838831	
42936	864278	
42936	893218	
42936	918042	
42936	926360	
42936	980397	
42936	989720	
42936	991726	
42936	994630	
42936	999189	
42936	999532	
42936	999918	
42936	1003652	
42936	1003771	
42936	1003783	
42936	1009426	
42936	1009532	
42936	1013247	
42936	1025033	
42936	1030118	
42936	1030407	
42936	1039098	
42936	1042971	
42936	1043514	
42936	1059134	
42936	1059781	
42936	1061716	
42936	1061855	
42936	1062186	
42936	1062646	
42936	1063951	
42936	1069783	
42936	1076220	
42936	1092129	
42936	1101311	
42936	1103354	
42936	1103725	
42936	1108907	
42936	1109306	
42936	1117725	
42936	1123052	
42936	1131160	
42936	1136564	
42936	1136747	
42936	1139338	
42936	1143841	
42936	1152429	
42936	1162122	
42936	1166900	
42936	1172185	
42936	1172480	
42936	1173156	
42936	1178080	
42936	1191443	
42936	1208683	
42936	1211113	
42936	1212436	
42936	1239657	
42936	1242417	
42936	1247462	
42936	1247468	
42936	1268324	
42936	1277746	
42936	1280943	
42936	1282130	
42936	1292778	
42936	1294014	
42936	1294552	
42936	1299271	
42936	1302646	
42936	1308036	
42936	1313124	
42936	1325873	
42936	1325967	
42936	1330130	
42936	1330744	
42936	1355589	
42936	1355845	
42936	1355909	
42936	1356086	
42936	1356960	
42936	1358924	
42936	1365350	
42936	1366785	
42936	1366807	
42936	1366828	
42936	1366926	
42936	1366970	
42936	1366999	
42936	1367008	
42936	1368304	
42936	1384334	
42936	1385425	
42936	1385428	
42936	1385433	
42936	1385443	
42936	1385445	
42936	1385465	
42936	1385474	
42936	1385486	
42936	1385503	
42936	1385511	
42936	1385512	
42936	1385518	
42936	1385520	
42936	1385559	
42936	1385564	
42936	1385623	
42936	1385642	
42936	1385659	
42936	1385714	
42936	1385735	
42936	1385742	
42936	1385746	
42936	1385759	
42936	1385760	
42936	1385774	
42936	1385846	
42936	1385849	
42936	1385867	
42936	1385871	
42936	1385902	
42936	1391512	
42936	1391538	
42936	1391648	
42936	1391808	
42936	1391883	
42936	1391996	
42936	1403137	
42936	1408720	
42936	1416096	
42936	1423064	
42936	1423127	
42936	1423137	
42936	1423168	
42936	1425408	
42936	1430714	
42936	1433230	
42936	1437033	
42936	1437813	
42936	1438707	
42936	1438708	
42936	1438709	
42936	1438710	
42936	1438711	
42936	1438712	
42936	1438713	
42936	1438714	
42936	1438715	
42936	1438716	
42936	1438717	
42936	1438718	
42936	1438719	
42936	1438720	
42936	1438721	
42936	1438722	
42936	1438723	
42936	1438724	
42936	1438725	
42936	1438726	
42936	1438727	
42936	1438728	
42936	1438729	
42936	1438730	
42936	1438731	
42936	1438732	
42936	1438733	
42936	1438734	
42936	1438735	
42936	1438736	
42936	1438737	
42936	1438738	
42936	1438739	
42936	1438740	
42936	1438741	
42936	1438742	
42936	1438743	
42936	1438744	
42936	1438745	
42936	1438746	
42936	1438747	
42936	1438748	
42936	1438749	
42936	1438750	
42936	1438751	
42936	1438752	
42936	1438753	
42936	1438754	
42936	1438755	
42936	1438756	
42936	1438757	
42936	1438758	
42936	1438759	
42936	1438760	
42936	1438761	
42936	1438762	
42936	1438763	
42936	1438764	
42936	1438765	
42936	1438766	
42936	1438767	
42936	1438768	
42936	1438769	
42936	1438770	
42936	1438771	
42936	1438772	
42936	1438773	
42936	1438774	
42936	1438775	
42936	1438776	
42936	1438777	
42936	1438778	
42936	1438779	
42936	1438780	
42936	1438781	
42936	1438782	
42936	1438783	
42936	1438784	
42936	1438785	
42936	1438786	
42936	1438787	
42936	1438788	
42936	1438789	
42936	1438790	
42936	1438791	
42936	1438792	
42936	1438793	
42936	1438794	
42936	1438795	
42936	1438796	
42936	1438797	
42936	1438798	
42936	1438799	
42936	1438800	
42936	1438801	
42936	1438802	
42936	1438803	
42936	1438804	
42936	1438805	
42936	1438806	
42936	1438807	
42936	1438808	
42936	1438809	
42936	1438810	
42936	1438811	
42936	1438812	
42936	1438813	
42936	1438814	
42936	1438815	
42936	1438816	
42936	1438817	
42936	1438818	
42936	1438819	
42936	1438820	
42936	1438821	
42936	1438822	
42936	1438823	
42936	1438824	
42936	1438825	
42936	1438826	
42936	1438827	
42936	1438828	
42936	1438829	
42936	1438830	
42936	1438831	
42936	1438832	
42936	1438833	
42936	1438834	
42936	1438835	
42936	1438836	
42936	1438837	
42936	1438838	
42936	1438839	
42936	1438840	
42936	1438841	
42936	1438842	
42936	1438843	
42936	1438844	
42936	1438845	
42936	1438846	
42936	1438847	
42936	1438848	
42936	1438849	
42936	1438850	
42936	1438851	
42936	1438852	
42936	1438853	
42936	1438854	
42936	1438855	
42936	1438856	
42936	1438857	
42936	1438858	
42936	1438859	
42936	1438860	
42936	1438861	
42936	1438862	
42936	1438863	
42936	1438864	
42936	1438865	
42936	1438866	
42936	1438867	
42936	1438868	
42936	1438869	
42936	1438870	
42936	1438871	
42936	1438872	
42936	1438873	
42936	1438874	
42936	1438875	
42936	1438876	
42936	1438877	
42936	1438878	
42936	1438879	
42936	1438880	
42936	1438881	
42936	1438882	
42936	1438883	
42936	1438884	
42936	1438885	
42936	1438886	
42936	1438887	
42936	1438888	
42936	1438889	
42936	1438890	
42936	1438891	
42936	1438892	
42936	1438893	
42936	1438894	
42936	1438895	
42936	1438896	
42936	1438897	
42936	1438898	
42936	1438899	
42936	1438900	
42936	1438901	
42936	1438902	
42936	1438903	
42936	1438904	
42936	1438905	
42936	1438906	
42936	1438907	
42936	1438908	
42936	1438909	
42936	1438910	
42936	1438911	
42936	1438912	
42936	1438913	
42936	1438914	
42936	1438915	
42936	1438916	
42936	1438917	
42936	1438918	
42936	1438919	
42936	1438920	
42936	1438921	
42936	1438922	
42936	1438923	
42936	1438924	
42936	1438925	
42936	1438926	
42936	1438927	
42936	1438928	
42936	1438929	
42936	1438930	
42936	1438931	
42936	1438932	
42936	1438933	
42936	1438934	
42936	1438935	
42936	1438936	
42936	1438937	
42936	1438938	
42936	1438939	
42936	1438940	
42936	1438941	
42936	1438942	
42936	1438943	
42936	1438944	
42936	1438945	
42936	1438946	
42936	1438947	
42936	1438948	
42936	1438949	
42936	1438950	
42936	1438951	
42936	1438952	
42936	1438953	
42936	1438954	
42936	1438955	
42936	1438956	
42936	1438957	
42936	1438958	
42936	1438959	
42936	1438960	
42936	1438961	
42936	1438962	
42936	1438963	
42936	1438964	
42936	1438965	
42936	1438966	
42936	1438967	
42936	1438968	
42936	1438969	
42936	1438970	
42936	1438971	
42936	1438972	
42936	1438973	
42936	1438974	
42936	1438975	
42936	1438976	
42936	1438977	
42936	1438978	
42936	1438979	
42936	1438980	
42936	1438981	
42936	1438982	
42936	1438983	
42936	1438984	
42936	1438985	
42936	1438986	
42936	1438987	
42936	1438988	
42936	1438989	
42936	1438990	
42936	1438991	
42936	1438992	
42936	1438993	
42936	1438994	
42936	1438995	
42936	1438996	
42936	1438997	
42936	1438998	
42936	1438999	
42936	1439000	
42936	1439001	
42936	1439002	
42936	1439003	
42936	1439004	
42936	1439005	
42936	1439006	
42936	1439007	
42936	1439008	
42936	1439009	
42936	1439010	
42936	1439011	
42936	1439012	
42936	1439013	
42936	1439014	
42936	1439015	
42936	1439016	
42936	1439017	
42936	1439018	
42936	1439019	
42936	1439020	
42936	1439021	
42936	1439022	
42936	1439023	
42936	1439024	
42936	1439025	
42936	1439026	
42936	1439027	
42936	1439028	
42936	1439029	
42936	1439030	
42936	1439031	
42936	1439032	
42936	1439033	
42936	1439034	
42936	1439035	
42936	1439036	
42936	1439037	
42936	1439038	
42936	1439039	
42936	1439040	
42936	1439041	
42936	1439042	
42936	1439043	
42936	1439044	
42936	1439045	
42936	1439046	
42936	1439047	
42936	1439048	
42936	1439049	
42936	1439050	
42936	1439051	
42936	1439052	
42936	1439053	
42936	1439054	
42936	1439055	
42936	1439056	
42936	1439057	
42936	1439058	
42936	1439059	
42936	1439060	
42936	1439061	
42936	1439062	
42936	1439063	
42936	1439064	
42936	1439065	
42936	1439066	
42936	1439067	
42936	1439068	
42936	1439069	
42936	1439070	
42936	1439071	
42936	1439072	
42936	1439073	
42936	1439074	
42936	1439075	
42936	1439076	
42936	1439077	
42936	1439078	
42936	1439079	
42936	1439080	
42936	1439081	
42936	1439082	
42936	1439083	
42936	1439084	
42936	1439085	
42936	1439086	
42936	1439087	
42936	1439088	
42936	1439089	
42936	1439090	
42936	1439091	
42936	1439092	
42936	1439093	
42936	1439094	
42936	1439095	
42936	1439096	
42936	1439097	
42936	1439098	
42936	1439099	
42936	1439100	
42936	1439101	
42936	1439102	
42936	1439103	
42936	1439104	
42936	1439105	
42936	1439106	
42936	1439107	
42936	1439108	
42936	1439109	
42936	1439110	
42936	1439111	
42936	1439112	
42936	1439113	
42936	1439114	
42936	1439115	
42936	1439116	
42936	1439117	
42936	1439118	
42936	1439119	
42936	1439120	
42936	1439121	
42936	1439122	
42936	1439123	
42936	1439124	
42936	1439125	
42936	1439126	
42936	1439127	
42936	1439128	
42936	1439129	
42936	1439130	
42936	1439131	
42936	1439132	
42936	1439133	
42936	1439134	
42936	1439135	
42936	1439136	
42936	1439137	
42936	1439138	
42936	1439139	
42936	1439140	
42936	1439141	
42936	1439142	
42936	1439143	
42936	1439144	
42936	1439145	
42936	1439146	
42936	1439147	
42936	1439148	
42936	1439149	
42936	1439150	
42936	1439151	
42936	1439152	
42936	1439153	
42936	1439154	
42936	1439155	
42936	1439156	
42936	1439157	
42936	1439158	
42936	1439159	
42936	1439160	
42936	1439161	
42936	1439162	
42936	1439163	
42936	1439164	
42936	1439165	
42936	1439166	
42936	1439167	
42936	1439168	
42936	1439169	
42936	1439170	
42936	1439171	
42936	1439172	
42936	1439173	
42936	1439174	
42936	1439175	
42936	1439176	
42936	1439177	
42936	1439178	
42936	1439179	
42936	1439180	
42936	1439181	
42936	1439182	
42936	1439183	
42936	1439184	
42936	1439185	
42936	1439186	
42936	1439187	
42936	1439188	
42936	1439189	
42936	1439190	
42936	1439191	
42936	1439192	
42936	1439193	
42936	1439194	
42936	1439195	
42936	1439196	
42936	1439197	
42936	1439198	
42936	1439199	
42936	1439200	
42936	1439201	
42936	1439202	
42936	1439203	
42936	1439204	
42936	1439205	
42936	1439206	
42936	1439207	
42936	1439208	
42936	1439209	
42936	1439210	
42936	1439211	
42936	1439212	
42936	1439213	
42936	1439214	
42936	1439215	
42936	1439216	
42936	1439217	
42936	1439218	
42936	1439219	
42936	1439220	
42936	1439221	
42936	1439222	
42936	1439223	
42936	1439224	
42936	1439225	
42936	1439226	
42936	1439227	
42936	1439228	
42936	1439229	
42936	1439230	
42936	1439231	
42936	1439232	
42936	1439233	
42936	1439234	
42936	1439235	
42936	1439236	
42936	1439237	
42936	1439238	
42936	1439239	
42936	1439240	
42936	1439241	
42936	1439242	
42936	1439243	
42936	1439244	
42936	1439245	
42936	1439246	
42936	1439247	
42936	1439248	
42936	1439249	
42936	1439250	
42936	1439251	
42936	1439252	
42936	1439253	
42936	1439254	
42936	1439255	
42936	1439256	
42936	1439257	
42936	1439258	
42936	1439259	
42936	1439260	
42936	1439261	
42936	1439262	
42936	1439263	
42936	1439264	
42936	1439265	
42936	1439266	
42936	1439267	
42936	1439268	
42936	1439269	
42936	1439270	
42936	1439271	
42936	1439272	
42936	1439273	
42936	1439274	
42936	1439275	
42936	1439276	
42936	1439277	
42936	1439278	
42936	1439279	
42936	1439280	
42936	1439281	
42936	1439282	
42936	1439283	
42936	1439284	
42936	1439285	
42936	1439286	
42936	1439287	
42936	1439288	
42936	1439289	
42936	1439290	
42936	1439291	
42936	1439292	
42936	1439293	
42936	1439294	
42936	1439295	
42936	1439296	
42936	1439297	
42936	1439298	
42936	1439299	
42936	1439300	
42936	1439301	
42936	1439302	
42936	1439303	
42936	1439304	
42936	1439305	
42936	1439306	
42936	1439307	
42936	1439308	
42936	1439309	
42936	1439310	
42936	1439311	
42936	1439312	
42936	1439313	
42936	1439314	
42936	1439315	
42936	1439316	
42936	1439317	
42936	1439318	
42936	1439319	
42936	1439320	
42936	1439321	
42936	1439322	
42936	1439323	
42936	1439324	
42936	1439325	
42936	1439326	
42936	1439327	
42936	1439328	
42936	1439329	
42936	1439330	
42936	1439331	
42936	1439332	
42936	1439333	
42936	1439334	
42936	1439335	
42936	1439336	
42936	1439337	
42936	1439338	
42936	1439339	
42936	1439340	
42936	1439341	
42936	1439342	
42936	1439343	
42936	1439344	
42936	1439345	
42936	1439346	
42936	1439347	
42936	1439348	
42936	1439349	
42936	1439350	
42936	1439351	
42936	1439352	
42936	1439353	
42936	1439354	
42936	1439355	
42936	1439356	
42936	1439357	
42936	1439358	
42936	1439359	
42936	1439360	
42936	1439361	
42936	1439362	
42936	1439363	
42936	1439364	
42936	1439365	
42936	1439366	
42936	1439367	
42936	1439368	
42936	1439369	
42936	1439370	
42936	1439371	
42936	1439372	
42936	1439373	
42936	1439374	
42936	1439375	
42936	1439376	
42936	1439377	
42936	1439378	
42936	1439379	
42936	1439380	
42936	1439381	
42936	1439382	
42936	1439383	
42936	1439384	
42936	1439385	
42936	1439386	
42936	1439387	
42936	1439388	
42936	1439389	
42936	1439390	
42936	1439391	
42936	1439392	
42936	1439393	
42936	1439394	
42936	1439395	
42936	1439396	
42936	1439397	
42936	1439398	
42936	1439399	
42936	1439400	
42936	1439401	
42936	1439402	
42936	1439403	
42936	1439404	
42936	1439405	
42936	1439406	
42936	1439407	
42936	1439408	
42936	1439409	
42936	1439410	
42936	1439411	
42936	1439412	
42936	1439413	
42936	1439414	
42936	1439415	
42936	1439416	
42936	1439417	
42936	1439418	
42936	1439419	
42936	1439420	
42936	1439421	
42936	1439422	
42936	1439423	
42936	1439424	
42936	1439425	
42936	1439426	
42936	1439427	
42936	1439428	
42936	1439429	
42936	1439430	
42936	1439431	
42936	1439432	
42936	1439433	
42936	1439434	
42936	1439435	
42936	1439436	
42936	1439437	
42936	1439438	
42936	1439439	
42936	1439440	
42936	1439441	
42936	1439442	
42936	1439443	
42936	1439444	
42936	1439445	
42936	1439446	
42936	1439447	
42936	1439448	
42936	1439449	
42936	1439450	
42936	1439451	
42936	1439452	
42936	1439453	
42936	1439454	
42936	1439455	
42936	1439456	
42936	1439457	
42936	1439458	
42936	1439459	
42936	1439460	
42936	1439461	
42936	1439462	
42936	1439463	
42936	1439464	
42936	1439465	
42936	1439466	
42936	1439467	
42936	2114153	
42938	353804	
42950	1443429	
42965	353804	
42965	1158436	
42967	1158436	
43030	1439387	
43040	1054931	
43073	353804	
43098	353804	
43133	1025086	
43133	1158436	
43163	1054931	
43192	1443429	
43206	1003889	
43208	371705	
43232	353804	
43232	1025086	
43283	353804	
43295	353804	
43313	1059670	
43326	1054931	
43354	1054931	
43357	1627995	
43358	1003883	
43358	1639947	
43367	353804	
43394	1643989	
43395	353804	
43430	1319133	
43432	1054931	
43432	1438845	
43444	1791130	
43457	1702943	
43458	353804	
43471	1054931	
43506	353804	
43510	353804	
43517	1443429	
43525	1666641	
43525	1667089	
43525	1668560	
43528	353804	
43529	1443429	
43550	1158436	
43563	353804	
43600	1736833	
43608	1158436	
43646	1057720	
43662	353804	
43665	1269491	
43665	1438752	
43712	1025086	
43718	1443429	
43728	1783472	
43732	1719280	
43805	353804	
43811	353804	
43822	353804	
43837	1788050	
43843	353804	
43889	1821751	
43899	353804	
43899	1158436	
43953	1668560	
44023	353804	
44039	1025086	
44052	1158436	
44052	1187241	
44052	1874205	
44149	1025086	
44157	1443429	
44188	1054931	
52508	371705	
52513	371705	
52515	371705	
52520	371705	
52521	371705	
74797	2380342	
71930	1319133	
103714	2748600	
103721	2740432	
103737	1439072	
116298	1003883	
124406	864278	
137708	1438832	
137708	2929325	
145219	353804	
166245	2748600	
166297	1385503	
173564	1108907	
173871	864278	
178624	353804	
178624	1443429	
185348	1070259	
183328	1025086	
182233	353804	
194421	1385503	
195483	1025086	
195579	1791130	
195648	1070259	
195648	1438845	
195727	371705	
211004	1003889	
224102	1439196	
224115	1003821	
226903	1108907	
229459	1702943	
229481	1070259	
229600	1385520	
229600	1385742	
229600	1667089	
229600	1668560	
229600	2380342	
229710	1059670	
229785	1003889	
229877	1443429	
229878	1269491	
229974	1385503	
229974	1385520	
229974	1439346	
230045	1269491	
230049	353804	
230084	1059670	
230107	1821751	
248086	1059670	
248702	1003883	
248801	1439400	
248928	1003731	
248937	1158436	
248956	1355519	
249087	1158436	
249300	1627995	
249436	1158436	
249489	1439272	
249513	371705	
249595	353804	
250700	1666641	
295910	1438885	
306906	1443429	
307138	1187241	
307320	1070259	
307338	353804	
307338	1158436	
307338	1667089	
307343	353804	
307348	353804	
307454	1158436	
307496	353804	
307520	353804	
307585	1443429	
325558	1158436	
346752	353804	
346760	1392719	
346762	1235267	
346778	371705	
346782	353804	
350769	1003779	
350769	1439368	
351586	371705	
353286	371705	
353708	353804	
353804	353885	
353804	353978	
353804	354053	
353804	354094	
353804	354143	
353804	354151	
353804	354158	
353804	354173	
353804	354230	
353804	354272	
353804	354328	
353804	354396	
353804	354499	
353804	354513	
353804	354551	
353804	354594	
353804	354670	
353804	354705	
353804	354747	
353804	354748	
353804	354760	
353804	354854	
353804	354858	
353804	354909	
353804	354954	
353804	354978	
353804	355202	
353804	355397	
353804	355524	
353804	355566	
353804	355645	
353804	355739	
353804	355772	
353804	355797	
353804	356232	
353804	356431	
353804	356479	
353804	356584	
353804	356686	
353804	356867	
353804	356892	
353804	357148	
353804	357219	
353804	357456	
353804	357524	
353804	357742	
353804	357797	
353804	357858	
353804	357879	
353804	357888	
353804	358082	
353804	358137	
353804	358543	
353804	358663	
353804	358758	
353804	358834	
353804	358986	
353804	358993	
353804	359012	
353804	359072	
353804	359299	
353804	359359	
353804	359480	
353804	359599	
353804	359747	
353804	359869	
353804	359924	
353804	360071	
353804	360128	
353804	360163	
353804	360180	
353804	360183	
353804	360356	
353804	360437	
353804	360493	
353804	360611	
353804	360615	
353804	360708	
353804	360717	
353804	360862	
353804	360924	
353804	360977	
353804	361338	
353804	361475	
353804	361479	
353804	361489	
353804	361556	
353804	361574	
353804	361591	
353804	361608	
353804	361969	
353804	362009	
353804	362151	
353804	362159	
353804	362303	
353804	362329	
353804	362452	
353804	362560	
353804	362589	
353804	362603	
353804	362824	
353804	362938	
353804	362962	
353804	363044	
353804	363116	
353804	363195	
353804	363253	
353804	363277	
353804	363440	
353804	363511	
353804	363597	
353804	363660	
353804	363840	
353804	363901	
353804	363937	
353804	364081	
353804	364140	
353804	364160	
353804	364201	
353804	364679	
353804	364692	
353804	364799	
353804	365062	
353804	377307	
353804	377524	
353804	446431	
353804	453387	
353804	461147	
353804	461361	
353804	464588	
353804	464667	
353804	464762	
353804	465046	
353804	467160	
353804	470272	
353804	470646	
353804	471580	
353804	471899	
353804	471949	
353804	473850	
353804	474084	
353804	534193	
353804	557626	
353804	557817	
353804	601071	
353804	638679	
353804	662196	
353804	664135	
353804	678657	
353804	681294	
353804	714701	
353804	717320	
353804	722640	
353804	722776	
353804	726434	
353804	729013	
353804	733661	
353804	734884	
353804	779206	
353804	779666	
353804	796201	
353804	799749	
353804	828619	
353804	837743	
353804	889955	
353804	918099	
353804	941213	
353804	964030	
353804	976539	
353804	987776	
353804	987819	
353804	987851	
353804	987852	
353804	987861	
353804	987911	
353804	987935	
353804	987990	
353804	988057	
353804	988109	
353804	988201	
353804	988244	
353804	989138	
353804	989362	
353804	989365	
353804	989392	
353804	990458	
353804	990862	
353804	990963	
353804	991091	
353804	991123	
353804	991214	
353804	991369	
353804	991472	
353804	991630	
353804	991652	
353804	991831	
353804	991834	
353804	992858	
353804	994591	
353804	994708	
353804	994777	
353804	994867	
353804	994897	
353804	994931	
353804	994933	
353804	997581	
353804	997624	
353804	997742	
353804	997922	
353804	998061	
353804	998285	
353804	998317	
353804	998428	
353804	998438	
353804	998476	
353804	998509	
353804	998586	
353804	998589	
353804	998590	
353804	998595	
353804	998628	
353804	998640	
353804	998650	
353804	998779	
353804	998810	
353804	998868	
353804	999461	
353804	999593	
353804	999881	
353804	1000489	
353804	1000735	
353804	1000838	
353804	1000868	
353804	1001246	
353804	1001321	
353804	1002179	
353804	1002184	
353804	1002189	
353804	1002201	
353804	1002208	
353804	1002229	
353804	1002242	
353804	1002246	
353804	1002251	
353804	1002301	
353804	1002333	
353804	1002381	
353804	1002382	
353804	1002404	
353804	1002409	
353804	1002410	
353804	1002412	
353804	1002425	
353804	1002429	
353804	1002446	
353804	1002461	
353804	1002470	
353804	1002476	
353804	1002482	
353804	1002496	
353804	1002503	
353804	1002734	
353804	1003635	
353804	1003661	
353804	1004185	
353804	1004212	
353804	1004224	
353804	1004248	
353804	1004260	
353804	1004290	
353804	1004336	
353804	1004381	
353804	1004440	
353804	1004477	
353804	1004566	
353804	1004651	
353804	1004696	
353804	1004706	
353804	1004757	
353804	1004965	
353804	1004993	
353804	1005045	
353804	1005090	
353804	1005144	
353804	1005195	
353804	1005204	
353804	1005214	
353804	1005242	
353804	1005244	
353804	1005339	
353804	1005370	
353804	1005400	
353804	1005459	
353804	1005516	
353804	1006175	
353804	1006499	
353804	1006513	
353804	1006529	
353804	1007282	
353804	1008350	
353804	1008444	
353804	1008515	
353804	1008732	
353804	1009142	
353804	1009144	
353804	1009411	
353804	1009592	
353804	1009640	
353804	1009983	
353804	1010363	
353804	1010488	
353804	1010516	
353804	1010523	
353804	1010762	
353804	1011288	
353804	1011542	
353804	1011550	
353804	1011620	
353804	1012687	
353804	1012882	
353804	1012883	
353804	1013373	
353804	1013383	
353804	1013405	
353804	1013479	
353804	1013486	
353804	1013541	
353804	1013543	
353804	1013562	
353804	1013579	
353804	1013584	
353804	1013591	
353804	1013601	
353804	1013615	
353804	1013619	
353804	1013644	
353804	1013698	
353804	1013744	
353804	1013764	
353804	1013829	
353804	1013841	
353804	1013857	
353804	1013928	
353804	1013986	
353804	1013994	
353804	1014015	
353804	1014078	
353804	1014122	
353804	1014165	
353804	1014168	
353804	1014195	
353804	1014220	
353804	1014280	
353804	1014407	
353804	1014459	
353804	1014478	
353804	1014530	
353804	1014578	
353804	1014718	
353804	1015284	
353804	1015295	
353804	1015495	
353804	1015518	
353804	1015554	
353804	1015625	
353804	1015644	
353804	1015789	
353804	1015858	
353804	1015945	
353804	1016056	
353804	1016118	
353804	1016205	
353804	1016351	
353804	1016468	
353804	1016478	
353804	1017257	
353804	1017753	
353804	1018043	
353804	1018217	
353804	1018541	
353804	1018590	
353804	1018762	
353804	1018882	
353804	1018929	
353804	1018944	
353804	1018964	
353804	1018979	
353804	1019021	
353804	1019037	
353804	1019038	
353804	1019063	
353804	1019064	
353804	1019156	
353804	1019209	
353804	1019251	
353804	1019294	
353804	1019324	
353804	1019331	
353804	1019365	
353804	1019388	
353804	1019438	
353804	1019467	
353804	1019481	
353804	1019522	
353804	1019599	
353804	1019718	
353804	1019843	
353804	1019979	
353804	1020108	
353804	1020147	
353804	1020155	
353804	1020174	
353804	1020310	
353804	1020360	
353804	1020364	
353804	1020435	
353804	1020530	
353804	1020599	
353804	1020664	
353804	1020924	
353804	1020952	
353804	1021009	
353804	1021049	
353804	1021061	
353804	1021071	
353804	1021089	
353804	1021124	
353804	1021218	
353804	1021223	
353804	1021227	
353804	1021355	
353804	1021443	
353804	1021493	
353804	1021614	
353804	1021738	
353804	1021863	
353804	1021988	
353804	1021993	
353804	1022039	
353804	1022045	
353804	1022085	
353804	1022094	
353804	1022129	
353804	1022589	
353804	1022602	
353804	1023070	
353804	1023317	
353804	1023399	
353804	1023521	
353804	1023548	
353804	1023590	
353804	1023594	
353804	1023617	
353804	1023640	
353804	1023702	
353804	1023710	
353804	1023718	
353804	1023735	
353804	1023811	
353804	1023829	
353804	1023851	
353804	1023956	
353804	1023958	
353804	1024025	
353804	1024028	
353804	1024044	
353804	1024049	
353804	1024080	
353804	1024104	
353804	1024173	
353804	1024209	
353804	1024300	
353804	1024312	
353804	1026280	
353804	1026635	
353804	1027638	
353804	1029244	
353804	1029324	
353804	1029490	
353804	1029823	
353804	1029847	
353804	1031457	
353804	1031692	
353804	1032284	
353804	1032366	
353804	1032879	
353804	1033057	
353804	1033223	
353804	1033228	
353804	1033258	
353804	1033755	
353804	1034808	
353804	1034882	
353804	1034946	
353804	1035035	
353804	1035247	
353804	1035419	
353804	1035422	
353804	1035636	
353804	1035781	
353804	1036415	
353804	1037206	
353804	1037252	
353804	1037255	
353804	1037267	
353804	1037287	
353804	1037303	
353804	1037305	
353804	1037380	
353804	1037400	
353804	1037432	
353804	1037641	
353804	1038133	
353804	1038150	
353804	1038522	
353804	1038754	
353804	1038826	
353804	1039219	
353804	1039375	
353804	1039410	
353804	1039485	
353804	1039897	
353804	1039922	
353804	1040024	
353804	1040557	
353804	1040879	
353804	1041239	
353804	1041410	
353804	1041630	
353804	1041840	
353804	1041854	
353804	1041999	
353804	1042221	
353804	1042249	
353804	1042256	
353804	1042263	
353804	1042750	
353804	1042950	
353804	1042959	
353804	1042972	
353804	1043069	
353804	1043088	
353804	1043135	
353804	1043193	
353804	1043215	
353804	1043235	
353804	1043237	
353804	1043274	
353804	1043363	
353804	1043368	
353804	1043372	
353804	1043386	
353804	1043397	
353804	1043546	
353804	1043671	
353804	1043708	
353804	1043767	
353804	1043894	
353804	1043953	
353804	1043993	
353804	1044070	
353804	1044123	
353804	1044338	
353804	1045055	
353804	1045137	
353804	1045245	
353804	1045691	
353804	1045810	
353804	1045813	
353804	1045916	
353804	1045928	
353804	1045949	
353804	1046823	
353804	1046846	
353804	1047515	
353804	1047657	
353804	1048101	
353804	1048119	
353804	1048382	
353804	1048582	
353804	1048593	
353804	1048731	
353804	1049012	
353804	1049034	
353804	1049107	
353804	1049399	
353804	1049577	
353804	1049649	
353804	1049859	
353804	1050044	
353804	1050252	
353804	1050257	
353804	1050908	
353804	1050940	
353804	1051238	
353804	1052192	
353804	1052460	
353804	1052694	
353804	1052716	
353804	1052961	
353804	1053494	
353804	1053540	
353804	1053659	
353804	1053719	
353804	1054214	
353804	1054369	
353804	1054416	
353804	1054613	
353804	1054857	
353804	1054899	
353804	1055038	
353804	1055044	
353804	1055445	
353804	1055491	
353804	1055643	
353804	1055996	
353804	1056059	
353804	1056318	
353804	1056345	
353804	1056615	
353804	1056806	
353804	1056861	
353804	1057123	
353804	1057852	
353804	1057949	
353804	1057987	
353804	1058171	
353804	1058468	
353804	1059069	
353804	1059151	
353804	1059799	
353804	1060067	
353804	1060913	
353804	1061395	
353804	1061711	
353804	1061928	
353804	1061937	
353804	1062201	
353804	1062222	
353804	1062351	
353804	1063560	
353804	1063724	
353804	1065291	
353804	1065579	
353804	1066499	
353804	1066869	
353804	1067013	
353804	1067085	
353804	1067189	
353804	1067272	
353804	1067273	
353804	1067423	
353804	1067507	
353804	1067588	
353804	1067812	
353804	1068099	
353804	1068327	
353804	1068837	
353804	1069069	
353804	1069120	
353804	1069978	
353804	1070186	
353804	1070248	
353804	1070259	
353804	1070281	
353804	1070298	
353804	1070408	
353804	1070419	
353804	1070447	
353804	1070461	
353804	1070474	
353804	1070477	
353804	1070496	
353804	1070603	
353804	1070612	
353804	1070618	
353804	1070635	
353804	1070638	
353804	1070642	
353804	1070646	
353804	1070658	
353804	1070670	
353804	1070697	
353804	1070699	
353804	1070710	
353804	1070715	
353804	1070721	
353804	1070777	
353804	1070792	
353804	1070849	
353804	1070850	
353804	1070877	
353804	1070934	
353804	1070973	
353804	1071013	
353804	1071049	
353804	1071061	
353804	1071073	
353804	1071096	
353804	1071099	
353804	1071122	
353804	1071127	
353804	1071186	
353804	1071188	
353804	1071205	
353804	1071337	
353804	1071350	
353804	1071383	
353804	1071398	
353804	1071426	
353804	1071506	
353804	1071563	
353804	1071583	
353804	1071598	
353804	1071647	
353804	1071665	
353804	1071685	
353804	1071697	
353804	1071751	
353804	1071761	
353804	1071796	
353804	1071809	
353804	1071874	
353804	1071885	
353804	1071949	
353804	1072864	
353804	1073037	
353804	1073181	
353804	1073199	
353804	1074878	
353804	1075281	
353804	1075375	
353804	1075631	
353804	1075855	
353804	1076054	
353804	1076075	
353804	1076146	
353804	1076153	
353804	1076163	
353804	1076202	
353804	1076221	
353804	1076268	
353804	1076331	
353804	1076456	
353804	1076560	
353804	1076870	
353804	1076935	
353804	1076974	
353804	1076977	
353804	1077610	
353804	1077658	
353804	1077683	
353804	1077712	
353804	1077730	
353804	1077830	
353804	1077838	
353804	1077920	
353804	1078226	
353804	1078302	
353804	1078439	
353804	1078924	
353804	1078936	
353804	1079545	
353804	1082842	
353804	1083502	
353804	1083588	
353804	1083776	
353804	1084133	
353804	1084924	
353804	1085081	
353804	1085586	
353804	1085944	
353804	1085978	
353804	1086014	
353804	1086108	
353804	1086526	
353804	1088453	
353804	1088735	
353804	1090296	
353804	1090879	
353804	1090881	
353804	1090908	
353804	1090934	
353804	1090976	
353804	1090989	
353804	1091005	
353804	1091031	
353804	1091075	
353804	1091133	
353804	1091160	
353804	1091290	
353804	1091352	
353804	1091478	
353804	1091498	
353804	1091510	
353804	1091566	
353804	1091673	
353804	1093728	
353804	1094360	
353804	1094627	
353804	1094953	
353804	1094967	
353804	1095099	
353804	1096913	
353804	1097796	
353804	1098507	
353804	1100371	
353804	1100862	
353804	1101462	
353804	1101923	
353804	1101974	
353804	1102006	
353804	1102070	
353804	1103711	
353804	1103890	
353804	1104637	
353804	1104988	
353804	1105248	
353804	1105598	
353804	1105747	
353804	1105752	
353804	1105781	
353804	1105831	
353804	1105838	
353804	1106175	
353804	1106390	
353804	1106403	
353804	1106431	
353804	1106443	
353804	1106478	
353804	1106483	
353804	1106563	
353804	1106568	
353804	1106603	
353804	1106651	
353804	1106670	
353804	1106705	
353804	1106714	
353804	1106777	
353804	1106805	
353804	1106837	
353804	1106897	
353804	1106985	
353804	1107130	
353804	1107268	
353804	1107609	
353804	1107693	
353804	1109101	
353804	1109435	
353804	1109590	
353804	1109753	
353804	1109967	
353804	1110033	
353804	1110058	
353804	1110082	
353804	1110166	
353804	1110316	
353804	1110855	
353804	1111169	
353804	1111242	
353804	1111253	
353804	1111271	
353804	1111292	
353804	1111298	
353804	1111322	
353804	1111393	
353804	1111400	
353804	1111432	
353804	1111433	
353804	1111444	
353804	1111447	
353804	1111458	
353804	1111579	
353804	1111605	
353804	1111610	
353804	1111633	
353804	1111648	
353804	1111685	
353804	1111721	
353804	1111748	
353804	1111753	
353804	1111768	
353804	1111771	
353804	1111792	
353804	1111863	
353804	1111881	
353804	1111931	
353804	1111941	
353804	1111943	
353804	1111970	
353804	1112001	
353804	1112028	
353804	1112034	
353804	1112036	
353804	1112047	
353804	1112083	
353804	1112121	
353804	1112145	
353804	1112195	
353804	1112200	
353804	1112238	
353804	1112247	
353804	1112263	
353804	1112289	
353804	1112298	
353804	1112411	
353804	1112488	
353804	1112505	
353804	1112523	
353804	1112560	
353804	1112571	
353804	1112587	
353804	1112594	
353804	1112646	
353804	1112759	
353804	1112778	
353804	1112797	
353804	1112836	
353804	1112924	
353804	1112969	
353804	1112994	
353804	1113004	
353804	1113015	
353804	1113024	
353804	1113033	
353804	1113048	
353804	1113093	
353804	1113116	
353804	1113140	
353804	1113363	
353804	1115023	
353804	1115705	
353804	1115850	
353804	1116080	
353804	1116131	
353804	1116241	
353804	1116370	
353804	1116603	
353804	1116631	
353804	1116730	
353804	1116770	
353804	1117745	
353804	1118064	
353804	1118203	
353804	1118320	
353804	1118375	
353804	1118395	
353804	1118422	
353804	1118471	
353804	1118487	
353804	1118527	
353804	1118581	
353804	1118597	
353804	1118692	
353804	1118699	
353804	1118703	
353804	1118718	
353804	1118737	
353804	1118749	
353804	1118794	
353804	1118824	
353804	1118843	
353804	1119455	
353804	1120251	
353804	1120582	
353804	1120620	
353804	1120623	
353804	1120698	
353804	1120712	
353804	1120747	
353804	1120831	
353804	1120879	
353804	1120932	
353804	1120993	
353804	1120995	
353804	1121026	
353804	1121031	
353804	1121040	
353804	1121063	
353804	1121136	
353804	1121162	
353804	1121169	
353804	1121174	
353804	1121334	
353804	1121335	
353804	1121427	
353804	1121591	
353804	1121707	
353804	1121884	
353804	1123209	
353804	1123941	
353804	1124049	
353804	1124497	
353804	1124866	
353804	1125046	
353804	1125246	
353804	1125248	
353804	1125331	
353804	1125438	
353804	1125804	
353804	1125867	
353804	1125930	
353804	1126138	
353804	1126170	
353804	1126468	
353804	1126831	
353804	1127143	
353804	1127523	
353804	1127962	
353804	1128046	
353804	1128362	
353804	1129248	
353804	1130687	
353804	1133134	
353804	1133745	
353804	1133794	
353804	1136048	
353804	1136944	
353804	1136948	
353804	1137050	
353804	1137073	
353804	1137077	
353804	1137088	
353804	1137102	
353804	1137113	
353804	1137121	
353804	1137212	
353804	1137285	
353804	1137298	
353804	1137318	
353804	1137342	
353804	1137371	
353804	1137416	
353804	1137492	
353804	1140646	
353804	1141946	
353804	1142019	
353804	1142422	
353804	1142724	
353804	1142740	
353804	1143039	
353804	1143156	
353804	1143378	
353804	1143468	
353804	1143469	
353804	1143487	
353804	1143751	
353804	1143866	
353804	1143889	
353804	1144216	
353804	1144347	
353804	1144640	
353804	1144857	
353804	1145331	
353804	1145586	
353804	1146010	
353804	1146083	
353804	1146198	
353804	1146232	
353804	1146521	
353804	1146607	
353804	1146755	
353804	1147104	
353804	1147209	
353804	1147319	
353804	1147342	
353804	1147377	
353804	1147391	
353804	1147652	
353804	1147669	
353804	1147722	
353804	1147772	
353804	1147814	
353804	1147865	
353804	1147917	
353804	1147961	
353804	1148051	
353804	1148361	
353804	1148572	
353804	1148585	
353804	1148774	
353804	1149025	
353804	1149051	
353804	1149131	
353804	1149374	
353804	1149649	
353804	1149688	
353804	1149739	
353804	1150148	
353804	1150345	
353804	1150453	
353804	1150531	
353804	1150614	
353804	1150619	
353804	1150622	
353804	1150629	
353804	1150685	
353804	1150688	
353804	1150705	
353804	1150707	
353804	1150776	
353804	1151111	
353804	1151161	
353804	1151269	
353804	1151273	
353804	1151571	
353804	1151662	
353804	1151671	
353804	1151714	
353804	1151807	
353804	1151828	
353804	1151851	
353804	1151868	
353804	1151984	
353804	1152019	
353804	1152059	
353804	1152181	
353804	1152500	
353804	1153051	
353804	1153139	
353804	1153168	
353804	1153230	
353804	1155649	
353804	1155899	
353804	1156288	
353804	1156503	
353804	1156581	
353804	1156768	
353804	1157724	
353804	1158087	
353804	1159793	
353804	1160105	
353804	1160282	
353804	1160379	
353804	1160607	
353804	1162142	
353804	1162156	
353804	1162325	
353804	1162478	
353804	1162493	
353804	1162887	
353804	1163037	
353804	1163064	
353804	1163676	
353804	1163715	
353804	1163875	
353804	1164057	
353804	1164230	
353804	1164302	
353804	1164316	
353804	1164395	
353804	1164419	
353804	1164514	
353804	1164608	
353804	1164627	
353804	1164667	
353804	1164707	
353804	1164729	
353804	1164730	
353804	1164747	
353804	1164751	
353804	1164780	
353804	1164814	
353804	1164818	
353804	1164839	
353804	1164860	
353804	1164869	
353804	1164890	
353804	1164968	
353804	1164975	
353804	1165025	
353804	1165041	
353804	1165085	
353804	1165106	
353804	1165149	
353804	1165179	
353804	1165196	
353804	1165219	
353804	1165285	
353804	1165326	
353804	1165402	
353804	1165453	
353804	1165482	
353804	1165521	
353804	1165589	
353804	1165607	
353804	1165686	
353804	1165718	
353804	1165821	
353804	1165822	
353804	1165901	
353804	1165948	
353804	1166101	
353804	1166135	
353804	1166139	
353804	1166240	
353804	1166253	
353804	1166291	
353804	1166476	
353804	1166528	
353804	1166586	
353804	1166943	
353804	1166948	
353804	1167262	
353804	1167286	
353804	1167325	
353804	1167425	
353804	1167430	
353804	1167453	
353804	1167568	
353804	1167587	
353804	1167727	
353804	1167818	
353804	1167828	
353804	1167927	
353804	1167931	
353804	1167938	
353804	1169041	
353804	1169501	
353804	1170533	
353804	1172007	
353804	1172119	
353804	1172218	
353804	1172524	
353804	1172531	
353804	1172533	
353804	1172553	
353804	1172557	
353804	1172569	
353804	1172603	
353804	1172605	
353804	1172856	
353804	1173308	
353804	1173766	
353804	1174651	
353804	1175410	
353804	1175640	
353804	1175671	
353804	1175752	
353804	1176743	
353804	1180585	
353804	1181078	
353804	1182349	
353804	1182406	
353804	1182504	
353804	1182531	
353804	1182579	
353804	1182617	
353804	1182663	
353804	1182673	
353804	1182715	
353804	1182839	
353804	1182845	
353804	1183102	
353804	1184617	
353804	1185356	
353804	1185369	
353804	1185436	
353804	1185473	
353804	1185499	
353804	1185502	
353804	1185513	
353804	1185556	
353804	1185678	
353804	1185689	
353804	1185695	
353804	1185743	
353804	1185748	
353804	1185834	
353804	1185875	
353804	1185885	
353804	1186119	
353804	1186985	
353804	1190021	
353804	1190056	
353804	1190387	
353804	1190560	
353804	1190862	
353804	1191258	
353804	1191467	
353804	1191586	
353804	1191601	
353804	1191652	
353804	1191788	
353804	1192405	
353804	1192460	
353804	1192705	
353804	1193314	
353804	1194323	
353804	1195107	
353804	1203802	
353804	1203826	
353804	1210305	
353804	1211757	
353804	1211966	
353804	1212522	
353804	1212787	
353804	1213455	
353804	1213468	
353804	1213477	
353804	1213495	
353804	1213497	
353804	1213608	
353804	1213627	
353804	1213693	
353804	1213899	
353804	1214222	
353804	1214471	
353804	1214584	
353804	1214743	
353804	1215175	
353804	1215759	
353804	1217306	
353804	1217373	
353804	1217568	
353804	1217712	
353804	1217747	
353804	1218121	
353804	1218559	
353804	1218829	
353804	1218941	
353804	1219288	
353804	1221112	
353804	1221432	
353804	1221451	
353804	1221970	
353804	1223007	
353804	1223154	
353804	1223176	
353804	1223193	
353804	1223210	
353804	1223275	
353804	1223371	
353804	1223373	
353804	1223397	
353804	1223425	
353804	1223438	
353804	1223475	
353804	1223494	
353804	1223513	
353804	1223520	
353804	1223585	
353804	1223667	
353804	1223779	
353804	1223856	
353804	1223861	
353804	1224076	
353804	1224123	
353804	1224269	
353804	1224324	
353804	1224391	
353804	1224466	
353804	1227105	
353804	1227796	
353804	1228209	
353804	1228665	
353804	1228727	
353804	1229997	
353804	1230792	
353804	1230901	
353804	1231121	
353804	1231132	
353804	1231445	
353804	1232993	
353804	1235405	
353804	1235452	
353804	1235574	
353804	1237782	
353804	1238624	
353804	1238715	
353804	1239033	
353804	1239562	
353804	1239580	
353804	1239583	
353804	1239782	
353804	1239866	
353804	1239972	
353804	1239973	
353804	1239993	
353804	1240036	
353804	1240048	
353804	1240074	
353804	1240139	
353804	1240166	
353804	1240176	
353804	1240402	
353804	1240444	
353804	1240481	
353804	1240539	
353804	1240552	
353804	1240603	
353804	1240698	
353804	1240748	
353804	1240839	
353804	1240884	
353804	1240984	
353804	1241202	
353804	1241277	
353804	1241284	
353804	1241325	
353804	1241326	
353804	1241346	
353804	1241374	
353804	1241455	
353804	1241471	
353804	1241537	
353804	1241583	
353804	1241709	
353804	1241760	
353804	1241840	
353804	1241887	
353804	1242071	
353804	1242135	
353804	1242410	
353804	1242456	
353804	1242487	
353804	1242625	
353804	1242648	
353804	1242664	
353804	1242699	
353804	1242749	
353804	1242866	
353804	1242911	
353804	1243060	
353804	1243167	
353804	1243340	
353804	1243347	
353804	1243376	
353804	1243402	
353804	1243453	
353804	1243496	
353804	1243533	
353804	1243574	
353804	1243714	
353804	1243790	
353804	1243844	
353804	1243864	
353804	1243964	
353804	1244020	
353804	1244455	
353804	1244465	
353804	1244485	
353804	1245695	
353804	1245975	
353804	1246053	
353804	1246080	
353804	1246252	
353804	1246549	
353804	1247048	
353804	1248001	
353804	1248070	
353804	1249261	
353804	1249416	
353804	1249724	
353804	1250018	
353804	1250121	
353804	1250190	
353804	1251285	
353804	1251757	
353804	1253188	
353804	1253379	
353804	1253435	
353804	1254729	
353804	1255085	
353804	1255242	
353804	1255892	
353804	1256086	
353804	1257147	
353804	1257371	
353804	1257527	
353804	1258089	
353804	1258115	
353804	1258234	
353804	1258887	
353804	1258892	
353804	1259042	
353804	1259386	
353804	1259464	
353804	1259619	
353804	1259629	
353804	1260049	
353804	1260268	
353804	1260564	
353804	1260960	
353804	1261084	
353804	1261215	
353804	1261218	
353804	1261253	
353804	1261779	
353804	1261794	
353804	1261961	
353804	1261966	
353804	1263630	
353804	1263839	
353804	1264047	
353804	1264110	
353804	1264164	
353804	1264373	
353804	1265463	
353804	1265775	
353804	1266213	
353804	1266269	
353804	1266455	
353804	1266573	
353804	1266857	
353804	1266890	
353804	1267419	
353804	1267440	
353804	1267496	
353804	1267646	
353804	1267694	
353804	1268123	
353804	1268241	
353804	1269963	
353804	1270345	
353804	1270407	
353804	1270686	
353804	1270745	
353804	1270796	
353804	1270817	
353804	1270857	
353804	1270919	
353804	1270922	
353804	1271336	
353804	1271648	
353804	1271868	
353804	1274354	
353804	1274596	
353804	1275871	
353804	1279145	
353804	1280379	
353804	1281238	
353804	1284238	
353804	1284456	
353804	1285221	
353804	1285655	
353804	1286780	
353804	1286854	
353804	1286928	
353804	1286947	
353804	1287017	
353804	1287031	
353804	1287062	
353804	1287109	
353804	1287170	
353804	1287305	
353804	1287428	
353804	1287653	
353804	1287697	
353804	1287766	
353804	1287818	
353804	1288958	
353804	1288989	
353804	1288994	
353804	1289955	
353804	1289964	
353804	1290413	
353804	1290450	
353804	1290645	
353804	1290722	
353804	1290911	
353804	1293067	
353804	1293235	
353804	1295762	
353804	1296174	
353804	1297975	
353804	1298105	
353804	1298176	
353804	1298457	
353804	1298568	
353804	1298654	
353804	1298879	
353804	1299169	
353804	1299203	
353804	1299347	
353804	1299428	
353804	1299770	
353804	1299831	
353804	1299898	
353804	1300025	
353804	1300540	
353804	1300564	
353804	1300647	
353804	1300819	
353804	1301318	
353804	1301382	
353804	1301620	
353804	1301998	
353804	1302199	
353804	1302418	
353804	1302853	
353804	1303498	
353804	1303582	
353804	1303668	
353804	1303931	
353804	1304093	
353804	1304220	
353804	1304929	
353804	1305200	
353804	1305760	
353804	1305824	
353804	1306422	
353804	1308797	
353804	1309131	
353804	1309963	
353804	1311828	
353804	1312057	
353804	1312297	
353804	1312589	
353804	1312988	
353804	1313092	
353804	1313344	
353804	1313825	
353804	1313928	
353804	1313941	
353804	1314179	
353804	1314283	
353804	1314386	
353804	1314565	
353804	1314728	
353804	1314801	
353804	1315388	
353804	1315874	
353804	1316000	
353804	1316080	
353804	1317193	
353804	1317208	
353804	1317793	
353804	1317959	
353804	1318338	
353804	1318703	
353804	1318970	
353804	1319216	
353804	1319220	
353804	1319230	
353804	1319423	
353804	1319807	
353804	1320116	
353804	1321248	
353804	1321592	
353804	1321968	
353804	1322133	
353804	1322362	
353804	1322955	
353804	1323081	
353804	1323182	
353804	1323379	
353804	1323411	
353804	1323448	
353804	1323479	
353804	1323995	
353804	1324247	
353804	1324448	
353804	1324537	
353804	1324545	
353804	1325151	
353804	1325239	
353804	1325310	
353804	1325488	
353804	1325818	
353804	1327212	
353804	1327264	
353804	1327265	
353804	1327321	
353804	1327468	
353804	1327527	
353804	1327564	
353804	1327617	
353804	1327707	
353804	1327801	
353804	1327813	
353804	1327862	
353804	1327890	
353804	1330241	
353804	1330357	
353804	1330942	
353804	1332119	
353804	1332693	
353804	1334370	
353804	1336507	
353804	1337877	
353804	1337902	
353804	1337996	
353804	1338041	
353804	1338060	
353804	1338085	
353804	1339454	
353804	1339692	
353804	1340744	
353804	1340764	
353804	1345132	
353804	1346523	
353804	1347809	
353804	1347879	
353804	1349003	
353804	1349016	
353804	1349187	
353804	1349268	
353804	1349512	
353804	1349703	
353804	1350487	
353804	1351518	
353804	1353173	
353804	1353410	
353804	1353613	
353804	1353962	
353804	1354488	
353804	1355575	
353804	1355777	
353804	1356459	
353804	1356535	
353804	1356599	
353804	1356601	
353804	1356791	
353804	1357244	
353804	1357297	
353804	1357471	
353804	1357531	
353804	1359294	
353804	1362650	
353804	1362999	
353804	1364271	
353804	1366204	
353804	1368684	
353804	1372700	
353804	1375406	
353804	1376848	
353804	1377563	
353804	1378039	
353804	1379401	
353804	1380256	
353804	1380295	
353804	1380351	
353804	1380366	
353804	1380387	
353804	1381187	
353804	1383323	
353804	1383982	
353804	1384061	
353804	1384451	
353804	1384577	
353804	1384659	
353804	1384693	
353804	1384695	
353804	1384709	
353804	1385306	
353804	1385703	
353804	1385802	
353804	1386248	
353804	1388051	
353804	1388102	
353804	1388207	
353804	1388370	
353804	1388434	
353804	1388435	
353804	1388748	
353804	1388848	
353804	1389763	
353804	1390144	
353804	1391575	
353804	1391591	
353804	1392405	
353804	1392480	
353804	1392531	
353804	1392944	
353804	1393082	
353804	1393255	
353804	1393289	
353804	1393331	
353804	1393500	
353804	1393558	
353804	1393610	
353804	1393700	
353804	1393735	
353804	1394246	
353804	1394398	
353804	1394996	
353804	1395999	
353804	1396191	
353804	1396478	
353804	1397198	
353804	1397345	
353804	1397547	
353804	1398027	
353804	1398111	
353804	1398310	
353804	1398588	
353804	1398608	
353804	1398620	
353804	1398983	
353804	1398990	
353804	1399021	
353804	1400513	
353804	1401084	
353804	1401148	
353804	1401172	
353804	1401234	
353804	1401312	
353804	1401314	
353804	1401355	
353804	1401405	
353804	1401597	
353804	1401598	
353804	1401695	
353804	1401714	
353804	1401826	
353804	1401938	
353804	1402021	
353804	1402049	
353804	1402086	
353804	1402114	
353804	1402120	
353804	1402972	
353804	1403105	
353804	1403160	
353804	1403714	
353804	1403845	
353804	1403862	
353804	1404162	
353804	1405791	
353804	1405823	
353804	1407033	
353804	1407846	
353804	1408125	
353804	1408141	
353804	1409408	
353804	1409868	
353804	1410088	
353804	1414765	
353804	1415961	
353804	1416578	
353804	1417451	
353804	1419786	
353804	1419858	
353804	1420073	
353804	1421006	
353804	1423189	
353804	1423494	
353804	1423840	
353804	1424142	
353804	1424173	
353804	1424208	
353804	1424289	
353804	1424317	
353804	1424814	
353804	1425243	
353804	1426072	
353804	1426159	
353804	1426558	
353804	1426642	
353804	1426701	
353804	1428223	
353804	1429383	
353804	1429395	
353804	1429482	
353804	1429743	
353804	1430015	
353804	1430588	
353804	1430902	
353804	1431492	
353804	1431767	
353804	1436295	
353804	1439050	
353804	1439522	
353804	1441025	
353804	1443317	
353804	1443631	
353804	1443864	
353804	1444928	
353804	1445340	
353804	1445446	
353804	1445621	
353804	1447709	
353804	1447966	
353804	1447979	
353804	1448147	
353804	1448392	
353804	1448430	
353804	1448475	
353804	1448582	
353804	1448591	
353804	1449494	
353804	1449611	
353804	1450078	
353804	1450173	
353804	1450179	
353804	1452119	
353804	1454328	
353804	1459327	
353804	1460306	
353804	1460476	
353804	1461546	
353804	1462293	
353804	1463056	
353804	1463085	
353804	1463709	
353804	1463891	
353804	1464285	
353804	1465351	
353804	1465581	
353804	1468422	
353804	1470555	
353804	1471114	
353804	1471126	
353804	1471382	
353804	1471658	
353804	1471823	
353804	1472416	
353804	1472832	
353804	1472845	
353804	1472864	
353804	1472900	
353804	1472905	
353804	1472908	
353804	1472914	
353804	1472927	
353804	1472978	
353804	1473041	
353804	1473048	
353804	1473152	
353804	1473202	
353804	1473226	
353804	1473250	
353804	1473287	
353804	1473296	
353804	1473297	
353804	1473310	
353804	1473316	
353804	1473390	
353804	1473415	
353804	1473463	
353804	1473465	
353804	1473478	
353804	1473499	
353804	1473510	
353804	1473531	
353804	1473592	
353804	1473608	
353804	1473627	
353804	1473641	
353804	1473658	
353804	1473665	
353804	1473692	
353804	1473727	
353804	1473735	
353804	1473756	
353804	1473764	
353804	1473766	
353804	1473780	
353804	1473822	
353804	1473842	
353804	1475268	
353804	1475498	
353804	1475802	
353804	1475831	
353804	1475977	
353804	1476002	
353804	1476013	
353804	1476050	
353804	1476072	
353804	1476148	
353804	1476149	
353804	1476182	
353804	1476249	
353804	1476292	
353804	1477262	
353804	1479976	
353804	1480002	
353804	1480100	
353804	1480271	
353804	1480389	
353804	1480894	
353804	1481580	
353804	1483659	
353804	1488861	
353804	1488907	
353804	1488938	
353804	1488953	
353804	1488963	
353804	1489554	
353804	1489747	
353804	1489765	
353804	1489856	
353804	1490076	
353804	1490496	
353804	1498051	
353804	1498153	
353804	1500167	
353804	1504580	
353804	1506008	
353804	1506138	
353804	1507336	
353804	1508646	
353804	1510280	
353804	1512700	
353804	1513523	
353804	1514238	
353804	1517156	
353804	1518042	
353804	1518066	
353804	1518949	
353804	1520828	
353804	1521380	
353804	1521902	
353804	1522208	
353804	1525800	
353804	1528594	
353804	1529920	
353804	1531734	
353804	1531981	
353804	1532163	
353804	1534293	
353804	1534933	
353804	1535046	
353804	1536047	
353804	1547464	
353804	1547515	
353804	1547697	
353804	1547875	
353804	1548317	
353804	1548409	
353804	1549537	
353804	1551481	
353804	1551490	
353804	1551559	
353804	1551639	
353804	1551641	
353804	1551747	
353804	1551761	
353804	1552035	
353804	1552109	
353804	1552186	
353804	1552348	
353804	1552973	
353804	1553131	
353804	1553195	
353804	1553426	
353804	1553486	
353804	1553620	
353804	1556116	
353804	1556136	
353804	1556181	
353804	1556203	
353804	1556204	
353804	1556238	
353804	1556301	
353804	1556348	
353804	1556395	
353804	1556547	
353804	1556594	
353804	1557140	
353804	1557239	
353804	1557318	
353804	1557935	
353804	1558243	
353804	1558426	
353804	1558680	
353804	1559323	
353804	1559354	
353804	1559509	
353804	1561610	
353804	1563005	
353804	1563462	
353804	1566706	
353804	1566725	
353804	1566818	
353804	1566847	
353804	1567034	
353804	1567049	
353804	1567078	
353804	1567271	
353804	1567864	
353804	1568648	
353804	1570069	
353804	1570580	
353804	1570724	
353804	1573764	
353804	1575731	
353804	1575784	
353804	1576164	
353804	1576630	
353804	1577924	
353804	1579568	
353804	1579585	
353804	1579727	
353804	1579950	
353804	1580657	
353804	1580935	
353804	1581069	
353804	1584133	
353804	1584346	
353804	1584375	
353804	1585680	
353804	1586958	
353804	1588105	
353804	1592241	
353804	1592385	
353804	1592503	
353804	1593043	
353804	1594332	
353804	1595563	
353804	1596528	
353804	1596746	
353804	1597062	
353804	1598568	
353804	1598860	
353804	1599094	
353804	1599210	
353804	1599350	
353804	1599686	
353804	1599885	
353804	1600196	
353804	1600410	
353804	1603542	
353804	1603884	
353804	1607186	
353804	1607585	
353804	1607672	
353804	1607708	
353804	1608714	
353804	1608801	
353804	1611786	
353804	1614595	
353804	1615522	
353804	1615624	
353804	1615973	
353804	1618658	
353804	1619472	
353804	1620182	
353804	1620224	
353804	1620852	
353804	1621186	
353804	1621187	
353804	1621195	
353804	1622040	
353804	1625265	
353804	1626852	
353804	1627024	
353804	1627454	
353804	1627609	
353804	1630037	
353804	1630252	
353804	1630326	
353804	1630432	
353804	1630605	
353804	1634731	
353804	1636126	
353804	1638259	
353804	1639903	
353804	1640807	
353804	1643291	
353804	1643340	
353804	1645866	
353804	1645914	
353804	1647270	
353804	1649477	
353804	1650094	
353804	1650733	
353804	1659827	
353804	1660351	
353804	1660478	
353804	1660569	
353804	1662617	
353804	1662948	
353804	1663064	
353804	1663110	
353804	1664648	
353804	1665029	
353804	1665201	
353804	1665862	
353804	1666231	
353804	1667357	
353804	1667558	
353804	1667746	
353804	1667751	
353804	1667812	
353804	1667835	
353804	1668128	
353804	1668525	
353804	1668828	
353804	1669226	
353804	1670802	
353804	1670941	
353804	1671319	
353804	1671796	
353804	1672704	
353804	1673145	
353804	1673416	
353804	1674925	
353804	1675996	
353804	1678190	
353804	1678381	
353804	1679296	
353804	1680414	
353804	1681255	
353804	1682481	
353804	1682507	
353804	1683328	
353804	1683819	
353804	1684059	
353804	1684343	
353804	1684421	
353804	1684659	
353804	1684662	
353804	1684798	
353804	1684872	
353804	1684963	
353804	1685075	
353804	1685192	
353804	1688622	
353804	1689200	
353804	1690055	
353804	1690406	
353804	1690563	
353804	1690874	
353804	1691289	
353804	1691398	
353804	1693716	
353804	1695717	
353804	1696030	
353804	1696045	
353804	1696142	
353804	1696372	
353804	1698252	
353804	1698857	
353804	1700060	
353804	1701259	
353804	1703336	
353804	1705124	
353804	1708887	
353804	1709268	
353804	1710221	
353804	1712214	
353804	1713451	
353804	1714575	
353804	1714724	
353804	1714726	
353804	1715016	
353804	1715213	
353804	1716216	
353804	1717942	
353804	1719398	
353804	1719644	
353804	1720236	
353804	1721146	
353804	1721761	
353804	1721781	
353804	1721785	
353804	1721802	
353804	1722804	
353804	1724639	
353804	1725429	
353804	1728728	
353804	1728767	
353804	1728769	
353804	1728789	
353804	1728816	
353804	1730624	
353804	1730801	
353804	1731113	
353804	1733620	
353804	1733954	
353804	1735380	
353804	1735883	
353804	1736581	
353804	1736620	
353804	1736629	
353804	1736648	
353804	1738276	
353804	1740589	
353804	1740870	
353804	1741516	
353804	1743049	
353804	1743344	
353804	1743950	
353804	1744189	
353804	1745084	
353804	1745088	
353804	1745166	
353804	1745170	
353804	1745216	
353804	1745494	
353804	1745807	
353804	1746014	
353804	1746094	
353804	1746746	
353804	1746791	
353804	1747429	
353804	1749703	
353804	1750156	
353804	1750465	
353804	1752165	
353804	1752492	
353804	1752501	
353804	1752999	
353804	1753046	
353804	1753121	
353804	1753344	
353804	1753379	
353804	1757186	
353804	1757886	
353804	1759899	
353804	1760143	
353804	1762468	
353804	1763517	
353804	1763623	
353804	1764512	
353804	1765513	
353804	1765589	
353804	1767352	
353804	1767600	
353804	1768379	
353804	1774036	
353804	1774041	
353804	1774996	
353804	1775078	
353804	1776807	
353804	1779976	
353804	1781362	
353804	1781868	
353804	1783100	
353804	1783472	
353804	1783627	
353804	1783736	
353804	1783842	
353804	1785372	
353804	1785759	
353804	1786139	
353804	1786884	
353804	1788009	
353804	1789008	
353804	1792056	
353804	1792145	
353804	1794296	
353804	1795255	
353804	1797421	
353804	1797566	
353804	1797999	
353804	1798025	
353804	1798042	
353804	1798073	
353804	1798134	
353804	1798139	
353804	1798225	
353804	1798244	
353804	1798337	
353804	1798397	
353804	1798532	
353804	1798611	
353804	1798792	
353804	1798880	
353804	1798917	
353804	1798922	
353804	1798982	
353804	1799054	
353804	1799093	
353804	1799149	
353804	1799174	
353804	1799214	
353804	1799223	
353804	1799274	
353804	1799369	
353804	1799543	
353804	1799575	
353804	1799595	
353804	1799617	
353804	1799796	
353804	1799807	
353804	1799811	
353804	1799854	
353804	1800254	
353804	1800815	
353804	1801827	
353804	1802074	
353804	1802762	
353804	1802767	
353804	1802772	
353804	1803149	
353804	1803851	
353804	1804278	
353804	1805392	
353804	1805973	
353804	1806818	
353804	1807433	
353804	1809191	
353804	1810841	
353804	1811242	
353804	1811342	
353804	1811360	
353804	1813040	
353804	1813070	
353804	1813136	
353804	1815356	
353804	1819423	
353804	1822389	
353804	1826056	
353804	1826075	
353804	1826846	
353804	1827360	
353804	1827461	
353804	1827795	
353804	1828539	
353804	1829074	
353804	1829918	
353804	1831073	
353804	1836081	
353804	1836836	
353804	1837682	
353804	1842445	
353804	1844955	
353804	1848396	
353804	1850016	
353804	1851579	
353804	1851753	
353804	1851891	
353804	1853413	
353804	1853493	
353804	1853587	
353804	1854940	
353804	1856761	
353804	1858193	
353804	1858572	
353804	1859604	
353804	1860123	
353804	1860337	
353804	1860727	
353804	1861390	
353804	1861730	
353804	1861745	
353804	1861747	
353804	1861900	
353804	1862705	
353804	1862872	
353804	1865019	
353804	1870550	
353804	1873569	
353804	1882609	
353804	1895649	
353804	1936924	
353804	1936960	
353804	1936994	
353804	1937000	
353804	1937038	
353804	1937072	
353804	1937079	
353804	1937154	
353804	1937164	
353804	1937185	
353804	1937188	
353804	1939557	
353804	1963811	
353804	1966811	
353804	1981641	
353804	1990136	
353804	1990142	
353804	2028954	
353804	2029368	
353804	2034087	
353804	2034951	
353804	2086989	
353804	2092224	
353804	2093213	
353804	2101292	
353804	2107668	
353804	2109965	
353804	2111166	
353804	2118849	
353804	2121531	
353804	2124358	
353804	2130976	
353804	2132851	
353804	2133191	
353804	2133284	
353804	2133690	
353804	2134287	
353804	2134428	
353804	2142390	
353804	2178039	
353804	2181266	
353804	2182049	
353804	2185109	
353804	2186088	
353804	2186513	
353804	2186548	
353804	2203091	
353804	2208250	
353804	2262522	
353804	2262853	
353804	2266083	
353804	2313159	
353804	2328635	
353804	2340314	
353804	2344569	
353804	2344622	
353804	2356185	
353804	2356724	
353804	2377608	
353804	2378252	
353804	2431411	
353804	2434773	
353804	2435048	
353804	2507424	
353804	2507512	
353804	2508290	
353804	2514936	
353804	2540709	
353804	2595338	
353804	2598265	
353804	2598794	
353804	2599636	
353804	2601559	
353804	2636917	
353804	2647697	
353804	2647755	
353804	2647868	
353804	2659327	
353804	2660575	
353804	2669114	
353804	2670466	
353804	2684546	
353804	2728451	
353804	2756889	
353804	2782725	
353804	2782788	
353804	2782949	
353804	2784537	
353804	2817022	
353804	2827831	
353804	2828464	
353804	2839657	
353804	2842466	
353804	2843783	
353804	2876906	
353804	2979821	
353804	2996144	
353804	3024405	
353804	3024576	
353804	3057545	
353804	3057648	
353889	1736833	
353908	1158436	
354064	1187241	
354100	1025086	
354101	1627995	
354113	1025086	
354113	1059670	
354113	1269491	
354113	1438934	
354113	1439001	
354113	1439073	
354113	1439368	
354113	1736833	
354151	1070259	
354513	1443429	
354853	1025086	
354953	1070259	
354992	1439390	
354999	1070259	
355022	1158436	
355105	371705	
355308	1054931	
355360	1187241	
355705	1439104	
355712	1025086	
355837	1666641	
355860	1003821	
355879	1666641	
356026	1666641	
356176	1158436	
356430	1392719	
356494	1070259	
356528	1070259	
356584	1070259	
356611	371705	
356663	371705	
356754	1070259	
356941	1025086	
357194	2380342	
357589	1303099	
357974	1070259	
358297	371705	
358459	1158436	
358541	1668560	
358618	371705	
358688	1158436	
358720	1438835	
358758	1070259	
358775	1070259	
358845	1070259	
359065	1438732	
359253	1439152	
359299	1070259	
359487	371705	
359487	1667089	
359723	2748600	
359931	1667089	
359934	1438821	
359968	1054931	
360163	1070259	
360372	1443429	
360452	371705	
360460	1666641	
360464	1392719	
360769	1070259	
360858	1070259	
361062	1003889	
361384	1025086	
361712	1438993	
361761	1003832	
361799	1438732	
361901	371705	
361942	1235267	
362177	1003832	
362177	1438752	
362177	1783472	
362185	1025086	
362725	1003883	
362873	1070259	
363069	371705	
363135	2748600	
363353	1392719	
363453	1235267	
363660	1070259	
363708	371705	
363869	1070259	
364229	1054931	
364229	1187241	
364715	371705	
381185	1438835	
381185	1438978	
377296	1392719	
377305	1158436	
377334	1054931	
377485	1070259	
377744	1643989	
367347	1158436	
371628	1874205	
371705	481346	
371705	509866	
371705	509886	
371705	943946	
371705	987461	
371705	988218	
371705	988883	
371705	989043	
371705	989282	
371705	989284	
371705	989290	
371705	991772	
371705	994940	
371705	998073	
371705	998299	
371705	999163	
371705	999596	
371705	999601	
371705	1002364	
371705	1005459	
371705	1011470	
371705	1013456	
371705	1013572	
371705	1013614	
371705	1014787	
371705	1014952	
371705	1015086	
371705	1015437	
371705	1015467	
371705	1015475	
371705	1016283	
371705	1016337	
371705	1016366	
371705	1016397	
371705	1016738	
371705	1016785	
371705	1016826	
371705	1018572	
371705	1019517	
371705	1020076	
371705	1020179	
371705	1020396	
371705	1020403	
371705	1020921	
371705	1021927	
371705	1023541	
371705	1023961	
371705	1024202	
371705	1025170	
371705	1026715	
371705	1029316	
371705	1030813	
371705	1030970	
371705	1031653	
371705	1033452	
371705	1035107	
371705	1037732	
371705	1040174	
371705	1040990	
371705	1041560	
371705	1041870	
371705	1042122	
371705	1042914	
371705	1045845	
371705	1047725	
371705	1047800	
371705	1049646	
371705	1050831	
371705	1058536	
371705	1067954	
371705	1069137	
371705	1070256	
371705	1070297	
371705	1070302	
371705	1071495	
371705	1071497	
371705	1071779	
371705	1076687	
371705	1076829	
371705	1082766	
371705	1092790	
371705	1103289	
371705	1103403	
371705	1103697	
371705	1103789	
371705	1103858	
371705	1105344	
371705	1106872	
371705	1109988	
371705	1111407	
371705	1112579	
371705	1120982	
371705	1126634	
371705	1131541	
371705	1131762	
371705	1142914	
371705	1146143	
371705	1152132	
371705	1154234	
371705	1154695	
371705	1156019	
371705	1156436	
371705	1158702	
371705	1163166	
371705	1164764	
371705	1165403	
371705	1165618	
371705	1170251	
371705	1171977	
371705	1175400	
371705	1176625	
371705	1179232	
371705	1180597	
371705	1186059	
371705	1195355	
371705	1212434	
371705	1213800	
371705	1218444	
371705	1230712	
371705	1236528	
371705	1241000	
371705	1241168	
371705	1244249	
371705	1246077	
371705	1248732	
371705	1248837	
371705	1249995	
371705	1257329	
371705	1257709	
371705	1258591	
371705	1259701	
371705	1259852	
371705	1260941	
371705	1271575	
371705	1273560	
371705	1274318	
371705	1289987	
371705	1293258	
371705	1293343	
371705	1293385	
371705	1293955	
371705	1298321	
371705	1298642	
371705	1299392	
371705	1300454	
371705	1301556	
371705	1310382	
371705	1312780	
371705	1313197	
371705	1314037	
371705	1315304	
371705	1325994	
371705	1327226	
371705	1340866	
371705	1341562	
371705	1345048	
371705	1345189	
371705	1345504	
371705	1345702	
371705	1345777	
371705	1347679	
371705	1352319	
371705	1353122	
371705	1354319	
371705	1354373	
371705	1369534	
371705	1379221	
371705	1379976	
371705	1383263	
371705	1390131	
371705	1392013	
371705	1397448	
371705	1401839	
371705	1409284	
371705	1420121	
371705	1430955	
371705	1438565	
371705	1445124	
371705	1445607	
371705	1447678	
371705	1461993	
371705	1462589	
371705	1462907	
371705	1463128	
371705	1466173	
371705	1480162	
371705	1483717	
371705	1500290	
371705	1501359	
371705	1503092	
371705	1505956	
371705	1510138	
371705	1518037	
371705	1521526	
371705	1524212	
371705	1530014	
371705	1530699	
371705	1530833	
371705	1531333	
371705	1531400	
371705	1531401	
371705	1531467	
371705	1537847	
371705	1551747	
371705	1552596	
371705	1566053	
371705	1603833	
371705	1619553	
371705	1637947	
371705	1644989	
371705	1664012	
371705	1667462	
371705	1667953	
371705	1670010	
371705	1677512	
371705	1684349	
371705	1689718	
371705	1689819	
371705	1690631	
371705	1698288	
371705	1701492	
371705	1702703	
371705	1717976	
371705	1718506	
371705	1718806	
371705	1722885	
371705	1753238	
371705	1758197	
371705	1758694	
371705	1760884	
371705	1764307	
371705	1766058	
371705	1767013	
371705	1801628	
371705	1801889	
371705	1803063	
371705	1814331	
371705	1821302	
371705	1834358	
371705	1856312	
371705	1869534	
371705	1963138	
371705	2109884	
371705	2123425	
371705	2124043	
371705	2147291	
371705	2183444	
371705	2233988	
371705	2261087	
371705	2337012	
371705	2343676	
371705	2466436	
371705	2468120	
371705	2525439	
371705	2606285	
371705	2646196	
371705	2646199	
371705	2646258	
371705	2646301	
371705	2646332	
371705	2646368	
371705	2646408	
371705	2646438	
371705	2646460	
371705	2646497	
371705	2646601	
371705	2646612	
371705	2646622	
371705	2646698	
371705	2646724	
371705	2646806	
371705	2646839	
371705	2646863	
371705	2646890	
371705	2646906	
371705	2646909	
371705	2646923	
371705	2646956	
371705	2647029	
371705	2647036	
371705	2647105	
371705	2647114	
371705	2647115	
371705	2648056	
371705	2781617	
371705	2996045	
375543	2748600	
408975	1439293	
399522	1187241	
428445	864278	
439883	1439425	
442498	1874205	
446793	1438845	
446793	1668560	
467714	864278	
445902	1054931	
445989	1059670	
446153	1003837	
446379	1667089	
455039	1158436	
455116	1108907	
455449	1158436	
451451	1643989	
451478	1059670	
451520	1059670	
451582	1059670	
484115	2740432	
462862	1392719	
462893	1392719	
453059	1054931	
453380	1392719	
478721	1059670	
478761	1054931	
478810	1438845	
479149	1059670	
457622	1070259	
457633	1627995	
466643	1439425	
471681	1158436	
471748	1158436	
471759	1158436	
471980	1667089	
459963	1438934	
460359	1438832	
460680	1235267	
465421	2748600	
464122	1108907	
464122	1791130	
464149	1666641	
464186	864278	
464216	2929325	
464253	1788050	
464258	1003821	
464352	1158436	
465597	1003731	
465657	2748600	
474316	1070259	
461504	1070259	
461683	1392719	
461776	1438845	
461784	1158436	
461812	1438934	
461812	2072128	
458009	1439425	
477106	1054931	
477115	1392719	
477153	1392719	
477293	1438835	
477293	1438872	
477309	1438845	
477335	1736833	
482754	1003867	
482754	1003905	
476089	1158436	
476118	1438845	
476379	1158436	
476485	1158436	
470465	1439425	
470595	1439425	
470598	1439425	
470730	1439425	
470732	1439425	
470745	1439425	
470802	1385520	
470802	1439425	
473827	1385503	
475224	1059670	
475294	1666641	
475437	1385520	
472622	1385503	
497191	1003832	
497264	864278	
497379	1439152	
473234	1783472	
480855	1392719	
480873	1158436	
481162	1057720	
481162	1874205	
467197	1438821	
467202	1158436	
467258	1003889	
467352	1788050	
467388	1059670	
467421	1667089	
468393	1788050	
468428	1003814	
468554	1668560	
468569	1003814	
468889	1003883	
468950	2072128	
469066	1269221	
485545	1025086	
500191	1330744	
516976	1108907	
526571	1158436	
533222	2380342	
533298	2380342	
534011	1235267	
534060	1313124	
534060	2380342	
534173	1070259	
534193	1003889	
534193	1070259	
534193	1158436	
534193	1438835	
534193	1438978	
557694	1059670	
560334	1269491	
560464	1874205	
560488	2748600	
578294	1443429	
588040	1003731	
610919	2740432	
610953	2740432	
617412	1158436	
630617	1108907	
642080	1783472	
668454	1003889	
663494	2748600	
675560	1783472	
710395	1438850	
710401	1438850	
710513	1438850	
697620	1235267	
705529	1667089	
704188	1385503	
698611	1443429	
714701	1070259	
714701	1627995	
722178	864278	
724798	864278	
724798	1385503	
724798	1438821	
724798	1439214	
724798	1439293	
724798	1791130	
724881	2748600	
725305	1025086	
725323	2748600	
733661	1070259	
733666	1025086	
730415	1438835	
722678	1269491	
722678	1438845	
727535	2748600	
727538	1003773	
727538	1003889	
727538	1438832	
727553	1443429	
727616	1439400	
734207	1385503	
734724	1003905	
748463	1025086	
748470	1025086	
746280	1070259	
746329	1385503	
761081	1158436	
775331	1187241	
775711	1003883	
775777	1003889	
775777	1269221	
776313	1439028	
776313	1788050	
778050	1070259	
778064	1330744	
778113	1438934	
778147	1003889	
778212	1070259	
778462	1667089	
778526	1783472	
778666	1070259	
778689	1070259	
778888	2748600	
778910	1070259	
778994	1385503	
778994	1439104	
779666	1438752	
779749	1235267	
779795	1330744	
779897	2748600	
774031	2740432	
774074	1439272	
774187	1439232	
774231	1788050	
796805	2748600	
819490	1392719	
819774	2748600	
819782	1158436	
824897	1330744	
825142	2748600	
824964	1070259	
823126	1783472	
831014	1736833	
831389	1439028	
831625	1385503	
831687	1439293	
833094	1439293	
836712	2072128	
836842	2748600	
837010	1438835	
837141	1158436	
837179	1385520	
837323	1438934	
837907	1385503	
838180	2748600	
838360	1666641	
838831	1385503	
845187	1439152	
829541	1438872	
860012	2748600	
864278	864541	
864278	926360	
864278	990021	
864278	994899	
864278	1003771	
864278	1003783	
864278	1042971	
864278	1043514	
864278	1047735	
864278	1096934	
864278	1104915	
864278	1108907	
864278	1109306	
864278	1123052	
864278	1134957	
864278	1164876	
864278	1173156	
864278	1191443	
864278	1212436	
864278	1231890	
864278	1234257	
864278	1262966	
864278	1282887	
864278	1288511	
864278	1288533	
864278	1294864	
864278	1299271	
864278	1300760	
864278	1312686	
864278	1313124	
864278	1321095	
864278	1330744	
864278	1355589	
864278	1355845	
864278	1355910	
864278	1356086	
864278	1356960	
864278	1366785	
864278	1371056	
864278	1385425	
864278	1385428	
864278	1385443	
864278	1385445	
864278	1385465	
864278	1385503	
864278	1385512	
864278	1385520	
864278	1385559	
864278	1385564	
864278	1385574	
864278	1385596	
864278	1385623	
864278	1385735	
864278	1385742	
864278	1385746	
864278	1385759	
864278	1385760	
864278	1385817	
864278	1385846	
864278	1385871	
864278	1385902	
864278	1387290	
864278	1394506	
864278	1411588	
864278	1430714	
864278	1433185	
864278	1438711	
864278	1438719	
864278	1438728	
864278	1438732	
864278	1438733	
864278	1438737	
864278	1438739	
864278	1438752	
864278	1438755	
864278	1438759	
864278	1438763	
864278	1438769	
864278	1438773	
864278	1438774	
864278	1438778	
864278	1438781	
864278	1438783	
864278	1438788	
864278	1438790	
864278	1438791	
864278	1438805	
864278	1438806	
864278	1438811	
864278	1438813	
864278	1438817	
864278	1438820	
864278	1438821	
864278	1438822	
864278	1438835	
864278	1438852	
864278	1438854	
864278	1438855	
864278	1438868	
864278	1438872	
864278	1438877	
864278	1438891	
864278	1438925	
864278	1438932	
864278	1438934	
864278	1438945	
864278	1438946	
864278	1438949	
864278	1438950	
864278	1438969	
864278	1438976	
864278	1438978	
864278	1438985	
864278	1439001	
864278	1439008	
864278	1439028	
864278	1439033	
864278	1439035	
864278	1439038	
864278	1439039	
864278	1439046	
864278	1439049	
864278	1439065	
864278	1439075	
864278	1439100	
864278	1439104	
864278	1439127	
864278	1439144	
864278	1439165	
864278	1439183	
864278	1439184	
864278	1439188	
864278	1439195	
864278	1439202	
864278	1439207	
864278	1439213	
864278	1439214	
864278	1439217	
864278	1439224	
864278	1439227	
864278	1439232	
864278	1439238	
864278	1439256	
864278	1439258	
864278	1439266	
864278	1439274	
864278	1439278	
864278	1439281	
864278	1439293	
864278	1439295	
864278	1439302	
864278	1439306	
864278	1439311	
864278	1439327	
864278	1439356	
864278	1439357	
864278	1439360	
864278	1439369	
864278	1439389	
864278	1439390	
864278	1439391	
864278	1439399	
864278	1439401	
864278	1439416	
864278	1439433	
864278	1439435	
864278	1439439	
864278	1439441	
864278	1439442	
864278	1439443	
864278	1439444	
864278	1439459	
864278	1439465	
864278	1441218	
864278	1442132	
864278	1454225	
864278	1454234	
864278	1454293	
864278	1454353	
864278	1454403	
864278	1454488	
864278	1477398	
864278	1586251	
864278	1593168	
864278	1601457	
864278	1604854	
864278	1611564	
864278	1622090	
864278	1637571	
864278	1686355	
864278	1702422	
864278	1729324	
864278	1744128	
864278	1745122	
864278	1748664	
864278	1764281	
864278	1771207	
864278	1784097	
864278	1790946	
864278	1791033	
864278	1791062	
864278	1791130	
864278	1791134	
864278	1791268	
864278	1791360	
864278	1791389	
864278	1795698	
864278	1811949	
864278	1828565	
864278	1829826	
864278	1837273	
864278	1845645	
864278	1849018	
864278	1853913	
864278	1859306	
864278	1862366	
864278	1873837	
864278	1944301	
864278	1989706	
864278	2070522	
864278	2072104	
864278	2100748	
864278	2100876	
864278	2135665	
864278	2142107	
864278	2159136	
864278	2354265	
864278	2368719	
864278	2368977	
864278	2377266	
864278	2434973	
864278	2435331	
864278	2621959	
864278	2622095	
864278	2622170	
864278	2622205	
864278	2622216	
864278	2622217	
864278	2622381	
864278	2622394	
864278	2638165	
864278	2652630	
864278	2652699	
864278	2652727	
864278	2652735	
864278	2652885	
864278	2652887	
864278	2652928	
864278	2652946	
864278	2742890	
864278	2847999	
864278	2977766	
864278	2977784	
864278	2977998	
864278	3065136	
864299	2748600	
864475	1070259	
864475	1313124	
864475	1319133	
864475	1355519	
864475	1438732	
864475	1438752	
864475	1438934	
864475	1439001	
864475	1439032	
864475	1667089	
864475	1783472	
864475	2380342	
864483	1003749	
864483	1003821	
864483	1003837	
864511	1639947	
864642	1438845	
864642	1439032	
864642	1667089	
864642	1668560	
864642	2380342	
865182	1330744	
872446	1003883	
879496	1235267	
879498	1235267	
879643	1438845	
879678	1070259	
879825	1385503	
888644	1385503	
889765	1627995	
890124	1070259	
893332	1643989	
896891	1666641	
900024	1158436	
914946	1187241	
918033	1385503	
918033	1385742	
926328	2740432	
926360	1385503	
926360	1385520	
926360	1385742	
926360	1438728	
926360	1438872	
926360	1438934	
926360	1439072	
926360	1439104	
926360	1439152	
926360	1667089	
926403	1788050	
918042	1385503	
918042	1385742	
918044	1070259	
918065	1385503	
918065	1385742	
918065	1439152	
930388	1438821	
930388	1439001	
930388	2748600	
936939	1392719	
968943	1439409	
976501	1355519	
966786	1438934	
970570	1235267	
973146	1874205	
973328	1385503	
973368	1108907	
973467	1392719	
973535	1108907	
973535	1439173	
973535	1791130	
973555	1385503	
973555	1438759	
973555	2748600	
973852	2748600	
975347	1070259	
980270	1736833	
985078	2748600	
987427	1158436	
987692	1025086	
988063	1057720	
1017840	1235267	
1023314	1070259	
997742	1003813	
997742	1070259	
987799	1070259	
988292	1788050	
998285	1025086	
998585	1187241	
987543	1235267	
988007	1359696	
988093	1719280	
988109	1070259	
988123	1070259	
1012546	1025086	
1053415	1054931	
1035201	1438934	
1036259	1158436	
1047898	1054931	
1052748	1054931	
1099469	1359696	
1119955	1439272	
995849	1269491	
995973	1438835	
996088	1025086	
991632	1003889	
992637	1070259	
1009752	1057720	
1012115	1025086	
1013012	1158436	
1013012	1269491	
1013012	1438845	
1030390	1158436	
1033005	1702943	
1059892	1070259	
1103354	1385503	
1103354	1438845	
1103354	1439372	
1103354	1439400	
1103449	2748600	
987203	1070259	
987266	1438732	
987266	1439120	
987266	2748600	
987277	1821751	
987283	1070259	
992487	1003889	
992737	1627995	
992799	1439272	
1007799	1439073	
1011509	1438835	
1041100	1054931	
1086251	1158436	
1305335	2748600	
1172342	2748600	
994738	1666641	
999588	1158436	
1015080	1438845	
1016544	2380342	
1016649	1025086	
1020663	1443429	
1021061	1070259	
1041257	1439152	
1064545	1385520	
1064545	1438845	
1064557	1385503	
1064557	2748600	
1064717	1668560	
1064841	1438845	
1064949	1187241	
1065008	1158436	
1065309	1439152	
1065594	1385520	
1065607	1439152	
1065791	1187241	
1065949	1443429	
1066086	1235267	
1066334	1235267	
1066449	1385520	
1066543	1439028	
1066873	1235267	
1067398	1070259	
1067423	1438728	
1067457	1070259	
1067476	1666641	
1068094	1158436	
1069185	1666641	
1069307	1158436	
1005723	1438845	
994711	1330744	
994850	1235267	
994957	1359696	
995097	1443429	
995198	1158436	
1018966	1439400	
1220450	1439152	
991186	1070259	
991469	1054931	
992115	1003821	
992115	2740432	
992348	1158436	
992376	1070259	
992390	1385503	
992858	1355519	
999578	1025086	
999578	1158436	
1003197	1054931	
1003644	1054931	
1004779	1059670	
1004779	1438845	
1004779	1667089	
1004779	1668560	
1004779	2380342	
1005354	1070259	
1006097	2748600	
1006217	1667089	
1006238	1438934	
1006238	1439075	
1006326	1054931	
1006387	1057720	
1006935	1438978	
1006941	1070259	
1007281	2748600	
1007419	1025086	
1007475	1070259	
1007760	1438835	
1007764	1319133	
1007833	1054931	
1007841	1070259	
1007862	1070259	
1007946	2748600	
1008073	1158436	
1008099	1627995	
1008106	1359696	
1008106	1439390	
1008159	2748600	
1008174	2748600	
1008260	1439028	
1008300	1330744	
1008404	1059670	
1008437	1057720	
1008747	1783472	
1008765	1385503	
1008777	1158436	
1008893	1070259	
1009206	1070259	
1009218	1385503	
1009254	1057720	
1009254	1439368	
1009280	1158436	
1009306	1070259	
1009440	2748600	
1009542	1070259	
1009803	1667089	
1009940	1187241	
1010290	1783472	
1010304	1158436	
1010349	1269491	
1010405	1158436	
1010496	2748600	
1010504	1054931	
1010607	1158436	
1010758	1158436	
1010813	1070259	
1011057	1025086	
1011093	1070259	
1011126	1059670	
1011142	1158436	
1011239	1667089	
1011240	1438732	
1011326	1070259	
1011486	1303099	
1011755	1158436	
1011779	1187241	
1012017	1385503	
1012069	1054931	
1012247	1783472	
1012654	1439293	
1012740	1025086	
1012799	1439272	
1012805	1158436	
1012843	1070259	
1013007	1235267	
988446	1025086	
990920	1070259	
999151	1003883	
999698	1385503	
1003735	1003837	
1003735	2072128	
1018963	1070259	
1024469	1158436	
1024536	2748600	
1024633	1158436	
1024699	1438845	
1024699	1438872	
1024699	1439214	
1024699	1791130	
1024732	1158436	
1024748	1054931	
1024825	1235267	
1024937	1070259	
1025003	1158436	
1025086	1025361	
1025086	1030869	
1025086	1032092	
1025086	1032228	
1025086	1032630	
1025086	1033405	
1025086	1033615	
1025086	1037650	
1025086	1037795	
1025086	1038323	
1025086	1038878	
1025086	1042233	
1025086	1042263	
1025086	1055609	
1025086	1061972	
1025086	1062237	
1025086	1063528	
1025086	1064602	
1025086	1073077	
1025086	1075253	
1025086	1077750	
1025086	1077993	
1025086	1082416	
1025086	1083919	
1025086	1084296	
1025086	1091643	
1025086	1092091	
1025086	1094701	
1025086	1095517	
1025086	1101103	
1025086	1102393	
1025086	1104657	
1025086	1104816	
1025086	1105322	
1025086	1108107	
1025086	1110416	
1025086	1115071	
1025086	1115299	
1025086	1115673	
1025086	1118217	
1025086	1118320	
1025086	1118570	
1025086	1124444	
1025086	1127600	
1025086	1131524	
1025086	1132255	
1025086	1143542	
1025086	1147547	
1025086	1149760	
1025086	1151181	
1025086	1154582	
1025086	1154689	
1025086	1156295	
1025086	1156587	
1025086	1156625	
1025086	1156848	
1025086	1157545	
1025086	1157678	
1025086	1157768	
1025086	1157817	
1025086	1158390	
1025086	1158394	
1025086	1158551	
1025086	1158565	
1025086	1158754	
1025086	1159294	
1025086	1159524	
1025086	1159838	
1025086	1160394	
1025086	1162042	
1025086	1163620	
1025086	1182631	
1025086	1182919	
1025086	1191567	
1025086	1193609	
1025086	1223243	
1025086	1224853	
1025086	1226865	
1025086	1235402	
1025086	1235587	
1025086	1239546	
1025086	1242634	
1025086	1243927	
1025086	1244464	
1025086	1249561	
1025086	1250207	
1025086	1256106	
1025086	1261488	
1025086	1269491	
1025086	1276257	
1025086	1283521	
1025086	1287287	
1025086	1294827	
1025086	1301189	
1025086	1303202	
1025086	1307665	
1025086	1326054	
1025086	1326174	
1025086	1326190	
1025086	1336713	
1025086	1351392	
1025086	1352088	
1025086	1361625	
1025086	1372925	
1025086	1381294	
1025086	1381805	
1025086	1381998	
1025086	1391165	
1025086	1391235	
1025086	1414758	
1025086	1427712	
1025086	1427788	
1025086	1427803	
1025086	1427868	
1025086	1427952	
1025086	1428374	
1025086	1430309	
1025086	1439073	
1025086	1445973	
1025086	1448446	
1025086	1469428	
1025086	1471514	
1025086	1486911	
1025086	1499847	
1025086	1520738	
1025086	1562733	
1025086	1562813	
1025086	1562839	
1025086	1562935	
1025086	1562957	
1025086	1580797	
1025086	1584682	
1025086	1585607	
1025086	1592616	
1025086	1592621	
1025086	1592642	
1025086	1593777	
1025086	1596324	
1025086	1597087	
1025086	1599904	
1025086	1603801	
1025086	1611417	
