42150	1005683	
60387	1005683	
79879	1005683	
209671	1005683	
210306	1005683	
230230	1005683	
261114	1005683	
515542	1005683	
554921	1005683	
563128	1005683	
848377	1005683	
918595	1005683	
1005632	1005683	
1005667	1005683	
1005683	2137854	
1005683	2395139	
1005683	2407923	
1005683	2440325	
1005683	2440353	
1005683	2440362	
1005683	2441862	
26725	563128	
5199	261114	
3864	209671	
3896	210306	
995	60387	
691	42150	
692	42150	
4402	230230	
9644	209671	
12458	515542	
8734	230230	
1330	79879	
1330	2137854	
6063	261114	
9883	230230	
8123	42150	
14744	563128	
11043	261114	
11076	42150	
31494	848377	
14348	42150	
14348	554921	
30288	261114	
30290	230230	
30307	60387	
16433	554921	
16844	42150	
12884	230230	
36761	230230	
36812	918595	
36843	60387	
36891	554921	
36901	60387	
36954	60387	
37000	60387	
16289	230230	
19201	60387	
17350	563128	
22314	261114	
28207	42150	
18854	554921	
23019	261114	
29894	209671	
24287	209671	
26996	261114	
28624	60387	
36668	563128	
38290	60387	
34574	209671	
39758	563128	
38460	60387	
49153	230230	
49154	230230	
39620	60387	
39652	230230	
41624	563128	
59859	60387	
38785	42150	
41540	60387	
41566	261114	
46316	79879	
39208	42150	
39230	42150	
39255	42150	
45015	261114	
45099	261114	
42150	42162	
42150	42849	
42150	43104	
42150	44923	
42150	44938	
42150	45172	
42150	45556	
42150	47206	
42150	55039	
42150	64930	
42150	75916	
42150	76579	
42150	78860	
42150	89032	
42150	89510	
42150	96199	
42150	105091	
42150	120146	
42150	146124	
42150	146147	
42150	164475	
42150	165244	
42150	173449	
42150	176765	
42150	194698	
42150	206740	
42150	217589	
42150	221224	
42150	221642	
42150	225929	
42150	227466	
42150	234055	
42150	234174	
42150	234440	
42150	239244	
42150	240609	
42150	244492	
42150	248792	
42150	253176	
42150	296380	
42150	302667	
42150	303239	
42150	305791	
42150	306844	
42150	320123	
42150	331989	
42150	346611	
42150	347316	
42150	347543	
42150	347944	
42150	350200	
42150	350908	
42150	351196	
42150	354729	
42150	357310	
42150	363437	
42150	372602	
42150	374223	
42150	381681	
42150	389731	
42150	403244	
42150	436212	
42150	439752	
42150	448845	
42150	448847	
42150	448917	
42150	454629	
42150	463685	
42150	463900	
42150	486627	
42150	487539	
42150	531159	
42150	548203	
42150	548838	
42150	549562	
42150	554921	
42150	596138	
42150	596694	
42150	604604	
42150	604705	
42150	614653	
42150	632854	
42150	661734	
42150	667624	
42150	669716	
42150	673180	
42150	675531	
42150	675539	
42150	675565	
42150	688067	
42150	693629	
42150	710699	
42150	729892	
42150	730909	
42150	744594	
42150	759332	
42150	774883	
42150	776752	
42150	779392	
42150	795185	
42150	798799	
42150	805450	
42150	813050	
42150	815614	
42150	822073	
42150	822312	
42150	828977	
42150	830389	
42150	831986	
42150	850365	
42150	859145	
42150	859148	
42150	862719	
42150	876153	
42150	890759	
42150	916992	
42150	931161	
42150	933738	
42150	940793	
42150	940794	
42150	944079	
42150	944170	
42150	944202	
42150	944213	
42150	944524	
42150	944537	
42150	944541	
42150	944547	
42150	944603	
42150	944900	
42150	945092	
42150	945149	
42150	945218	
42150	945240	
42150	945671	
42150	957172	
42150	962000	
42150	966263	
42150	968731	
42150	969912	
42150	975608	
42150	978652	
42150	979344	
42150	979666	
42150	979679	
42150	985937	
42150	986944	
42150	991531	
42150	1005561	
42150	1005562	
42150	1005563	
42150	1005564	
42150	1005565	
42150	1005566	
42150	1005567	
42150	1005568	
42150	1005569	
42150	1005570	
42150	1005571	
42150	1005572	
42150	1005573	
42150	1005574	
42150	1005575	
42150	1005576	
42150	1005577	
42150	1005578	
42150	1005579	
42150	1005580	
42150	1005581	
42150	1005582	
42150	1005583	
42150	1005584	
42150	1005585	
42150	1005586	
42150	1005587	
42150	1005588	
42150	1005589	
42150	1005590	
42150	1005591	
42150	1005592	
42150	1005593	
42150	1005594	
42150	1005595	
42150	1005596	
42150	1005597	
42150	1005598	
42150	1005599	
42150	1005600	
42150	1005601	
42150	1005602	
42150	1005603	
42150	1005604	
42150	1005605	
42150	1005606	
42150	1005607	
42150	1005608	
42150	1005609	
42150	1005610	
42150	1005611	
42150	1005612	
42150	1005613	
42150	1005614	
42150	1005615	
42150	1005616	
42150	1005617	
42150	1005618	
42150	1005619	
42150	1005620	
42150	1005621	
42150	1005622	
42150	1005623	
42150	1005624	
42150	1005625	
42150	1005626	
42150	1005627	
42150	1005628	
42150	1005629	
42150	1005630	
42150	1005631	
42150	1005632	
42150	1005633	
42150	1005634	
42150	1005635	
42150	1005636	
42150	1005637	
42150	1005638	
42150	1005639	
42150	1005640	
42150	1005641	
42150	1005642	
42150	1005643	
42150	1005644	
42150	1005645	
42150	1005646	
42150	1005647	
42150	1005648	
42150	1005649	
42150	1005650	
42150	1005651	
42150	1005652	
42150	1005653	
42150	1005654	
42150	1005655	
42150	1005656	
42150	1005657	
42150	1005658	
42150	1005659	
42150	1005660	
42150	1005661	
42150	1005662	
42150	1005663	
42150	1005664	
42150	1005665	
42150	1005666	
42150	1005667	
42150	1005668	
42150	1005669	
42150	1005670	
42150	1005671	
42150	1005672	
42150	1005673	
42150	1005674	
42150	1005675	
42150	1005676	
42150	1005677	
42150	1005678	
42150	1005679	
42150	1005680	
42150	1005681	
42150	1005682	
42150	1005684	
42150	1005685	
42150	1005686	
42150	1005687	
42150	1005688	
42150	1005689	
42150	1005690	
42150	1005691	
42150	1005692	
42150	1005693	
42150	1005694	
42150	1005695	
42150	1005696	
42150	1005697	
42150	1005698	
42150	1005699	
42150	1005700	
42150	1005701	
42150	1005702	
42150	1005703	
42150	1005704	
42150	1005705	
42150	1005706	
42150	1005707	
42150	1005708	
42150	1005709	
42150	1005710	
42150	1005711	
42150	1005712	
42150	1005713	
42150	1005714	
42150	1005715	
42150	1005716	
42150	1005717	
42150	1005718	
42150	1005719	
42150	1005720	
42150	1005721	
42150	1005722	
42150	1005723	
42150	1005724	
42150	1005725	
42150	1005726	
42150	1005727	
42150	1005728	
42150	1005729	
42150	1005730	
42150	1005731	
42150	1005732	
42150	1005733	
42150	1005734	
42150	1005735	
42150	1005736	
42150	1005737	
42150	1005738	
42150	1005739	
42150	1005740	
42150	1005741	
42150	1005742	
42150	1005743	
42150	1005744	
42150	1005745	
42150	1005746	
42150	1005747	
42150	1005748	
42150	1005749	
42150	1005750	
42150	1005751	
42150	1005752	
42150	1005753	
42150	1005754	
42150	1005755	
42150	1005756	
42150	1005757	
42150	1005758	
42150	1005759	
42150	1005760	
42150	1005761	
42150	1005762	
42150	1005763	
42150	1005764	
42150	1005765	
42150	1005766	
42150	1005767	
42150	1005768	
42150	1005769	
42150	1005770	
42150	1005771	
42150	1005772	
42150	1005773	
42150	1005774	
42150	1005775	
42150	1005776	
42150	1005777	
42150	1005778	
42150	1005779	
42150	1005780	
42150	1005781	
42150	1005782	
42150	1005783	
42150	1005784	
42150	1005785	
42150	1005786	
42150	1005787	
42150	1005788	
42150	1005789	
42150	1005790	
42150	1005791	
42150	1005792	
42150	1005793	
42150	1005794	
42150	1005795	
42150	1005796	
42150	1005797	
42150	1005798	
42150	1005799	
42150	1005800	
42150	1005801	
42150	1005802	
42150	1005803	
42150	1005804	
42150	1005805	
42150	1005806	
42150	1005807	
42150	1005808	
42150	1005809	
42150	1005810	
42150	1005811	
42150	1005812	
42150	1005813	
42150	1005814	
42150	1005815	
42150	1005816	
42150	1005817	
42150	1005818	
42150	1005819	
42150	1005820	
42150	1005821	
42150	1005822	
42150	1005823	
42150	1005824	
42150	1005825	
42150	1005826	
42150	1005827	
42150	1005828	
42150	1005829	
42150	1005830	
42150	1005831	
42150	1005832	
42150	1005833	
42150	1005834	
42150	1005835	
42150	1005836	
42150	1005837	
42150	1005838	
42150	1005839	
42150	1005840	
42150	1005841	
42150	1005842	
42150	1005843	
42150	1005844	
42150	1005845	
42150	1005846	
42150	1005847	
42150	1005848	
42150	1005849	
42150	1005850	
42150	1005851	
42150	1005852	
42150	1005853	
42150	1005854	
42150	1005855	
42150	1005856	
42150	1005857	
42150	1005858	
42150	1005859	
42150	1005860	
42150	1005861	
42150	1005862	
42150	1005863	
42150	1005864	
42150	1005865	
42150	1005866	
42150	1005867	
42150	1005868	
42150	1005869	
42150	1005870	
42150	1005871	
42150	1005872	
42150	1005873	
42150	1005874	
42150	1005875	
42150	1005876	
42150	1005877	
42150	2398973	
42150	2414014	
42150	2499443	
42150	2563118	
42150	2576339	
42150	2586928	
42150	2830030	
42150	2850963	
42150	2888854	
42150	2923444	
42150	2945064	
42150	2964660	
42144	42150	
53663	848377	
45760	554921	
49544	563128	
52545	563128	
54176	230230	
56659	918595	
56822	210306	
56303	2137854	
65167	230230	
65291	261114	
75801	515542	
75851	918595	
75853	261114	
75951	515542	
75974	2407923	
76016	563128	
76022	554921	
76053	918595	
76125	554921	
76177	2395139	
76244	918595	
76315	2137854	
76331	554921	
76372	79879	
76490	2137854	
76777	848377	
76849	2137854	
76852	563128	
76858	563128	
76880	554921	
76946	848377	
76996	261114	
77036	79879	
77036	848377	
77067	2407923	
77148	563128	
77226	79879	
77267	918595	
77269	554921	
77336	2137854	
77355	563128	
77358	79879	
77358	848377	
77361	563128	
60771	554921	
70429	515542	
70429	918595	
60387	60423	
60387	60508	
60387	61704	
60387	61944	
60387	61986	
60387	61993	
60387	62661	
60387	66048	
60387	69148	
60387	76028	
60387	76495	
60387	76743	
60387	76746	
60387	76836	
60387	76947	
60387	76972	
60387	77253	
60387	77334	
60387	118181	
60387	119663	
60387	124017	
60387	130860	
60387	147501	
60387	180081	
60387	184685	
60387	204323	
60387	204358	
60387	210972	
60387	221539	
60387	222486	
60387	223648	
60387	232437	
60387	232453	
60387	232836	
60387	233018	
60387	236424	
60387	238277	
60387	275027	
60387	288680	
60387	296358	
60387	302656	
60387	313044	
60387	314741	
60387	327580	
60387	335889	
60387	335908	
60387	335909	
60387	335919	
60387	335922	
60387	335929	
60387	335934	
60387	335936	
60387	337490	
60387	339769	
60387	339789	
60387	342236	
60387	388888	
60387	403872	
60387	403878	
60387	403940	
60387	406782	
60387	416907	
60387	416922	
60387	419020	
60387	433962	
60387	439577	
60387	440263	
60387	450707	
60387	450955	
60387	452934	
60387	491204	
60387	491887	
60387	539668	
60387	553899	
60387	553906	
60387	554834	
60387	562595	
60387	583767	
60387	590323	
60387	597276	
60387	630392	
60387	633980	
60387	634061	
60387	636313	
60387	636849	
60387	637049	
60387	643307	
60387	649872	
60387	649969	
60387	687006	
60387	716635	
60387	732901	
60387	746918	
60387	755519	
60387	761304	
60387	761324	
60387	783171	
60387	786968	
60387	805306	
60387	805418	
60387	805449	
60387	805467	
60387	805474	
60387	805476	
60387	806075	
60387	809850	
60387	825725	
60387	825732	
60387	828053	
60387	841501	
60387	876702	
60387	895966	
60387	901639	
60387	917290	
60387	917703	
60387	918201	
60387	920707	
60387	921531	
60387	936803	
60387	938312	
60387	938316	
60387	938354	
60387	938362	
60387	951287	
60387	951295	
60387	954439	
60387	963257	
60387	963568	
60387	976812	
60387	2008809	
60387	2009875	
60387	2057045	
60387	2057048	
60387	2165140	
60387	2189493	
60387	2213050	
60387	2215021	
60387	2215024	
60387	2215025	
60387	2215031	
60387	2215034	
60387	2215040	
60387	2215041	
60387	2215043	
60387	2215046	
60387	2215047	
60387	2215048	
60387	2215051	
60387	2215056	
60387	2215059	
60387	2215062	
60387	2215064	
60387	2215066	
60387	2215067	
60387	2215070	
60387	2215073	
60387	2215080	
60387	2215082	
60387	2215086	
60387	2215088	
60387	2215090	
60387	2215091	
60387	2215093	
60387	2215095	
60387	2215097	
60387	2215100	
60387	2216225	
60387	2217823	
60387	2225704	
60387	2393362	
60387	2410703	
60387	3015288	
60667	554921	
60716	554921	
60727	554921	
60812	554921	
60823	554921	
60850	554921	
60858	554921	
60860	554921	
73883	2137854	
73938	230230	
61375	261114	
62003	554921	
68526	554921	
67153	230230	
72579	918595	
67809	563128	
69172	848377	
69202	554921	
69676	261114	
89956	918595	
70689	79879	
71903	79879	
71686	1005632	
83879	261114	
84255	261114	
81561	261114	
85347	554921	
83464	230230	
83493	261114	
86181	2407923	
79836	2407923	
79879	79881	
79879	94461	
79879	137345	
79879	172174	
79879	184676	
79879	187724	
79879	414532	
79879	425599	
79879	515542	
79879	531729	
79879	637017	
79879	637652	
79879	647875	
79879	712983	
79879	723846	
79879	773652	
79879	842329	
79879	842374	
79879	848377	
79879	885170	
79879	889766	
79879	892205	
79879	913404	
79879	913411	
79879	918595	
79879	918665	
79879	920787	
79879	921357	
79879	950207	
79879	1996918	
79879	2048253	
79879	2048304	
79879	2048492	
79879	2138399	
79879	2188385	
79879	2215040	
79879	2215927	
79879	2218180	
79879	2218810	
79879	2221140	
79879	2221146	
79879	2223112	
79879	2225663	
79879	2238921	
79879	2240825	
79879	2319413	
79879	2357510	
79879	2358925	
79879	2370310	
79879	2395139	
79879	2395154	
79879	2395656	
79879	2396058	
79879	2398784	
79879	2398962	
79879	2400197	
79879	2400254	
79879	2401410	
79879	2403520	
79879	2405979	
79879	2407203	
79879	2407574	
79879	2407923	
79879	2408190	
79879	2440317	
79879	2440320	
79879	2440322	
79879	2440324	
79879	2440325	
79879	2440326	
79879	2440329	
79879	2440330	
79879	2440334	
79879	2440338	
79879	2440339	
79879	2440342	
79879	2440343	
79879	2440347	
79879	2440349	
79879	2440351	
79879	2440353	
79879	2440354	
79879	2440357	
79879	2440358	
79879	2440359	
79879	2440361	
79879	2440362	
79879	2442981	
79879	2488386	
79881	515542	
79881	848377	
79881	918595	
79881	2395139	
79881	2407923	
79881	2440325	
79881	2440353	
79881	2441862	
79934	554921	
79955	848377	
79971	918595	
80036	554921	
80300	261114	
81082	230230	
81087	563128	
94461	848377	
94461	918595	
94461	2395139	
94461	2407923	
94461	2440325	
94461	2440353	
94461	2440362	
85997	918595	
86179	261114	
84869	261114	
86729	230230	
96490	209671	
93991	554921	
95951	848377	
95981	563128	
110925	563128	
112957	563128	
108595	209671	
110727	2137854	
112899	563128	
114742	261114	
116468	261114	
124132	230230	
124568	261114	
126585	261114	
126620	261114	
128908	261114	
129041	563128	
129068	563128	
130177	563128	
130486	230230	
131706	563128	
197256	563128	
206609	563128	
375609	563128	
444290	563128	
131515	563128	
131584	2137854	
131619	563128	
131787	563128	
132214	261114	
133354	261114	
133653	563128	
134119	563128	
134953	230230	
134975	230230	
135486	918595	
136231	554921	
146311	515542	
139410	209671	
144419	261114	
141365	209671	
152336	261114	
148161	563128	
148982	563128	
160631	209671	
149551	261114	
149569	261114	
149572	261114	
147236	230230	
156324	261114	
153691	563128	
153899	261114	
153926	261114	
153991	261114	
154014	261114	
154857	563128	
154914	261114	
154918	261114	
154785	261114	
157749	563128	
158041	261114	
156907	918595	
167822	209671	
171865	554921	
171902	554921	
172168	563128	
172174	848377	
165448	563128	
165454	563128	
165458	563128	
169195	848377	
167271	261114	
171719	230230	
170393	230230	
177871	230230	
172236	261114	
172253	261114	
176091	261114	
174901	2137854	
173621	230230	
175439	918595	
174368	261114	
187683	554921	
176649	230230	
176649	1005667	
176683	2137854	
176807	230230	
184676	848377	
184676	2395139	
180679	261114	
187530	209671	
197159	918595	
190695	554921	
192381	209671	
194849	515542	
194865	261114	
200545	2137854	
197823	1005667	
203901	261114	
202548	554921	
207155	554921	
209615	209671	
209622	209671	
209671	290246	
209671	290248	
209671	295448	
209671	384982	
209671	399758	
209671	411435	
209671	455648	
209671	489117	
209671	497155	
209671	522903	
209671	576772	
209671	603975	
209671	627330	
209671	732590	
209671	906163	
209671	1996331	
209671	2272651	
209671	2308674	
209671	2647174	
209671	2864592	
210304	210306	
210305	210306	
210306	210307	
210306	210309	
210306	210310	
210306	210313	
210306	210314	
210306	210318	
210306	210319	
210306	210320	
210306	210321	
210306	210324	
210306	210325	
210306	210326	
210306	210327	
210306	308269	
210306	384288	
210306	433888	
210306	718559	
210306	803104	
210306	803544	
210306	803577	
210306	880154	
210306	898218	
210306	933008	
210306	959938	
210306	977620	
210306	1005667	
210306	1885721	
210306	1964738	
210306	2016198	
210306	2016201	
210306	2055298	
210306	2055320	
210306	2055348	
210306	2155482	
210306	2181370	
210306	2215432	
210306	2278923	
210306	2322924	
210306	2422014	
210306	2532751	
210306	2559510	
210306	2570763	
210306	2591091	
210324	1005667	
212108	261114	
221953	230230	
215540	554921	
219159	230230	
219164	563128	
220615	261114	
222440	563128	
220103	563128	
220115	563128	
220117	563128	
220127	563128	
221655	554921	
227466	1005632	
223986	261114	
225528	261114	
223416	2137854	
223426	848377	
225090	554921	
239010	1005632	
229409	1005667	
236939	554921	
228900	261114	
230229	230230	
230230	230237	
230230	230238	
230230	230240	
230230	230243	
230230	230248	
230230	230253	
230230	230254	
230230	230258	
230230	230260	
230230	230262	
230230	232338	
230230	242547	
230230	260842	
230230	287649	
230230	291576	
230230	322184	
230230	323618	
230230	323636	
230230	336004	
230230	344021	
230230	394625	
230230	404738	
230230	432219	
230230	435604	
230230	448986	
230230	484684	
230230	498679	
230230	501833	
230230	517922	
230230	518790	
230230	523591	
230230	524992	
230230	524994	
230230	524998	
230230	525002	
230230	525007	
230230	525010	
230230	525012	
230230	525017	
230230	525020	
230230	525024	
230230	525025	
230230	525027	
230230	525028	
230230	528575	
230230	528924	
230230	554097	
230230	578734	
230230	581592	
230230	593597	
230230	593601	
230230	593620	
230230	593646	
230230	593659	
230230	593665	
230230	593683	
230230	593729	
230230	593741	
230230	593750	
230230	615222	
230230	615224	
230230	615248	
230230	616600	
230230	619203	
230230	619600	
230230	633968	
230230	639755	
230230	651592	
230230	662740	
230230	687345	
230230	740227	
230230	750731	
230230	752455	
230230	758308	
230230	764871	
230230	764909	
230230	767106	
230230	767814	
230230	786042	
230230	804155	
230230	821939	
230230	823372	
230230	823374	
230230	823377	
230230	823381	
230230	823383	
230230	823384	
230230	823385	
230230	823794	
230230	824394	
230230	831856	
230230	866711	
230230	887547	
230230	917855	
230230	918816	
230230	919175	
230230	919176	
230230	922980	
230230	949722	
230230	951906	
230230	1005667	
230230	1926818	
230230	1973132	
230230	1999431	
230230	2040279	
230230	2043189	
230230	2052874	
230230	2124113	
230230	2124114	
230230	2144351	
230230	2183192	
230230	2229235	
230230	2247547	
230230	2301266	
230230	2321708	
230230	2363271	
230230	2403646	
230230	2459754	
230230	2529681	
230230	2555428	
230230	2555430	
230230	2625742	
230230	2799666	
230230	2914295	
230230	2918761	
230230	2929551	
230230	3054372	
230230	3063068	
230230	3064922	
230230	3066373	
232833	554921	
250761	918595	
231857	2137854	
234442	2137854	
234511	554921	
232429	2137854	
232452	2137854	
235102	2395139	
235103	2395139	
236815	261114	
233379	554921	
241052	261114	
241117	554921	
241126	918595	
235852	848377	
235852	918595	
235852	2395139	
235852	2407923	
235852	2441862	
240750	261114	
234642	848377	
236989	554921	
238277	554921	
239306	918595	
246551	261114	
245280	554921	
245292	554921	
236990	554921	
236993	554921	
236999	554921	
237002	554921	
237008	554921	
237012	554921	
241850	261114	
237655	563128	
242786	554921	
240494	563128	
252448	563128	
254381	554921	
249929	261114	
253176	1005632	
250106	554921	
250302	261114	
248393	261114	
249586	515542	
251071	261114	
254853	848377	
254866	848377	
261114	261116	
261114	261125	
261114	261126	
261114	261136	
261114	261138	
261114	261139	
261114	261144	
261114	261146	
261114	261147	
261114	261149	
261114	261153	
261114	261157	
261114	261167	
261114	261171	
261114	261176	
261114	261181	
261114	261190	
261114	261197	
261114	261203	
261114	261490	
261114	270950	
261114	276566	
261114	276611	
261114	280086	
261114	280124	
261114	284215	
261114	284319	
261114	284323	
261114	284324	
261114	284340	
261114	284364	
261114	284376	
261114	284378	
261114	284390	
261114	284399	
261114	284401	
261114	286322	
261114	287651	
261114	288479	
261114	288768	
261114	293650	
261114	306401	
261114	313840	
261114	336788	
261114	349104	
261114	367577	
261114	381252	
261114	384207	
261114	390959	
261114	398849	
261114	399724	
261114	399731	
261114	399737	
261114	408922	
261114	410029	
261114	410060	
261114	411625	
261114	413373	
261114	425680	
261114	430769	
261114	439147	
261114	450885	
261114	456659	
261114	460818	
261114	474189	
261114	481771	
261114	488508	
261114	511741	
261114	511742	
261114	511783	
261114	515939	
261114	515956	
261114	529906	
261114	533008	
261114	542429	
261114	542537	
261114	553918	
261114	553977	
261114	555671	
261114	564818	
261114	568909	
261114	578832	
261114	581307	
261114	590012	
261114	590119	
261114	590122	
261114	590148	
261114	590176	
261114	590184	
261114	590194	
261114	590200	
261114	592067	
261114	592079	
261114	603820	
261114	614004	
261114	628420	
261114	630440	
261114	637012	
261114	643716	
261114	651723	
261114	652174	
261114	652204	
261114	667862	
261114	685953	
261114	696318	
261114	696359	
261114	699244	
261114	702768	
261114	702897	
261114	702924	
261114	702980	
261114	703011	
261114	703032	
261114	704992	
261114	705423	
261114	706141	
261114	707902	
261114	708963	
261114	710020	
261114	712477	
261114	712502	
261114	712533	
261114	712956	
261114	713896	
261114	713937	
261114	722010	
261114	734440	
261114	735840	
261114	743424	
261114	746685	
261114	766556	
261114	777771	
261114	785202	
261114	793648	
261114	793663	
261114	793680	
261114	794095	
261114	794114	
261114	799031	
261114	808418	
261114	822946	
261114	824038	
261114	824048	
261114	824075	
261114	827194	
261114	849121	
261114	858266	
261114	861818	
261114	863458	
261114	875204	
261114	884366	
261114	895225	
261114	903790	
261114	906677	
261114	933344	
261114	956004	
261114	956397	
261114	964503	
261114	973392	
261114	981127	
261114	982001	
261114	983391	
261114	1141142	
261114	1678091	
261114	1725576	
261114	1897996	
261114	1898000	
261114	1898033	
261114	1898181	
261114	1900562	
261114	1910676	
261114	1910733	
261114	1913652	
261114	1916991	
261114	1924303	
261114	1961699	
261114	1968697	
261114	1982048	
261114	1983271	
261114	1984640	
261114	1984714	
261114	1991236	
261114	1991742	
261114	2005933	
261114	2008731	
261114	2013518	
261114	2013533	
261114	2013546	
261114	2059405	
261114	2059482	
261114	2143023	
261114	2145654	
261114	2147864	
261114	2148194	
261114	2149110	
261114	2152514	
261114	2156524	
261114	2162336	
261114	2184563	
261114	2198297	
261114	2203307	
261114	2206072	
261114	2239839	
261114	2275805	
261114	2278299	
261114	2288856	
261114	2310918	
261114	2315926	
261114	2316249	
261114	2330275	
261114	2369168	
261114	2385936	
261114	2391909	
261114	2394895	
261114	2397842	
261114	2399179	
261114	2405414	
261114	2405892	
261114	2407137	
261114	2440222	
261114	2444705	
261114	2451740	
261114	2531074	
261114	2531076	
261114	2531121	
261114	2531122	
261114	2531134	
261114	2531135	
261114	2531136	
261114	2531140	
261114	2531142	
261114	2531147	
261114	2531148	
261114	2531149	
261114	2531150	
261114	2531151	
261114	2531154	
261114	2531156	
261114	2543086	
261114	2574069	
261114	2615450	
261114	2616967	
261114	2618193	
261114	2687265	
261114	2691996	
261114	2693589	
261114	2694736	
261114	2696151	
261114	2697639	
261114	2698284	
261114	2699306	
261114	2721762	
261114	2743783	
261114	2786626	
261114	2793784	
261114	2814055	
261114	2860242	
261114	2863640	
261114	2903739	
261114	2914346	
261114	2946366	
261114	2946375	
261114	3014918	
261114	3014924	
261114	3014926	
261195	563128	
264878	554921	
267186	1005667	
276392	918595	
276530	563128	
275065	848377	
281485	1005632	
281485	1005667	
281386	563128	
285798	563128	
283920	2137854	
288655	2137854	
287623	554921	
287632	848377	
290667	2395139	
290683	554921	
288481	554921	
293204	563128	
308881	554921	
305232	1005667	
314723	2407923	
314741	2407923	
315599	563128	
324097	563128	
328860	2137854	
335892	2395139	
333313	554921	
345510	554921	
334849	515542	
334849	918595	
337335	515542	
337335	918595	
342268	554921	
342309	554921	
342334	2440325	
342372	554921	
336937	554921	
342544	554921	
376379	918595	
369017	918595	
399941	563128	
403283	2137854	
405638	848377	
409546	563128	
409627	563128	
404940	515542	
404940	918595	
408222	563128	
408225	563128	
408227	563128	
408230	563128	
413086	563128	
409097	1005632	
422779	554921	
422785	554921	
425599	515542	
425599	2395139	
426527	563128	
439328	554921	
440485	554921	
442739	2137854	
449980	563128	
462406	554921	
443276	563128	
443357	563128	
448944	563128	
457331	554921	
448835	1005632	
448917	1005632	
450336	2137854	
450739	554921	
451900	563128	
472918	563128	
451358	563128	
463266	563128	
462178	563128	
464427	554921	
475801	563128	
489028	563128	
469830	554921	
460243	1005667	
464395	554921	
464840	1005667	
463900	1005632	
473722	1005667	
481769	563128	
485773	563128	
485804	563128	
497031	563128	
502822	2137854	
506314	2137854	
507836	563128	
512754	563128	
515348	918595	
515542	523081	
515542	585211	
515542	586448	
515542	630060	
515542	637652	
515542	647875	
515542	723390	
515542	768318	
515542	773652	
515542	889766	
515542	892205	
515542	918595	
515542	920717	
515542	979186	
515542	1926831	
515542	1926873	
515542	2218810	
515542	2223112	
515542	2225663	
515542	2285305	
515542	2393078	
515542	2395139	
515542	2401410	
515542	2403520	
515542	2407574	
515542	2407923	
515542	2440326	
515542	2440330	
515542	2440343	
515542	2440349	
515542	2440351	
515542	2440362	
515542	2441862	
515542	2483311	
520256	918595	
523090	2440353	
524036	918595	
524304	2137854	
531729	848377	
531008	2407923	
535920	918595	
537252	1005667	
541993	563128	
542004	563128	
544305	563128	
547398	2137854	
547443	563128	
553147	1005667	
554707	554921	
554713	554921	
554722	554921	
554730	554921	
554782	554921	
554806	554921	
554853	554921	
554862	554921	
554865	554921	
554886	554921	
554887	554921	
554890	554921	
554893	554921	
554895	554921	
554899	554921	
554906	554921	
554907	554921	
554913	554921	
554921	554923	
554921	554924	
554921	554925	
554921	554946	
554921	554949	
554921	554967	
554921	595195	
554921	595196	
554921	595255	
554921	598930	
554921	606887	
554921	634274	
554921	635551	
554921	643255	
554921	643271	
554921	643286	
554921	643287	
554921	643291	
554921	643306	
554921	643322	
554921	643328	
554921	643332	
554921	643333	
554921	643337	
554921	643338	
554921	643342	
554921	643343	
554921	643344	
554921	643346	
554921	643347	
554921	643349	
554921	643350	
554921	643352	
554921	643353	
554921	643359	
554921	643361	
554921	643366	
554921	643374	
554921	643375	
554921	643376	
554921	643380	
554921	643381	
554921	643383	
554921	643387	
554921	643388	
554921	643390	
554921	643393	
554921	643395	
554921	643396	
554921	643397	
554921	646280	
554921	677225	
554921	746920	
554921	780726	
554921	793524	
554921	793538	
554921	795185	
554921	815954	
554921	816333	
554921	823199	
554921	842342	
554921	842350	
554921	860447	
554921	863131	
554921	885501	
554921	911802	
554921	918904	
554921	920018	
554921	921328	
554921	921365	
554921	921394	
554921	1005632	
554921	1005667	
554921	1005678	
554921	1005684	
554921	1005687	
554921	1005804	
554921	1907329	
554921	1960138	
554921	1960142	
554921	1960196	
554921	1960216	
554921	1960217	
554921	1960295	
554921	2032655	
554921	2111511	
554921	2138606	
554921	2213419	
554921	2214148	
554921	2215223	
554921	2215307	
554921	2215678	
554921	2215733	
554921	2215747	
554921	2215754	
554921	2215765	
554921	2215771	
554921	2215776	
554921	2215780	
554921	2215785	
554921	2215799	
554921	2215800	
554921	2215806	
554921	2215807	
554921	2215822	
554921	2215823	
554921	2215825	
554921	2215831	
554921	2215847	
554921	2215860	
554921	2215863	
554921	2216061	
554921	2216234	
554921	2216636	
554921	2218649	
554921	2227600	
554921	2242211	
554921	2281789	
554921	2394658	
554921	2398499	
554921	2443948	
554921	2534429	
554921	2629256	
554921	2720968	
554921	2966025	
554921	3032841	
559193	2137854	
562486	563128	
563117	563128	
563127	563128	
563128	563129	
563128	563130	
563128	563132	
563128	563136	
563128	563141	
563128	563146	
563128	563147	
563128	563152	
563128	563154	
563128	563161	
563128	563163	
563128	563165	
563128	596049	
563128	610157	
563128	610158	
563128	610161	
563128	610162	
563128	610163	
563128	610166	
563128	610167	
563128	610173	
563128	610176	
563128	611876	
563128	615783	
563128	617197	
563128	637787	
563128	638630	
563128	640348	
563128	640690	
563128	641022	
563128	649319	
563128	650255	
563128	659341	
563128	666587	
563128	673821	
563128	684087	
563128	685489	
563128	704584	
563128	732829	
563128	733989	
563128	738451	
563128	747171	
563128	750646	
563128	750757	
563128	753625	
563128	757713	
563128	760300	
563128	767625	
563128	767643	
563128	768354	
563128	772248	
563128	776679	
563128	776712	
563128	776741	
563128	776751	
563128	776754	
563128	776759	
563128	776763	
563128	776765	
563128	776773	
563128	776829	
563128	776858	
563128	776864	
563128	776891	
563128	776904	
563128	776913	
563128	776921	
563128	776929	
563128	776938	
563128	776963	
563128	776979	
563128	776980	
563128	776987	
563128	777038	
563128	777039	
563128	777059	
563128	781206	
563128	783276	
563128	792400	
563128	797118	
563128	801509	
563128	810072	
563128	827275	
563128	842726	
563128	845823	
563128	851932	
563128	862631	
563128	871206	
563128	871479	
563128	875314	
563128	876268	
563128	878207	
563128	878208	
563128	878211	
563128	883428	
563128	897292	
563128	906355	
563128	908477	
563128	915087	
563128	917417	
563128	918550	
563128	919273	
563128	919282	
563128	919285	
563128	919292	
563128	919301	
563128	919302	
563128	919505	
563128	919507	
563128	921811	
563128	921970	
563128	924873	
563128	928502	
563128	937076	
563128	937501	
563128	950881	
563128	950884	
563128	950888	
563128	950892	
563128	950897	
563128	950898	
563128	950904	
563128	950905	
563128	983500	
563128	983506	
563128	983518	
563128	983519	
563128	983549	
563128	1159722	
563128	1913958	
563128	1913965	
563128	1917500	
563128	1917558	
563128	1966282	
563128	1983637	
563128	1985848	
563128	1985875	
563128	1998632	
563128	2004608	
563128	2007692	
563128	2009821	
563128	2023844	
563128	2035801	
563128	2035840	
563128	2036065	
563128	2042764	
563128	2055626	
563128	2063436	
563128	2144338	
563128	2163576	
563128	2206894	
563128	2214909	
563128	2215611	
563128	2215612	
563128	2216880	
563128	2242479	
563128	2242480	
563128	2242489	
563128	2242496	
563128	2242499	
563128	2242503	
563128	2242509	
563128	2242513	
563128	2242614	
563128	2242616	
563128	2242619	
563128	2242626	
563128	2242646	
563128	2289662	
563128	2296661	
563128	2301583	
563128	2369530	
563128	2371771	
563128	2381242	
563128	2391420	
563128	2396706	
563128	2396707	
563128	2396715	
563128	2396723	
563128	2403370	
563128	2406657	
563128	2408816	
563128	2473784	
563128	2529983	
563128	2535003	
563128	2570950	
563128	2724872	
563128	2752039	
563128	2794736	
563128	2794738	
563128	2794743	
563128	2794744	
563128	2794747	
563128	2794762	
563128	2820313	
563128	2875624	
563128	2884909	
563128	2887471	
563128	2887478	
563128	2897710	
563128	2982282	
563128	2990467	
563128	3003529	
563128	3029769	
563128	3037127	
563128	3037610	
562627	2407923	
562631	2137854	
595572	2137854	
595573	2137854	
595575	2137854	
595579	2137854	
595586	2137854	
609337	2440362	
627904	1005667	
615463	918595	
621957	848377	
628088	918595	
630060	918595	
632854	1005632	
637012	918595	
638641	918595	
637652	918595	
637652	2395139	
637652	2407923	
637659	918595	
636297	918595	
636298	848377	
636329	918595	
637017	848377	
637017	918595	
637017	2395139	
637017	2407923	
637037	2137854	
644048	2407923	
644063	2407923	
635557	2137854	
637126	918595	
637855	918595	
649858	848377	
649913	2137854	
649968	848377	
643398	1005632	
646214	2407923	
646239	2440362	
643837	918595	
648981	2137854	
647828	2395139	
647875	918595	
647875	2395139	
647875	2407923	
647875	2440325	
647875	2440353	
660145	2137854	
664966	848377	
669740	2407923	
675539	1005632	
693834	2137854	
705072	2137854	
730611	1005667	
730612	1005667	
723390	918595	
723390	2395139	
723390	2407923	
723390	2440353	
723390	2440362	
727049	2137854	
723776	2137854	
732763	2137854	
738690	2395139	
738690	2407923	
738690	2440325	
746887	2395139	
746887	2407923	
746887	2440325	
746964	2440325	
746970	2407923	
746970	2440325	
754176	2407923	
756676	848377	
760217	2395139	
772155	848377	
769901	2137854	
773652	848377	
773652	918595	
773652	2395139	
773652	2407923	
773652	2440325	
772916	918595	
782018	848377	
784109	848377	
786981	848377	
786981	2407923	
790401	848377	
790401	2407923	
802812	848377	
802812	2440325	
806040	2137854	
810888	1005632	
815612	1005667	
824488	2395139	
824311	918595	
824311	2440325	
829999	918595	
825605	848377	
830120	2137854	
842329	848377	
842358	2440325	
842344	2137854	
842355	848377	
843345	848377	
843345	2395139	
843345	2407923	
848208	2137854	
848377	892205	
848377	913404	
848377	913411	
848377	916062	
848377	916102	
848377	920541	
848377	927187	
848377	939704	
848377	971673	
848377	1981695	
848377	1996918	
848377	2003671	
848377	2048253	
848377	2048304	
848377	2048492	
848377	2138319	
848377	2138399	
848377	2141924	
848377	2156539	
848377	2158742	
848377	2188385	
848377	2215040	
848377	2215650	
848377	2215927	
848377	2217665	
848377	2218180	
848377	2218810	
848377	2221140	
848377	2221146	
848377	2223943	
848377	2238921	
848377	2240825	
848377	2280135	
848377	2333591	
848377	2358925	
848377	2369838	
848377	2370086	
848377	2370309	
848377	2372206	
848377	2374410	
848377	2390430	
848377	2390443	
848377	2390458	
848377	2391724	
848377	2393078	
848377	2395154	
848377	2395823	
848377	2396058	
848377	2400254	
848377	2401410	
848377	2402975	
848377	2403520	
848377	2403676	
848377	2404477	
848377	2405979	
848377	2407203	
848377	2407830	
848377	2407923	
848377	2440317	
848377	2440322	
848377	2440329	
848377	2440330	
848377	2440338	
848377	2440339	
848377	2440343	
848377	2440349	
848377	2440351	
848377	2440353	
848377	2440354	
848377	2440357	
848377	2440358	
848377	2441854	
848377	2441855	
848377	2441857	
848377	2441862	
848377	2449920	
848377	2501219	
848377	2578567	
848377	2578577	
848377	2697091	
848377	2909975	
848377	3004792	
848377	3022687	
848377	3067005	
848406	2137854	
850365	2137854	
850822	2137854	
855191	2440353	
871605	2137854	
881984	918595	
888518	2407923	
889740	2395139	
889766	918595	
889766	2395139	
892205	918595	
892205	2395139	
892205	2407923	
892205	2440362	
893831	2137854	
896770	918595	
904855	1005632	
913404	2395139	
913404	2407923	
913404	2440325	
913404	2440353	
918411	2137854	
918652	2137854	
918913	2137854	
916062	2395139	
916062	2407923	
916062	2440325	
918595	921519	
918595	922140	
918595	1926864	
918595	1996918	
918595	2048304	
918595	2123751	
918595	2145503	
918595	2145505	
918595	2150398	
918595	2218810	
918595	2219523	
918595	2221103	
918595	2221146	
918595	2223112	
918595	2225663	
918595	2226512	
918595	2240825	
918595	2255152	
918595	2285305	
918595	2361035	
918595	2393078	
918595	2395139	
918595	2395154	
918595	2397666	
918595	2398496	
918595	2400254	
918595	2401410	
918595	2403520	
918595	2405979	
918595	2407203	
918595	2407574	
918595	2407923	
918595	2408569	
918595	2408655	
918595	2440322	
918595	2440326	
918595	2440329	
918595	2440330	
918595	2440339	
918595	2440343	
918595	2440347	
918595	2440351	
918595	2440353	
918595	2440354	
918595	2440362	
918595	2441529	
918595	2441862	
918595	2553056	
918595	2620415	
921378	1005632	
924325	2407923	
922164	2395139	
922167	2395139	
922170	2395139	
920787	2395139	
920787	2407923	
920787	2440325	
920787	2440362	
921884	2440362	
921403	2407923	
930893	1005667	
950207	2395139	
950207	2407923	
950207	2441862	
949325	2407923	
949328	2407923	
962000	1005632	
1005567	1005632	
1005572	1005632	
1005577	1005632	
1005616	1005632	
1005619	1005632	
1005623	1005632	
1005632	1005657	
1005632	1005670	
1005632	1005692	
1005632	1005703	
1005632	1005770	
1005632	1005804	
1005632	1005867	
1005632	1061966	
1005632	1216205	
1005632	1925093	
1005632	2210367	
1005632	2510883	
1005632	2928644	
1005667	1048910	
1005667	1056371	
1005667	1061694	
1005667	1062687	
1005667	1109931	
1005667	1225953	
1005667	1252306	
1005667	1255727	
1005667	1265883	
1005667	1331689	
1005667	1340228	
1005667	1340326	
1005667	1371563	
1005667	1416352	
1005667	1535099	
1005667	1584221	
1005667	1672585	
1005667	1673073	
1005667	1797549	
1005667	1800486	
1005667	1810993	
1005667	1829898	
1005667	1831763	
1005667	1970843	
1005667	1970979	
1005667	1974610	
1005667	2086813	
1005667	2221329	
1005667	2237951	
1005667	2280820	
1005667	2337056	
1005667	2427305	
1005667	2476636	
1005667	2515493	
1005667	2564174	
1005667	2618105	
1005667	2624541	
1005667	2625426	
1005667	2651528	
1005667	2658870	
1005667	2668561	
1005667	2855249	
1005667	3021959	
1005667	3049336	
996828	1005667	
1996918	2395139	
1996918	2407923	
1996918	2440353	
1996918	2440362	
2002981	2440325	
2043799	2440362	
2048253	2395139	
2048253	2407923	
2048304	2395139	
2124142	2407923	
2141901	2440325	
2137847	2137854	
2137854	2137860	
2137854	2211312	
2137854	2214347	
2137854	2223618	
2137854	2238862	
2137854	2268978	
2137854	2301429	
2137854	2355060	
2137854	2369870	
2137854	2392976	
2137854	2400836	
2137854	2435984	
2137854	2440732	
2137854	2912119	
2145499	2407923	
2145501	2407923	
2145502	2407923	
2145509	2407923	
2188385	2407923	
2211248	2407923	
2214258	2407923	
2216605	2440325	
2214632	2407923	
2215927	2395139	
2215927	2407923	
2215520	2440325	
2218810	2395139	
2218810	2407923	
2218810	2440353	
2218810	2440362	
2223112	2395139	
2223112	2407923	
2223112	2440325	
2223112	2440362	
2223945	2407923	
2221122	2395139	
2221140	2440325	
2221140	2440362	
2221146	2395139	
2221146	2407923	
2221146	2440325	
2225774	2395139	
2225663	2407923	
2225663	2440325	
2225663	2440353	
2240825	2395139	
2240825	2407923	
2240825	2440353	
2255152	2440353	
2280135	2407923	
2280135	2440362	
2280137	2440362	
2289194	2395139	
2319413	2395139	
2319413	2407923	
2370086	2395139	
2390479	2440362	
2395154	2407923	
2395260	2407923	
2393078	2440325	
2393078	2440353	
2393078	2440362	
2391254	2407923	
2401410	2440353	
2395139	2395154	
2395139	2396058	
2395139	2398340	
2395139	2400254	
2395139	2401819	
2395139	2403520	
2395139	2405979	
2395139	2407203	
2395139	2407923	
2395139	2440317	
2395139	2440320	
2395139	2440322	
2395139	2440329	
2395139	2440330	
2395139	2440339	
2395139	2440343	
2395139	2440347	
2395139	2440349	
2395139	2440353	
2395139	2440354	
2395139	2440362	
2395139	2441855	
2395139	2441857	
2395139	2910082	
2396058	2440325	
2396058	2440353	
2401688	2440362	
2402424	2440325	
2400254	2440325	
2400254	2440353	
2399487	2440353	
2402581	2440353	
2407830	2407923	
2407832	2440325	
2403520	2407923	
2403520	2440325	
2405979	2407923	
2407923	2408573	
2407923	2408655	
2407923	2440317	
2407923	2440320	
2407923	2440329	
2407923	2440330	
2407923	2440343	
2407923	2440347	
2407923	2440349	
2407923	2440353	
2407923	2441855	
2407923	2441857	
2407923	2491318	
2407923	2513836	
2407923	2566216	
2407923	2566225	
2407574	2440325	
2407574	2440353	
2407574	2441862	
2440325	2440326	
2440325	2440330	
2440325	2440342	
2440325	2440347	
2440325	2440353	
2440325	2440362	
2440325	2441857	
2440325	2441858	
2440325	2620405	
2440325	2620415	
2440325	2788170	
2440326	2440353	
2440326	2440362	
2440330	2440353	
2440330	2441862	
2440339	2440353	
2440342	2440353	
2440347	2441862	
2440351	2440353	
2440353	2440362	
2	26725	
62	995	
63	691	
63	692	
74	4402	
619	38460	
627	39620	
627	39652	
814	52545	
1012	41540	
1059	41540	
2838	8123	
3162	176807	
3164	41540	
4072	5199	
6606	41540	
26691	432219	
26694	26725	
26696	403244	
26698	26725	
26698	36954	
26700	26725	
26709	26725	
26709	77336	
26709	450955	
26709	491887	
26709	583767	
26709	2217823	
26711	374223	
26711	774883	
26725	36698	
26725	36722	
26725	36735	
26725	36787	
26725	36886	
26725	36926	
26725	37015	
26725	37029	
26725	37058	
26725	38487	
26725	45556	
26725	56128	
26725	60433	
26725	60670	
26725	60722	
26725	60759	
26725	60761	
26725	60821	
26725	60841	
26725	61501	
26725	64098	
26725	64108	
26725	64121	
26725	64153	
26725	67809	
26725	69171	
26725	71547	
26725	75858	
26725	75923	
26725	76007	
26725	76185	
26725	76359	
26725	76601	
26725	76627	
26725	76728	
26725	76733	
26725	76739	
26725	76758	
26725	76804	
26725	76917	
26725	77127	
26725	77141	
26725	77148	
26725	77359	
26725	79868	
26725	81880	
26725	95981	
26725	97774	
26725	110472	
26725	110659	
26725	112957	
26725	119504	
26725	123684	
26725	131097	
26725	131519	
26725	137900	
26725	143550	
26725	143648	
26725	145293	
26725	157717	
26725	158196	
26725	165441	
26725	165442	
26725	167077	
26725	171819	
26725	171838	
26725	175453	
26725	192032	
26725	192035	
26725	192688	
26725	192690	
26725	192707	
26725	199665	
26725	209504	
26725	210368	
26725	212851	
26725	215256	
26725	225132	
26725	230267	
26725	230271	
26725	230293	
26725	230300	
26725	230307	
26725	230314	
26725	230315	
26725	232559	
26725	232561	
26725	238395	
26725	245348	
26725	248449	
26725	256687	
26725	268094	
26725	269713	
26725	272003	
26725	281386	
26725	283381	
26725	289004	
26725	315086	
26725	322366	
26725	335980	
26725	345712	
26725	349831	
26725	379605	
26725	381585	
26725	383894	
26725	385987	
26725	392935	
26725	404940	
26725	409546	
26725	422653	
26725	435834	
26725	439630	
26725	439647	
26725	440996	
26725	442177	
26725	445174	
26725	465807	
26725	470004	
26725	484483	
26725	488268	
26725	502832	
26725	512754	
26725	516984	
26725	543534	
26725	547330	
26725	553832	
26725	554875	
26725	563134	
26725	569025	
26725	577226	
26725	589290	
26725	590959	
26725	606126	
26725	610155	
26725	614408	
26725	616518	
26725	623687	
26725	637787	
26725	639371	
26725	640348	
26725	646227	
26725	650258	
26725	650272	
26725	652108	
26725	669063	
26725	682044	
26725	682306	
26725	685489	
26725	686172	
26725	689078	
26725	698774	
26725	726887	
26725	729998	
26725	740395	
26725	753625	
26725	763064	
26725	767625	
26725	767643	
26725	768354	
26725	769091	
26725	771354	
26725	772248	
26725	772353	
26725	773292	
26725	773310	
26725	773312	
26725	776668	
26725	776670	
26725	776673	
26725	776674	
26725	776676	
26725	776679	
26725	776682	
26725	776687	
26725	776689	
26725	776692	
26725	776693	
26725	776695	
26725	776696	
26725	776698	
26725	776699	
26725	776704	
26725	776706	
26725	776708	
26725	776710	
26725	776712	
26725	776713	
26725	776717	
26725	776721	
26725	776723	
26725	776725	
26725	776728	
26725	776731	
26725	776735	
26725	776737	
26725	776741	
26725	776745	
26725	776747	
26725	776748	
26725	776751	
26725	776754	
26725	776759	
26725	776763	
26725	776765	
26725	776768	
26725	776770	
26725	776773	
26725	776774	
26725	776775	
26725	776776	
26725	776779	
26725	776783	
26725	776785	
26725	776786	
26725	776791	
26725	776792	
26725	776795	
26725	776799	
26725	776803	
26725	776807	
26725	776809	
26725	776810	
26725	776812	
26725	776814	
26725	776816	
26725	776819	
26725	776821	
26725	776823	
26725	776825	
26725	776827	
26725	776829	
26725	776833	
26725	776837	
26725	776841	
26725	776842	
26725	776843	
26725	776846	
26725	776847	
26725	776849	
26725	776851	
26725	776853	
26725	776856	
26725	776858	
26725	776860	
26725	776862	
26725	776864	
26725	776866	
26725	776868	
26725	776870	
26725	776873	
26725	776875	
26725	776877	
26725	776879	
26725	776883	
26725	776886	
26725	776889	
26725	776891	
26725	776894	
26725	776895	
26725	776897	
26725	776901	
26725	776904	
26725	776906	
26725	776907	
26725	776909	
26725	776913	
26725	776916	
26725	776919	
26725	776921	
26725	776922	
26725	776928	
26725	776929	
26725	776932	
26725	776934	
26725	776936	
26725	776938	
26725	776940	
26725	776943	
26725	776948	
26725	776950	
26725	776953	
26725	776958	
26725	776960	
26725	776963	
26725	776969	
26725	776974	
26725	776979	
26725	776980	
26725	776982	
26725	776984	
26725	776985	
26725	776987	
26725	776988	
26725	776990	
26725	776992	
26725	776995	
26725	776998	
26725	776999	
26725	777002	
26725	777005	
26725	777006	
26725	777009	
26725	777012	
26725	777013	
26725	777017	
26725	777019	
26725	777021	
26725	777023	
26725	777025	
26725	777030	
26725	777033	
26725	777035	
26725	777038	
26725	777039	
26725	777041	
26725	777042	
26725	777043	
26725	777046	
26725	777050	
26725	777053	
26725	777054	
26725	777057	
26725	777059	
26725	777061	
26725	777063	
26725	777065	
26725	777067	
26725	777069	
26725	863502	
26725	1913962	
26725	1973356	
26725	2217848	
26725	2218041	
26725	2275945	
26725	2402610	
26725	2402612	
26725	2403870	
26725	2408025	
26725	2408300	
26725	2863652	
1087	39255	
9013	398849	
9014	41540	
9018	173449	
9028	86179	
9028	403244	
9029	71903	
9029	128908	
9029	261144	
9029	261147	
9029	261176	
9029	261181	
9029	399724	
9029	399731	
9029	399737	
9053	39620	
4382	236939	
4388	228900	
25	5199	
31	3864	
31	3896	
75	9644	
9069	39208	
26643	776752	
5443	267186	
5535	173449	
5549	270950	
2586	147501	
4022	84255	
4025	221953	
4035	28207	
4035	65167	
2819	78860	
2827	86729	
2832	56822	
2834	105091	
2837	67153	
11647	46316	
11664	290246	
1561	9644	
19964	337335	
19971	45760	
19971	221224	
19971	443357	
19971	596049	
200	8123	
222	14744	
229	11043	
229	11076	
239	9644	
352	17350	
487	1973132	
555	31494	
2106	3864	
2106	3896	
7677	130860	
8514	65291	
8514	78860	
10013	221224	
10025	16844	
10055	425680	
10062	154914	
10068	46316	
10083	130177	
10103	154918	
10135	306844	
10167	210972	
10168	130860	
10199	156907	
1427	39620	
1429	45556	
1439	86729	
1447	12458	
1447	96490	
1459	8123	
1459	81561	
1464	12458	
1477	96199	
1613	11043	
2068	5199	
5184	5199	
5185	260842	
5187	5199	
5188	5199	
5190	5199	
5191	260842	
5193	5199	
5193	14348	
5194	5199	
5195	5199	
5196	5199	
5198	5199	
5199	5201	
5199	5203	
5199	5205	
5199	5211	
5199	5212	
5199	5215	
5199	5216	
5199	5217	
5199	5218	
5199	5219	
5199	5220	
5199	5229	
5199	5230	
5199	5235	
5199	5237	
5199	5240	
5199	5241	
5199	5242	
5199	5243	
5199	5247	
5199	5249	
5199	5250	
5199	5251	
5199	5252	
5199	5254	
5199	5255	
5199	5256	
5199	5261	
5199	5262	
5199	5265	
5199	5268	
5199	5270	
5199	5274	
5199	5282	
5199	5291	
5199	5292	
5199	5293	
5199	5294	
5199	5300	
5199	5307	
5199	5309	
5199	5310	
5199	5314	
5199	5315	
5199	5322	
5199	5326	
5199	5336	
5199	5339	
5199	5341	
5199	5343	
5199	5346	
5199	5347	
5199	5351	
5199	5352	
5199	5360	
5199	5361	
5199	5362	
5199	5364	
5199	5365	
5199	5369	
5199	5371	
5199	5372	
5199	5373	
5199	5377	
5199	5379	
5199	5384	
5199	10296	
5199	12945	
5199	14898	
5199	15858	
5199	15864	
5199	15872	
5199	15889	
5199	15892	
5199	16512	
5199	20362	
5199	21641	
5199	22070	
5199	22465	
5199	22513	
5199	23154	
5199	23193	
5199	24845	
5199	26932	
5199	27201	
5199	29050	
5199	30351	
5199	30393	
5199	33233	
5199	40384	
5199	40884	
5199	45120	
5199	58629	
5199	59866	
5199	59966	
5199	60623	
5199	62319	
5199	62335	
5199	65657	
5199	69158	
5199	75223	
5199	76390	
5199	80232	
5199	83056	
5199	84869	
5199	88853	
5199	92126	
5199	96383	
5199	102559	
5199	107778	
5199	108130	
5199	109991	
5199	110276	
5199	110488	
5199	114281	
5199	114362	
5199	114673	
5199	114693	
5199	114694	
5199	114703	
5199	114704	
5199	114709	
5199	114757	
5199	114778	
5199	114780	
5199	114786	
5199	114815	
5199	114821	
5199	114920	
5199	114941	
5199	115523	
5199	118170	
5199	120951	
5199	121241	
5199	121288	
5199	122725	
5199	122837	
5199	124568	
5199	125125	
5199	125130	
5199	125136	
5199	125139	
5199	125144	
5199	125145	
5199	125150	
5199	125152	
5199	125156	
5199	125159	
5199	125172	
5199	125181	
5199	125193	
5199	125196	
5199	125197	
5199	129617	
5199	134163	
5199	135234	
5199	152341	
5199	158788	
5199	158802	
5199	158825	
5199	161443	
5199	172253	
5199	172297	
5199	172734	
5199	174550	
5199	174564	
5199	174794	
5199	175771	
5199	185227	
5199	191981	
5199	203650	
5199	206805	
5199	206870	
5199	216939	
5199	218087	
5199	218596	
5199	219520	
5199	220344	
5199	222467	
5199	231937	
5199	236854	
5199	236912	
5199	239861	
5199	248335	
5199	248393	
5199	251157	
5199	252982	
5199	255149	
5199	257822	
5199	257833	
5199	258928	
5199	259250	
5199	260431	
5199	260432	
5199	261100	
5199	261101	
5199	261102	
5199	261103	
5199	261104	
5199	261105	
5199	261106	
5199	261107	
5199	261108	
5199	261109	
5199	261110	
5199	261111	
5199	261112	
5199	261113	
5199	261115	
5199	261116	
5199	261117	
5199	261118	
5199	261119	
5199	261120	
5199	261121	
5199	261122	
5199	261123	
5199	261124	
5199	261125	
5199	261126	
5199	261127	
5199	261128	
5199	261129	
5199	261130	
5199	261131	
5199	261132	
5199	261133	
5199	261134	
5199	261135	
5199	261136	
5199	261137	
5199	261138	
5199	261139	
5199	261140	
5199	261141	
5199	261142	
5199	261143	
5199	261144	
5199	261145	
5199	261146	
5199	261147	
5199	261148	
5199	261149	
5199	261150	
5199	261151	
5199	261152	
5199	261153	
5199	261154	
5199	261155	
5199	261156	
5199	261157	
5199	261158	
5199	261159	
5199	261160	
5199	261161	
5199	261162	
5199	261163	
5199	261164	
5199	261165	
5199	261166	
5199	261167	
5199	261168	
5199	261169	
5199	261170	
5199	261171	
5199	261172	
5199	261173	
5199	261174	
5199	261175	
5199	261176	
5199	261177	
5199	261178	
5199	261179	
5199	261180	
5199	261181	
5199	261182	
5199	261183	
5199	261184	
5199	261185	
5199	261186	
5199	261187	
5199	261188	
5199	261189	
5199	261190	
5199	261191	
5199	261192	
5199	261193	
5199	261194	
5199	261195	
5199	261196	
5199	261197	
5199	261198	
5199	261199	
5199	261200	
5199	261201	
5199	261202	
5199	261203	
5199	261204	
5199	261205	
5199	261206	
5199	261207	
5199	261208	
5199	261209	
5199	261210	
5199	261211	
5199	261212	
5199	583877	
5199	897311	
5199	1882941	
5199	2830854	
5214	260842	
5223	260842	
5240	248393	
5241	131619	
5259	260842	
5268	261490	
5272	260842	
5273	260842	
5288	260842	
5296	131787	
5297	260842	
5299	260842	
5301	173449	
5319	260842	
5322	240494	
5333	260842	
5348	260842	
5369	240494	
5372	116468	
5381	249929	
898	9644	
910	56303	
915	55039	
924	46316	
954	61704	
970	11043	
970	65167	
970	65291	
5930	39620	
5937	220615	
5958	14348	
5958	18854	
5968	267186	
5981	128908	
5981	281386	
5993	8123	
5993	46316	
6006	14348	
6028	14348	
6028	16844	
265	31494	
274	14348	
302	30288	
302	30290	
302	30307	
302	416922	
304	16433	
308	16844	
315	12884	
317	995	
317	5199	
317	36761	
317	36812	
317	36843	
317	36891	
317	36901	
317	36954	
317	37000	
322	16289	
341	12884	
346	9644	
346	19201	
357	22314	
381	28207	
384	14348	
384	18854	
384	2966025	
409	1330	
409	14348	
424	23019	
437	29894	
442	9644	
448	24287	
473	26996	
480	29894	
504	28624	
529	36668	
2344	124132	
6324	66048	
6327	293650	
99	12458	
102	8734	
106	2363271	
3852	3896	
3852	16844	
3858	3896	
3858	16844	
3862	3864	
3862	3896	
3862	108595	
3863	3896	
3863	86179	
3863	206609	
3864	3866	
3864	3867	
3864	3869	
3864	3872	
3864	3874	
3864	3876	
3864	3877	
3864	3878	
3864	3886	
3864	3887	
3864	3895	
3864	3900	
3864	3904	
3864	3907	
3864	3917	
3864	3921	
3864	3926	
3864	3929	
3864	3931	
3864	3933	
3864	3934	
3864	3939	
3864	3940	
3864	3941	
3864	3950	
3864	3951	
3864	3967	
3864	3968	
3864	3970	
3864	3976	
3864	3982	
3864	3983	
3864	6486	
3864	10853	
3864	10898	
3864	13999	
3864	14405	
3864	14509	
3864	15519	
3864	16865	
3864	18287	
3864	20771	
3864	22202	
3864	22720	
3864	22758	
3864	22763	
3864	22789	
3864	22817	
3864	22826	
3864	22919	
3864	22922	
3864	22924	
3864	25017	
3864	26473	
3864	26808	
3864	27387	
3864	28478	
3864	29190	
3864	35836	
3864	40982	
3864	46213	
3864	50720	
3864	57365	
3864	57866	
3864	60530	
3864	67624	
3864	67707	
3864	85916	
3864	96417	
3864	102897	
3864	103603	
3864	108117	
3864	108598	
3864	108606	
3864	108627	
3864	111187	
3864	111195	
3864	111645	
3864	111666	
3864	112456	
3864	115054	
3864	115614	
3864	116886	
3864	117337	
3864	117760	
3864	118338	
3864	120186	
3864	121839	
3864	121845	
3864	121850	
3864	121852	
3864	122521	
3864	122540	
3864	125807	
3864	125936	
3864	127202	
3864	127216	
3864	127231	
3864	127233	
3864	127249	
3864	127260	
3864	127261	
3864	127278	
3864	127279	
3864	127280	
3864	127286	
3864	127291	
3864	127295	
3864	127303	
3864	128881	
3864	131507	
3864	151269	
3864	154904	
3864	174458	
3864	174479	
3864	180335	
3864	180646	
3864	182648	
3864	184743	
3864	187427	
3864	187933	
3864	187941	
3864	187958	
3864	187976	
3864	187998	
3864	188171	
3864	188536	
3864	190171	
3864	190443	
3864	191244	
3864	191403	
3864	191597	
3864	191602	
3864	191606	
3864	192122	
3864	192136	
3864	192172	
3864	192381	
3864	194234	
3864	194236	
3864	194240	
3864	194242	
3864	194257	
3864	194299	
3864	194308	
3864	194310	
3864	194316	
3864	194320	
3864	194358	
3864	194700	
3864	197538	
3864	198683	
3864	205771	
3864	205798	
3864	206566	
3864	206577	
3864	206671	
3864	206943	
3864	207005	
3864	207020	
3864	207030	
3864	207225	
3864	207227	
3864	207238	
3864	207250	
3864	207442	
3864	207602	
3864	207799	
3864	207869	
3864	208253	
3864	208327	
3864	208382	
3864	208572	
3864	209604	
3864	209605	
3864	209606	
3864	209607	
3864	209608	
3864	209609	
3864	209610	
3864	209611	
3864	209612	
3864	209613	
3864	209614	
3864	209615	
3864	209616	
3864	209617	
3864	209618	
3864	209619	
3864	209620	
3864	209621	
3864	209622	
3864	209623	
3864	209624	
3864	209625	
3864	209626	
3864	209627	
3864	209628	
3864	209629	
3864	209630	
3864	209631	
3864	209632	
3864	209633	
3864	209634	
3864	209635	
3864	209636	
3864	209637	
3864	209638	
3864	209639	
3864	209640	
3864	209641	
3864	209642	
3864	209643	
3864	209644	
3864	209645	
3864	209646	
3864	209647	
3864	209648	
3864	209649	
3864	209650	
3864	209651	
3864	209652	
3864	209653	
3864	209654	
3864	209655	
3864	209656	
3864	209657	
3864	209658	
3864	209659	
3864	209660	
3864	209661	
3864	209662	
3864	209663	
3864	209664	
3864	209665	
3864	209666	
3864	209667	
3864	209668	
3864	209669	
3864	209670	
3864	209672	
3864	209673	
3864	209674	
3864	209675	
3864	209676	
3864	209677	
3864	209678	
3864	209679	
3864	209680	
3864	209681	
3864	209682	
3864	209683	
3864	209684	
3864	209685	
3864	209686	
3864	209687	
3864	209688	
3864	281076	
3864	711970	
3864	751545	
3864	921490	
3864	2016089	
3864	2143670	
3864	2178399	
3864	2311565	
3864	2387582	
3864	2796723	
3865	16844	
3867	3896	
3869	3896	
3869	108595	
3871	108595	
3872	3896	
3875	3896	
3877	3896	
3878	3896	
3878	108595	
3879	203901	
3883	3896	
3884	3896	
3884	89510	
3885	108595	
3886	3896	
3886	108595	
3887	3896	
3887	108595	
3891	3896	
3891	16844	
3893	3896	
3894	36668	
3894	46316	
3895	3896	
3895	108595	
3896	3900	
3896	3904	
3896	3908	
3896	3910	
3896	3912	
3896	3915	
3896	3917	
3896	3920	
3896	3921	
3896	3922	
3896	3923	
3896	3925	
3896	3929	
3896	3934	
3896	3935	
3896	3939	
3896	3941	
3896	3943	
3896	3947	
3896	3951	
3896	3952	
3896	3954	
3896	3955	
3896	3961	
3896	3963	
3896	3965	
3896	3966	
3896	3967	
3896	3968	
3896	3970	
3896	3971	
3896	3972	
3896	3973	
3896	3976	
3896	3978	
3896	3979	
3896	3982	
3896	3983	
3896	6028	
3896	10730	
3896	11961	
3896	14334	
3896	15560	
3896	16844	
3896	16865	
3896	17761	
3896	22714	
3896	22722	
3896	22730	
3896	22759	
3896	22769	
3896	22779	
3896	22787	
3896	22791	
3896	22807	
3896	22808	
3896	22826	
3896	22827	
3896	22830	
3896	22857	
3896	22919	
3896	28078	
3896	32542	
3896	33698	
3896	35516	
3896	39422	
3896	41025	
3896	45089	
3896	48052	
3896	50116	
3896	56725	
3896	60280	
3896	61335	
3896	64896	
3896	67577	
3896	72918	
3896	72944	
3896	75488	
3896	75500	
3896	75568	
3896	78940	
3896	80876	
3896	87320	
3896	88572	
3896	89831	
3896	96417	
3896	103559	
3896	106434	
3896	108584	
3896	108593	
3896	108596	
3896	108598	
3896	108606	
3896	108616	
3896	108627	
3896	108630	
3896	108657	
3896	110819	
3896	110844	
3896	110872	
3896	111628	
3896	111633	
3896	111645	
3896	111670	
3896	111956	
3896	115113	
3896	115932	
3896	118317	
3896	120186	
3896	121838	
3896	121850	
3896	121851	
3896	121863	
3896	121925	
3896	125806	
3896	125807	
3896	127202	
3896	127209	
3896	127213	
3896	127225	
3896	127228	
3896	127229	
3896	127231	
3896	127232	
3896	127233	
3896	127237	
3896	127242	
3896	127244	
3896	127249	
3896	127257	
3896	127260	
3896	127264	
3896	127268	
3896	127272	
3896	127276	
3896	127278	
3896	127279	
3896	127282	
3896	127285	
3896	127286	
3896	127288	
3896	127292	
3896	127299	
3896	127303	
3896	127312	
3896	127314	
3896	132641	
3896	133111	
3896	133116	
3896	133120	
3896	133125	
3896	146468	
3896	149497	
3896	151605	
3896	154238	
3896	154308	
3896	155175	
3896	167617	
3896	169936	
3896	177316	
3896	177902	
3896	179897	
3896	181155	
3896	181661	
3896	181681	
3896	183604	
3896	183612	
3896	183624	
3896	183660	
3896	183690	
3896	183876	
3896	185667	
3896	186668	
3896	187427	
3896	187935	
3896	187936	
3896	187952	
3896	187953	
3896	187958	
3896	187969	
3896	187970	
3896	187976	
3896	188050	
3896	188059	
3896	188097	
3896	188100	
3896	188113	
3896	188124	
3896	188128	
3896	188161	
3896	188171	
3896	188187	
3896	188405	
3896	190174	
3896	190211	
3896	190308	
3896	191403	
3896	191604	
3896	192116	
3896	192122	
3896	192132	
3896	192148	
3896	192151	
3896	192172	
3896	192179	
3896	192212	
3896	194299	
3896	194313	
3896	194340	
3896	194352	
3896	194357	
3896	200171	
3896	205441	
3896	205760	
3896	205795	
3896	205796	
3896	205798	
3896	206350	
3896	206569	
3896	206576	
3896	206577	
3896	206605	
3896	206610	
3896	207031	
3896	207225	
3896	207434	
3896	207439	
3896	207444	
3896	207478	
3896	207487	
3896	207490	
3896	207602	
3896	207935	
3896	207937	
3896	207939	
3896	207943	
3896	207945	
3896	207946	
3896	207947	
3896	207953	
3896	207955	
3896	207957	
3896	207959	
3896	207964	
3896	207974	
3896	207977	
3896	208274	
3896	208338	
3896	208340	
3896	208355	
3896	208543	
3896	208557	
3896	208558	
3896	208560	
3896	208639	
3896	208958	
3896	210264	
3896	210303	
3896	210304	
3896	210305	
3896	210306	
3896	210307	
3896	210308	
3896	210309	
3896	210310	
3896	210311	
3896	210312	
3896	210313	
3896	210314	
3896	210315	
3896	210316	
3896	210317	
3896	210318	
3896	210319	
3896	210320	
3896	210321	
3896	210322	
3896	210323	
3896	210324	
3896	210325	
3896	210326	
3896	210327	
3896	210328	
3896	210329	
3896	210330	
3896	694460	
3896	2800502	
3897	108595	
3898	16844	
3903	108595	
3910	16844	
3915	108595	
3917	108595	
3921	108595	
3922	16844	
3922	108595	
3932	46316	
3934	108595	
3935	108595	
3936	212108	
3939	8123	
3940	108595	
3941	46316	
3954	108595	
3955	108595	
3960	16844	
3965	108595	
3967	108595	
3971	209622	
3973	108595	
3976	108595	
3983	217589	
2460	46316	
2464	144419	
2470	141365	
1760	46316	
1764	105091	
1783	110925	
1830	39620	
1834	5199	
1836	76849	
1844	17350	
1851	5199	
1854	112957	
1855	108595	
1864	5199	
1866	36901	
1866	36954	
1866	60508	
1866	110727	
1867	5199	
1869	5199	
1871	67153	
1874	85347	
1898	14744	
1898	112899	
1898	112957	
1912	5199	
1912	114742	
1918	89510	
1924	5199	
1937	5199	
1970	46316	
1980	36668	
1991	36668	
1991	116468	
1998	119663	
2005	5199	
2005	84869	
2014	14348	
2028	36954	
2028	118181	
2038	124017	
2040	45760	
2040	124132	
2047	78860	
2047	120146	
2048	124017	
2055	124568	
2088	5199	
2090	112957	
2092	39620	
2095	126585	
2095	126620	
2110	23019	
2113	5199	
2116	41540	
2127	5199	
2132	128908	
2132	129041	
2132	129068	
2163	130177	
2170	130486	
2177	130860	
2179	5199	
2182	5199	
2183	14348	
2186	76053	
2187	129041	
2187	131706	
2187	197256	
2187	206609	
2187	375609	
2187	444290	
2189	112957	
2193	129041	
2193	131515	
2193	131584	
2193	131619	
2193	131706	
2193	131787	
1053	41540	
1158	8123	
1158	46316	
2686	158041	
8779	267186	
8784	67153	
1798	46316	
1807	76495	
4282	65167	
4282	225528	
26118	49153	
26147	767625	
26147	772248	
26151	766556	
26163	76490	
26176	296380	
26181	733989	
26182	767625	
26191	194849	
26191	315599	
26198	46316	
26199	296380	
26204	46316	
26206	67153	
26207	132214	
26207	194849	
26214	781206	
26221	767814	
26226	46316	
26233	267186	
26245	768318	
26257	46316	
26267	46316	
26271	46316	
26276	488508	
26292	81561	
26292	148982	
26294	65167	
26299	36843	
26299	36901	
26299	36954	
26299	37000	
26299	59859	
26299	60423	
26299	60508	
26299	553906	
26299	769901	
26311	315599	
26316	154914	
26329	61944	
26330	767625	
26330	767643	
26335	2923444	
26367	296380	
26376	768354	
26378	296380	
26404	65167	
26413	76490	
26418	46316	
26447	76490	
4278	89510	
4278	146124	
4278	227466	
4281	146124	
4281	223986	
4285	225929	
4286	129041	
4288	223416	
4288	223426	
4289	8123	
4289	225090	
4291	8123	
4295	89510	
4304	46316	
4310	131515	
4316	124132	
4317	36954	
4317	146311	
4317	239010	
4317	239244	
4329	234055	
4329	234174	
4330	229409	
665	41540	
665	41566	
985	41540	
1041	41540	
3022	41540	
3024	173449	
3028	172236	
3028	172253	
3047	41540	
3057	89510	
3060	176091	
3062	39620	
3072	39620	
3084	174901	
3088	89510	
3093	173621	
6691	306401	
1003	8123	
1024	41540	
1029	61375	
1060	56822	
4065	89510	
4075	46316	
4078	41540	
4083	56822	
4086	41540	
4088	232338	
4089	41540	
4095	8123	
4100	41540	
4103	64930	
4106	12458	
4114	219159	
4114	219164	
4118	41540	
4121	41540	
4123	172236	
4123	220615	
4128	41540	
4132	222486	
4142	41540	
4142	67809	
4165	153991	
4171	41540	
4175	41540	
4177	41540	
4177	222440	
4178	41540	
4184	220103	
4184	220115	
4184	220117	
4184	220127	
4189	221539	
4199	221642	
4199	221655	
4203	41540	
4217	41540	
4227	41540	
4232	41540	
4242	223648	
832	54176	
869	16844	
869	56659	
869	56822	
3102	175439	
3105	76495	
3106	174368	
3145	673180	
654	38785	
8300	41540	
8305	64930	
7884	16844	
7892	45760	
7898	141365	
7925	56822	
2765	156907	
4637	16844	
4637	76579	
4637	76946	
4637	85997	
4637	173449	
4637	242786	
7998	335889	
8006	375609	
8010	8123	
8010	46316	
8160	8734	
8160	28207	
8160	76495	
8160	76746	
8160	76777	
8160	131584	
8160	187724	
8160	190695	
8160	221953	
8160	225090	
8160	241052	
8160	335919	
8160	336937	
8160	381252	
8160	381681	
8160	455648	
8568	46316	
8568	84255	
8579	84869	
8601	16844	
8623	389731	
8638	375609	
8639	46316	
8641	46316	
8644	154918	
8645	14348	
8649	46316	
8710	56822	
1528	89032	
1538	93991	
1563	95951	
1563	95981	
1078	41540	
3259	86179	
4418	28624	
4418	41540	
4418	590176	
4456	41540	
4456	590176	
4556	12458	
4562	124017	
4563	16844	
4569	41566	
4573	39620	
4576	241850	
4579	242547	
4585	237655	
4588	12458	
4598	30307	
4598	76777	
4610	41540	
4628	12458	
4640	240494	
4647	236424	
4647	252448	
4661	176091	
4664	240609	
4671	41540	
4687	41540	
4692	153899	
4700	124017	
4711	41540	
4721	39620	
4721	244492	
4723	30307	
4734	39620	
4743	244492	
4751	28624	
4751	30307	
4751	254381	
4756	16844	
4769	173449	
4770	8123	
4772	249929	
4779	36843	
4779	36954	
4779	37000	
4779	41540	
4779	60508	
4789	2203307	
4792	41540	
4800	253176	
4808	28624	
4808	250106	
4811	12458	
4811	204358	
4815	8123	
4830	12458	
4830	28624	
4830	76495	
4830	76579	
4830	250106	
4837	41540	
4837	250302	
4855	8123	
4857	85997	
4857	176649	
4857	248393	
4857	248792	
4857	249586	
4858	124568	
4866	45015	
4870	251071	
1417	630392	
2556	11043	
2556	160631	
3181	46316	
3188	8123	
3188	16844	
3193	11043	
3207	3864	
3211	36668	
3221	65167	
3227	11043	
3227	116468	
3237	56822	
3238	11043	
3240	14348	
3240	173449	
3245	180081	
3256	16844	
3257	11043	
3257	23019	
3257	78860	
3257	180679	
3261	11043	
3267	167822	
3268	11043	
3268	11076	
3268	45556	
3268	124132	
3273	173621	
3283	45556	
3283	194698	
3292	14348	
3304	16844	
3309	86179	
3312	61944	
3312	187724	
3316	167822	
3318	167822	
3318	187530	
3321	16844	
3327	154918	
3330	2945064	
3331	11043	
3349	8123	
3353	120146	
3371	124568	
3384	11043	
3387	197159	
3387	197256	
3397	190695	
3399	8123	
3399	11043	
3399	167822	
3413	8123	
3413	46316	
3416	61704	
3427	36668	
3434	8123	
3434	192381	
3444	108595	
3446	67153	
3449	67153	
3450	46316	
3454	39620	
3475	167822	
3478	194849	
3478	194865	
3481	8123	
3481	46316	
3482	12458	
3512	56822	
3513	141365	
991	995	
1165	67153	
1168	67153	
1177	72579	
1184	41540	
1184	67809	
1187	67153	
1189	67153	
1189	69148	
1189	69172	
1189	69202	
1195	67153	
1202	67153	
1207	67153	
1208	67153	
3565	124132	
3565	200545	
3602	197823	
3606	203901	
3611	76849	
3657	61986	
3657	76947	
3657	204323	
3657	204358	
3673	202548	
3683	9644	
9182	59859	
11285	59859	
11285	244492	
19626	528924	
19637	61375	
19651	108595	
19651	474189	
19697	2488386	
19725	77253	
978	995	
978	36812	
978	36954	
978	59859	
978	60508	
981	66048	
984	41540	
988	995	
988	12458	
988	36812	
988	36891	
988	36954	
988	45760	
988	61944	
988	75801	
988	75851	
988	75853	
988	75916	
988	75951	
988	75974	
988	76016	
988	76022	
988	76028	
988	76053	
988	76125	
988	76177	
988	76244	
988	76315	
988	76331	
988	76372	
988	76490	
988	76495	
988	76579	
988	76743	
988	76746	
988	76777	
988	76836	
988	76849	
988	76852	
988	76858	
988	76880	
988	76946	
988	76947	
988	76972	
988	76996	
988	77036	
988	77067	
988	77148	
988	77226	
988	77253	
988	77267	
988	77269	
988	77334	
988	77336	
988	77355	
988	77358	
988	77361	
988	824311	
994	12458	
994	60771	
994	70429	
995	1008	
995	1012	
995	1078	
995	1866	
995	2898	
995	4779	
995	9328	
995	10733	
995	16530	
995	16578	
995	18821	
995	22073	
995	26299	
995	26698	
995	27466	
995	28088	
995	33654	
995	36693	
995	36697	
995	36699	
995	36706	
995	36712	
995	36714	
995	36715	
995	36718	
995	36726	
995	36727	
995	36731	
995	36736	
995	36745	
995	36748	
995	36751	
995	36765	
995	36773	
995	36800	
995	36802	
995	36804	
995	36808	
995	36821	
995	36828	
995	36829	
995	36831	
995	36834	
995	36836	
995	36842	
995	36843	
995	36856	
995	36861	
995	36862	
995	36875	
995	36878	
995	36883	
995	36909	
995	36917	
995	36923	
995	36924	
995	36930	
995	36933	
995	36938	
995	36942	
995	36944	
995	36948	
995	36954	
995	36959	
995	36962	
995	36963	
995	36964	
995	36973	
995	36984	
995	36991	
995	36996	
995	36998	
995	37000	
995	37004	
995	37005	
995	37008	
995	37010	
995	37011	
995	37016	
995	37021	
995	37028	
995	37030	
995	37033	
995	37041	
995	37046	
995	37054	
995	37074	
995	37076	
995	37079	
995	37081	
995	37087	
995	37093	
995	41540	
995	44675	
995	52805	
995	59859	
995	60318	
995	60388	
995	60389	
995	60390	
995	60391	
995	60392	
995	60393	
995	60394	
995	60395	
995	60396	
995	60397	
995	60398	
995	60399	
995	60400	
995	60401	
995	60402	
995	60403	
995	60404	
995	60405	
995	60406	
995	60407	
995	60408	
995	60409	
995	60410	
995	60411	
995	60412	
995	60413	
995	60414	
995	60415	
995	60416	
995	60417	
995	60418	
995	60419	
995	60420	
995	60421	
995	60422	
995	60423	
995	60424	
995	60425	
995	60426	
995	60427	
995	60428	
995	60429	
995	60430	
995	60431	
995	60432	
995	60433	
995	60434	
995	60435	
995	60436	
995	60437	
995	60438	
995	60439	
995	60440	
995	60441	
995	60442	
995	60443	
995	60444	
995	60445	
995	60446	
995	60447	
995	60448	
995	60449	
995	60450	
995	60451	
995	60452	
995	60453	
995	60454	
995	60455	
995	60456	
995	60457	
995	60458	
995	60459	
995	60460	
995	60461	
995	60462	
995	60463	
995	60464	
995	60465	
995	60466	
995	60467	
995	60468	
995	60469	
995	60470	
995	60471	
995	60472	
995	60473	
995	60474	
995	60475	
995	60476	
995	60477	
995	60478	
995	60479	
995	60480	
995	60481	
995	60482	
995	60483	
995	60484	
995	60485	
995	60486	
995	60487	
995	60488	
995	60489	
995	60490	
995	60491	
995	60492	
995	60493	
995	60494	
995	60495	
995	60496	
995	60497	
995	60498	
995	60499	
995	60500	
995	60501	
995	60502	
995	60503	
995	60504	
995	60505	
995	60506	
995	60507	
995	60508	
995	60509	
995	60510	
995	60511	
995	60512	
995	60513	
995	60514	
995	60515	
995	60516	
995	60517	
995	60518	
995	60519	
995	60520	
995	60521	
995	60522	
995	60523	
995	316685	
995	500538	
995	611140	
995	777400	
995	823472	
995	916308	
995	917125	
995	917959	
995	920700	
995	2026732	
995	2026740	
995	2069865	
995	2213586	
995	2224981	
995	2272298	
996	14348	
996	41540	
996	60667	
996	60716	
996	60727	
996	60771	
996	60812	
996	60823	
996	60850	
996	60858	
996	60860	
997	36812	
1008	36812	
1008	41540	
1008	59859	
1017	73883	
1017	73938	
1023	64930	
1028	62661	
1048	61986	
1048	61993	
1048	62003	
1051	61944	
674	8123	
674	46316	
676	39208	
676	39230	
676	39255	
682	45015	
682	45099	
686	8123	
688	44923	
688	44938	
691	42150	
691	42396	
691	42713	
691	43031	
691	43296	
691	43318	
691	44138	
691	52503	
691	55659	
691	55660	
691	55661	
691	55662	
691	55663	
691	55664	
691	55665	
691	55666	
691	55667	
691	55668	
691	55669	
691	55670	
691	55671	
691	55672	
691	55673	
691	55674	
691	55675	
691	55676	
691	55677	
691	55678	
691	55679	
691	55680	
691	55681	
691	55682	
691	55683	
691	55684	
691	55685	
691	55686	
691	55687	
691	55688	
691	55689	
691	55690	
691	55691	
691	55692	
691	55693	
691	55694	
691	55695	
691	55696	
691	55697	
691	55698	
691	55699	
691	55700	
691	55701	
691	55702	
691	55703	
691	55704	
691	55705	
691	55706	
691	55707	
691	55708	
691	55709	
691	55710	
691	55711	
691	55712	
691	55713	
691	55714	
691	55715	
691	55716	
691	55717	
691	55718	
691	55719	
691	55720	
691	55721	
691	55722	
691	55723	
691	55724	
691	55725	
691	55726	
691	55727	
691	55728	
691	55729	
691	55730	
691	55731	
691	55732	
691	55733	
691	55734	
691	55735	
691	55736	
691	55737	
691	55738	
691	55739	
691	55740	
691	55741	
691	55742	
691	55743	
691	55744	
691	55745	
691	55746	
691	55747	
691	55748	
691	55749	
691	55750	
691	55751	
691	55752	
691	55753	
691	55754	
691	55755	
691	55756	
691	55757	
691	55758	
691	55759	
691	55760	
691	55761	
691	55762	
691	55763	
691	55764	
691	55765	
691	55766	
691	55767	
691	55768	
691	55769	
691	55770	
691	55771	
691	55772	
691	55773	
691	55774	
691	55775	
691	55776	
691	55777	
691	55778	
691	55779	
691	55780	
691	55781	
691	55782	
691	55783	
691	55784	
691	55785	
691	55786	
691	55787	
691	55788	
691	55789	
691	55790	
691	55791	
691	55792	
691	55793	
691	55794	
691	55795	
691	55796	
691	55797	
691	55798	
691	55799	
691	55800	
691	55801	
691	55802	
691	55803	
691	55804	
691	55805	
691	55806	
691	55807	
691	55808	
691	55809	
691	55810	
691	55811	
691	55812	
691	55813	
691	55814	
691	55815	
691	55816	
691	55817	
691	55818	
691	55819	
691	55820	
691	55821	
691	55822	
691	55823	
691	55824	
691	55825	
691	55826	
691	55827	
691	55828	
691	55829	
691	55830	
691	55831	
691	55832	
691	55833	
691	55834	
691	55835	
691	55836	
691	55837	
691	55838	
691	55839	
691	55840	
691	55841	
691	55842	
691	55843	
691	55844	
691	55845	
691	55846	
691	55847	
691	55848	
691	55849	
691	55850	
691	55851	
691	55852	
691	55853	
691	55854	
691	55855	
691	55856	
691	55857	
691	55858	
691	55859	
691	55860	
691	55861	
691	55862	
691	55863	
691	55864	
691	55865	
691	55866	
691	55867	
691	55868	
691	55869	
691	55870	
691	55871	
691	55872	
691	55873	
691	55874	
691	55875	
691	55876	
691	55877	
691	55878	
691	55879	
691	55880	
691	55881	
691	55882	
691	55883	
691	55884	
691	55885	
691	55886	
691	55887	
691	55888	
691	55889	
691	55890	
691	55891	
691	55892	
691	55893	
691	55894	
691	55895	
691	55896	
691	55897	
691	55898	
691	55899	
691	55900	
691	55901	
691	55902	
691	55903	
691	55904	
691	55905	
691	55906	
691	55907	
691	55908	
691	55909	
691	55910	
691	55911	
691	55912	
691	55913	
691	55914	
691	55915	
691	55916	
691	55917	
691	55918	
691	55919	
691	55920	
691	55921	
691	55922	
691	55923	
691	55924	
691	55925	
691	55926	
691	55927	
691	55928	
691	55929	
691	55930	
691	55931	
691	55932	
691	55933	
691	55934	
691	55935	
691	55936	
691	55937	
691	55938	
691	55939	
691	55940	
691	55941	
691	55942	
691	55943	
691	55944	
691	55945	
691	55946	
691	55947	
691	55948	
691	55949	
691	55950	
691	55951	
691	55952	
691	55953	
691	55954	
691	55955	
691	55956	
691	55957	
691	55958	
691	55959	
691	55960	
691	55961	
691	55962	
691	55963	
691	55964	
691	55965	
691	55966	
691	55967	
691	55968	
691	55969	
691	55970	
691	55971	
691	55972	
691	55973	
691	55974	
691	55975	
691	55976	
691	55977	
691	55978	
691	55979	
691	55980	
691	55981	
691	55982	
691	55983	
691	55984	
691	55985	
691	55986	
691	55987	
691	55988	
691	55989	
691	55990	
691	55991	
691	55992	
691	55993	
691	55994	
691	55995	
691	55996	
691	55997	
691	55998	
691	55999	
691	56000	
691	56001	
691	56002	
691	56003	
691	56004	
691	56005	
691	56006	
691	56007	
691	56008	
691	56009	
691	56010	
691	56011	
691	56012	
691	56013	
691	1705100	
691	2067077	
691	2067160	
691	2071675	
691	2093311	
692	2999	
692	8123	
692	40040	
692	42134	
692	42135	
692	42136	
692	42137	
692	42138	
692	42139	
692	42140	
692	42141	
692	42142	
692	42143	
692	42144	
692	42145	
692	42146	
692	42147	
692	42148	
692	42149	
692	42150	
692	42151	
692	42152	
692	42153	
692	42154	
692	42155	
692	42156	
692	42157	
692	42158	
692	42159	
692	42160	
692	42161	
692	42162	
692	42163	
692	42164	
692	42165	
692	42166	
692	42167	
692	42168	
692	42169	
692	42170	
692	42171	
692	42172	
692	42173	
692	42174	
692	42175	
692	42176	
692	42177	
692	42178	
692	42179	
692	42180	
692	42181	
692	42182	
692	42183	
692	42184	
692	42185	
692	42186	
692	42187	
692	42188	
692	42189	
692	42190	
692	42191	
692	42192	
692	42193	
692	42194	
692	42195	
692	42196	
692	42197	
692	42198	
692	42199	
692	42200	
692	42201	
692	42202	
692	42203	
692	42204	
692	42205	
692	42206	
692	42207	
692	42208	
692	42209	
692	42210	
692	42211	
692	42212	
692	42213	
692	42214	
692	42215	
692	42216	
692	42217	
692	42218	
692	42219	
692	42220	
692	42221	
692	42222	
692	42223	
692	42224	
692	42225	
692	42226	
692	42227	
692	42228	
692	42229	
692	42230	
692	42231	
692	42232	
692	42233	
692	42234	
692	42235	
692	42236	
692	42237	
692	42238	
692	42239	
692	42240	
692	42241	
692	42242	
692	42243	
692	42244	
692	42245	
692	42246	
692	42247	
692	42248	
692	42249	
692	42250	
692	42251	
692	42252	
692	42253	
692	42254	
692	42255	
692	42256	
692	42257	
692	42258	
692	42259	
692	42260	
692	42261	
692	42262	
692	42263	
692	42264	
692	42265	
692	42266	
692	42267	
692	42268	
692	42269	
692	42270	
692	42271	
692	42272	
692	42273	
692	42274	
692	42275	
692	42276	
692	42277	
692	42278	
692	42279	
692	42280	
692	42281	
692	42282	
692	42283	
692	42284	
692	42285	
692	42286	
692	42287	
692	42288	
692	42289	
692	42290	
692	42291	
692	42292	
692	42293	
692	42294	
692	42295	
692	42296	
692	42297	
692	42298	
692	42299	
692	42300	
692	42301	
692	42302	
692	42303	
692	42304	
692	42305	
692	42306	
692	42307	
692	42308	
692	42309	
692	42310	
692	42311	
692	42312	
692	42313	
692	42314	
692	42315	
692	42316	
692	42317	
692	42318	
692	42319	
692	42320	
692	42321	
692	42322	
692	42323	
692	42324	
692	42325	
692	42326	
692	42327	
692	42328	
692	42329	
692	42330	
692	42331	
692	42332	
692	42333	
692	42334	
692	42335	
692	42336	
692	42337	
692	42338	
692	42339	
692	42340	
692	42341	
692	42342	
692	42343	
692	42344	
692	42345	
692	42346	
692	42347	
692	42348	
692	42349	
692	42350	
692	42351	
692	42352	
692	42353	
692	42354	
692	42355	
692	42356	
692	42357	
692	42358	
692	42359	
692	42360	
692	42361	
692	42362	
692	42363	
692	42364	
692	42365	
692	42366	
692	42367	
692	42368	
692	42369	
692	42370	
692	42371	
692	42372	
692	42373	
692	42374	
692	42375	
692	42376	
692	42377	
692	42378	
692	42379	
692	42380	
692	42381	
692	42382	
692	42383	
692	42384	
692	42385	
692	42386	
692	42387	
692	42388	
692	42389	
692	42390	
692	42391	
692	42392	
692	42393	
692	42394	
692	42395	
692	42396	
692	42397	
692	42398	
692	42399	
692	42400	
692	42401	
692	42402	
692	42403	
692	42404	
692	42405	
692	42406	
692	42407	
692	42408	
692	42409	
692	42410	
692	42411	
692	42412	
692	42413	
692	42414	
692	42415	
692	42416	
692	42417	
692	42418	
692	42419	
692	42420	
692	42421	
692	42422	
692	42423	
692	42424	
692	42425	
692	42426	
692	42427	
692	42428	
692	42429	
692	42430	
692	42431	
692	42432	
692	42433	
692	42434	
692	42435	
692	42436	
692	42437	
692	42438	
692	42439	
692	42440	
692	42441	
692	42442	
692	42443	
692	42444	
692	42445	
692	42446	
692	42447	
692	42448	
692	42449	
692	42450	
692	42451	
692	42452	
692	42453	
692	42454	
692	42455	
692	42456	
692	42457	
692	42458	
692	42459	
692	42460	
692	42461	
692	42462	
692	42463	
692	42464	
692	42465	
692	42466	
692	42467	
692	42468	
692	42469	
692	42470	
692	42471	
692	42472	
692	42473	
692	42474	
692	42475	
692	42476	
692	42477	
692	42478	
692	42479	
692	42480	
692	42481	
692	42482	
692	42483	
692	42484	
692	42485	
692	42486	
692	42487	
692	42488	
692	42489	
692	42490	
692	42491	
692	42492	
692	42493	
692	42494	
692	42495	
692	42496	
692	42497	
692	42498	
692	42499	
692	42500	
692	42501	
692	42502	
692	42503	
692	42504	
692	42505	
692	42506	
692	42507	
692	42508	
692	42509	
692	42510	
692	42511	
692	42512	
692	42513	
692	42514	
692	42515	
692	42516	
692	42517	
692	42518	
692	42519	
692	42520	
692	42521	
692	42522	
692	42523	
692	42524	
692	42525	
692	42526	
692	42527	
692	42528	
692	42529	
692	42530	
692	42531	
692	42532	
692	42533	
692	42534	
692	42535	
692	42536	
692	42537	
692	42538	
692	42539	
692	42540	
692	42541	
692	42542	
692	42543	
692	42544	
692	42545	
692	42546	
692	42547	
692	42548	
692	42549	
692	42550	
692	42551	
692	42552	
692	42553	
692	42554	
692	42555	
692	42556	
692	42557	
692	42558	
692	42559	
692	42560	
692	42561	
692	42562	
692	42563	
692	42564	
692	42565	
692	42566	
692	42567	
692	42568	
692	42569	
692	42570	
692	42571	
692	42572	
692	42573	
692	42574	
692	42575	
692	42576	
692	42577	
692	42578	
692	42579	
692	42580	
692	42581	
692	42582	
692	42583	
692	42584	
692	42585	
692	42586	
692	42587	
692	42588	
692	42589	
692	42590	
692	42591	
692	42592	
692	42593	
692	42594	
692	42595	
692	42596	
692	42597	
692	42598	
692	42599	
692	42600	
692	42601	
692	42602	
692	42603	
692	42604	
692	42605	
692	42606	
692	42607	
692	42608	
692	42609	
692	42610	
692	42611	
692	42612	
692	42613	
692	42614	
692	42615	
692	42616	
692	42617	
692	42618	
692	42619	
692	42620	
692	42621	
692	42622	
692	42623	
692	42624	
692	42625	
692	42626	
692	42627	
692	42628	
692	42629	
692	42630	
692	42631	
692	42632	
692	42633	
692	42634	
692	42635	
692	42636	
692	42637	
692	42638	
692	42639	
692	42640	
692	42641	
692	42642	
692	42643	
692	42644	
692	42645	
692	42646	
692	42647	
692	42648	
692	42649	
692	42650	
692	42651	
692	42652	
692	42653	
692	42654	
692	42655	
692	42656	
692	42657	
692	42658	
692	42659	
692	42660	
692	42661	
692	42662	
692	42663	
692	42664	
692	42665	
692	42666	
692	42667	
692	42668	
692	42669	
692	42670	
692	42671	
692	42672	
692	42673	
692	42674	
692	42675	
692	42676	
692	42677	
692	42678	
692	42679	
692	42680	
692	42681	
692	42682	
692	42683	
692	42684	
692	42685	
692	42686	
692	42687	
692	42688	
692	42689	
692	42690	
692	42691	
692	42692	
692	42693	
692	42694	
692	42695	
692	42696	
692	42697	
692	42698	
692	42699	
692	42700	
692	42701	
692	42702	
692	42703	
692	42704	
692	42705	
692	42706	
692	42707	
692	42708	
692	42709	
692	42710	
692	42711	
692	42712	
692	42713	
692	42714	
692	42715	
692	42716	
692	42717	
692	42718	
692	42719	
692	42720	
692	42721	
692	42722	
