55955	1009769	
42154	1009769	
42157	1009769	
42192	1009769	
42201	1009769	
42291	1009769	
42401	1009769	
42431	1009769	
42433	1009769	
42514	1009769	
42532	1009769	
42555	1009769	
42582	1009769	
42604	1009769	
42607	1009769	
42608	1009769	
42621	1009769	
42645	1009769	
42649	1009769	
42652	1009769	
42717	1009769	
42760	1009769	
42819	1009769	
42824	1009769	
42849	1009769	
42869	1009769	
42917	1009769	
42919	1009769	
42925	1009769	
42939	1009769	
42950	1009769	
42966	1009769	
42977	1009769	
42987	1009769	
43060	1009769	
43086	1009769	
43088	1009769	
43184	1009769	
43206	1009769	
43245	1009769	
43255	1009769	
43290	1009769	
43311	1009769	
43316	1009769	
43354	1009769	
43360	1009769	
43383	1009769	
43394	1009769	
43410	1009769	
43412	1009769	
43414	1009769	
43430	1009769	
43441	1009769	
43463	1009769	
43466	1009769	
43494	1009769	
43517	1009769	
43528	1009769	
43550	1009769	
43553	1009769	
43604	1009769	
43606	1009769	
43607	1009769	
43646	1009769	
43649	1009769	
43728	1009769	
43786	1009769	
43809	1009769	
43823	1009769	
43902	1009769	
43919	1009769	
43920	1009769	
43922	1009769	
43939	1009769	
44000	1009769	
44006	1009769	
44055	1009769	
44057	1009769	
44059	1009769	
44066	1009769	
44078	1009769	
44168	1009769	
44200	1009769	
44206	1009769	
44234	1009769	
44242	1009769	
44253	1009769	
44260	1009769	
51987	1009769	
64624	1009769	
90502	1009769	
197230	1009769	
197266	1009769	
229487	1009769	
247587	1009769	
250140	1009769	
248134	1009769	
248577	1009769	
248708	1009769	
248739	1009769	
249029	1009769	
249039	1009769	
249258	1009769	
249389	1009769	
249599	1009769	
278769	1009769	
304277	1009769	
307065	1009769	
346749	1009769	
347560	1009769	
354376	1009769	
354414	1009769	
356005	1009769	
357263	1009769	
357747	1009769	
357926	1009769	
357944	1009769	
358158	1009769	
359313	1009769	
359593	1009769	
359980	1009769	
360087	1009769	
361993	1009769	
363113	1009769	
364578	1009769	
377726	1009769	
446417	1009769	
454791	1009769	
464826	1009769	
476101	1009769	
476129	1009769	
476341	1009769	
476423	1009769	
476442	1009769	
476445	1009769	
476470	1009769	
476472	1009769	
473771	1009769	
472314	1009769	
497135	1009769	
467510	1009769	
492352	1009769	
548861	1009769	
560578	1009769	
641788	1009769	
668278	1009769	
733666	1009769	
729625	1009769	
775356	1009769	
831681	1009769	
831713	1009769	
837793	1009769	
837913	1009769	
838575	1009769	
865175	1009769	
879812	1009769	
900050	1009769	
987525	1009769	
987536	1009769	
987713	1009769	
987738	1009769	
987447	1009769	
988099	1009769	
996101	1009769	
1008406	1009769	
990789	1009769	
1007652	1009769	
989334	1009769	
990871	1009769	
991540	1009769	
991619	1009769	
991739	1009769	
991762	1009769	
991772	1009769	
991775	1009769	
991900	1009769	
999436	1009769	
999438	1009769	
999542	1009769	
999564	1009769	
999580	1009769	
999595	1009769	
999673	1009769	
999713	1009769	
1005889	1009769	
1006712	1009769	
992158	1009769	
992487	1009769	
992587	1009769	
992727	1009769	
992773	1009769	
1007460	1009769	
990340	1009769	
990925	1009769	
990989	1009769	
991141	1009769	
991321	1009769	
991441	1009769	
991735	1009769	
991953	1009769	
992200	1009769	
992311	1009769	
992329	1009769	
992355	1009769	
992375	1009769	
992400	1009769	
992471	1009769	
992600	1009769	
999332	1009769	
999348	1009769	
999510	1009769	
999514	1009769	
999532	1009769	
999561	1009769	
999583	1009769	
999710	1009769	
1003574	1009769	
1005991	1009769	
1006049	1009769	
1006171	1009769	
1006222	1009769	
1006751	1009769	
1007076	1009769	
1007283	1009769	
1007419	1009769	
1007461	1009769	
1007524	1009769	
1007714	1009769	
1007935	1009769	
1008165	1009769	
1008219	1009769	
1008234	1009769	
1008241	1009769	
1008361	1009769	
1008488	1009769	
1008623	1009769	
1008688	1009769	
1008847	1009769	
1008987	1009769	
1009629	1009769	
1009769	1009908	
1009769	1010134	
1009769	1010479	
1009769	1010484	
1009769	1010782	
1009769	1010944	
1009769	1010951	
1009769	1011084	
1009769	1011177	
1009769	1011332	
1009769	1011414	
1009769	1012115	
1009769	1012413	
1009769	1012494	
1009769	1012638	
1009769	1012640	
1009769	1012643	
1009769	1012785	
1009769	1012871	
1009769	1012895	
1009769	1012928	
1009769	1012951	
1009769	1012956	
1009769	1013069	
1009769	1013077	
1009769	1013127	
1009769	1013142	
1009769	1013143	
1009769	1013145	
1009769	1013148	
1009769	1013169	
1009769	1013173	
1009769	1013204	
1009769	1013296	
1009769	1018470	
1009769	1022135	
1009769	1024542	
1009769	1025004	
1009769	1025041	
1009769	1025151	
1009769	1025359	
1009769	1026326	
1009769	1026512	
1009769	1026515	
1009769	1026886	
1009769	1027363	
1009769	1028169	
1009769	1029150	
1009769	1029220	
1009769	1029241	
1009769	1029793	
1009769	1029986	
1009769	1030376	
1009769	1030769	
1009769	1031496	
1009769	1031993	
1009769	1035641	
1009769	1035783	
1009769	1035798	
1009769	1036397	
1009769	1036579	
1009769	1037353	
1009769	1041196	
1009769	1041468	
1009769	1044049	
1009769	1046424	
1009769	1046630	
1009769	1047819	
1009769	1049742	
1009769	1051776	
1009769	1051988	
1009769	1052528	
1009769	1052546	
1009769	1054337	
1009769	1054617	
1009769	1063075	
1009769	1063110	
1009769	1063227	
1009769	1063311	
1009769	1063319	
1009769	1064742	
1009769	1066698	
1009769	1067781	
1009769	1067896	
1009769	1075269	
1009769	1078364	
1009769	1079432	
1009769	1082919	
1009769	1083811	
1009769	1084387	
1009769	1085811	
1009769	1087165	
1009769	1088110	
1009769	1088550	
1009769	1090309	
1009769	1095356	
1009769	1096691	
1009769	1096865	
1009769	1096876	
1009769	1096899	
1009769	1096915	
1009769	1097017	
1009769	1097026	
1009769	1097119	
1009769	1097158	
1009769	1097206	
1009769	1097244	
1009769	1097295	
1009769	1097345	
1009769	1097421	
1009769	1097459	
1009769	1102705	
1009769	1102951	
1009769	1103066	
1009769	1103132	
1009769	1105515	
1009769	1109009	
1009769	1109671	
1009769	1110054	
1009769	1111582	
1009769	1115458	
1009769	1121439	
1009769	1121831	
1009769	1122293	
1009769	1123009	
1009769	1123291	
1009769	1127394	
1009769	1130373	
1009769	1130993	
1009769	1131909	
1009769	1135404	
1009769	1137066	
1009769	1137825	
1009769	1139398	
1009769	1142228	
1009769	1142280	
1009769	1142519	
1009769	1143295	
1009769	1144046	
1009769	1144049	
1009769	1144252	
1009769	1154740	
1009769	1157618	
1009769	1164915	
1009769	1174654	
1009769	1178446	
1009769	1180208	
1009769	1182797	
1009769	1183835	
1009769	1186489	
1009769	1187924	
1009769	1189784	
1009769	1189804	
1009769	1190010	
1009769	1214489	
1009769	1217836	
1009769	1222776	
1009769	1225414	
1009769	1225942	
1009769	1233647	
1009769	1240315	
1009769	1245695	
1009769	1247075	
1009769	1247143	
1009769	1247233	
1009769	1248775	
1009769	1248903	
1009769	1248950	
1009769	1249456	
1009769	1257236	
1009769	1265715	
1009769	1269921	
1009769	1272788	
1009769	1276059	
1009769	1277165	
1009769	1277168	
1009769	1289539	
1009769	1308480	
1009769	1316439	
1009769	1319508	
1009769	1334521	
1009769	1341433	
1009769	1341624	
1009769	1355133	
1009769	1360531	
1009769	1364184	
1009769	1368120	
1009769	1368679	
1009769	1369390	
1009769	1370911	
1009769	1378364	
1009769	1390409	
1009769	1390434	
1009769	1390565	
1009769	1391851	
1009769	1391972	
1009769	1392106	
1009769	1392115	
1009769	1392217	
1009769	1392353	
1009769	1392390	
1009769	1392937	
1009769	1392945	
1009769	1393214	
1009769	1393351	
1009769	1393353	
1009769	1393375	
1009769	1393691	
1009769	1393784	
1009769	1393908	
1009769	1394083	
1009769	1394154	
1009769	1394163	
1009769	1394201	
1009769	1394209	
1009769	1394381	
1009769	1394627	
1009769	1394764	
1009769	1396443	
1009769	1396808	
1009769	1397096	
1009769	1397518	
1009769	1407290	
1009769	1407740	
1009769	1408247	
1009769	1408338	
1009769	1435168	
1009769	1442277	
1009769	1443944	
1009769	1451568	
1009769	1457450	
1009769	1476413	
1009769	1476511	
1009769	1476605	
1009769	1476628	
1009769	1476717	
1009769	1482937	
1009769	1524722	
1009769	1531525	
1009769	1541438	
1009769	1545070	
1009769	1551022	
1009769	1585682	
1009769	1601022	
1009769	1623710	
1009769	1626305	
1009769	1631460	
1009769	1650241	
1009769	1661866	
1009769	1665281	
1009769	1665705	
1009769	1667143	
1009769	1668205	
1009769	1668278	
1009769	1724496	
1009769	1730464	
1009769	1739720	
1009769	1747400	
1009769	1788518	
1009769	1792523	
1009769	1809166	
1009769	1838724	
1009769	1846485	
1009769	1852302	
1009769	1942129	
1009769	1950823	
1009769	2029747	
1009769	2082120	
1009769	2100368	
1009769	2100409	
1009769	2100436	
1009769	2100468	
1009769	2100505	
1009769	2100534	
1009769	2100603	
1009769	2100670	
1009769	2115601	
1009769	2115643	
1009769	2115661	
1009769	2115718	
1009769	2115720	
1009769	2115769	
1009769	2115819	
1009769	2115928	
1009769	2115962	
1009769	2124090	
1009769	2242227	
1009769	2298258	
1009769	2408930	
1009769	2435361	
1009769	2460276	
1009769	2497104	
1009769	2547528	
1009769	2584663	
1009769	2584665	
1009769	2584666	
1009769	2584667	
1009769	2584668	
1009769	2584679	
1009769	2584681	
1009769	2584686	
1009769	2584688	
1009769	2584689	
1009769	2584690	
1009769	2584692	
1009769	2584693	
1009769	2584709	
1009769	2584717	
1009769	2584720	
1009769	2584723	
1009769	2584728	
1009769	2584737	
1009769	2584742	
1009769	2584747	
1009769	2584750	
1009769	2584756	
1009769	2584775	
1009769	2584779	
1009769	2584782	
1009769	2584793	
1009769	2584798	
1009769	2584801	
1009769	2584806	
1009769	2584811	
1009769	2584813	
1009769	2584817	
1009769	2584820	
1009769	2584821	
1009769	2584824	
1009769	2584835	
1009769	2584837	
1009769	2584850	
1009769	2584859	
1009769	2662809	
1009769	2666678	
1009769	2676237	
1009769	2676281	
1009769	2676284	
1009769	2676305	
1009769	2835697	
999444	1009769	
990786	1009769	
991018	1009769	
991109	1009769	
991771	1009769	
991801	1009769	
997565	1009769	
999662	1009769	
1088	64624	
20312	668278	
1459	90502	
1464	44055	
5896	278769	
26368	90502	
4330	229487	
4637	42157	
4816	247587	
4830	250140	
4853	42154	
4853	248134	
4857	42154	
4857	42157	
4857	42201	
4857	42431	
4857	42621	
4857	42760	
4857	42939	
4857	44006	
4857	248577	
4857	248708	
4857	248739	
4857	249029	
4857	249039	
4857	249258	
4857	249389	
4857	249599	
3387	197230	
3387	197266	
691	55955	
692	42154	
692	42157	
692	42192	
692	42201	
692	42291	
692	42401	
692	42431	
692	42433	
692	42514	
692	42532	
692	42555	
692	42582	
692	42604	
692	42607	
692	42608	
692	42621	
692	42645	
692	42649	
692	42652	
692	42717	
692	42760	
692	42819	
692	42824	
692	42849	
692	42869	
692	42917	
692	42919	
692	42925	
692	42939	
692	42950	
692	42966	
692	42977	
692	42987	
692	43060	
692	43086	
692	43088	
692	43184	
692	43206	
692	43245	
692	43255	
692	43290	
692	43311	
692	43316	
692	43354	
692	43360	
692	43383	
692	43394	
692	43410	
692	43412	
692	43414	
692	43430	
692	43441	
692	43463	
692	43466	
692	43494	
692	43517	
692	43528	
692	43550	
692	43553	
692	43604	
692	43606	
692	43607	
692	43646	
692	43649	
692	43728	
692	43786	
692	43809	
692	43823	
692	43902	
692	43919	
692	43920	
692	43922	
692	43939	
692	44000	
692	44006	
692	44055	
692	44057	
692	44059	
692	44066	
692	44078	
692	44168	
692	44200	
692	44206	
692	44234	
692	44242	
692	44253	
692	44260	
700	42431	
700	42987	
700	51987	
12332	90502	
15750	90502	
2322	90502	
2982	90502	
2519	90502	
6753	304277	
6808	43728	
6808	307065	
13196	42157	
11389	492352	
14702	560578	
8123	42154	
8123	42157	
8123	42514	
8123	42582	
8123	42604	
8123	42645	
8123	42717	
8123	42824	
8123	42869	
8123	42917	
8123	42939	
8123	42950	
8123	43060	
8123	43184	
8123	43354	
8123	43360	
8123	43410	
8123	43466	
8123	43517	
8123	43809	
8123	43922	
8123	51987	
8123	278769	
8123	346749	
8123	347560	
8123	354376	
8123	354414	
8123	356005	
8123	357263	
8123	357747	
8123	357926	
8123	357944	
8123	358158	
8123	359313	
8123	359593	
8123	359980	
8123	360087	
8123	361993	
8123	363113	
8123	364578	
8123	837913	
8123	987738	
8123	1006712	
8123	1008987	
8175	42604	
8175	354376	
8175	357747	
8175	377726	
8177	249039	
10928	446417	
10931	42604	
10931	42649	
10931	42849	
10931	454791	
11066	42977	
11066	43245	
11068	43430	
11068	44000	
11071	464826	
11094	356005	
11101	42431	
11101	42433	
11101	42607	
11101	42621	
11101	42645	
11101	42849	
11101	42987	
11101	43311	
11101	43430	
11101	43902	
11101	248134	
11101	357747	
11101	476101	
11101	476129	
11101	476341	
11101	476423	
11101	476442	
11101	476445	
11101	476470	
11101	476472	
11111	473771	
11116	472314	
11117	42431	
11117	42621	
11117	43311	
11117	43430	
11117	43902	
11117	44000	
11117	248134	
11117	357747	
11117	476472	
11117	497135	
11122	43604	
11122	248134	
11122	467510	
11135	42192	
11135	43430	
11949	42849	
28776	43939	
14027	548861	
15655	44055	
30247	42849	
30247	90502	
13410	90502	
23851	90502	
60589	90502	
60589	250140	
60589	999580	
36718	247587	
36725	90502	
13455	90502	
13481	90502	
23373	43528	
23462	42154	
23462	42604	
23462	43394	
23462	357747	
23462	733666	
23496	729625	
23508	90502	
36270	90502	
32625	865175	
32685	90502	
19105	641788	
37858	90502	
20175	42157	
22224	90502	
33070	90502	
31165	90502	
32349	90502	
25384	454791	
26778	775356	
29550	90502	
36134	90502	
33817	879812	
47317	278769	
47357	278769	
47480	90502	
28034	90502	
30635	42717	
30635	42849	
30635	831681	
30635	831713	
30635	837793	
30635	837913	
30635	838575	
30635	1054617	
40425	90502	
34808	900050	
46124	90502	
41689	44055	
48112	999662	
40922	64624	
59864	278769	
39420	64624	
47903	90502	
36606	42154	
40222	64624	
41532	42431	
40646	90502	
42178	64624	
42396	42514	
42396	42582	
42396	42604	
42396	42717	
42396	42760	
42396	42824	
42396	42939	
42396	42950	
42396	43410	
42396	43430	
42396	43466	
42396	43528	
42396	43550	
42396	43606	
42396	43809	
42396	43922	
42396	51987	
42396	248577	
42396	346749	
42396	354376	
42396	356005	
42396	357747	
42396	359593	
42396	360087	
42396	364578	
42396	987738	
42396	989334	
42396	991771	
42396	992727	
42396	1006712	
42396	1010951	
42396	1011177	
42396	1051776	
42540	42555	
42540	42604	
42540	42608	
42540	42717	
42540	42760	
42540	42819	
42540	42824	
42540	42849	
42540	42925	
42540	42939	
42540	42950	
42540	43086	
42540	43088	
42540	43184	
42540	43255	
42540	43360	
42540	43383	
42540	43430	
42540	43441	
42540	43466	
42540	43494	
42540	43517	
42540	43528	
42540	43606	
42540	43728	
42540	43786	
42540	43809	
42540	43823	
42540	43902	
42540	43919	
42540	44253	
42540	51987	
42540	248708	
42540	249029	
42540	249039	
42540	249389	
42540	249599	
42540	346749	
42540	354376	
42540	356005	
42540	364578	
42540	446417	
42540	454791	
42540	473771	
42540	476101	
42540	476341	
42540	476442	
42540	492352	
42540	560578	
42540	838575	
42540	989334	
42540	990340	
42540	990925	
42540	991321	
42540	991762	
42540	992200	
42540	992375	
42540	992400	
42540	992600	
42540	992727	
42540	1006171	
42540	1006712	
42540	1008406	
42540	1010951	
42540	1011177	
42540	1012413	
42540	1029150	
42540	1035798	
42540	1122293	
42540	1178446	
42610	42621	
42610	42645	
42610	42652	
42610	42717	
42610	42760	
42610	42819	
42610	42824	
42610	42919	
42610	42939	
42610	42950	
42610	42977	
42610	43184	
42610	43354	
42610	43394	
42610	43410	
42610	43414	
42610	43430	
42610	43441	
42610	43466	
42610	43517	
42610	43528	
42610	43550	
42610	43606	
42610	43607	
42610	43902	
42610	43919	
42610	43922	
42610	44200	
42610	44206	
42610	51987	
42610	229487	
42610	248577	
42610	248708	
42610	248739	
42610	249029	
42610	249039	
42610	249389	
42610	249599	
42610	346749	
42610	354376	
42610	354414	
42610	356005	
42610	357263	
42610	357926	
42610	357944	
42610	358158	
42610	359593	
42610	360087	
42610	364578	
42610	446417	
42610	454791	
42610	464826	
42610	472314	
42610	473771	
42610	476101	
42610	476129	
42610	476341	
42610	476470	
42610	476472	
42610	492352	
42610	837913	
42610	987447	
42610	987525	
42610	987536	
42610	987713	
42610	987738	
42610	988099	
42610	989334	
42610	990871	
42610	991441	
42610	991762	
42610	991772	
42610	992158	
42610	992200	
42610	992375	
42610	992400	
42610	992487	
42610	992587	
42610	992600	
42610	992727	
42610	992773	
42610	999510	
42610	999583	
42610	999595	
42610	999673	
42610	1003574	
42610	1005889	
42610	1006049	
42610	1006222	
42610	1006712	
42610	1006751	
42610	1007524	
42610	1008234	
42610	1008361	
42610	1008623	
42610	1008688	
42610	1008987	
42610	1010484	
42610	1010944	
42610	1010951	
42610	1011177	
42610	1012494	
42610	1012785	
42610	1025004	
42610	1026326	
42610	1026886	
42610	1029150	
42610	1029241	
42610	1029986	
42610	1030376	
42610	1030769	
42610	1031993	
42610	1035798	
42610	1036397	
42610	1036579	
42610	1046630	
42610	1047819	
42610	1054617	
42610	1064742	
42610	1088550	
42610	1090309	
42610	1097244	
42610	1130373	
42610	1189804	
42610	1276059	
42610	1308480	
44198	346749	
44198	358158	
44198	359980	
44198	360087	
44198	364578	
44198	473771	
44198	476472	
44198	987738	
44198	1007935	
44198	1008623	
44198	1010134	
44198	1010479	
44198	1010484	
44198	1025151	
44198	1846485	
46272	999444	
46276	357263	
46277	991739	
46365	90502	
46365	999444	
46365	999580	
46372	446417	
46417	1394209	
46420	249039	
46420	1011177	
46420	1178446	
46421	1013169	
46423	1025004	
46424	354376	
46424	464826	
46424	987536	
46424	992400	
46424	992727	
46424	999348	
46424	1008488	
46424	1008623	
46424	1010951	
46424	1011177	
46424	1067781	
46425	1012871	
46426	1950823	
46432	55955	
46432	249599	
46432	357926	
46432	359313	
46432	359593	
46432	454791	
46432	464826	
46432	476472	
46432	991321	
46432	991739	
46432	991771	
46432	992200	
46432	992375	
46432	992727	
46432	1007935	
46432	1025151	
46432	1030769	
46432	1142519	
46432	1178446	
46432	1189804	
46432	1394381	
46432	1942129	
46433	51987	
46433	249039	
46433	354376	
46433	359593	
46433	992400	
46433	1010951	
46433	1178446	
46434	51987	
46434	249039	
46434	354376	
46434	472314	
46434	992400	
46434	1011177	
46434	1178446	
46436	55955	
46436	278769	
46436	354376	
46436	356005	
46436	357263	
46436	359313	
46436	360087	
46436	361993	
46436	363113	
46436	668278	
46436	987447	
46436	987713	
46436	987738	
46436	988099	
46436	991762	
46436	992375	
46436	992400	
46436	996101	
46436	1003574	
46436	1006712	
46436	1006751	
46436	1007524	
46436	1008165	
46436	1010951	
46436	1011177	
46436	1011414	
46436	1026515	
46436	1029220	
46436	1029986	
46436	1054337	
46436	1064742	
46436	1178446	
46437	51987	
46437	356005	
46437	359313	
46437	364578	
46437	472314	
46437	987738	
46437	991772	
46437	1010951	
46440	248577	
46440	548861	
46440	831681	
46440	1008241	
46440	1121439	
46440	1182797	
46440	1631460	
46453	472314	
46453	992329	
46453	1003574	
46453	1006751	
46453	1011177	
46453	1189804	
46460	991739	
46471	1950823	
46473	1950823	
47190	64624	
41451	42607	
44782	278769	
44862	278769	
44899	992375	
45337	90502	
45337	359593	
45337	1006751	
45337	1026512	
45337	1066698	
45337	1846485	
40978	42966	
42150	42849	
42713	42717	
42713	42819	
42713	42824	
42713	42925	
42713	42939	
42713	42950	
42713	43184	
42713	43354	
42713	43394	
42713	43410	
42713	43441	
42713	43463	
42713	43466	
42713	43528	
42713	43550	
42713	43606	
42713	43809	
42713	43823	
42713	43922	
42713	248577	
42713	249389	
42713	278769	
42713	346749	
42713	347560	
42713	357263	
42713	359313	
42713	359593	
42713	359980	
42713	360087	
42713	361993	
42713	363113	
42713	476129	
42713	476472	
42713	668278	
42713	831681	
42713	831713	
42713	987447	
42713	987525	
42713	987713	
42713	987738	
42713	988099	
42713	990340	
42713	991762	
42713	992158	
42713	992471	
42713	992587	
42713	996101	
42713	997565	
42713	1007283	
42713	1007652	
42713	1007714	
42713	1008241	
42713	1008623	
42713	1008688	
42713	1010134	
42713	1010479	
42713	1011414	
42713	1012785	
42713	1018470	
42713	1035798	
42713	1036579	
42713	1075269	
42713	1083811	
42713	1085811	
42713	1102705	
42713	1103066	
42713	1115458	
42713	1143295	
42713	1248950	
42713	1319508	
42713	1341624	
42713	1408247	
43031	43060	
43031	43184	
43031	43206	
43031	43311	
43031	43394	
43031	43410	
43031	43430	
43031	43441	
43031	43466	
43031	43528	
43031	43550	
43031	43553	
43031	43646	
43031	43728	
43031	43902	
43031	51987	
43031	90502	
43031	248134	
43031	248577	
43031	249389	
43031	346749	
43031	356005	
43031	357263	
43031	357747	
43031	358158	
43031	359313	
43031	359593	
43031	359980	
43031	360087	
43031	361993	
43031	364578	
43031	446417	
43031	454791	
43031	472314	
43031	473771	
43031	476101	
43031	476129	
43031	476472	
43031	668278	
43031	733666	
43031	987738	
43031	991762	
43031	992158	
43031	992400	
43031	992727	
43031	992773	
43031	999444	
43031	1005889	
43031	1007283	
43031	1007714	
43031	1008219	
43031	1008241	
43031	1008623	
43031	1008688	
43031	1010484	
43031	1010951	
43031	1012785	
43031	1012951	
43031	1025359	
43031	1026886	
43031	1029150	
43031	1035798	
43031	1036579	
43031	1052546	
43031	1064742	
43031	1075269	
43031	1082919	
43031	1083811	
43031	1096865	
43031	1097119	
43031	1102951	
43031	1131909	
43031	1164915	
43031	1248950	
43031	1392217	
43031	1601022	
43296	43354	
43296	43394	
43296	43414	
43296	43441	
43296	43466	
43296	43517	
43296	43528	
43296	43550	
43296	43606	
43296	43809	
43296	43902	
43296	43919	
43296	44200	
43296	44206	
43296	51987	
43296	229487	
43296	248577	
43296	248708	
43296	248739	
43296	249029	
43296	249389	
43296	249599	
43296	346749	
43296	354414	
43296	356005	
43296	357944	
43296	358158	
43296	359593	
43296	360087	
43296	361993	
43296	364578	
43296	454791	
43296	464826	
43296	473771	
43296	476101	
43296	476472	
43296	492352	
43296	548861	
43296	560578	
43296	837793	
43296	838575	
43296	987536	
43296	987713	
43296	987738	
43296	990340	
43296	991540	
43296	991762	
43296	991772	
43296	992200	
43296	992400	
43296	992471	
43296	992587	
43296	992600	
43296	992727	
43296	992773	
43296	999436	
43296	999514	
43296	1003574	
43296	1006171	
43296	1006222	
43296	1006712	
43296	1006751	
43296	1007652	
43296	1007714	
43296	1007935	
43296	1008165	
43296	1008234	
43296	1008241	
43296	1008623	
43296	1008688	
43296	1008847	
43296	1008987	
43296	1010134	
43296	1010484	
43296	1010944	
43296	1010951	
43296	1012115	
43296	1012494	
43296	1012785	
43296	1013069	
43296	1024542	
43296	1025151	
43296	1027363	
43296	1029220	
43296	1029986	
43296	1030376	
43296	1030769	
43296	1031496	
43296	1031993	
43296	1035641	
43296	1035798	
43296	1036397	
43296	1036579	
43296	1044049	
43296	1046630	
43296	1049742	
43296	1051776	
43296	1051988	
43296	1082919	
43296	1083811	
43296	1090309	
43296	1103066	
43296	1103132	
43296	1121439	
43296	1122293	
43296	1127394	
43296	1130373	
43296	1130993	
43296	1131909	
43296	1144046	
43296	1183835	
43296	1360531	
43296	1368120	
43296	1392353	
43296	1393908	
43296	1623710	
43296	1626305	
55674	90502	
55676	2082120	
55678	248134	
55693	476442	
55693	476472	
55693	989334	
55693	991953	
55693	999532	
55693	1009629	
55718	1747400	
55727	358158	
55731	1130993	
55743	1142519	
55746	354414	
55753	446417	
55753	1052528	
55757	989334	
55757	1013069	
55757	1031993	
55757	1046630	
55760	248134	
55760	1249456	
55765	1013169	
55769	90502	
55778	991321	
55778	1012928	
55780	357944	
55780	1079432	
55792	473771	
55792	1009629	
55796	358158	
55835	90502	
55843	1009908	
55845	446417	
55848	992487	
55849	1008361	
55862	2124090	
55863	1008406	
55864	476472	
55865	1408247	
55873	1190010	
55873	1233647	
55873	1545070	
55873	1551022	
55873	1747400	
55873	2100368	
55873	2100409	
55873	2100436	
55873	2100468	
55873	2100505	
55873	2100534	
55873	2100603	
55873	2100670	
55875	1390409	
55875	1442277	
55875	1545070	
55875	2100436	
55875	2115601	
55875	2115643	
55875	2115661	
55875	2115718	
55875	2115720	
55875	2115769	
55875	2115819	
55875	2115928	
55875	2115962	
55880	364578	
55895	248577	
55895	354414	
55895	357263	
55895	359980	
55895	476472	
55895	991772	
55895	992400	
55895	992471	
55895	992587	
55895	1006712	
55895	1007714	
55895	1008241	
55895	1008623	
55895	1008688	
55895	1008847	
55895	1035798	
55895	1083811	
55895	1103066	
55896	992329	
55904	248577	
55904	249029	
55904	249389	
55904	249599	
55904	346749	
55904	354414	
55904	357944	
55904	358158	
55904	359593	
55904	360087	
55904	454791	
55904	464826	
55904	473771	
55904	492352	
55904	987447	
55904	987536	
55904	987738	
55904	990340	
55904	991141	
55904	991762	
55904	991772	
55904	991775	
55904	992158	
55904	992400	
55904	992471	
55904	992587	
55904	992727	
55904	992773	
55904	997565	
55904	999348	
55904	999564	
55904	1006222	
55904	1006712	
55904	1006751	
55904	1007935	
55904	1008241	
55904	1008623	
55904	1008688	
55904	1008847	
55904	1012115	
55904	1012785	
55904	1025359	
55904	1026326	
55904	1036579	
55904	1046424	
55904	1051988	
55904	1067781	
55904	1083811	
55904	1090309	
55904	1189784	
55904	1368120	
55939	248577	
55939	249029	
55939	249599	
55939	278769	
55939	346749	
55939	347560	
55939	354414	
55939	357263	
55939	359313	
55939	359593	
55939	360087	
55939	361993	
55939	363113	
55939	364578	
55939	473771	
55939	476129	
55939	476341	
55939	987525	
55939	987713	
55939	987738	
55939	988099	
55939	990340	
55939	991141	
55939	991772	
55939	992375	
55939	992471	
55939	992587	
55939	992727	
55939	996101	
55939	1003574	
55939	1006712	
55939	1006751	
55939	1007283	
55939	1007524	
55939	1008234	
55939	1008241	
55939	1008623	
55939	1008688	
55939	1010479	
55939	1010782	
55939	1011332	
55939	1011414	
55939	1012413	
55939	1012951	
55939	1013069	
55939	1035798	
55939	1097295	
55955	195483	
55955	195537	
55955	195579	
55955	195676	
55955	197204	
55955	248094	
55955	307132	
55955	307470	
55955	331420	
55955	340941	
55955	354999	
55955	355269	
55955	356433	
55955	359909	
55955	364577	
55955	377264	
55955	446091	
55955	446300	
55955	446487	
55955	460408	
55955	460683	
55955	467453	
55955	467592	
55955	467711	
55955	467712	
55955	467764	
55955	467788	
55955	467849	
55955	467864	
55955	467891	
55955	467934	
55955	467965	
55955	467980	
55955	474558	
55955	476439	
55955	483641	
55955	534090	
55955	534193	
55955	539801	
55955	562310	
55955	668391	
55955	712934	
55955	727627	
55955	733666	
55955	734709	
55955	870246	
55955	989261	
55955	989327	
55955	989328	
55955	989329	
55955	990351	
55955	990364	
55955	990368	
55955	990516	
55955	990928	
55955	991049	
55955	991172	
55955	991471	
55955	991762	
55955	991815	
55955	992321	
55955	992551	
55955	992714	
55955	992773	
55955	992887	
55955	993791	
55955	996466	
55955	998285	
55955	998909	
55955	999163	
55955	999168	
55955	999542	
55955	999633	
55955	999634	
55955	999996	
55955	1000930	
55955	1001371	
55955	1002469	
55955	1002525	
55955	1005433	
55955	1005456	
55955	1005506	
55955	1005912	
55955	1007134	
55955	1007652	
55955	1010121	
55955	1010713	
55955	1011332	
55955	1011830	
55955	1012171	
55955	1012327	
55955	1012413	
55955	1012426	
55955	1012566	
55955	1012785	
55955	1012797	
55955	1012928	
55955	1013143	
55955	1016643	
55955	1018415	
55955	1018731	
55955	1020582	
55955	1021838	
55955	1022056	
55955	1022397	
55955	1022398	
55955	1022426	
55955	1022556	
55955	1022605	
55955	1022619	
55955	1022645	
55955	1025438	
55955	1027145	
55955	1027736	
55955	1027752	
55955	1028265	
55955	1029490	
55955	1031472	
55955	1032136	
55955	1032595	
55955	1032944	
55955	1032959	
55955	1033422	
55955	1033615	
55955	1035975	
55955	1037551	
55955	1040288	
55955	1041401	
55955	1044422	
55955	1048583	
55955	1055824	
55955	1074200	
55955	1078862	
55955	1081310	
55955	1081475	
55955	1082289	
55955	1100727	
55955	1103266	
55955	1104986	
55955	1105349	
55955	1105630	
55955	1106660	
55955	1116960	
55955	1135999	
55955	1139264	
55955	1139461	
55955	1154211	
55955	1161594	
55955	1167011	
55955	1167015	
55955	1175644	
55955	1176437	
55955	1183755	
55955	1211004	
55955	1219278	
55955	1222006	
55955	1230344	
55955	1231916	
55955	1238344	
55955	1272848	
55955	1275855	
55955	1287106	
55955	1289820	
55955	1318815	
55955	1325133	
55955	1338605	
55955	1383949	
55955	1387174	
55955	1390404	
55955	1396093	
55955	1397130	
55955	1416300	
55955	1428476	
55955	1430773	
55955	1452460	
55955	1454057	
55955	1454502	
55955	1509198	
55955	1514483	
55955	1529181	
55955	1530778	
55955	1531051	
55955	1533343	
55955	1536306	
55955	1540788	
55955	1547005	
55955	1547270	
55955	1571794	
55955	1577251	
55955	1588266	
55955	1593931	
55955	1594116	
55955	1594429	
55955	1601609	
55955	1621553	
55955	1623764	
55955	1672598	
55955	1689497	
55955	1694888	
55955	1695344	
55955	1705787	
55955	1707020	
55955	1732089	
55955	1748994	
55955	1781342	
55955	1782077	
55955	1792041	
55955	1829922	
55955	1832257	
55955	1840632	
55955	1840647	
55955	1845915	
55955	1852130	
55955	1922732	
55955	1931179	
55955	1942708	
55955	1990256	
55955	2034409	
55955	2067708	
55955	2067885	
55955	2074743	
55955	2075011	
55955	2096709	
55955	2097958	
55955	2103079	
55955	2106265	
55955	2106600	
55955	2115834	
55955	2131761	
55955	2131762	
55955	2131763	
55955	2131764	
55955	2131765	
55955	2131766	
55955	2131767	
55955	2131768	
55955	2131769	
55955	2131770	
55955	2131771	
55955	2131772	
55955	2131773	
55955	2131774	
55955	2131775	
55955	2131776	
55955	2131777	
55955	2131778	
55955	2131779	
55955	2131780	
55955	2131781	
55955	2131782	
55955	2131783	
55955	2131784	
55955	2131785	
55955	2131786	
55955	2131787	
55955	2131788	
55955	2131789	
55955	2131790	
55955	2131791	
55955	2131792	
55955	2131793	
55955	2131794	
55955	2131795	
55955	2131796	
55955	2131797	
55955	2131798	
55955	2131799	
55955	2131800	
55955	2131801	
55955	2131802	
55955	2131803	
55955	2131804	
55955	2131805	
55955	2131806	
55955	2131807	
55955	2131808	
55955	2131809	
55955	2131810	
55955	2131811	
55955	2131812	
55955	2131813	
55955	2131814	
55955	2131815	
55955	2131816	
55955	2131817	
55955	2131818	
55955	2131819	
55955	2131820	
55955	2131821	
55955	2131822	
55955	2131823	
55955	2131824	
55955	2131825	
55955	2131826	
55955	2131827	
55955	2131828	
55955	2131829	
55955	2131830	
55955	2131831	
55955	2131832	
55955	2131833	
55955	2131834	
55955	2131835	
55955	2131836	
55955	2131837	
55955	2131838	
55955	2131839	
55955	2131840	
55955	2131841	
55955	2131842	
55955	2131843	
55955	2131844	
55955	2131845	
55955	2131846	
55955	2131847	
55955	2131848	
55955	2131849	
55955	2131850	
55955	2131851	
55955	2131852	
55955	2131853	
55955	2131854	
55955	2131855	
55955	2131856	
55955	2131857	
55955	2131858	
55955	2131859	
55955	2131860	
55955	2131861	
55955	2131862	
55955	2131863	
55955	2131864	
55955	2131865	
55955	2131866	
55955	2131867	
55955	2131868	
55955	2131869	
55955	2131870	
55955	2131871	
55955	2131872	
55955	2131873	
55955	2131874	
55955	2131875	
55955	2131876	
55955	2131877	
55955	2131878	
55955	2131879	
55955	2131880	
55955	2131881	
55955	2131882	
55955	2131883	
55955	2131884	
55955	2131885	
55955	2131886	
55955	2131887	
55955	2131888	
55955	2131889	
55955	2131890	
55955	2131891	
55955	2131892	
55955	2131893	
55955	2131894	
55955	2131895	
55955	2131896	
55955	2131897	
55955	2131898	
55955	2131899	
55955	2131900	
55955	2131901	
55955	2131902	
55955	2131903	
55955	2131904	
55955	2131905	
55955	2131906	
55955	2131907	
55955	2131908	
55955	2131909	
55955	2131910	
55955	2131911	
55955	2131912	
55955	2131913	
55955	2131914	
55955	2131915	
55955	2131916	
55955	2131917	
55955	2131918	
55955	2131919	
55955	2131920	
55955	2131921	
55955	2131922	
55955	2131923	
55955	2131924	
55955	2131925	
55955	2131926	
55955	2131927	
55955	2131928	
55955	2131929	
55955	2131930	
55955	2131931	
55955	2131932	
55955	2131933	
55955	2131934	
55955	2131935	
55955	2131936	
55955	2131937	
55955	2131938	
55955	2131939	
55955	2131940	
55955	2131941	
55955	2131942	
55955	2131943	
55955	2131944	
55955	2131945	
55955	2131946	
55955	2131947	
55955	2131948	
55955	2131949	
55955	2131950	
55955	2131951	
55955	2131952	
55955	2131953	
55955	2131954	
55955	2131955	
55955	2131956	
55955	2131957	
55955	2131958	
55955	2131959	
55955	2131960	
55955	2131961	
55955	2131962	
55955	2131963	
55955	2131964	
55955	2131965	
55955	2131966	
55955	2131967	
55955	2131968	
55955	2131969	
55955	2131970	
55955	2131971	
55955	2131972	
55955	2131973	
55955	2131974	
55955	2131975	
55955	2131976	
55955	2131977	
55955	2131978	
55955	2131979	
55955	2131980	
55955	2131981	
55955	2131982	
55955	2131983	
55955	2131984	
55955	2131985	
55955	2131986	
55955	2131987	
55955	2131988	
55955	2131989	
55955	2131990	
55955	2131991	
55955	2131992	
55955	2131993	
55955	2131994	
55955	2131995	
55955	2131996	
55955	2131997	
55955	2131998	
55955	2131999	
55955	2132000	
55955	2132001	
55955	2132002	
55955	2132003	
55955	2132004	
55955	2132005	
55955	2132006	
55955	2132007	
55955	2132008	
55955	2132009	
55955	2132010	
55955	2132011	
55955	2132012	
55955	2132013	
55955	2132014	
55955	2132015	
55955	2132016	
55955	2132017	
55955	2132018	
55955	2132019	
55955	2132020	
55955	2132021	
55955	2132022	
55955	2132023	
55955	2132024	
55955	2132025	
55955	2132026	
55955	2132027	
55955	2132028	
55955	2132029	
55955	2132030	
55955	2132031	
55955	2132032	
55955	2132033	
55955	2132034	
55955	2132035	
55955	2132036	
55955	2132037	
55955	2132038	
55955	2132039	
55955	2132040	
55955	2132041	
55955	2132042	
55955	2132043	
55955	2132044	
55955	2132045	
55955	2132046	
55955	2132047	
55955	2132048	
55955	2132049	
55955	2132050	
55960	347560	
55960	359593	
55960	989334	
55960	1051988	
55964	1631460	
55965	1063311	
55966	229487	
55966	248577	
55966	248739	
55966	249389	
55966	346749	
55966	347560	
55966	354414	
55966	357263	
55966	360087	
55966	361993	
55966	364578	
55966	454791	
55966	476472	
55966	560578	
55966	987447	
55966	987738	
55966	989334	
55966	990340	
55966	991141	
55966	991762	
55966	991772	
55966	992158	
55966	992587	
55966	992727	
55966	992773	
55966	999444	
55966	1006222	
55966	1007714	
55966	1008234	
55966	1008241	
55966	1008623	
55966	1008847	
55966	1010134	
55966	1010479	
55966	1010951	
55966	1012115	
55966	1012785	
55966	1025151	
55966	1025359	
55966	1026886	
55966	1029241	
55966	1035641	
55966	1035798	
55966	1036397	
55966	1036579	
55966	1049742	
55966	1083811	
55966	1103066	
55966	1130373	
55966	1137066	
55966	1174654	
55982	1012871	
55991	248577	
55991	248708	
55991	249029	
55991	249599	
55991	354414	
55991	357926	
55991	357944	
55991	359593	
55991	360087	
55991	473771	
55991	476129	
55991	987447	
55991	987536	
55991	989334	
55991	990340	
55991	990925	
55991	990989	
55991	991141	
55991	991762	
55991	992311	
55991	992375	
55991	992471	
55991	992587	
55991	992727	
55991	999510	
55991	999564	
55991	999673	
55991	1006712	
55991	1006751	
55991	1007524	
55991	1008219	
55991	1008234	
55991	1008241	
55991	1008361	
55991	1008623	
55991	1008847	
55991	1008987	
55991	1013069	
55991	1026326	
55991	1029986	
55991	1035641	
55991	1036397	
55991	1036579	
55991	1037353	
55991	1044049	
55991	1064742	
55991	1078364	
55991	1368120	
55999	248577	
55999	346749	
55999	359593	
55999	464826	
55999	473771	
55999	992329	
55999	992400	
55999	1010951	
56000	991321	
56000	1013143	
56000	1013145	
56011	1130993	
42134	42157	
42134	42582	
42134	42717	
42134	42824	
42134	42939	
42134	42950	
42134	43088	
42134	43394	
42134	43466	
42134	43528	
42134	347560	
42134	359593	
42134	987525	
42134	987536	
42134	987713	
42134	987738	
42135	42157	
42135	42582	
42135	42717	
42135	42824	
42135	42939	
42135	42950	
42135	43394	
42135	43466	
42135	43528	
42135	43919	
42135	43922	
42135	347560	
42135	359593	
42135	360087	
42135	987447	
42135	987713	
42135	987738	
42135	988099	
42135	996101	
42137	1063075	
42138	42157	
42138	42717	
42138	42824	
42138	42939	
42138	42950	
42138	43410	
42138	43466	
42138	43528	
42138	43922	
42138	346749	
42138	359593	
42138	360087	
42138	363113	
42138	987536	
42139	42154	
42139	42157	
42139	42201	
42139	42582	
42139	42645	
42139	42717	
42139	42824	
42139	42939	
42139	42950	
42139	43394	
42139	43466	
42139	43528	
42139	43922	
42139	346749	
42139	347560	
42139	359593	
42139	360087	
42139	987447	
42139	987525	
42139	987738	
42139	988099	
42140	42154	
42140	42157	
42140	42201	
42140	42582	
42140	42645	
42140	42717	
42140	42824	
42140	42939	
42140	42950	
42140	43394	
42140	43410	
42140	43466	
42140	43528	
42140	43922	
42140	347560	
42140	357926	
42140	357944	
42140	359593	
42140	360087	
42140	363113	
42140	987447	
42140	987525	
42140	987536	
42140	987738	
42140	988099	
42140	996101	
42140	1008406	
42141	43354	
42141	43728	
42141	990789	
42141	1007652	
42142	42157	
42142	42582	
42142	42717	
42142	42824	
42142	42939	
42142	42950	
42142	43394	
42142	43466	
42142	43528	
42142	43922	
42142	347560	
42142	357263	
42142	359313	
42142	360087	
42142	363113	
42142	987447	
42142	987536	
42142	987738	
42142	988099	
42142	996101	
42144	42154	
42144	42157	
42144	42291	
42144	42431	
42144	42514	
42144	42604	
42144	42607	
42144	42645	
42144	42649	
42144	42819	
42144	42824	
42144	42849	
42144	42917	
42144	42919	
42144	42925	
42144	42966	
42144	42977	
42144	42987	
42144	43060	
42144	43086	
42144	43184	
42144	43245	
42144	43290	
42144	43316	
42144	43354	
42144	43412	
42144	43430	
42144	43441	
42144	43463	
42144	43494	
42144	43517	
42144	43606	
42144	43649	
42144	43728	
42144	43902	
42144	43919	
42144	43920	
42144	43922	
42144	43939	
42144	44006	
42144	44055	
42144	44168	
42144	44200	
42144	44206	
42144	44260	
42144	51987	
42144	248134	
42144	354414	
42144	357263	
42144	357747	
42144	359593	
42144	446417	
42144	476341	
42144	476442	
42144	476445	
42144	476470	
42144	476472	
42144	987525	
42144	989334	
42144	990871	
42144	991540	
42144	991619	
42144	991739	
42144	991762	
42144	991772	
42144	991775	
42144	991900	
42144	999436	
42144	999438	
42144	999542	
42144	999564	
42144	999580	
42144	999595	
42144	999673	
42144	999713	
42144	1005889	
42144	1006712	
42144	1007652	
42144	1009908	
42144	1012115	
42144	1012895	
42144	1046630	
42144	1103132	
42146	42157	
42146	42201	
42146	42431	
42146	42514	
42146	42582	
42146	42649	
42146	42717	
42146	42824	
42146	42939	
42146	43430	
42146	43441	
42146	43463	
42146	43466	
42146	43528	
42146	43919	
42146	43920	
42146	43922	
42146	248134	
42146	248708	
42146	278769	
42146	346749	
42146	360087	
42146	363113	
42146	364578	
42146	454791	
42146	476472	
42146	492352	
42146	987447	
42146	987713	
42146	987738	
42146	991775	
42146	992158	
42146	992487	
42146	992587	
42146	992727	
42146	992773	
42146	1013069	
42146	1047819	
42148	42717	
42148	43088	
42148	43360	
42148	43430	
42148	357926	
42148	359593	
42148	668278	
42148	987738	
42148	989334	
42148	991900	
42148	1006712	
42148	1007460	
42148	1013127	
42148	1025151	
42148	1064742	
42148	1066698	
42148	1067781	
42148	1067896	
42151	42291	
42151	42431	
42151	42555	
42151	42608	
42151	42824	
42151	42849	
42151	42925	
42151	42950	
42151	43086	
42151	43088	
42151	43184	
42151	43255	
42151	43290	
42151	43360	
42151	43430	
42151	43463	
42151	43494	
42151	43517	
42151	43728	
42151	43786	
42151	43919	
42151	44078	
42151	44253	
42151	476341	
42151	990340	
42152	357263	
42153	476442	
42154	42157	
42154	42159	
42154	42169	
42154	42172	
42154	42176	
42154	42179	
42154	42180	
42154	42182	
42154	42185	
42154	42189	
42154	42192	
42154	42194	
42154	42195	
42154	42197	
42154	42201	
42154	42203	
42154	42214	
42154	42221	
42154	42226	
42154	42231	
42154	42238	
42154	42239	
42154	42240	
42154	42241	
42154	42248	
42154	42254	
42154	42269	
42154	42282	
42154	42284	
42154	42286	
42154	42291	
42154	42308	
42154	42309	
42154	42322	
42154	42324	
42154	42325	
42154	42330	
42154	42340	
42154	42343	
42154	42344	
42154	42346	
42154	42363	
42154	42365	
42154	42372	
42154	42374	
42154	42378	
42154	42380	
42154	42381	
42154	42383	
42154	42385	
42154	42392	
42154	42393	
42154	42396	
42154	42398	
42154	42399	
42154	42412	
42154	42421	
42154	42422	
42154	42423	
42154	42424	
42154	42428	
42154	42429	
42154	42431	
42154	42432	
42154	42433	
42154	42434	
42154	42437	
42154	42444	
42154	42446	
42154	42448	
42154	42453	
42154	42468	
42154	42475	
42154	42490	
42154	42493	
42154	42496	
42154	42498	
42154	42512	
42154	42514	
42154	42516	
42154	42519	
42154	42525	
42154	42528	
42154	42530	
42154	42532	
42154	42533	
42154	42540	
42154	42543	
42154	42545	
42154	42546	
42154	42547	
42154	42553	
42154	42555	
42154	42561	
42154	42565	
42154	42566	
42154	42573	
42154	42582	
42154	42589	
42154	42590	
42154	42592	
42154	42593	
42154	42596	
42154	42604	
42154	42607	
42154	42608	
42154	42610	
42154	42616	
42154	42617	
42154	42620	
42154	42621	
42154	42623	
42154	42626	
42154	42628	
42154	42629	
42154	42630	
42154	42631	
42154	42640	
42154	42643	
42154	42645	
42154	42648	
42154	42649	
42154	42650	
42154	42651	
42154	42652	
42154	42657	
42154	42663	
42154	42664	
42154	42667	
42154	42668	
42154	42670	
42154	42672	
42154	42684	
42154	42685	
42154	42699	
42154	42705	
42154	42710	
42154	42717	
42154	42721	
42154	42739	
42154	42745	
42154	42746	
42154	42754	
42154	42755	
42154	42758	
42154	42759	
42154	42760	
42154	42766	
42154	42768	
42154	42774	
42154	42776	
42154	42789	
42154	42792	
42154	42804	
42154	42808	
42154	42809	
42154	42819	
42154	42823	
42154	42824	
42154	42829	
42154	42833	
42154	42835	
42154	42840	
42154	42849	
42154	42865	
42154	42877	
42154	42878	
42154	42879	
42154	42885	
42154	42893	
42154	42897	
42154	42910	
42154	42911	
42154	42917	
42154	42919	
42154	42922	
42154	42925	
42154	42928	
42154	42932	
42154	42939	
42154	42948	
42154	42950	
42154	42954	
42154	42955	
42154	42963	
42154	42964	
42154	42966	
42154	42967	
42154	42970	
42154	42977	
42154	42979	
42154	42982	
42154	42987	
42154	42989	
42154	43002	
42154	43009	
42154	43016	
42154	43018	
42154	43027	
42154	43030	
42154	43031	
42154	43032	
42154	43033	
42154	43040	
42154	43046	
42154	43049	
42154	43050	
42154	43051	
42154	43052	
42154	43060	
42154	43076	
42154	43078	
42154	43085	
42154	43086	
42154	43095	
42154	43099	
42154	43104	
42154	43115	
42154	43126	
42154	43129	
42154	43131	
42154	43133	
42154	43143	
42154	43146	
42154	43150	
42154	43152	
42154	43156	
42154	43157	
42154	43168	
42154	43178	
42154	43184	
42154	43187	
42154	43190	
42154	43192	
42154	43204	
42154	43206	
42154	43209	
42154	43217	
42154	43223	
42154	43226	
42154	43231	
42154	43232	
42154	43245	
42154	43246	
42154	43247	
42154	43248	
42154	43255	
42154	43256	
42154	43273	
42154	43275	
42154	43283	
42154	43286	
42154	43290	
42154	43293	
42154	43296	
42154	43299	
42154	43304	
42154	43305	
42154	43307	
42154	43316	
42154	43318	
42154	43319	
42154	43324	
42154	43329	
42154	43345	
42154	43349	
42154	43351	
42154	43353	
42154	43360	
42154	43367	
42154	43369	
42154	43377	
42154	43379	
42154	43380	
42154	43381	
42154	43383	
42154	43390	
42154	43393	
42154	43394	
42154	43397	
42154	43403	
42154	43409	
42154	43410	
42154	43412	
42154	43417	
42154	43418	
42154	43420	
42154	43421	
42154	43422	
42154	43429	
42154	43430	
42154	43431	
42154	43432	
42154	43433	
42154	43441	
42154	43447	
42154	43451	
42154	43454	
42154	43456	
42154	43457	
42154	43459	
42154	43463	
42154	43464	
42154	43466	
42154	43474	
42154	43477	
42154	43479	
42154	43481	
42154	43482	
42154	43494	
42154	43495	
42154	43504	
42154	43512	
42154	43514	
42154	43517	
42154	43525	
42154	43528	
42154	43529	
42154	43538	
42154	43541	
42154	43542	
42154	43550	
42154	43560	
42154	43570	
42154	43581	
42154	43586	
42154	43588	
42154	43606	
42154	43607	
42154	43608	
42154	43610	
42154	43611	
42154	43612	
42154	43613	
42154	43617	
42154	43621	
42154	43634	
42154	43643	
42154	43644	
42154	43646	
42154	43649	
42154	43650	
42154	43651	
42154	43660	
42154	43665	
42154	43666	
42154	43667	
42154	43672	
42154	43680	
42154	43681	
42154	43688	
42154	43691	
42154	43693	
42154	43699	
42154	43702	
42154	43703	
42154	43707	
42154	43710	
42154	43718	
42154	43719	
42154	43725	
42154	43728	
42154	43732	
42154	43735	
42154	43745	
42154	43750	
42154	43751	
42154	43752	
42154	43754	
42154	43765	
42154	43766	
42154	43768	
42154	43769	
42154	43771	
42154	43774	
42154	43777	
42154	43778	
42154	43785	
42154	43786	
42154	43795	
42154	43800	
42154	43804	
42154	43805	
42154	43806	
42154	43809	
42154	43811	
42154	43814	
42154	43821	
42154	43826	
42154	43830	
42154	43833	
42154	43835	
42154	43837	
42154	43839	
42154	43840	
42154	43844	
42154	43850	
42154	43851	
42154	43870	
42154	43872	
42154	43873	
42154	43874	
42154	43876	
42154	43879	
42154	43890	
42154	43893	
42154	43899	
42154	43902	
42154	43919	
42154	43920	
42154	43922	
42154	43930	
42154	43939	
42154	43940	
42154	43941	
42154	43947	
42154	43953	
42154	43954	
42154	43959	
42154	43960	
42154	43972	
42154	43979	
42154	43980	
42154	43990	
42154	43997	
42154	43998	
42154	44000	
42154	44004	
42154	44005	
42154	44006	
42154	44008	
42154	44009	
42154	44023	
42154	44031	
42154	44035	
42154	44037	
42154	44039	
42154	44044	
42154	44046	
42154	44052	
42154	44053	
42154	44055	
42154	44057	
42154	44058	
42154	44059	
42154	44072	
42154	44078	
42154	44081	
42154	44084	
42154	44088	
42154	44089	
42154	44090	
42154	44096	
42154	44108	
42154	44112	
42154	44137	
42154	44148	
42154	44149	
42154	44150	
42154	44153	
42154	44157	
42154	44166	
42154	44168	
42154	44170	
42154	44175	
42154	44189	
42154	44199	
42154	44200	
42154	44202	
42154	44206	
42154	44209	
42154	44213	
42154	44215	
42154	44216	
42154	44224	
42154	44234	
42154	44241	
42154	44242	
42154	44245	
42154	44253	
42154	44258	
42154	44260	
42154	44273	
42154	44277	
42154	44279	
42154	44301	
42154	45168	
42154	46276	
42154	46299	
42154	46303	
42154	46420	
42154	46424	
42154	46432	
42154	46433	
42154	46434	
42154	46436	
42154	46437	
42154	46440	
42154	51977	
42154	51979	
42154	51985	
42154	51987	
42154	55678	
42154	55904	
42154	55939	
42154	55960	
42154	55966	
42154	55991	
42154	55999	
42154	63300	
42154	64615	
42154	65385	
42154	66211	
42154	74764	
42154	79739	
42154	90502	
42154	94818	
42154	95060	
42154	95061	
42154	95086	
42154	95118	
42154	108841	
42154	108908	
42154	129911	
42154	161686	
42154	166053	
42154	173723	
42154	178624	
42154	182116	
42154	182468	
42154	184625	
42154	185365	
42154	185478	
42154	189451	
42154	189457	
42154	193415	
42154	194697	
42154	195483	
42154	195625	
42154	195648	
42154	195727	
42154	213302	
42154	224070	
42154	229329	
42154	229487	
42154	229511	
42154	230170	
42154	247898	
42154	247945	
42154	248086	
42154	248134	
42154	248294	
42154	248300	
42154	248328	
42154	248336	
42154	248342	
42154	248353	
42154	248473	
42154	248512	
42154	248552	
42154	248577	
42154	248585	
42154	248586	
42154	248587	
42154	248590	
42154	248594	
42154	248595	
42154	248599	
42154	248600	
42154	248603	
42154	248611	
42154	248612	
42154	248613	
42154	248616	
42154	248617	
42154	248620	
42154	248629	
42154	248631	
42154	248638	
42154	248644	
42154	248648	
42154	248650	
42154	248655	
42154	248658	
42154	248672	
42154	248674	
42154	248691	
42154	248702	
42154	248708	
42154	248712	
42154	248714	
42154	248723	
42154	248724	
42154	248743	
42154	248747	
42154	248748	
42154	248751	
42154	248756	
42154	248758	
42154	248760	
42154	248765	
42154	248770	
42154	248771	
42154	248774	
42154	248775	
42154	248781	
42154	248782	
42154	248786	
42154	248792	
42154	248793	
42154	248796	
42154	248801	
42154	248803	
42154	248805	
42154	248807	
42154	248810	
42154	248811	
42154	248814	
42154	248815	
42154	248822	
42154	248824	
42154	248828	
42154	248834	
42154	248835	
42154	248838	
42154	248844	
42154	248848	
42154	248858	
42154	248859	
42154	248872	
42154	248877	
42154	248887	
42154	248888	
42154	248890	
42154	248892	
42154	248898	
42154	248905	
42154	248906	
42154	248918	
42154	248924	
42154	248928	
42154	248931	
42154	248933	
42154	248937	
42154	248943	
42154	248945	
42154	248948	
42154	248950	
42154	248955	
42154	248956	
42154	248957	
42154	248959	
42154	248968	
42154	248969	
42154	248972	
42154	248977	
42154	248980	
42154	248985	
42154	248986	
42154	248989	
42154	248992	
42154	248994	
42154	248996	
42154	248997	
42154	249005	
42154	249006	
42154	249022	
42154	249024	
42154	249025	
42154	249027	
42154	249029	
42154	249038	
42154	249039	
42154	249045	
42154	249047	
42154	249051	
42154	249052	
42154	249056	
42154	249059	
42154	249061	
42154	249066	
42154	249070	
42154	249071	
42154	249087	
42154	249090	
42154	249091	
42154	249094	
42154	249103	
42154	249104	
42154	249111	
42154	249113	
42154	249130	
42154	249138	
42154	249139	
42154	249145	
42154	249149	
42154	249152	
42154	249161	
42154	249168	
42154	249169	
42154	249171	
42154	249174	
42154	249177	
42154	249178	
42154	249179	
42154	249180	
42154	249186	
42154	249188	
42154	249191	
42154	249196	
42154	249207	
42154	249209	
42154	249211	
42154	249215	
42154	249222	
42154	249232	
42154	249236	
42154	249238	
42154	249239	
42154	249240	
42154	249244	
42154	249245	
42154	249249	
42154	249255	
42154	249259	
42154	249260	
42154	249261	
42154	249264	
42154	249268	
42154	249274	
42154	249281	
42154	249282	
42154	249283	
42154	249291	
42154	249296	
42154	249300	
42154	249303	
42154	249305	
42154	249306	
42154	249307	
42154	249315	
42154	249317	
42154	249324	
42154	249328	
42154	249329	
42154	249330	
42154	249333	
42154	249336	
42154	249341	
42154	249355	
42154	249358	
42154	249362	
42154	249366	
42154	249368	
42154	249370	
42154	249372	
42154	249375	
42154	249377	
42154	249385	
42154	249389	
42154	249399	
42154	249400	
42154	249402	
42154	249403	
42154	249405	
42154	249409	
42154	249414	
42154	249421	
42154	249427	
42154	249433	
42154	249436	
42154	249438	
42154	249441	
42154	249447	
42154	249448	
42154	249452	
42154	249460	
42154	249466	
42154	249472	
42154	249477	
42154	249481	
42154	249482	
42154	249483	
42154	249487	
42154	249490	
42154	249491	
42154	249494	
42154	249495	
42154	249499	
42154	249503	
42154	249510	
42154	249522	
42154	249525	
42154	249528	
42154	249530	
42154	249538	
42154	249541	
42154	249554	
42154	249556	
42154	249562	
42154	249564	
42154	249566	
42154	249567	
42154	249590	
42154	249593	
42154	249594	
42154	249599	
42154	249610	
42154	249615	
42154	249618	
42154	249625	
42154	249636	
42154	249639	
42154	249656	
42154	249666	
42154	249672	
42154	249684	
42154	249685	
42154	251023	
42154	282557	
42154	295806	
42154	295906	
42154	298216	
42154	305567	
42154	306828	
42154	306890	
42154	306936	
42154	306963	
42154	307020	
42154	307224	
42154	307451	
42154	307452	
42154	307494	
42154	307526	
42154	325470	
42154	331420	
42154	346749	
42154	347216	
42154	347351	
42154	347560	
42154	347577	
42154	347618	
42154	347901	
42154	348054	
42154	348107	
42154	348246	
42154	348550	
42154	348579	
42154	350524	
42154	350821	
42154	350993	
42154	351275	
42154	351595	
42154	351644	
42154	352147	
42154	352439	
42154	353081	
42154	353286	
42154	353321	
42154	353422	
42154	353683	
42154	353700	
42154	353704	
42154	353711	
42154	353725	
42154	353742	
42154	353751	
42154	353764	
42154	353766	
42154	353793	
42154	353827	
42154	353956	
42154	353976	
42154	353979	
42154	354001	
42154	354015	
42154	354025	
42154	354087	
42154	354112	
42154	354149	
42154	354168	
42154	354184	
42154	354191	
42154	354194	
42154	354202	
42154	354207	
42154	354230	
42154	354287	
42154	354318	
42154	354323	
42154	354345	
42154	354348	
42154	354358	
42154	354367	
42154	354388	
42154	354395	
42154	354401	
42154	354414	
42154	354425	
42154	354429	
42154	354451	
42154	354481	
42154	354496	
42154	354545	
42154	354578	
42154	354605	
42154	354612	
42154	354639	
42154	354695	
42154	354701	
42154	354702	
42154	354703	
42154	354710	
42154	354711	
42154	354716	
42154	354723	
42154	354801	
42154	354830	
42154	354841	
42154	354844	
42154	354853	
42154	354876	
42154	354890	
42154	354915	
42154	354935	
42154	355000	
42154	355011	
42154	355017	
42154	355022	
42154	355031	
42154	355033	
42154	355034	
42154	355076	
42154	355087	
42154	355145	
42154	355147	
42154	355177	
42154	355181	
42154	355193	
42154	355221	
42154	355258	
42154	355292	
42154	355296	
42154	355332	
42154	355343	
42154	355350	
42154	355360	
42154	355399	
42154	355410	
42154	355422	
42154	355512	
42154	355536	
42154	355557	
42154	355558	
42154	355567	
42154	355575	
42154	355597	
42154	355603	
42154	355663	
42154	355689	
42154	355696	
42154	355698	
42154	355713	
42154	355728	
42154	355740	
42154	355759	
42154	355761	
42154	355775	
42154	355779	
42154	355820	
42154	355852	
42154	355887	
42154	355961	
42154	355988	
42154	355996	
42154	356021	
42154	356053	
42154	356059	
42154	356067	
42154	356073	
42154	356096	
42154	356132	
42154	356142	
42154	356170	
42154	356182	
42154	356209	
42154	356227	
42154	356292	
42154	356307	
42154	356404	
42154	356423	
42154	356433	
42154	356440	
42154	356471	
42154	356523	
42154	356537	
42154	356560	
42154	356582	
42154	356596	
42154	356598	
42154	356623	
42154	356665	
42154	356687	
42154	356717	
42154	356730	
42154	356734	
42154	356743	
42154	356751	
42154	356777	
42154	356864	
42154	356870	
42154	356941	
42154	356970	
42154	356971	
42154	356972	
42154	357006	
42154	357007	
42154	357036	
42154	357060	
42154	357076	
42154	357178	
42154	357201	
42154	357255	
42154	357263	
42154	357285	
42154	357291	
42154	357296	
42154	357299	
42154	357360	
42154	357370	
42154	357377	
42154	357425	
42154	357446	
42154	357464	
42154	357492	
42154	357509	
42154	357516	
42154	357559	
42154	357568	
42154	357569	
42154	357589	
42154	357696	
42154	357747	
42154	357756	
42154	357827	
42154	357848	
42154	357931	
42154	357996	
42154	358016	
42154	358026	
42154	358031	
42154	358033	
42154	358074	
42154	358092	
42154	358161	
42154	358174	
42154	358192	
42154	358213	
42154	358217	
42154	358219	
42154	358220	
42154	358234	
42154	358246	
42154	358258	
42154	358270	
42154	358283	
42154	358285	
42154	358307	
42154	358310	
42154	358327	
42154	358330	
42154	358336	
42154	358412	
42154	358414	
42154	358498	
42154	358509	
42154	358516	
42154	358560	
42154	358579	
42154	358592	
42154	358678	
42154	358699	
42154	358773	
42154	358775	
42154	358801	
42154	358809	
42154	358822	
42154	358834	
42154	358843	
42154	358848	
42154	358866	
42154	358947	
42154	358955	
42154	358961	
42154	358984	
42154	359008	
42154	359010	
42154	359021	
42154	359030	
42154	359129	
42154	359142	
42154	359148	
42154	359156	
42154	359161	
42154	359166	
42154	359177	
42154	359212	
42154	359213	
42154	359218	
42154	359264	
42154	359273	
42154	359285	
42154	359301	
42154	359309	
42154	359342	
42154	359430	
42154	359444	
42154	359449	
42154	359506	
42154	359514	
42154	359515	
42154	359573	
42154	359589	
42154	359593	
42154	359635	
42154	359637	
42154	359644	
42154	359659	
42154	359683	
42154	359690	
42154	359706	
42154	359742	
42154	359772	
42154	359796	
42154	359799	
42154	359817	
42154	359869	
42154	359909	
42154	359927	
42154	359979	
42154	359988	
42154	360028	
42154	360056	
42154	360087	
42154	360121	
42154	360150	
42154	360151	
42154	360238	
42154	360281	
42154	360423	
42154	360437	
42154	360481	
42154	360483	
42154	360529	
42154	360576	
42154	360608	
42154	360643	
42154	360660	
42154	360706	
42154	360714	
42154	360771	
42154	360786	
42154	360826	
42154	360835	
42154	360857	
42154	360860	
42154	360899	
42154	360911	
42154	360913	
42154	360959	
42154	361047	
42154	361056	
42154	361060	
42154	361109	
42154	361115	
42154	361165	
42154	361187	
42154	361274	
42154	361287	
42154	361324	
42154	361352	
42154	361354	
42154	361382	
42154	361428	
42154	361462	
42154	361473	
42154	361537	
42154	361574	
42154	361596	
42154	361641	
42154	361680	
42154	361738	
42154	361780	
42154	361792	
42154	361806	
42154	361881	
42154	361901	
42154	361917	
42154	361931	
42154	361949	
42154	361975	
42154	361979	
42154	362022	
42154	362040	
42154	362098	
42154	362125	
42154	362171	
42154	362185	
42154	362190	
42154	362236	
42154	362266	
42154	362285	
42154	362296	
42154	362322	
42154	362355	
42154	362390	
42154	362394	
42154	362402	
42154	362469	
42154	362478	
42154	362500	
42154	362511	
42154	362552	
42154	362642	
42154	362649	
42154	362658	
42154	362681	
42154	362790	
42154	362804	
42154	362834	
42154	362854	
42154	362895	
42154	362905	
42154	362923	
42154	362944	
42154	362947	
42154	362974	
42154	362986	
42154	362989	
42154	363081	
42154	363097	
42154	363186	
42154	363191	
42154	363201	
42154	363207	
42154	363209	
42154	363294	
42154	363298	
42154	363327	
42154	363347	
42154	363491	
42154	363539	
42154	363540	
42154	363543	
42154	363593	
42154	363607	
42154	363708	
42154	363714	
42154	363799	
42154	363815	
42154	363826	
42154	363833	
42154	363858	
42154	363888	
42154	363897	
42154	363951	
42154	363989	
42154	364076	
42154	364103	
42154	364107	
42154	364206	
42154	364229	
42154	364268	
42154	364291	
42154	364316	
42154	364340	
42154	364384	
42154	364504	
42154	364518	
42154	364519	
42154	364531	
42154	364578	
42154	364604	
42154	364631	
42154	364746	
42154	364756	
42154	364806	
42154	364813	
42154	364871	
42154	364941	
42154	365169	
42154	367131	
42154	369239	
42154	371640	
42154	371685	
42154	371869	
42154	372535	
42154	373253	
42154	377264	
42154	377330	
42154	377392	
42154	377426	
42154	377562	
42154	377593	
42154	377664	
42154	377726	
42154	377766	
42154	394452	
42154	408085	
42154	421189	
42154	424968	
42154	429192	
42154	442363	
42154	442498	
42154	444531	
42154	445593	
42154	445951	
42154	446300	
42154	446339	
42154	446417	
42154	446472	
42154	446487	
42154	448903	
42154	450213	
42154	454791	
42154	454951	
42154	454965	
42154	455336	
42154	457584	
42154	457803	
42154	458059	
42154	458770	
42154	459287	
42154	460533	
42154	460552	
42154	460633	
42154	460680	
42154	460701	
42154	460713	
42154	461758	
42154	461793	
42154	461873	
42154	461901	
42154	462835	
42154	463473	
42154	463600	
42154	463905	
42154	464180	
42154	464265	
42154	464826	
42154	464984	
42154	465011	
42154	465017	
42154	465033	
42154	465139	
42154	467049	
42154	467108	
42154	467204	
42154	467354	
42154	467428	
42154	467444	
42154	468286	
42154	468380	
42154	468387	
42154	468778	
42154	468911	
42154	468950	
42154	468998	
42154	470481	
42154	470482	
42154	470603	
42154	470629	
42154	471385	
42154	471625	
42154	471748	
42154	471821	
42154	471825	
42154	471829	
42154	471943	
42154	471982	
42154	472017	
42154	472036	
42154	472053	
42154	472064	
42154	472185	
42154	472558	
42154	473291	
42154	473513	
42154	473743	
42154	473765	
42154	473771	
42154	474363	
42154	474448	
42154	474468	
42154	474475	
42154	474680	
42154	474788	
42154	474796	
42154	474917	
42154	475518	
42154	476085	
42154	476118	
42154	476129	
42154	476134	
42154	476137	
42154	476177	
42154	476206	
42154	476208	
42154	476229	
42154	476247	
42154	476253	
42154	476279	
42154	476294	
42154	476295	
42154	476298	
42154	476341	
42154	476352	
42154	476379	
42154	476387	
42154	476390	
42154	476395	
42154	476413	
42154	476421	
42154	476423	
42154	476432	
42154	476433	
42154	476438	
42154	476439	
42154	476442	
42154	476444	
42154	476445	
42154	476455	
42154	476466	
42154	476470	
42154	476472	
42154	476478	
42154	476485	
42154	476486	
42154	476491	
42154	476492	
42154	476493	
42154	476496	
42154	476497	
42154	477261	
42154	477378	
42154	478163	
42154	478870	
42154	478950	
42154	478956	
42154	479263	
42154	479318	
42154	479440	
42154	480816	
42154	481234	
42154	481362	
42154	482529	
42154	483603	
42154	484980	
42154	486907	
42154	487061	
42154	492352	
42154	497126	
42154	497190	
42154	497220	
42154	497254	
42154	497265	
42154	497304	
42154	497329	
42154	497339	
42154	497363	
42154	497375	
42154	497381	
42154	497388	
42154	509779	
42154	522593	
42154	523889	
42154	533104	
42154	533172	
42154	533251	
42154	533276	
42154	533293	
42154	533759	
42154	533780	
42154	533793	
42154	533805	
42154	533807	
42154	533821	
42154	533904	
42154	534016	
42154	534032	
42154	534050	
42154	534093	
42154	534154	
42154	534193	
42154	554960	
42154	557566	
42154	557567	
42154	557602	
42154	557632	
42154	557675	
42154	557688	
42154	557689	
42154	557702	
42154	557764	
42154	557765	
42154	557767	
42154	557779	
42154	557800	
42154	557844	
42154	557852	
42154	560092	
42154	560167	
42154	560315	
42154	560456	
42154	560507	
42154	560563	
42154	560578	
42154	560593	
42154	560621	
42154	562310	
42154	563464	
42154	592355	
42154	598973	
42154	598999	
42154	605889	
42154	610757	
42154	623575	
42154	642226	
42154	642230	
42154	648948	
42154	650200	
42154	668314	
42154	668437	
42154	668441	
42154	673845	
42154	675559	
42154	680747	
42154	690810	
42154	698427	
42154	702479	
42154	704143	
42154	710600	
42154	712934	
42154	714701	
42154	719557	
42154	722794	
42154	724870	
42154	725169	
42154	725263	
42154	726221	
42154	726372	
42154	727558	
42154	727562	
42154	727579	
42154	729622	
42154	729860	
42154	729905	
42154	730278	
42154	730387	
42154	731368	
42154	733191	
42154	733601	
42154	733640	
42154	733661	
42154	733666	
42154	733689	
42154	734666	
42154	739513	
42154	741753	
42154	765789	
42154	775317	
42154	775323	
42154	775557	
42154	775638	
42154	775681	
42154	777922	
42154	778164	
42154	778504	
42154	778724	
42154	778858	
42154	778946	
42154	779010	
42154	779503	
42154	780281	
42154	783967	
42154	798919	
42154	799749	
42154	799779	
42154	806532	
42154	807762	
42154	815910	
42154	820105	
42154	825011	
42154	825016	
42154	825027	
42154	830387	
42154	830391	
42154	830960	
42154	831169	
42154	831226	
42154	831371	
42154	831440	
42154	831523	
42154	831548	
42154	831578	
42154	831612	
42154	833117	
42154	833807	
42154	835901	
42154	836709	
42154	836786	
42154	836840	
42154	836969	
42154	837044	
42154	837087	
42154	837201	
42154	837377	
42154	837492	
42154	837705	
42154	837750	
42154	837912	
42154	838063	
42154	838227	
42154	838357	
42154	838440	
42154	838484	
42154	838525	
42154	838533	
42154	838574	
42154	838575	
42154	838798	
42154	838858	
42154	860034	
42154	862361	
42154	863391	
42154	863603	
42154	864286	
42154	864319	
42154	864378	
42154	864473	
42154	864639	
42154	865169	
42154	865182	
42154	883014	
42154	890122	
42154	890268	
42154	893311	
42154	895735	
42154	899292	
42154	899881	
42154	920189	
42154	920199	
42154	924738	
42154	926302	
42154	936508	
42154	936512	
42154	944424	
42154	945585	
42154	950591	
42154	953030	
42154	958473	
42154	963739	
42154	966713	
42154	968079	
42154	970410	
42154	970443	
42154	970581	
42154	970675	
42154	973956	
42154	976088	
42154	976403	
42154	976478	
42154	976511	
42154	978404	
42154	980255	
42154	980406	
42154	981060	
42154	985104	
42154	985147	
42154	985194	
42154	987003	
42154	987051	
42154	987164	
42154	987388	
42154	987400	
42154	987409	
42154	987413	
42154	987415	
42154	987423	
42154	987444	
42154	987447	
42154	987461	
42154	987470	
42154	987489	
42154	987505	
42154	987506	
42154	987509	
42154	987514	
42154	987519	
42154	987525	
42154	987536	
42154	987552	
42154	987559	
42154	987560	
42154	987571	
42154	987575	
42154	987578	
42154	987585	
42154	987587	
42154	987600	
42154	987608	
42154	987630	
42154	987640	
42154	987643	
42154	987668	
42154	987670	
42154	987678	
42154	987681	
42154	987689	
42154	987690	
42154	987695	
42154	987696	
42154	987712	
42154	987713	
42154	987727	
42154	987738	
42154	987747	
42154	987751	
42154	987755	
42154	987760	
42154	987762	
42154	987782	
42154	987789	
42154	987792	
42154	987794	
42154	987798	
42154	987836	
42154	987848	
42154	987849	
42154	987857	
42154	987861	
42154	987881	
42154	987889	
42154	987895	
42154	987901	
42154	987909	
42154	987916	
42154	987917	
42154	987931	
42154	987938	
42154	987940	
42154	987948	
42154	987952	
42154	987953	
42154	987972	
42154	987974	
42154	987981	
42154	988017	
42154	988020	
42154	988036	
42154	988039	
42154	988043	
42154	988063	
42154	988066	
42154	988085	
42154	988088	
42154	988089	
42154	988099	
42154	988116	
42154	988117	
42154	988118	
42154	988136	
42154	988139	
42154	988146	
42154	988170	
42154	988182	
42154	988193	
42154	988194	
42154	988229	
42154	988236	
42154	988248	
42154	988270	
42154	988292	
42154	988295	
42154	988308	
42154	988314	
42154	988318	
42154	988822	
42154	989019	
42154	989146	
42154	989210	
42154	989211	
42154	989220	
42154	989225	
42154	989234	
42154	989275	
42154	989282	
42154	989285	
42154	989334	
42154	989402	
42154	989404	
42154	989439	
42154	989522	
42154	989557	
42154	990319	
42154	990340	
42154	990343	
42154	990347	
42154	990350	
42154	990351	
42154	990358	
42154	990446	
42154	990453	
42154	990457	
42154	990459	
42154	990464	
42154	990473	
42154	990492	
42154	990498	
42154	990516	
42154	990535	
42154	990664	
42154	990709	
42154	990730	
42154	990733	
42154	990738	
42154	990787	
42154	990795	
42154	990799	
42154	990802	
42154	990847	
42154	990859	
42154	990871	
42154	990879	
42154	990891	
42154	990913	
42154	990915	
42154	990918	
42154	990925	
42154	990935	
42154	990946	
42154	990961	
42154	990963	
42154	990964	
42154	990989	
42154	991011	
42154	991032	
42154	991036	
42154	991042	
42154	991045	
42154	991062	
42154	991068	
42154	991099	
42154	991141	
42154	991149	
42154	991154	
42154	991168	
42154	991186	
42154	991187	
42154	991193	
42154	991214	
42154	991216	
42154	991236	
42154	991248	
42154	991276	
42154	991289	
42154	991308	
42154	991321	
42154	991325	
42154	991334	
42154	991344	
42154	991354	
42154	991398	
42154	991402	
42154	991412	
42154	991441	
42154	991443	
42154	991457	
42154	991462	
42154	991468	
42154	991469	
42154	991493	
42154	991501	
42154	991513	
42154	991517	
42154	991524	
42154	991540	
42154	991550	
42154	991557	
42154	991570	
42154	991585	
42154	991587	
42154	991616	
42154	991619	
42154	991622	
42154	991630	
42154	991632	
42154	991649	
42154	991659	
42154	991664	
42154	991667	
42154	991668	
42154	991669	
42154	991687	
42154	991706	
42154	991710	
42154	991713	
42154	991723	
42154	991735	
42154	991739	
42154	991750	
42154	991762	
42154	991769	
42154	991772	
42154	991775	
42154	991779	
42154	991780	
42154	991789	
42154	991794	
42154	991810	
42154	991815	
42154	991816	
42154	991844	
42154	991850	
42154	991861	
42154	991865	
42154	991866	
42154	991868	
42154	991888	
42154	991896	
42154	991900	
42154	991919	
42154	991921	
42154	991923	
42154	991926	
42154	991943	
42154	991953	
42154	991954	
42154	991970	
42154	992080	
42154	992082	
42154	992084	
42154	992085	
42154	992086	
42154	992089	
42154	992090	
42154	992091	
42154	992092	
42154	992093	
42154	992094	
42154	992095	
42154	992096	
42154	992101	
42154	992105	
42154	992107	
42154	992109	
42154	992114	
42154	992115	
42154	992119	
42154	992121	
42154	992123	
42154	992124	
42154	992126	
42154	992129	
42154	992130	
42154	992132	
42154	992134	
42154	992135	
42154	992136	
42154	992138	
42154	992139	
42154	992141	
42154	992143	
42154	992144	
42154	992146	
42154	992147	
42154	992149	
42154	992150	
42154	992154	
42154	992156	
42154	992157	
42154	992158	
42154	992159	
42154	992163	
42154	992165	
42154	992169	
42154	992170	
42154	992171	
42154	992174	
42154	992175	
42154	992176	
42154	992178	
42154	992179	
42154	992180	
42154	992181	
42154	992186	
42154	992187	
42154	992189	
42154	992192	
42154	992193	
42154	992194	
42154	992196	
42154	992197	
42154	992198	
42154	992200	
42154	992201	
42154	992203	
42154	992204	
42154	992205	
42154	992210	
42154	992211	
42154	992212	
42154	992213	
42154	992215	
42154	992217	
42154	992218	
42154	992219	
42154	992225	
42154	992226	
42154	992227	
42154	992228	
42154	992229	
42154	992231	
42154	992235	
42154	992244	
42154	992245	
42154	992247	
42154	992248	
42154	992249	
42154	992250	
42154	992252	
42154	992253	
42154	992254	
42154	992255	
42154	992257	
42154	992258	
42154	992262	
42154	992264	
42154	992266	
42154	992267	
42154	992269	
42154	992272	
42154	992278	
42154	992280	
42154	992283	
42154	992286	
42154	992288	
42154	992291	
42154	992295	
42154	992296	
42154	992303	
42154	992305	
42154	992310	
42154	992311	
42154	992312	
42154	992313	
42154	992319	
42154	992321	
42154	992325	
42154	992328	
42154	992329	
42154	992330	
42154	992332	
42154	992334	
42154	992337	
42154	992341	
42154	992347	
42154	992348	
42154	992349	
42154	992353	
42154	992355	
42154	992357	
42154	992358	
42154	992360	
42154	992361	
42154	992362	
42154	992363	
42154	992364	
42154	992368	
42154	992373	
42154	992375	
42154	992376	
42154	992377	
42154	992379	
42154	992381	
42154	992382	
42154	992384	
42154	992387	
42154	992389	
42154	992390	
42154	992392	
42154	992393	
42154	992394	
42154	992395	
42154	992398	
42154	992400	
42154	992401	
42154	992402	
42154	992404	
42154	992406	
42154	992407	
42154	992409	
42154	992412	
42154	992415	
42154	992418	
42154	992420	
42154	992421	
42154	992422	
42154	992423	
42154	992425	
42154	992426	
42154	992427	
42154	992428	
42154	992431	
42154	992432	
42154	992434	
42154	992435	
42154	992436	
42154	992439	
42154	992440	
42154	992441	
42154	992442	
42154	992444	
42154	992445	
42154	992446	
42154	992447	
42154	992450	
42154	992452	
42154	992455	
42154	992459	
42154	992467	
42154	992468	
42154	992469	
42154	992470	
42154	992471	
42154	992472	
42154	992475	
42154	992476	
42154	992478	
42154	992479	
42154	992480	
42154	992481	
42154	992482	
42154	992487	
42154	992488	
42154	992489	
42154	992491	
42154	992492	
42154	992494	
42154	992496	
42154	992497	
42154	992498	
42154	992499	
42154	992501	
42154	992502	
42154	992504	
42154	992505	
42154	992507	
42154	992510	
42154	992511	
42154	992514	
42154	992515	
42154	992518	
42154	992519	
42154	992522	
42154	992523	
42154	992526	
42154	992528	
42154	992530	
42154	992532	
42154	992533	
42154	992534	
42154	992535	
42154	992537	
42154	992542	
42154	992543	
42154	992544	
42154	992545	
42154	992546	
42154	992551	
42154	992552	
42154	992560	
42154	992561	
42154	992563	
42154	992565	
42154	992566	
42154	992567	
42154	992568	
42154	992570	
42154	992573	
42154	992578	
42154	992579	
42154	992584	
42154	992585	
42154	992586	
42154	992587	
42154	992588	
42154	992589	
42154	992590	
42154	992591	
42154	992592	
42154	992593	
42154	992597	
42154	992598	
42154	992599	
42154	992600	
42154	992603	
42154	992608	
42154	992610	
42154	992612	
42154	992614	
42154	992617	
42154	992618	
42154	992621	
42154	992623	
42154	992627	
42154	992631	
42154	992632	
42154	992634	
42154	992637	
42154	992638	
42154	992643	
42154	992645	
42154	992646	
42154	992648	
42154	992652	
42154	992653	
42154	992654	
42154	992656	
42154	992658	
42154	992660	
42154	992661	
42154	992667	
42154	992669	
42154	992672	
42154	992675	
42154	992676	
42154	992678	
42154	992686	
42154	992689	
42154	992692	
42154	992695	
42154	992696	
42154	992698	
42154	992701	
42154	992703	
42154	992704	
42154	992710	
42154	992711	
42154	992712	
42154	992713	
42154	992714	
42154	992717	
42154	992718	
42154	992724	
42154	992727	
42154	992730	
42154	992731	
42154	992732	
42154	992733	
42154	992734	
42154	992737	
42154	992738	
42154	992744	
42154	992745	
42154	992746	
42154	992747	
42154	992748	
42154	992749	
42154	992752	
42154	992753	
42154	992754	
42154	992761	
42154	992762	
42154	992763	
42154	992764	
42154	992767	
42154	992768	
42154	992770	
42154	992773	
42154	992776	
42154	992777	
42154	992783	
42154	992791	
42154	992793	
42154	992794	
42154	992796	
42154	992797	
42154	992799	
42154	992801	
42154	992805	
42154	992807	
42154	992808	
42154	992809	
42154	992810	
42154	992811	
42154	992815	
42154	992818	
42154	992819	
42154	992822	
42154	992824	
42154	992827	
42154	992828	
42154	992829	
42154	992836	
42154	992837	
42154	992838	
42154	992840	
42154	992841	
42154	992843	
42154	992844	
42154	992846	
42154	992849	
42154	992855	
42154	992857	
42154	992858	
42154	992861	
42154	992862	
42154	992863	
42154	992864	
42154	992866	
42154	992867	
42154	992868	
42154	992870	
42154	992881	
42154	992882	
42154	992883	
42154	992886	
42154	992888	
42154	992889	
42154	992891	
42154	992896	
42154	992906	
42154	992909	
42154	992911	
42154	992912	
42154	993129	
42154	994215	
42154	994441	
42154	994446	
42154	994591	
42154	994615	
42154	994769	
42154	994854	
42154	994860	
42154	994871	
42154	994877	
42154	994878	
42154	994958	
42154	995011	
42154	995252	
42154	995315	
42154	995352	
42154	995493	
42154	995506	
42154	995548	
42154	995600	
42154	995614	
42154	995629	
42154	995651	
42154	995714	
42154	995726	
42154	995728	
42154	995737	
42154	995740	
42154	995745	
42154	995749	
42154	995750	
42154	995765	
42154	995806	
42154	995807	
42154	995817	
42154	995840	
42154	995855	
42154	995879	
42154	995911	
42154	995918	
42154	995929	
42154	995934	
42154	995956	
42154	996009	
42154	996053	
42154	996057	
42154	996473	
42154	996506	
42154	996536	
42154	996589	
42154	996643	
42154	996925	
42154	997486	
42154	997500	
42154	997557	
42154	997913	
42154	998254	
42154	998293	
42154	998303	
42154	998318	
42154	998340	
42154	998343	
42154	998347	
42154	998463	
42154	998516	
42154	998543	
42154	998556	
42154	998589	
42154	998690	
42154	998761	
42154	998784	
42154	998868	
42154	998908	
42154	999107	
42154	999119	
42154	999278	
42154	999319	
42154	999322	
42154	999325	
42154	999332	
42154	999336	
42154	999338	
42154	999339	
42154	999348	
42154	999358	
42154	999365	
42154	999366	
42154	999373	
42154	999378	
42154	999381	
42154	999389	
42154	999399	
42154	999400	
42154	999413	
42154	999426	
42154	999435	
42154	999436	
42154	999438	
42154	999440	
42154	999442	
42154	999461	
42154	999467	
42154	999510	
42154	999514	
42154	999516	
42154	999518	
42154	999525	
42154	999527	
42154	999532	
42154	999535	
42154	999538	
42154	999542	
42154	999543	
42154	999555	
42154	999561	
42154	999564	
42154	999578	
42154	999579	
42154	999580	
42154	999582	
42154	999583	
42154	999588	
42154	999593	
42154	999596	
42154	999598	
42154	999604	
42154	999606	
42154	999610	
42154	999612	
42154	999613	
42154	999622	
42154	999626	
42154	999634	
42154	999638	
42154	999639	
42154	999645	
42154	999648	
42154	999650	
42154	999654	
42154	999666	
42154	999673	
42154	999674	
42154	999676	
42154	999677	
42154	999678	
42154	999679	
42154	999684	
42154	999686	
42154	999696	
42154	999703	
42154	999705	
42154	999706	
42154	999710	
42154	999713	
42154	999755	
42154	999776	
42154	999925	
42154	1000157	
42154	1000264	
42154	1000301	
42154	1000410	
42154	1000556	
42154	1000740	
42154	1000899	
42154	1001173	
42154	1001242	
42154	1001371	
42154	1002021	
42154	1002032	
42154	1002057	
42154	1002064	
42154	1002092	
42154	1002124	
42154	1002137	
42154	1002187	
42154	1002195	
42154	1002199	
42154	1002210	
42154	1002230	
42154	1002291	
42154	1002418	
42154	1002487	
42154	1002523	
42154	1002539	
42154	1002641	
42154	1002761	
42154	1002800	
42154	1002811	
42154	1002988	
42154	1003120	
42154	1003135	
42154	1003139	
42154	1003149	
42154	1003174	
42154	1003197	
42154	1003213	
42154	1003215	
42154	1003274	
42154	1003338	
42154	1003385	
42154	1003391	
42154	1003548	
42154	1003574	
42154	1003614	
42154	1003622	
42154	1003624	
42154	1003644	
42154	1003650	
42154	1003675	
42154	1004012	
42154	1004028	
42154	1004039	
42154	1004050	
42154	1004067	
42154	1004113	
42154	1004123	
42154	1004125	
42154	1004127	
42154	1004137	
42154	1004140	
42154	1004144	
42154	1004171	
42154	1004173	
42154	1004216	
42154	1004261	
42154	1004303	
42154	1004308	
42154	1004531	
42154	1004567	
42154	1004610	
42154	1004625	
42154	1004681	
42154	1004687	
42154	1004688	
42154	1004699	
42154	1004722	
42154	1004741	
42154	1004758	
42154	1004779	
42154	1004782	
42154	1004843	
42154	1004878	
42154	1004900	
42154	1004916	
42154	1004933	
42154	1004985	
42154	1005048	
42154	1005056	
42154	1005065	
42154	1005095	
42154	1005098	
42154	1005117	
42154	1005122	
42154	1005123	
42154	1005139	
42154	1005189	
42154	1005204	
42154	1005247	
42154	1005264	
42154	1005265	
42154	1005279	
42154	1005317	
42154	1005323	
42154	1005352	
42154	1005354	
42154	1005365	
42154	1005387	
42154	1005401	
42154	1005404	
42154	1005424	
42154	1005434	
42154	1005488	
42154	1005511	
42154	1005759	
42154	1005878	
42154	1005879	
42154	1005880	
42154	1005881	
42154	1005882	
42154	1005883	
42154	1005884	
42154	1005885	
42154	1005886	
42154	1005887	
42154	1005888	
42154	1005889	
42154	1005890	
42154	1005891	
42154	1005892	
42154	1005893	
42154	1005894	
42154	1005895	
42154	1005896	
42154	1005897	
42154	1005898	
42154	1005899	
42154	1005900	
42154	1005901	
42154	1005902	
42154	1005903	
42154	1005904	
42154	1005905	
42154	1005906	
42154	1005907	
42154	1005908	
42154	1005909	
42154	1005910	
42154	1005911	
42154	1005912	
42154	1005913	
42154	1005914	
42154	1005915	
42154	1005916	
42154	1005917	
42154	1005918	
42154	1005919	
42154	1005920	
42154	1005921	
42154	1005922	
42154	1005923	
42154	1005924	
42154	1005925	
42154	1005926	
42154	1005927	
42154	1005928	
42154	1005929	
42154	1005930	
42154	1005931	
42154	1005932	
42154	1005933	
42154	1005934	
42154	1005935	
42154	1005936	
42154	1005937	
42154	1005938	
42154	1005939	
42154	1005940	
42154	1005941	
42154	1005942	
42154	1005943	
42154	1005944	
42154	1005945	
42154	1005946	
42154	1005947	
42154	1005948	
42154	1005949	
42154	1005950	
42154	1005951	
42154	1005952	
42154	1005953	
42154	1005954	
42154	1005955	
42154	1005956	
42154	1005957	
42154	1005958	
42154	1005959	
42154	1005960	
42154	1005961	
42154	1005962	
42154	1005963	
42154	1005964	
42154	1005965	
42154	1005966	
42154	1005967	
42154	1005968	
42154	1005969	
42154	1005970	
42154	1005971	
42154	1005972	
42154	1005973	
42154	1005974	
42154	1005975	
42154	1005976	
42154	1005977	
42154	1005978	
42154	1005979	
42154	1005980	
42154	1005981	
42154	1005982	
42154	1005983	
42154	1005984	
42154	1005985	
42154	1005986	
42154	1005987	
42154	1005988	
42154	1005989	
42154	1005990	
42154	1005991	
42154	1005992	
42154	1005993	
42154	1005994	
42154	1005995	
42154	1005996	
42154	1005997	
42154	1005998	
42154	1005999	
42154	1006000	
42154	1006001	
42154	1006002	
42154	1006003	
42154	1006004	
42154	1006005	
42154	1006006	
42154	1006007	
42154	1006008	
42154	1006009	
42154	1006010	
42154	1006011	
42154	1006012	
42154	1006013	
42154	1006014	
42154	1006015	
42154	1006016	
42154	1006017	
42154	1006018	
42154	1006019	
42154	1006020	
42154	1006021	
42154	1006022	
42154	1006023	
42154	1006024	
42154	1006025	
42154	1006026	
42154	1006027	
42154	1006028	
42154	1006029	
42154	1006030	
42154	1006031	
42154	1006032	
42154	1006033	
42154	1006034	
42154	1006035	
42154	1006036	
42154	1006037	
42154	1006038	
42154	1006039	
42154	1006040	
42154	1006041	
42154	1006042	
42154	1006043	
42154	1006044	
42154	1006045	
42154	1006046	
42154	1006047	
42154	1006048	
42154	1006049	
42154	1006050	
42154	1006051	
42154	1006052	
42154	1006053	
42154	1006054	
42154	1006055	
42154	1006056	
42154	1006057	
42154	1006058	
42154	1006059	
42154	1006060	
42154	1006061	
42154	1006062	
42154	1006063	
42154	1006064	
42154	1006065	
42154	1006066	
42154	1006067	
42154	1006068	
42154	1006069	
42154	1006070	
42154	1006071	
42154	1006072	
42154	1006073	
42154	1006074	
42154	1006075	
42154	1006076	
42154	1006077	
42154	1006078	
42154	1006079	
42154	1006080	
42154	1006081	
42154	1006082	
42154	1006083	
42154	1006084	
42154	1006085	
42154	1006086	
42154	1006087	
42154	1006088	
42154	1006089	
42154	1006090	
42154	1006091	
42154	1006092	
42154	1006093	
42154	1006094	
42154	1006095	
42154	1006096	
42154	1006097	
42154	1006098	
42154	1006099	
42154	1006100	
42154	1006101	
42154	1006102	
42154	1006103	
42154	1006104	
42154	1006105	
42154	1006106	
42154	1006107	
42154	1006108	
42154	1006109	
42154	1006110	
42154	1006111	
42154	1006112	
42154	1006113	
42154	1006114	
42154	1006115	
42154	1006116	
42154	1006117	
42154	1006118	
42154	1006119	
42154	1006120	
42154	1006121	
42154	1006122	
42154	1006123	
42154	1006124	
42154	1006125	
42154	1006126	
42154	1006127	
42154	1006128	
42154	1006129	
42154	1006130	
42154	1006131	
42154	1006132	
42154	1006133	
42154	1006134	
42154	1006135	
42154	1006136	
42154	1006137	
42154	1006138	
42154	1006139	
42154	1006140	
42154	1006141	
42154	1006142	
42154	1006143	
42154	1006144	
42154	1006145	
42154	1006146	
42154	1006147	
42154	1006148	
42154	1006149	
42154	1006150	
42154	1006151	
42154	1006152	
42154	1006153	
42154	1006154	
42154	1006155	
42154	1006156	
42154	1006157	
42154	1006158	
42154	1006159	
42154	1006160	
42154	1006161	
42154	1006162	
42154	1006163	
42154	1006164	
42154	1006165	
42154	1006166	
42154	1006167	
42154	1006168	
42154	1006169	
42154	1006170	
42154	1006171	
42154	1006172	
42154	1006173	
42154	1006174	
42154	1006175	
42154	1006176	
42154	1006177	
42154	1006178	
42154	1006179	
42154	1006180	
42154	1006181	
42154	1006182	
42154	1006183	
42154	1006184	
42154	1006185	
42154	1006186	
42154	1006187	
42154	1006188	
42154	1006189	
42154	1006190	
42154	1006191	
42154	1006192	
42154	1006193	
42154	1006194	
42154	1006195	
42154	1006196	
42154	1006197	
42154	1006198	
42154	1006199	
42154	1006200	
42154	1006201	
42154	1006202	
42154	1006203	
42154	1006204	
42154	1006205	
42154	1006206	
42154	1006207	
42154	1006208	
42154	1006209	
42154	1006210	
42154	1006211	
42154	1006212	
42154	1006213	
42154	1006214	
42154	1006215	
42154	1006216	
42154	1006217	
42154	1006218	
42154	1006219	
42154	1006220	
42154	1006221	
42154	1006222	
42154	1006223	
42154	1006224	
42154	1006225	
42154	1006226	
42154	1006227	
42154	1006228	
42154	1006229	
42154	1006230	
42154	1006231	
42154	1006232	
42154	1006233	
42154	1006234	
42154	1006235	
42154	1006236	
42154	1006237	
42154	1006238	
42154	1006239	
42154	1006240	
42154	1006241	
42154	1006242	
42154	1006243	
42154	1006244	
42154	1006245	
42154	1006246	
42154	1006247	
42154	1006248	
42154	1006249	
42154	1006250	
42154	1006251	
42154	1006252	
42154	1006253	
42154	1006254	
42154	1006255	
42154	1006256	
42154	1006257	
42154	1006258	
42154	1006259	
42154	1006260	
42154	1006261	
42154	1006262	
42154	1006263	
42154	1006264	
42154	1006265	
42154	1006266	
42154	1006267	
42154	1006268	
42154	1006269	
42154	1006270	
42154	1006271	
42154	1006272	
42154	1006273	
42154	1006274	
42154	1006275	
42154	1006276	
42154	1006277	
42154	1006278	
42154	1006279	
42154	1006280	
42154	1006281	
42154	1006282	
42154	1006283	
42154	1006284	
42154	1006285	
42154	1006286	
42154	1006287	
42154	1006288	
42154	1006289	
42154	1006290	
42154	1006291	
42154	1006292	
42154	1006293	
42154	1006294	
42154	1006295	
42154	1006296	
42154	1006297	
42154	1006298	
42154	1006299	
42154	1006300	
42154	1006301	
42154	1006302	
42154	1006303	
42154	1006304	
42154	1006305	
42154	1006306	
42154	1006307	
42154	1006308	
42154	1006309	
42154	1006310	
42154	1006311	
42154	1006312	
42154	1006313	
42154	1006314	
42154	1006315	
42154	1006316	
42154	1006317	
42154	1006318	
42154	1006319	
42154	1006320	
42154	1006321	
42154	1006322	
42154	1006323	
42154	1006324	
42154	1006325	
42154	1006326	
42154	1006327	
42154	1006328	
42154	1006329	
42154	1006330	
42154	1006331	
42154	1006332	
42154	1006333	
42154	1006334	
42154	1006335	
42154	1006336	
42154	1006337	
42154	1006338	
42154	1006339	
42154	1006340	
42154	1006341	
42154	1006342	
42154	1006343	
42154	1006344	
42154	1006345	
42154	1006346	
42154	1006347	
42154	1006348	
42154	1006349	
42154	1006350	
42154	1006351	
42154	1006352	
42154	1006353	
42154	1006354	
42154	1006355	
42154	1006356	
42154	1006357	
42154	1006358	
42154	1006359	
42154	1006360	
42154	1006361	
42154	1006362	
42154	1006363	
42154	1006364	
42154	1006365	
42154	1006366	
42154	1006367	
42154	1006368	
42154	1006369	
42154	1006370	
42154	1006371	
42154	1006372	
42154	1006373	
42154	1006374	
42154	1006375	
42154	1006376	
42154	1006377	
42154	1006378	
42154	1006379	
42154	1006380	
42154	1006381	
42154	1006382	
42154	1006383	
42154	1006384	
42154	1006385	
42154	1006386	
42154	1006387	
42154	1006388	
42154	1006389	
42154	1006390	
42154	1006391	
42154	1006392	
42154	1006393	
42154	1006394	
42154	1006395	
42154	1006396	
42154	1006397	
42154	1006398	
42154	1006399	
42154	1006400	
42154	1006401	
42154	1006402	
42154	1006403	
42154	1006404	
42154	1006405	
42154	1006406	
42154	1006407	
42154	1006408	
42154	1006409	
42154	1006410	
42154	1006411	
42154	1006412	
42154	1006413	
42154	1006414	
42154	1006415	
42154	1006416	
42154	1006417	
42154	1006418	
42154	1006419	
42154	1006420	
42154	1006421	
42154	1006422	
42154	1006423	
42154	1006424	
42154	1006425	
42154	1006426	
42154	1006427	
42154	1006428	
42154	1006429	
42154	1006430	
42154	1006431	
42154	1006432	
42154	1006433	
42154	1006434	
42154	1006435	
42154	1006436	
42154	1006437	
42154	1006438	
42154	1006439	
42154	1006440	
42154	1006441	
42154	1006442	
42154	1006443	
42154	1006444	
42154	1006445	
42154	1006446	
42154	1006447	
42154	1006448	
42154	1006449	
42154	1006450	
42154	1006451	
42154	1006452	
42154	1006453	
42154	1006454	
42154	1006455	
42154	1006456	
42154	1006457	
42154	1006458	
42154	1006459	
42154	1006460	
42154	1006461	
42154	1006462	
42154	1006463	
42154	1006464	
42154	1006465	
42154	1006466	
42154	1006467	
42154	1006468	
42154	1006469	
42154	1006470	
42154	1006471	
42154	1006472	
42154	1006473	
42154	1006474	
42154	1006475	
42154	1006476	
42154	1006477	
42154	1006478	
42154	1006479	
42154	1006480	
42154	1006481	
42154	1006482	
42154	1006483	
42154	1006484	
42154	1006485	
42154	1006486	
42154	1006487	
42154	1006488	
42154	1006489	
42154	1006490	
42154	1006491	
42154	1006492	
42154	1006493	
42154	1006494	
42154	1006495	
42154	1006496	
42154	1006497	
42154	1006498	
42154	1006499	
42154	1006500	
42154	1006501	
42154	1006502	
42154	1006503	
42154	1006504	
42154	1006505	
42154	1006506	
42154	1006507	
42154	1006508	
42154	1006509	
42154	1006510	
42154	1006511	
42154	1006512	
42154	1006513	
42154	1006514	
42154	1006515	
42154	1006516	
42154	1006517	
42154	1006518	
42154	1006519	
42154	1006520	
42154	1006521	
42154	1006522	
42154	1006523	
42154	1006524	
42154	1006525	
42154	1006526	
42154	1006527	
42154	1006528	
42154	1006529	
42154	1006530	
42154	1006531	
42154	1006532	
42154	1006533	
42154	1006534	
42154	1006535	
42154	1006536	
42154	1006537	
42154	1006538	
42154	1006539	
42154	1006540	
42154	1006541	
42154	1006542	
42154	1006543	
42154	1006544	
42154	1006545	
42154	1006546	
42154	1006547	
42154	1006548	
42154	1006549	
42154	1006550	
42154	1006551	
42154	1006552	
42154	1006553	
42154	1006554	
42154	1006555	
42154	1006556	
42154	1006557	
42154	1006558	
42154	1006559	
42154	1006560	
42154	1006561	
42154	1006562	
42154	1006563	
42154	1006564	
42154	1006565	
42154	1006566	
42154	1006567	
42154	1006568	
42154	1006569	
42154	1006570	
42154	1006571	
42154	1006572	
42154	1006573	
42154	1006574	
42154	1006575	
42154	1006576	
42154	1006577	
42154	1006578	
42154	1006579	
42154	1006580	
42154	1006581	
42154	1006582	
42154	1006583	
42154	1006584	
42154	1006585	
42154	1006586	
42154	1006587	
42154	1006588	
42154	1006589	
42154	1006590	
42154	1006591	
42154	1006592	
42154	1006593	
42154	1006594	
42154	1006595	
42154	1006596	
42154	1006597	
42154	1006598	
42154	1006599	
42154	1006600	
42154	1006601	
42154	1006602	
42154	1006603	
42154	1006604	
42154	1006605	
42154	1006606	
42154	1006607	
42154	1006608	
42154	1006609	
42154	1006610	
42154	1006611	
42154	1006612	
42154	1006613	
42154	1006614	
42154	1006615	
42154	1006616	
42154	1006617	
42154	1006618	
42154	1006619	
42154	1006620	
42154	1006621	
42154	1006622	
42154	1006623	
42154	1006624	
42154	1006625	
42154	1006626	
42154	1006627	
42154	1006628	
42154	1006629	
42154	1006630	
42154	1006631	
42154	1006632	
42154	1006633	
42154	1006634	
42154	1006635	
42154	1006636	
42154	1006637	
42154	1006638	
42154	1006639	
42154	1006640	
42154	1006641	
42154	1006642	
42154	1006643	
42154	1006644	
42154	1006645	
42154	1006646	
42154	1006647	
42154	1006648	
42154	1006649	
42154	1006650	
42154	1006651	
42154	1006652	
42154	1006653	
42154	1006654	
42154	1006655	
42154	1006656	
42154	1006657	
42154	1006658	
42154	1006659	
42154	1006660	
42154	1006661	
42154	1006662	
42154	1006663	
42154	1006664	
42154	1006665	
42154	1006666	
42154	1006667	
42154	1006668	
42154	1006669	
42154	1006670	
42154	1006671	
42154	1006672	
42154	1006673	
42154	1006674	
42154	1006675	
42154	1006676	
42154	1006677	
42154	1006678	
42154	1006679	
42154	1006680	
42154	1006681	
42154	1006682	
42154	1006683	
42154	1006684	
42154	1006685	
42154	1006686	
42154	1006687	
42154	1006688	
42154	1006689	
42154	1006690	
42154	1006691	
42154	1006692	
42154	1006693	
42154	1006694	
42154	1006695	
42154	1006696	
42154	1006697	
42154	1006698	
42154	1006699	
42154	1006700	
42154	1006701	
42154	1006702	
42154	1006703	
42154	1006704	
42154	1006705	
42154	1006706	
42154	1006707	
42154	1006708	
42154	1006709	
42154	1006710	
42154	1006711	
42154	1006712	
42154	1006713	
42154	1006714	
42154	1006715	
42154	1006716	
42154	1006717	
42154	1006718	
42154	1006719	
42154	1006720	
42154	1006721	
42154	1006722	
42154	1006723	
42154	1006724	
42154	1006725	
42154	1006726	
42154	1006727	
42154	1006728	
42154	1006729	
42154	1006730	
42154	1006731	
42154	1006732	
42154	1006733	
42154	1006734	
42154	1006735	
42154	1006736	
42154	1006737	
42154	1006738	
42154	1006739	
42154	1006740	
42154	1006741	
42154	1006742	
42154	1006743	
42154	1006744	
42154	1006745	
42154	1006746	
42154	1006747	
42154	1006748	
42154	1006749	
42154	1006750	
42154	1006751	
42154	1006752	
42154	1006753	
42154	1006754	
42154	1006755	
42154	1006756	
42154	1006757	
42154	1006758	
42154	1006759	
42154	1006760	
42154	1006761	
42154	1006762	
42154	1006763	
42154	1006764	
42154	1006765	
42154	1006766	
42154	1006767	
42154	1006768	
42154	1006769	
42154	1006770	
42154	1006771	
42154	1006772	
42154	1006773	
42154	1006774	
42154	1006775	
42154	1006776	
42154	1006777	
42154	1006778	
42154	1006779	
42154	1006780	
42154	1006781	
42154	1006782	
42154	1006783	
42154	1006784	
42154	1006785	
42154	1006786	
42154	1006787	
42154	1006788	
42154	1006789	
42154	1006790	
42154	1006791	
42154	1006792	
42154	1006793	
42154	1006794	
42154	1006795	
42154	1006796	
42154	1006797	
42154	1006798	
42154	1006799	
42154	1006800	
42154	1006801	
42154	1006802	
42154	1006803	
42154	1006804	
42154	1006805	
42154	1006806	
42154	1006807	
42154	1006808	
42154	1006809	
42154	1006810	
42154	1006811	
42154	1006812	
42154	1006813	
42154	1006814	
42154	1006815	
42154	1006816	
42154	1006817	
42154	1006818	
42154	1006819	
42154	1006820	
42154	1006821	
42154	1006822	
42154	1006823	
42154	1006824	
42154	1006825	
42154	1006826	
42154	1006827	
42154	1006828	
42154	1006829	
42154	1006830	
42154	1006831	
42154	1006832	
42154	1006833	
42154	1006834	
42154	1006835	
42154	1006836	
42154	1006837	
42154	1006838	
42154	1006839	
42154	1006840	
42154	1006841	
42154	1006842	
42154	1006843	
42154	1006844	
42154	1006845	
42154	1006846	
42154	1006847	
42154	1006848	
42154	1006849	
42154	1006850	
42154	1006851	
42154	1006852	
42154	1006853	
42154	1006854	
42154	1006855	
42154	1006856	
42154	1006857	
42154	1006858	
42154	1006859	
42154	1006860	
42154	1006861	
42154	1006862	
42154	1006863	
42154	1006864	
42154	1006865	
42154	1006866	
42154	1006867	
42154	1006868	
42154	1006869	
42154	1006870	
42154	1006871	
42154	1006872	
42154	1006873	
42154	1006874	
42154	1006875	
42154	1006876	
42154	1006877	
42154	1006878	
42154	1006879	
42154	1006880	
42154	1006881	
42154	1006882	
42154	1006883	
42154	1006884	
42154	1006885	
42154	1006886	
42154	1006887	
42154	1006888	
42154	1006889	
42154	1006890	
42154	1006891	
42154	1006892	
42154	1006893	
42154	1006894	
42154	1006895	
42154	1006896	
42154	1006897	
42154	1006898	
42154	1006899	
42154	1006900	
42154	1006901	
42154	1006902	
42154	1006903	
42154	1006904	
42154	1006905	
42154	1006906	
42154	1006907	
42154	1006908	
42154	1006909	
42154	1006910	
42154	1006911	
42154	1006912	
42154	1006913	
42154	1006914	
42154	1006915	
42154	1006916	
42154	1006917	
42154	1006918	
42154	1006919	
42154	1006920	
42154	1006921	
42154	1006922	
42154	1006923	
42154	1006924	
42154	1006925	
42154	1006926	
42154	1006927	
42154	1006928	
42154	1006929	
42154	1006930	
42154	1006931	
42154	1006932	
42154	1006933	
42154	1006934	
42154	1006935	
42154	1006936	
42154	1006937	
42154	1006938	
42154	1006939	
42154	1006940	
42154	1006941	
42154	1006942	
42154	1006943	
42154	1006944	
42154	1006945	
42154	1006946	
42154	1006947	
42154	1006948	
42154	1006949	
42154	1006950	
42154	1006951	
42154	1006952	
42154	1006953	
42154	1006954	
42154	1006955	
42154	1006956	
42154	1006957	
42154	1006958	
42154	1006959	
42154	1006960	
42154	1006961	
42154	1006962	
42154	1006963	
42154	1006964	
42154	1006965	
42154	1006966	
42154	1006967	
42154	1006968	
42154	1006969	
42154	1006970	
42154	1006971	
42154	1006972	
42154	1006973	
42154	1006974	
42154	1006975	
42154	1006976	
42154	1006977	
42154	1006978	
42154	1006979	
42154	1006980	
42154	1006981	
42154	1006982	
42154	1006983	
42154	1006984	
42154	1006985	
42154	1006986	
42154	1006987	
42154	1006988	
42154	1006989	
42154	1006990	
42154	1006991	
42154	1006992	
42154	1006993	
42154	1006994	
42154	1006995	
42154	1006996	
42154	1006997	
42154	1006998	
42154	1006999	
42154	1007000	
42154	1007001	
42154	1007002	
42154	1007003	
42154	1007004	
42154	1007005	
42154	1007006	
42154	1007007	
42154	1007008	
42154	1007009	
42154	1007010	
42154	1007011	
42154	1007012	
42154	1007013	
42154	1007014	
42154	1007015	
42154	1007016	
42154	1007017	
42154	1007018	
42154	1007019	
42154	1007020	
42154	1007021	
42154	1007022	
42154	1007023	
42154	1007024	
42154	1007025	
42154	1007026	
42154	1007027	
42154	1007028	
42154	1007029	
42154	1007030	
42154	1007031	
42154	1007032	
42154	1007033	
42154	1007034	
42154	1007035	
42154	1007036	
42154	1007037	
42154	1007038	
42154	1007039	
42154	1007040	
42154	1007041	
42154	1007042	
42154	1007043	
42154	1007044	
42154	1007045	
42154	1007046	
42154	1007047	
42154	1007048	
42154	1007049	
42154	1007050	
42154	1007051	
42154	1007052	
42154	1007053	
42154	1007054	
42154	1007055	
42154	1007056	
42154	1007057	
42154	1007058	
42154	1007059	
42154	1007060	
42154	1007061	
42154	1007062	
42154	1007063	
42154	1007064	
42154	1007065	
42154	1007066	
42154	1007067	
42154	1007068	
42154	1007069	
42154	1007070	
42154	1007071	
42154	1007072	
42154	1007073	
42154	1007074	
42154	1007075	
42154	1007076	
42154	1007077	
42154	1007078	
42154	1007079	
42154	1007080	
42154	1007081	
42154	1007082	
42154	1007083	
42154	1007084	
42154	1007085	
42154	1007086	
42154	1007087	
42154	1007088	
42154	1007089	
42154	1007090	
42154	1007091	
42154	1007092	
42154	1007093	
42154	1007094	
42154	1007095	
42154	1007096	
42154	1007097	
42154	1007098	
42154	1007099	
42154	1007100	
42154	1007101	
42154	1007102	
42154	1007103	
42154	1007104	
42154	1007105	
42154	1007106	
42154	1007107	
42154	1007108	
42154	1007109	
42154	1007110	
42154	1007111	
42154	1007112	
42154	1007113	
42154	1007114	
42154	1007115	
42154	1007116	
42154	1007117	
42154	1007118	
42154	1007119	
42154	1007120	
42154	1007121	
42154	1007122	
42154	1007123	
42154	1007124	
42154	1007125	
42154	1007126	
42154	1007127	
42154	1007128	
42154	1007129	
42154	1007130	
42154	1007131	
42154	1007132	
42154	1007133	
42154	1007134	
42154	1007135	
42154	1007136	
42154	1007137	
42154	1007138	
42154	1007139	
42154	1007140	
42154	1007141	
42154	1007142	
42154	1007143	
42154	1007144	
42154	1007145	
42154	1007146	
42154	1007147	
42154	1007148	
42154	1007149	
42154	1007150	
42154	1007151	
42154	1007152	
42154	1007153	
42154	1007154	
42154	1007155	
42154	1007156	
42154	1007157	
42154	1007158	
42154	1007159	
42154	1007160	
42154	1007161	
42154	1007162	
42154	1007163	
42154	1007164	
42154	1007165	
42154	1007166	
42154	1007167	
42154	1007168	
42154	1007169	
42154	1007170	
42154	1007171	
42154	1007172	
42154	1007173	
42154	1007174	
42154	1007175	
42154	1007176	
42154	1007177	
42154	1007178	
42154	1007179	
42154	1007180	
42154	1007181	
42154	1007182	
42154	1007183	
42154	1007184	
42154	1007185	
42154	1007186	
42154	1007187	
42154	1007188	
42154	1007189	
42154	1007190	
42154	1007191	
42154	1007192	
42154	1007193	
42154	1007194	
42154	1007195	
42154	1007196	
