46440	1010544	
42154	1010544	
42928	1010544	
43367	1010544	
43873	1010544	
44052	1010544	
313846	1010544	
349214	1010544	
356734	1010544	
362469	1010544	
371642	1010544	
825011	1010544	
899979	1010544	
987972	1010544	
998556	1010544	
990964	1010544	
992266	1010544	
992442	1010544	
992591	1010544	
992909	1010544	
1009908	1010544	
992267	1010544	
992796	1010544	
1007692	1010544	
1008361	1010544	
1010544	1010642	
1010544	1012288	
1010544	1012981	
1010544	1013171	
1010544	1025204	
1010544	1029927	
1010544	1047599	
1010544	1058312	
1010544	1065300	
1010544	1075276	
1010544	1093212	
1010544	1130544	
1010544	1141212	
1010544	1177941	
1010544	1190261	
1010544	1228889	
1010544	1233306	
1010544	1233549	
1010544	1273161	
1010544	1302341	
1010544	1312602	
1010544	1313898	
1010544	1318759	
1010544	1356491	
1010544	1378802	
1010544	1399554	
1010544	1407593	
1010544	1420239	
1010544	1424296	
1010544	1424839	
1010544	1455896	
1010544	1468749	
1010544	1472262	
1010544	1512895	
1010544	1535603	
1010544	1536964	
1010544	1565310	
1010544	1630643	
1010544	1684237	
1010544	1723797	
1010544	1730002	
1010544	1735796	
1010544	1749151	
1010544	1753806	
1010544	1818622	
1010544	1818633	
1010544	1818639	
1010544	1818640	
1010544	1818641	
1010544	1818642	
1010544	1818647	
1010544	1818648	
1010544	1818649	
1010544	1818658	
1010544	1818661	
1010544	1818671	
1010544	1820257	
1010544	1850726	
1010544	2067597	
1010544	2070179	
1010544	2071290	
1010544	2080829	
1010544	2111518	
1010544	2122708	
1010544	2122924	
1010544	2131953	
1010544	2144778	
1010544	2298056	
1010544	2413411	
1010544	2435011	
1010544	2712054	
1010544	2751893	
1010544	2776246	
1010544	2781132	
1010544	2781228	
1010544	2839961	
1010544	2842105	
1010544	2843005	
1010544	2846101	
1010544	2892318	
988465	1010544	
990274	1010544	
1002307	1010544	
1001754	1010544	
1194	46440	
9019	46440	
10091	46440	
1474	46440	
4715	46440	
1844	46440	
26201	46440	
26337	46440	
26400	46440	
4291	46440	
8810	46440	
4135	46440	
7911	46440	
8671	46440	
4742	46440	
4770	46440	
4848	46440	
4853	42154	
4857	42154	
3284	46440	
3399	46440	
3481	46440	
9952	46440	
19640	46440	
674	46440	
687	46440	
692	42154	
692	42928	
692	43367	
692	43873	
692	44052	
15610	46440	
2862	46440	
16129	46440	
7004	313846	
10260	46440	
8123	42154	
8123	43367	
8123	46440	
8123	349214	
8123	356734	
8123	362469	
8195	46440	
8195	371642	
8274	46440	
13023	46440	
13030	46440	
9299	46440	
9346	46440	
10902	46440	
10907	46440	
10928	46440	
10964	46440	
10994	46440	
11117	46440	
14011	46440	
14090	46440	
15695	46440	
19562	46440	
20823	46440	
30226	46440	
30247	46440	
30247	825011	
12858	46440	
36751	46440	
13460	46440	
23381	46440	
23462	42154	
23462	46440	
23496	46440	
27261	46440	
16670	46440	
22801	46440	
32521	46440	
22706	46440	
22715	46440	
22737	46440	
22789	46440	
22817	46440	
22892	46440	
22911	46440	
18269	46440	
18548	46440	
19804	46440	
37914	46440	
25800	46440	
25901	46440	
24597	46440	
21239	46440	
24372	46440	
22154	46440	
22177	46440	
22191	46440	
22231	46440	
22235	46440	
22239	46440	
22282	46440	
30798	46440	
26778	46440	
29536	46440	
40501	46440	
27587	46440	
27590	46440	
27614	46440	
44322	46440	
30558	46440	
37332	46440	
31300	46440	
30635	46440	
39397	46440	
35815	46440	
34808	899979	
34186	46440	
44660	46440	
40922	46440	
35685	46440	
36603	46440	
36606	42154	
40203	46440	
40224	46440	
40235	46440	
37536	46440	
46219	46440	
40659	46440	
42178	46440	
42396	356734	
42396	362469	
42396	1010642	
42396	1012981	
42540	42928	
42540	43367	
42540	356734	
42540	362469	
42540	825011	
42610	42928	
42610	43367	
42610	44052	
42610	356734	
42610	371642	
42610	990964	
42610	992266	
42610	1008361	
42610	1012981	
42610	1130544	
42610	1228889	
42610	1233549	
42610	1302341	
45162	46440	
45162	1233549	
46277	46440	
46278	46440	
46298	46440	
46303	313846	
46327	46440	
46331	46440	
46352	46440	
46361	46440	
46370	46440	
46376	46440	
46392	990964	
46420	362469	
46432	825011	
46432	1820257	
46436	356734	
46437	998556	
46440	46443	
46440	46460	
46440	46845	
46440	47190	
46440	47411	
46440	47418	
46440	47480	
46440	47500	
46440	47833	
46440	48081	
46440	48086	
46440	49157	
46440	49333	
46440	50415	
46440	50760	
46440	52114	
46440	52266	
46440	53769	
46440	54817	
46440	55618	
46440	56131	
46440	56590	
46440	56788	
46440	56824	
46440	56853	
46440	56858	
46440	56909	
46440	56941	
46440	57288	
46440	57542	
46440	58322	
46440	59205	
46440	60562	
46440	60589	
46440	60699	
46440	61411	
46440	62182	
46440	63296	
46440	63431	
46440	63446	
46440	64278	
46440	65120	
46440	65246	
46440	65282	
46440	65385	
46440	65761	
46440	65801	
46440	66028	
46440	67681	
46440	67812	
46440	68306	
46440	68369	
46440	68384	
46440	68465	
46440	69629	
46440	69796	
46440	69876	
46440	70149	
46440	70316	
46440	71699	
46440	71701	
46440	71765	
46440	71777	
46440	71828	
46440	72456	
46440	73211	
46440	75008	
46440	75430	
46440	75502	
46440	76005	
46440	76057	
46440	76543	
46440	76600	
46440	77044	
46440	77451	
46440	78440	
46440	78866	
46440	79966	
46440	80984	
46440	81330	
46440	81379	
46440	81979	
46440	82414	
46440	83451	
46440	83454	
46440	83559	
46440	83563	
46440	83640	
46440	84396	
46440	84882	
46440	84937	
46440	85894	
46440	86140	
46440	86175	
46440	86908	
46440	87172	
46440	88689	
46440	89080	
46440	89518	
46440	89567	
46440	90145	
46440	90235	
46440	90784	
46440	91446	
46440	91472	
46440	92107	
46440	92126	
46440	92375	
46440	92403	
46440	93424	
46440	94097	
46440	94741	
46440	94748	
46440	94749	
46440	94781	
46440	94802	
46440	94806	
46440	94807	
46440	94818	
46440	94823	
46440	94825	
46440	94837	
46440	94845	
46440	94878	
46440	94888	
46440	94899	
46440	94912	
46440	94917	
46440	94920	
46440	94941	
46440	94967	
46440	94977	
46440	94980	
46440	95005	
46440	95007	
46440	95011	
46440	95013	
46440	95016	
46440	95060	
46440	95161	
46440	95165	
46440	95171	
46440	95185	
46440	96815	
46440	96888	
46440	102566	
46440	102764	
46440	105217	
46440	108081	
46440	108450	
46440	108839	
46440	108911	
46440	108920	
46440	108952	
46440	109074	
46440	109786	
46440	110836	
46440	111106	
46440	113443	
46440	114787	
46440	116298	
46440	118318	
46440	119823	
46440	120195	
46440	121423	
46440	123845	
46440	124275	
46440	124780	
46440	125282	
46440	126821	
46440	128840	
46440	128881	
46440	128906	
46440	129051	
46440	129068	
46440	129086	
46440	131439	
46440	131594	
46440	131609	
46440	131626	
46440	131683	
46440	131710	
46440	131873	
46440	132373	
46440	132763	
46440	133503	
46440	133543	
46440	133584	
46440	133764	
46440	133785	
46440	134087	
46440	134780	
46440	135881	
46440	136366	
46440	139117	
46440	139150	
46440	139623	
46440	139924	
46440	140532	
46440	146249	
46440	146989	
46440	149447	
46440	149641	
46440	150368	
46440	150409	
46440	150496	
46440	150801	
46440	151554	
46440	153865	
46440	153880	
46440	153941	
46440	154160	
46440	154825	
46440	154888	
46440	155538	
46440	156394	
46440	156798	
46440	157032	
46440	159331	
46440	161621	
46440	162132	
46440	163061	
46440	163082	
46440	165708	
46440	165774	
46440	167555	
46440	168160	
46440	168314	
46440	168320	
46440	168804	
46440	168874	
46440	169476	
46440	171284	
46440	173449	
46440	173545	
46440	173568	
46440	173592	
46440	173610	
46440	173671	
46440	174721	
46440	175353	
46440	176229	
46440	176614	
46440	178001	
46440	179655	
46440	179762	
46440	180287	
46440	180316	
46440	180374	
46440	181190	
46440	183131	
46440	183222	
46440	183306	
46440	183385	
46440	183541	
46440	183719	
46440	184440	
46440	184625	
46440	185292	
46440	185364	
46440	185365	
46440	185386	
46440	185388	
46440	185873	
46440	186050	
46440	186057	
46440	186069	
46440	186106	
46440	186249	
46440	186924	
46440	187264	
46440	188359	
46440	188592	
46440	188750	
46440	189268	
46440	189451	
46440	189457	
46440	189729	
46440	190162	
46440	190646	
46440	190912	
46440	191294	
46440	191458	
46440	191540	
46440	191610	
46440	192375	
46440	193191	
46440	193609	
46440	193623	
46440	193747	
46440	194242	
46440	194472	
46440	194653	
46440	194888	
46440	195469	
46440	195727	
46440	195861	
46440	195862	
46440	195867	
46440	195873	
46440	195878	
46440	195880	
46440	195882	
46440	195884	
46440	195886	
46440	195892	
46440	195896	
46440	195901	
46440	195906	
46440	195910	
46440	195912	
46440	195915	
46440	195928	
46440	195937	
46440	195938	
46440	195942	
46440	195953	
46440	195970	
46440	195977	
46440	195988	
46440	195994	
46440	196000	
46440	196006	
46440	196008	
46440	196014	
46440	196019	
46440	196021	
46440	196033	
46440	196034	
46440	196043	
46440	196049	
46440	196050	
46440	196078	
46440	197099	
46440	197597	
46440	197769	
46440	198037	
46440	199618	
46440	200161	
46440	200176	
46440	200327	
46440	205106	
46440	206891	
46440	207254	
46440	208424	
46440	208909	
46440	209086	
46440	209504	
46440	209643	
46440	209925	
46440	210234	
46440	212075	
46440	212110	
46440	212279	
46440	212431	
46440	213574	
46440	216205	
46440	216303	
46440	216464	
46440	216716	
46440	218279	
46440	218280	
46440	218284	
46440	218308	
46440	218316	
46440	218333	
46440	218339	
46440	218380	
46440	218412	
46440	218450	
46440	218486	
46440	218492	
46440	218506	
46440	218512	
46440	218515	
46440	218521	
46440	218559	
46440	218567	
46440	218578	
46440	218595	
46440	218596	
46440	218650	
46440	218666	
46440	218686	
46440	218718	
46440	222870	
46440	223013	
46440	223412	
46440	223459	
46440	223979	
46440	224009	
46440	224078	
46440	224314	
46440	224317	
46440	224319	
46440	224349	
46440	224357	
46440	224362	
46440	224366	
46440	224369	
46440	224381	
46440	224387	
46440	224388	
46440	224403	
46440	224409	
46440	224411	
46440	224423	
46440	224436	
46440	224440	
46440	224443	
46440	224444	
46440	224448	
46440	224452	
46440	224456	
46440	224460	
46440	224464	
46440	224481	
46440	224485	
46440	224494	
46440	224497	
46440	224498	
46440	224516	
46440	224518	
46440	224519	
46440	224521	
46440	224530	
46440	224532	
46440	224536	
46440	224546	
46440	224549	
46440	224559	
46440	224576	
46440	224587	
46440	224592	
46440	224594	
46440	224607	
46440	224622	
46440	224633	
46440	224636	
46440	224653	
46440	224655	
46440	224656	
46440	224677	
46440	224702	
46440	224703	
46440	224704	
46440	224715	
46440	224718	
46440	224723	
46440	224729	
46440	224739	
46440	224756	
46440	224804	
46440	224805	
46440	224813	
46440	224827	
46440	224988	
46440	224997	
46440	225000	
46440	225009	
46440	225015	
46440	225027	
46440	225033	
46440	225073	
46440	225080	
46440	225140	
46440	225141	
46440	225145	
46440	225179	
46440	225180	
46440	225227	
46440	225269	
46440	225292	
46440	225303	
46440	225320	
46440	225339	
46440	225348	
46440	225622	
46440	225881	
46440	226203	
46440	226388	
46440	226402	
46440	226412	
46440	226440	
46440	226446	
46440	226451	
46440	226466	
46440	226474	
46440	226503	
46440	226505	
46440	226517	
46440	226522	
46440	226576	
46440	226589	
46440	226593	
46440	226601	
46440	226617	
46440	226619	
46440	226641	
46440	226667	
46440	226680	
46440	226686	
46440	226694	
46440	226701	
46440	226711	
46440	226714	
46440	226733	
46440	226748	
46440	226761	
46440	226796	
46440	226810	
46440	226812	
46440	226871	
46440	226939	
46440	226944	
46440	226959	
46440	226995	
46440	227032	
46440	227034	
46440	227043	
46440	227049	
46440	227100	
46440	227108	
46440	227886	
46440	227890	
46440	227967	
46440	228485	
46440	229012	
46440	229327	
46440	229328	
46440	229360	
46440	229712	
46440	229937	
46440	230445	
46440	230456	
46440	230460	
46440	230464	
46440	230469	
46440	230470	
46440	230475	
46440	230476	
46440	230494	
46440	230496	
46440	230499	
46440	230500	
46440	230506	
46440	230510	
46440	230536	
46440	230557	
46440	230562	
46440	231179	
46440	231195	
46440	231197	
46440	231265	
46440	231287	
46440	231294	
46440	231315	
46440	231325	
46440	231391	
46440	231457	
46440	233973	
46440	234696	
46440	234921	
46440	234935	
46440	234939	
46440	234986	
46440	234992	
46440	235005	
46440	236377	
46440	236378	
46440	238963	
46440	239156	
46440	241122	
46440	242660	
46440	242669	
46440	242841	
46440	243480	
46440	243500	
46440	243637	
46440	243777	
46440	244349	
46440	246249	
46440	246269	
46440	247017	
46440	247409	
46440	248298	
46440	248316	
46440	248344	
46440	248355	
46440	248362	
46440	248366	
46440	248371	
46440	248451	
46440	248456	
46440	248483	
46440	248489	
46440	248513	
46440	248517	
46440	248551	
46440	248576	
46440	248577	
46440	248583	
46440	248612	
46440	248623	
46440	248633	
46440	248701	
46440	248750	
46440	248838	
46440	248891	
46440	248908	
46440	248964	
46440	248965	
46440	248968	
46440	248999	
46440	249104	
46440	249131	
46440	249372	
46440	249381	
46440	249456	
46440	249505	
46440	249572	
46440	249607	
46440	249614	
46440	249639	
46440	251522	
46440	253880	
46440	253903	
46440	254710	
46440	257249	
46440	259389	
46440	269150	
46440	269151	
46440	269472	
46440	272792	
46440	273735	
46440	273796	
46440	275103	
46440	275162	
46440	275165	
46440	275166	
46440	275176	
46440	275195	
46440	275200	
46440	275227	
46440	275249	
46440	275262	
46440	275287	
46440	275293	
46440	275294	
46440	275308	
46440	275476	
46440	276479	
46440	276563	
46440	276615	
46440	277416	
46440	277499	
46440	280689	
46440	281694	
46440	282717	
46440	288770	
46440	290324	
46440	294262	
46440	295330	
46440	295747	
46440	296575	
46440	297001	
46440	301269	
46440	303305	
46440	304152	
46440	304393	
46440	305025	
46440	305474	
46440	305567	
46440	306774	
46440	306849	
46440	306851	
46440	306862	
46440	306879	
46440	306924	
46440	307042	
46440	307136	
46440	307262	
46440	307451	
46440	307906	
46440	309000	
46440	313825	
46440	320530	
46440	320705	
46440	321098	
46440	322719	
46440	322849	
46440	323942	
46440	327227	
46440	327340	
46440	327395	
46440	327494	
46440	327545	
46440	328779	
46440	335537	
46440	337245	
46440	337425	
46440	338816	
46440	340709	
46440	341433	
46440	342811	
46440	342851	
46440	342956	
46440	343006	
46440	343015	
46440	343095	
46440	343100	
46440	343133	
46440	344022	
46440	344046	
46440	344051	
46440	344053	
46440	346807	
46440	346808	
46440	346819	
46440	346820	
46440	346833	
46440	346837	
46440	346845	
46440	346848	
46440	346852	
46440	346857	
46440	346865	
46440	346872	
46440	346875	
46440	346877	
46440	346878	
46440	346879	
46440	346892	
46440	346893	
46440	346896	
46440	346901	
46440	346908	
46440	346910	
46440	346912	
46440	346920	
46440	346939	
46440	346947	
46440	346949	
46440	346964	
46440	346973	
46440	346989	
46440	347002	
46440	347016	
46440	347021	
46440	347023	
46440	347024	
46440	347029	
46440	347037	
46440	347041	
46440	347045	
46440	347048	
46440	347054	
46440	347059	
46440	347063	
46440	347064	
46440	347074	
46440	347075	
46440	347080	
46440	347081	
46440	347097	
46440	347107	
46440	347110	
46440	347118	
46440	347123	
46440	347125	
46440	347129	
46440	347133	
46440	347135	
46440	347142	
46440	347147	
46440	347151	
46440	347154	
46440	347158	
46440	347160	
46440	347164	
46440	347168	
46440	347180	
46440	347181	
46440	347186	
46440	347190	
46440	347195	
46440	347198	
46440	347199	
46440	347208	
46440	347210	
46440	347211	
46440	347212	
46440	347214	
46440	347215	
46440	347216	
46440	347226	
46440	347229	
46440	347230	
46440	347232	
46440	347244	
46440	347263	
46440	347270	
46440	347272	
46440	347273	
46440	347274	
46440	347299	
46440	347302	
46440	347303	
46440	347314	
46440	347315	
46440	347317	
46440	347320	
46440	347328	
46440	347333	
46440	347342	
46440	347347	
46440	347350	
46440	347354	
46440	347358	
46440	347366	
46440	347371	
46440	347376	
46440	347384	
46440	347392	
46440	347403	
46440	347414	
46440	347423	
46440	347442	
46440	347449	
46440	347477	
46440	347481	
46440	347489	
46440	347494	
46440	347512	
46440	347526	
46440	347534	
46440	347536	
46440	347540	
46440	347541	
46440	347547	
46440	347553	
46440	347557	
46440	347558	
46440	347562	
46440	347576	
46440	347586	
46440	347597	
46440	347599	
46440	347600	
46440	347602	
46440	347604	
46440	347605	
46440	347614	
46440	347620	
46440	347621	
46440	347635	
46440	347638	
46440	347639	
46440	347646	
46440	347650	
46440	347657	
46440	347665	
46440	347670	
46440	347689	
46440	347699	
46440	347701	
46440	347704	
46440	347719	
46440	347726	
46440	347735	
46440	347741	
46440	347743	
46440	347744	
46440	347749	
46440	347750	
46440	347766	
46440	347769	
46440	347781	
46440	347782	
46440	347786	
46440	347789	
46440	347798	
46440	347809	
46440	347811	
46440	347816	
46440	347830	
46440	347837	
46440	347841	
46440	347846	
46440	347847	
46440	347868	
46440	347870	
46440	347878	
46440	347890	
46440	347895	
46440	347903	
46440	347908	
46440	347919	
46440	347937	
46440	347946	
46440	347951	
46440	347953	
46440	347954	
46440	347957	
46440	347958	
46440	347964	
46440	347970	
46440	347972	
46440	347981	
46440	347982	
46440	347992	
46440	347994	
46440	347996	
46440	348000	
46440	348002	
46440	348009	
46440	348010	
46440	348015	
46440	348023	
46440	348025	
46440	348026	
46440	348029	
46440	348031	
46440	348038	
46440	348046	
46440	348081	
46440	348095	
46440	348096	
46440	348109	
46440	348116	
46440	348133	
46440	348136	
46440	348137	
46440	348143	
46440	348149	
46440	348152	
46440	348172	
46440	348173	
46440	348177	
46440	348197	
46440	348205	
46440	348206	
46440	348208	
46440	348211	
46440	348212	
46440	348224	
46440	348228	
46440	348232	
46440	348242	
46440	348246	
46440	348249	
46440	348284	
46440	348287	
46440	348292	
46440	348296	
46440	348298	
46440	348305	
46440	348306	
46440	348314	
46440	348320	
46440	348322	
46440	348324	
46440	348335	
46440	348345	
46440	348362	
46440	348364	
46440	348376	
46440	348384	
46440	348394	
46440	348397	
46440	348404	
46440	348408	
46440	348410	
46440	348425	
46440	348430	
46440	348431	
46440	348440	
46440	348449	
46440	348465	
46440	348469	
46440	348470	
46440	348472	
46440	348491	
46440	348512	
46440	348526	
46440	348529	
46440	348534	
46440	348537	
46440	348538	
46440	348539	
46440	348541	
46440	348543	
46440	348554	
46440	348556	
46440	348594	
46440	348596	
46440	348609	
46440	348615	
46440	348617	
46440	348623	
46440	348635	
46440	348637	
46440	348638	
46440	348651	
46440	348654	
46440	348664	
46440	348672	
46440	348675	
46440	348677	
46440	348682	
46440	348683	
46440	348689	
46440	348691	
46440	348694	
46440	348698	
46440	348703	
46440	348706	
46440	348718	
46440	348724	
46440	348725	
46440	348729	
46440	348736	
46440	348737	
46440	348741	
46440	348743	
46440	348746	
46440	348766	
46440	348776	
46440	348784	
46440	348806	
46440	348826	
46440	348846	
46440	348851	
46440	348864	
46440	348869	
46440	348877	
46440	348889	
46440	348890	
46440	348895	
46440	348901	
46440	348903	
46440	348910	
46440	348913	
46440	348916	
46440	348926	
46440	348939	
46440	348941	
46440	348957	
46440	348966	
46440	348968	
46440	348979	
46440	348986	
46440	348995	
46440	348996	
46440	349006	
46440	349009	
46440	349014	
46440	349021	
46440	349026	
46440	349038	
46440	349044	
46440	349047	
46440	349051	
46440	349052	
46440	349055	
46440	349059	
46440	349061	
46440	349063	
46440	349067	
46440	349073	
46440	349078	
46440	349086	
46440	349087	
46440	349089	
46440	349094	
46440	349099	
46440	349100	
46440	349117	
46440	349123	
46440	349133	
46440	349145	
46440	349174	
46440	349176	
46440	349182	
46440	349189	
46440	349190	
46440	349204	
46440	349205	
46440	349213	
46440	349217	
46440	349219	
46440	349220	
46440	349222	
46440	349228	
46440	349237	
46440	349242	
46440	349243	
46440	349245	
46440	349247	
46440	349251	
46440	349256	
46440	349272	
46440	349274	
46440	349292	
46440	349297	
46440	349301	
46440	349303	
46440	349309	
46440	349310	
46440	349319	
46440	349329	
46440	349336	
46440	349338	
46440	349344	
46440	349369	
46440	349373	
46440	349374	
46440	349380	
46440	349383	
46440	349385	
46440	349394	
46440	349406	
46440	349407	
46440	349410	
46440	349415	
46440	349424	
46440	349452	
46440	349454	
46440	349455	
46440	349456	
46440	349460	
46440	349463	
46440	349471	
46440	349478	
46440	349483	
46440	349485	
46440	349503	
46440	349505	
46440	349509	
46440	349514	
46440	349518	
46440	349519	
46440	349530	
46440	349547	
46440	349548	
46440	349551	
46440	349560	
46440	349569	
46440	349570	
46440	349576	
46440	349578	
46440	349583	
46440	349608	
46440	349621	
46440	349624	
46440	349628	
46440	349629	
46440	349630	
46440	349631	
46440	349633	
46440	349641	
46440	349649	
46440	349652	
46440	349670	
46440	349674	
46440	349675	
46440	349680	
46440	349683	
46440	349684	
46440	349685	
46440	349688	
46440	349693	
46440	349700	
46440	349701	
46440	349722	
46440	349723	
46440	349726	
46440	349729	
46440	349733	
46440	349735	
46440	349738	
46440	349743	
46440	349746	
46440	349750	
46440	349753	
46440	349762	
46440	349764	
46440	349771	
46440	349776	
46440	349777	
46440	349795	
46440	349804	
46440	349816	
46440	349822	
46440	349823	
46440	349833	
46440	349841	
46440	349852	
46440	349859	
46440	349861	
46440	349872	
46440	349874	
46440	349895	
46440	349902	
46440	349905	
46440	349906	
46440	349922	
46440	349926	
46440	349933	
46440	349935	
46440	349936	
46440	349937	
46440	349940	
46440	349943	
46440	349949	
46440	349958	
46440	349966	
46440	349967	
46440	349969	
46440	349980	
46440	349988	
46440	349992	
46440	350002	
46440	350007	
46440	350009	
46440	350012	
46440	350018	
46440	350025	
46440	350029	
46440	350041	
46440	350047	
46440	350051	
46440	350066	
46440	350076	
46440	350081	
46440	350084	
46440	350091	
46440	350092	
46440	350095	
46440	350109	
46440	350115	
46440	350123	
46440	350124	
46440	350128	
46440	350139	
46440	350140	
46440	350148	
46440	350151	
46440	350152	
46440	350165	
46440	350167	
46440	350171	
46440	350175	
46440	350180	
46440	350193	
46440	350204	
46440	350209	
46440	350213	
46440	350217	
46440	350232	
46440	350233	
46440	350239	
46440	350241	
46440	350254	
46440	350269	
46440	350270	
46440	350271	
46440	350281	
46440	350285	
46440	350306	
46440	350318	
46440	350322	
46440	350325	
46440	350335	
46440	350337	
46440	350344	
46440	350354	
46440	350362	
46440	350365	
46440	350369	
46440	350375	
46440	350384	
46440	350385	
46440	350388	
46440	350400	
46440	350401	
46440	350417	
46440	350423	
46440	350436	
46440	350437	
46440	350439	
46440	350462	
46440	350474	
46440	350494	
46440	350508	
46440	350526	
46440	350541	
46440	350543	
46440	350550	
46440	350552	
46440	350553	
46440	350563	
46440	350566	
46440	350574	
46440	350576	
46440	350586	
46440	350591	
46440	350595	
46440	350596	
46440	350611	
46440	350619	
46440	350621	
46440	350622	
46440	350634	
46440	350635	
46440	350642	
46440	350648	
46440	350652	
46440	350662	
46440	350664	
46440	350687	
46440	350694	
46440	350716	
46440	350720	
46440	350722	
46440	350740	
46440	350776	
46440	350778	
46440	350812	
46440	350814	
46440	350819	
46440	350824	
46440	350826	
46440	350832	
46440	350852	
46440	350857	
46440	350858	
46440	350859	
46440	350870	
46440	350871	
46440	350875	
46440	350876	
46440	350879	
46440	350884	
46440	350890	
46440	350892	
46440	350901	
46440	350905	
46440	350922	
46440	350926	
46440	350929	
46440	350934	
46440	350935	
46440	350942	
46440	350949	
46440	350960	
46440	350962	
46440	350968	
46440	350975	
46440	350977	
46440	350981	
46440	350986	
46440	351031	
46440	351038	
46440	351046	
46440	351064	
46440	351075	
46440	351077	
46440	351098	
46440	351104	
46440	351106	
46440	351133	
46440	351140	
46440	351146	
46440	351150	
46440	351151	
46440	351155	
46440	351157	
46440	351167	
46440	351170	
46440	351172	
46440	351177	
46440	351180	
46440	351181	
46440	351184	
46440	351189	
46440	351196	
46440	351203	
46440	351221	
46440	351233	
46440	351237	
46440	351262	
46440	351264	
46440	351271	
46440	351273	
46440	351278	
46440	351284	
46440	351285	
46440	351290	
46440	351292	
46440	351296	
46440	351299	
46440	351300	
46440	351301	
46440	351304	
46440	351306	
46440	351320	
46440	351327	
46440	351332	
46440	351342	
46440	351354	
46440	351355	
46440	351362	
46440	351366	
46440	351377	
46440	351384	
46440	351388	
46440	351400	
46440	351403	
46440	351412	
46440	351443	
46440	351453	
46440	351480	
46440	351482	
46440	351483	
46440	351510	
46440	351512	
46440	351517	
46440	351521	
46440	351529	
46440	351531	
46440	351542	
46440	351549	
46440	351564	
46440	351578	
46440	351583	
46440	351593	
46440	351597	
46440	351602	
46440	351632	
46440	351642	
46440	351649	
46440	351662	
46440	351686	
46440	351705	
46440	351732	
46440	351740	
46440	351745	
46440	351753	
46440	351754	
46440	351764	
46440	351767	
46440	351776	
46440	351803	
46440	351806	
46440	351813	
46440	351816	
46440	351821	
46440	351824	
46440	351826	
46440	351827	
46440	351836	
46440	351840	
46440	351842	
46440	351851	
46440	351856	
46440	351861	
46440	351890	
46440	351895	
46440	351908	
46440	351918	
46440	351924	
46440	351932	
46440	351935	
46440	351942	
46440	351947	
46440	351950	
46440	351955	
46440	351959	
46440	351961	
46440	351974	
46440	351975	
46440	351978	
46440	351980	
46440	351982	
46440	351997	
46440	351998	
46440	352004	
46440	352059	
46440	352064	
46440	352065	
46440	352075	
46440	352086	
46440	352102	
46440	352124	
46440	352141	
46440	352144	
46440	352158	
46440	352161	
46440	352162	
46440	352169	
46440	352170	
46440	352177	
46440	352181	
46440	352186	
46440	352216	
46440	352222	
46440	352240	
46440	352273	
46440	352291	
46440	352292	
46440	352304	
46440	352309	
46440	352333	
46440	352343	
46440	352345	
46440	352349	
46440	352368	
46440	352389	
46440	352391	
46440	352395	
46440	352400	
46440	352402	
46440	352405	
46440	352410	
46440	352427	
46440	352442	
46440	352450	
46440	352467	
46440	352472	
46440	352478	
46440	352487	
46440	352488	
46440	352494	
46440	352502	
46440	352505	
46440	352506	
46440	352507	
46440	352510	
46440	352516	
46440	352525	
46440	352541	
46440	352545	
46440	352548	
46440	352561	
46440	352562	
46440	352571	
46440	352575	
46440	352579	
46440	352586	
46440	352595	
46440	352600	
46440	352601	
46440	352606	
46440	352614	
46440	352623	
46440	352628	
46440	352643	
46440	352645	
46440	352656	
46440	352661	
46440	352674	
46440	352680	
46440	352684	
46440	352692	
46440	352693	
46440	352694	
46440	352697	
46440	352705	
46440	352711	
46440	352718	
46440	352736	
46440	352739	
46440	352761	
46440	352767	
46440	352787	
46440	352791	
46440	352810	
46440	352828	
46440	352830	
46440	352834	
46440	352842	
46440	352844	
46440	352849	
46440	352857	
46440	352858	
46440	352867	
46440	352892	
46440	352893	
46440	352901	
46440	352914	
46440	352918	
46440	352919	
46440	352953	
46440	352954	
46440	352956	
46440	352968	
46440	352972	
46440	352982	
46440	353002	
46440	353022	
46440	353023	
46440	353033	
46440	353042	
46440	353046	
46440	353053	
46440	353061	
46440	353086	
46440	353087	
46440	353092	
46440	353098	
46440	353115	
46440	353121	
46440	353142	
46440	353144	
46440	353155	
46440	353174	
46440	353186	
46440	353194	
46440	353203	
46440	353205	
46440	353232	
46440	353233	
46440	353240	
46440	353243	
46440	353246	
46440	353253	
46440	353261	
46440	353267	
46440	353286	
46440	353300	
46440	353310	
46440	353313	
46440	353317	
46440	353332	
46440	353355	
46440	353359	
46440	353374	
46440	353379	
46440	353385	
46440	353394	
46440	353398	
46440	353402	
46440	353404	
46440	353412	
46440	353415	
46440	353421	
46440	353431	
46440	353433	
46440	353438	
46440	353439	
46440	353447	
46440	353461	
46440	353463	
46440	353470	
46440	353479	
46440	353511	
46440	353522	
46440	353524	
46440	353546	
46440	353561	
46440	353575	
46440	353583	
46440	353591	
46440	353592	
46440	353593	
46440	353596	
46440	353603	
46440	353616	
46440	353634	
46440	353651	
46440	353667	
46440	353674	
46440	353682	
46440	353710	
46440	353720	
46440	353739	
46440	353764	
46440	354210	
46440	354273	
46440	354295	
46440	354310	
46440	354519	
46440	354601	
46440	354612	
46440	354685	
46440	354738	
46440	354775	
46440	354797	
46440	354848	
46440	354923	
46440	355033	
46440	355034	
46440	355058	
46440	355186	
46440	355221	
46440	355339	
46440	355399	
46440	355523	
46440	355717	
46440	355759	
46440	355779	
46440	355821	
46440	355887	
46440	355895	
46440	355973	
46440	355988	
46440	356021	
46440	356087	
46440	356285	
46440	356344	
46440	356370	
46440	356562	
46440	356687	
46440	356734	
46440	356846	
46440	356851	
46440	357195	
46440	357204	
46440	357313	
46440	357337	
46440	357489	
46440	357497	
46440	357521	
46440	357559	
46440	357717	
46440	357800	
46440	358187	
46440	358327	
46440	358532	
46440	358575	
46440	358643	
46440	358745	
46440	358834	
46440	359138	
46440	359180	
46440	359367	
46440	359515	
46440	359562	
46440	359584	
46440	359601	
46440	359610	
46440	359627	
46440	359909	
46440	360591	
46440	360695	
46440	360753	
46440	360883	
46440	360966	
46440	361002	
46440	361069	
46440	361090	
46440	361224	
46440	361256	
46440	361287	
46440	361357	
46440	361458	
46440	361462	
46440	361501	
46440	361511	
46440	361540	
46440	361775	
46440	361862	
46440	362235	
46440	362322	
46440	362384	
46440	362477	
46440	362602	
46440	362854	
46440	362947	
46440	362953	
46440	362966	
46440	362967	
46440	363270	
46440	363327	
46440	363351	
46440	363452	
46440	363592	
46440	363799	
46440	363812	
46440	363858	
46440	363989	
46440	363991	
46440	364006	
46440	364059	
46440	364069	
46440	364075	
46440	364080	
46440	364084	
46440	364089	
46440	364123	
46440	364133	
46440	364134	
46440	364138	
46440	364143	
46440	364168	
46440	364170	
46440	364199	
46440	364225	
46440	364254	
46440	364264	
46440	364288	
46440	364333	
46440	364335	
46440	364339	
46440	364396	
46440	364409	
46440	364443	
46440	364450	
46440	364481	
46440	364500	
46440	364551	
46440	364609	
46440	364617	
46440	364632	
46440	364687	
46440	364699	
46440	364730	
46440	364784	
46440	364835	
46440	364838	
46440	364852	
46440	364906	
46440	364929	
46440	364975	
46440	364988	
46440	365016	
46440	365017	
46440	365032	
46440	365059	
46440	365125	
46440	365187	
46440	365197	
46440	365200	
46440	365208	
46440	365218	
46440	365221	
46440	365234	
46440	365238	
46440	365239	
46440	365244	
46440	365248	
46440	365261	
46440	365263	
46440	365276	
46440	365279	
46440	365283	
46440	365300	
46440	365302	
46440	365329	
46440	365345	
46440	365353	
46440	365361	
46440	365379	
46440	365385	
46440	365392	
46440	365404	
46440	365411	
46440	365437	
46440	365446	
46440	365450	
46440	365458	
46440	365461	
46440	365490	
46440	365506	
46440	365521	
46440	365523	
46440	365598	
46440	365605	
46440	365609	
46440	365628	
46440	365816	
46440	365837	
46440	365850	
46440	366321	
46440	366374	
46440	366380	
46440	366394	
46440	366398	
46440	366430	
46440	366453	
46440	366456	
46440	366463	
46440	366466	
46440	366468	
46440	366477	
46440	366517	
46440	366529	
46440	366531	
46440	366532	
46440	366533	
46440	366535	
46440	366558	
46440	366570	
46440	366572	
46440	366576	
46440	366606	
46440	366612	
46440	366615	
46440	366620	
46440	366626	
46440	366637	
46440	366638	
46440	366701	
46440	366720	
46440	366727	
46440	366738	
46440	366772	
46440	366789	
46440	366814	
46440	366817	
46440	366829	
46440	366867	
46440	366945	
46440	366948	
46440	366957	
46440	366966	
46440	366980	
46440	367012	
46440	367043	
46440	367063	
46440	367072	
46440	367084	
46440	367111	
46440	367140	
46440	367154	
46440	367192	
46440	367214	
46440	367218	
46440	367221	
46440	367226	
46440	367244	
46440	367251	
46440	367269	
46440	367278	
46440	367284	
46440	367296	
46440	367298	
46440	367299	
46440	367307	
46440	367335	
46440	367343	
46440	367366	
46440	367371	
46440	367372	
46440	367385	
46440	367391	
46440	367396	
46440	367401	
46440	367402	
46440	367426	
46440	367434	
46440	367456	
46440	367491	
46440	367525	
46440	367539	
46440	367555	
46440	367560	
46440	367564	
46440	367592	
46440	367596	
46440	367609	
46440	367615	
46440	367653	
46440	367664	
46440	367671	
46440	367710	
46440	367723	
46440	367740	
46440	367746	
46440	367764	
46440	367791	
46440	367794	
46440	367806	
46440	367810	
46440	367816	
46440	367826	
46440	367838	
46440	367850	
46440	367863	
46440	367871	
46440	367899	
46440	367903	
46440	367906	
46440	367925	
46440	367927	
46440	367933	
46440	367937	
46440	367945	
46440	367951	
46440	367960	
46440	367961	
46440	367962	
46440	367965	
46440	367968	
46440	367978	
46440	367979	
46440	368009	
46440	368016	
46440	368021	
46440	368036	
46440	368044	
46440	368056	
46440	368067	
46440	368069	
46440	368082	
46440	368094	
46440	368161	
46440	368163	
46440	368171	
46440	368185	
46440	368190	
46440	368204	
46440	368207	
46440	368218	
46440	368224	
46440	368225	
46440	368227	
46440	368241	
46440	368269	
46440	368274	
46440	368296	
46440	368299	
46440	368308	
46440	368312	
46440	368329	
46440	368331	
46440	368335	
46440	368336	
46440	368339	
46440	368362	
46440	368364	
46440	368372	
46440	368373	
46440	368384	
46440	368420	
46440	368445	
46440	368451	
46440	368452	
46440	368456	
46440	368458	
46440	368473	
46440	368475	
46440	368504	
46440	368509	
46440	368528	
46440	368532	
46440	368538	
46440	368540	
46440	368544	
46440	368557	
46440	368560	
46440	368563	
46440	368571	
46440	368574	
46440	368580	
46440	368584	
46440	368611	
46440	368612	
46440	368631	
46440	368644	
46440	368645	
46440	368648	
46440	368651	
46440	368670	
46440	368702	
46440	368710	
46440	368713	
46440	368718	
46440	368727	
46440	368730	
46440	368746	
46440	368756	
46440	368759	
46440	368760	
46440	368786	
46440	368788	
46440	368790	
46440	368797	
46440	368800	
46440	368823	
46440	368825	
46440	368828	
46440	368838	
46440	368842	
46440	368845	
46440	368852	
46440	368855	
46440	368866	
46440	368869	
46440	368876	
46440	368901	
46440	368905	
46440	368916	
46440	368920	
46440	369011	
46440	369019	
46440	369021	
46440	369033	
46440	369079	
46440	369097	
46440	369105	
46440	369108	
46440	369119	
46440	369142	
46440	369181	
46440	369182	
46440	369193	
46440	369197	
46440	369202	
46440	369205	
46440	369210	
46440	369218	
46440	369234	
46440	369249	
46440	369251	
46440	369271	
46440	369273	
46440	369290	
46440	369298	
46440	369312	
46440	369313	
46440	369327	
46440	369344	
46440	369347	
46440	369374	
46440	369390	
46440	369395	
46440	369414	
46440	369421	
46440	369433	
46440	369466	
46440	369478	
46440	369480	
46440	369483	
46440	369489	
46440	369528	
46440	369548	
46440	369554	
46440	369559	
46440	369571	
46440	369576	
46440	369587	
46440	369588	
46440	369628	
46440	369653	
46440	369663	
46440	369675	
46440	369680	
46440	369684	
46440	369705	
46440	369708	
46440	369740	
46440	369747	
46440	369766	
46440	369782	
46440	369816	
46440	369828	
46440	369867	
46440	369895	
46440	369911	
46440	369913	
46440	369919	
46440	369936	
46440	369938	
46440	369941	
46440	369956	
46440	369974	
46440	369993	
46440	370027	
46440	370066	
46440	370077	
46440	370080	
46440	370108	
46440	370116	
46440	370128	
46440	370142	
46440	370169	
46440	370179	
46440	370182	
46440	370208	
46440	370216	
46440	370222	
46440	370224	
46440	370253	
46440	370254	
46440	370260	
46440	370293	
46440	370310	
46440	370318	
46440	370319	
46440	370320	
46440	370323	
46440	370329	
46440	370354	
46440	370357	
46440	370379	
46440	370380	
46440	370388	
46440	370420	
46440	370421	
46440	370436	
46440	370442	
46440	370445	
46440	370446	
46440	370448	
46440	370467	
46440	370500	
46440	370501	
46440	370502	
46440	370539	
46440	370541	
46440	370553	
46440	370560	
46440	370585	
46440	370603	
46440	370607	
46440	370621	
46440	370622	
46440	370624	
46440	370634	
46440	370640	
46440	370645	
46440	370648	
46440	370664	
46440	370682	
46440	370705	
46440	370719	
46440	370724	
46440	370725	
46440	370729	
46440	370735	
46440	370740	
46440	370759	
46440	370763	
46440	370778	
46440	370830	
46440	370843	
46440	370861	
46440	370865	
46440	370875	
46440	370879	
46440	370905	
46440	370931	
46440	370935	
46440	370941	
46440	370945	
46440	370956	
46440	370959	
46440	370974	
46440	370976	
46440	370991	
46440	371007	
46440	371013	
46440	371016	
46440	371040	
46440	371051	
46440	371069	
46440	371102	
46440	371106	
46440	371113	
46440	371123	
46440	371136	
46440	371142	
46440	371150	
46440	371152	
46440	371178	
46440	371207	
46440	371223	
46440	371237	
46440	371246	
46440	371272	
46440	371292	
46440	371299	
46440	371308	
46440	371326	
46440	371345	
46440	371365	
46440	371366	
46440	371384	
46440	371424	
46440	371428	
46440	371438	
46440	371439	
46440	371464	
46440	371467	
46440	371468	
46440	371474	
46440	371481	
46440	371490	
46440	371499	
46440	371504	
46440	371543	
46440	371544	
46440	371546	
46440	371548	
46440	371550	
46440	371563	
46440	371564	
46440	371579	
46440	371581	
46440	371591	
46440	371615	
46440	371616	
46440	371634	
46440	371679	
46440	371684	
46440	371726	
46440	371737	
46440	371782	
46440	371784	
46440	371805	
46440	371813	
46440	371825	
46440	371830	
46440	371853	
46440	371869	
46440	371899	
46440	371905	
46440	371924	
46440	371929	
46440	371943	
46440	371946	
46440	371955	
46440	371975	
46440	371984	
46440	371985	
46440	372001	
46440	372031	
46440	372078	
46440	372088	
46440	372100	
46440	372124	
46440	372126	
46440	372137	
46440	372153	
46440	372156	
46440	372177	
46440	372178	
46440	372184	
46440	372214	
46440	372223	
46440	372241	
46440	372245	
46440	372261	
46440	372294	
46440	372326	
46440	372333	
46440	372353	
46440	372358	
46440	372360	
46440	372397	
46440	372424	
46440	372470	
46440	372472	
46440	372578	
46440	372627	
46440	372891	
46440	372892	
46440	372895	
46440	372915	
46440	372933	
46440	372944	
46440	372955	
46440	372961	
46440	372973	
46440	372981	
46440	373028	
46440	373048	
46440	373060	
46440	373064	
46440	373086	
46440	373101	
46440	373105	
46440	373106	
46440	373129	
46440	373140	
46440	373148	
46440	373206	
46440	373232	
46440	373261	
46440	373336	
46440	373349	
46440	374158	
46440	374166	
46440	374169	
46440	374171	
46440	374176	
46440	374182	
46440	374190	
46440	374215	
46440	374216	
46440	374219	
46440	374226	
46440	374229	
46440	374231	
46440	374234	
46440	374241	
46440	374244	
46440	374246	
46440	374248	
46440	374253	
46440	374254	
46440	375037	
46440	375781	
46440	375792	
46440	375805	
46440	375886	
46440	375897	
46440	376032	
46440	376034	
46440	376041	
46440	376056	
46440	376060	
46440	376135	
46440	376139	
46440	376175	
46440	376195	
46440	376281	
46440	376475	
46440	376486	
46440	376496	
46440	376532	
46440	376541	
46440	376563	
46440	376579	
46440	376624	
46440	376730	
46440	376739	
46440	376824	
46440	376851	
46440	376870	
46440	376880	
46440	376895	
46440	376902	
46440	376916	
46440	376938	
46440	377026	
46440	377038	
46440	377040	
46440	377115	
46440	377139	
46440	377170	
46440	377175	
46440	377194	
46440	377211	
46440	377255	
46440	377282	
46440	377332	
46440	377399	
46440	377482	
46440	377557	
46440	377562	
46440	377563	
46440	377766	
46440	377779	
46440	377798	
46440	377842	
46440	377873	
46440	377917	
46440	378420	
46440	379574	
46440	379808	
46440	380694	
46440	381320	
46440	382648	
46440	384323	
46440	384341	
46440	384408	
46440	392746	
46440	399792	
46440	400807	
46440	410283	
46440	424968	
46440	427941	
46440	428671	
46440	429154	
46440	429163	
46440	429168	
46440	429535	
46440	431305	
46440	431625	
46440	433819	
46440	436887	
46440	442291	
46440	442298	
46440	442301	
46440	442308	
46440	442310	
46440	442318	
46440	442845	
46440	444633	
46440	444825	
46440	446300	
46440	446522	
46440	446648	
46440	446653	
46440	446739	
46440	446743	
46440	446761	
46440	446762	
46440	446815	
46440	446845	
46440	446862	
46440	446973	
46440	447028	
46440	447484	
46440	447496	
46440	447503	
46440	447558	
46440	448191	
46440	448199	
46440	448287	
46440	448304	
46440	448356	
46440	448467	
46440	448540	
46440	448559	
46440	448903	
46440	449138	
46440	449176	
46440	449370	
46440	449374	
46440	449377	
46440	449415	
46440	449416	
46440	449443	
46440	449453	
46440	449455	
46440	449459	
46440	449462	
46440	449469	
46440	449477	
46440	449503	
46440	449511	
46440	449513	
46440	449538	
46440	449546	
46440	449580	
46440	449590	
46440	449605	
46440	449615	
46440	449629	
46440	449632	
46440	449641	
46440	449649	
46440	449657	
46440	449659	
46440	449662	
46440	449686	
46440	449715	
46440	449720	
46440	449737	
46440	449750	
46440	449775	
46440	449957	
46440	450452	
46440	450455	
46440	450579	
46440	450697	
46440	450784	
46440	450790	
46440	451344	
46440	453700	
46440	453817	
46440	453835	
46440	453887	
46440	453892	
46440	453899	
46440	453906	
46440	453911	
46440	453921	
46440	453925	
46440	453926	
46440	453944	
46440	453955	
46440	453965	
46440	453980	
46440	453982	
46440	453985	
46440	453987	
46440	453992	
46440	453997	
46440	454006	
46440	454033	
46440	454044	
46440	454048	
46440	454055	
46440	454073	
46440	454080	
46440	454102	
46440	454103	
46440	454131	
46440	454178	
46440	454196	
46440	454197	
46440	454198	
46440	454218	
46440	454251	
46440	454262	
46440	454274	
46440	454826	
46440	454965	
46440	455926	
46440	455935	
46440	455953	
46440	455960	
46440	455988	
46440	456031	
46440	456759	
46440	456775	
46440	456841	
46440	456860	
46440	456900	
46440	456925	
46440	457006	
46440	457054	
46440	457128	
46440	457144	
46440	457323	
46440	457951	
46440	458337	
46440	458386	
46440	458400	
46440	459605	
46440	461645	
46440	461778	
46440	462158	
46440	462167	
46440	462175	
46440	462190	
46440	462216	
46440	464509	
46440	466215	
46440	466925	
46440	466930	
46440	466965	
46440	467101	
46440	467612	
46440	468165	
46440	468236	
46440	470267	
46440	470410	
46440	470618	
46440	470675	
46440	473867	
46440	474422	
46440	474429	
46440	475163	
46440	475294	
46440	475479	
46440	475753	
46440	476134	
46440	478630	
46440	479473	
46440	479476	
46440	479477	
46440	479480	
46440	479484	
46440	479492	
46440	479506	
46440	479531	
46440	479537	
46440	480110	
46440	480118	
46440	480128	
46440	480131	
46440	480158	
46440	480172	
46440	480202	
46440	480215	
46440	480247	
46440	480252	
46440	480308	
46440	480325	
46440	480333	
46440	480350	
46440	480419	
46440	480431	
46440	480449	
46440	480524	
46440	480778	
46440	482039	
46440	483879	
46440	484014	
46440	484024	
46440	487061	
46440	492125	
46440	500044	
46440	502716	
46440	504859	
46440	504944	
46440	508358	
46440	510704	
46440	512603	
46440	512623	
46440	513600	
46440	513629	
46440	522539	
46440	524388	
46440	525317	
46440	525363	
46440	525415	
46440	525432	
46440	525451	
46440	525479	
46440	525496	
46440	525538	
46440	525593	
46440	525603	
46440	525695	
46440	525711	
46440	525719	
46440	525741	
46440	525745	
46440	525759	
46440	525803	
46440	525804	
46440	525853	
46440	525907	
46440	525914	
46440	525934	
46440	525999	
46440	526017	
46440	526121	
46440	526282	
46440	526298	
46440	526318	
46440	526331	
46440	526402	
46440	526547	
46440	526575	
46440	526600	
46440	526616	
46440	526650	
46440	526691	
46440	526702	
46440	526747	
46440	527131	
46440	535693	
46440	539466	
46440	539896	
46440	547310	
46440	548721	
46440	548861	
46440	550025	
46440	553068	
46440	553387	
46440	553394	
46440	557977	
46440	560414	
46440	562310	
46440	576434	
46440	577835	
46440	578445	
46440	582179	
46440	587510	
46440	589377	
46440	598679	
46440	598705	
46440	605853	
46440	606245	
46440	606698	
46440	607996	
46440	608988	
46440	609100	
46440	610757	
46440	610965	
46440	611081	
46440	622790	
46440	623244	
46440	631717	
46440	634336	
46440	639951	
46440	640970	
46440	641993	
46440	642580	
46440	642587	
46440	642614	
46440	642635	
46440	642636	
46440	642927	
46440	642935	
46440	645999	
46440	646264	
46440	646810	
46440	648105	
46440	648215	
46440	648239	
46440	648266	
46440	648846	
46440	650210	
46440	651864	
46440	658478	
46440	666753	
46440	666778	
46440	668084	
46440	673733	
46440	674650	
46440	675544	
46440	675568	
46440	675931	
46440	681218	
46440	681256	
46440	681273	
46440	681294	
46440	682566	
46440	682578	
46440	690969	
46440	692543	
46440	693522	
46440	693572	
46440	693579	
46440	694269	
46440	694604	
46440	695342	
46440	695357	
46440	695374	
46440	695489	
46440	695526	
46440	695562	
46440	697302	
46440	697471	
46440	697482	
46440	697504	
46440	697575	
46440	697614	
46440	698291	
46440	698713	
46440	698907	
46440	699055	
46440	699060	
46440	699481	
46440	699580	
46440	699638	
46440	699779	
46440	699804	
46440	700194	
46440	700569	
46440	700577	
46440	700836	
46440	700966	
46440	701014	
46440	701208	
46440	701329	
46440	703940	
46440	703990	
46440	704042	
46440	704053	
46440	704073	
46440	704194	
46440	704226	
46440	704232	
46440	704261	
46440	704651	
46440	705523	
46440	705642	
46440	705652	
46440	705680	
46440	705688	
46440	705743	
46440	705811	
46440	705870	
46440	705996	
46440	707769	
46440	712138	
46440	719421	
46440	719484	
46440	720794	
46440	722909	
46440	723469	
46440	724484	
46440	724599	
46440	724870	
46440	725090	
46440	725435	
46440	725849	
46440	726325	
46440	727923	
46440	727990	
46440	728084	
46440	728090	
46440	728179	
46440	728191	
46440	728537	
46440	729621	
46440	729645	
46440	729719	
46440	729775	
46440	729918	
46440	730187	
46440	731342	
46440	731398	
46440	733063	
46440	733067	
46440	733129	
46440	733165	
46440	733169	
46440	733171	
46440	733270	
46440	733309	
46440	733345	
46440	733393	
46440	733438	
46440	733439	
46440	733482	
46440	733502	
46440	733515	
46440	733520	
46440	733542	
46440	733582	
46440	733604	
46440	733613	
46440	733655	
46440	733668	
46440	733751	
46440	734434	
46440	741818	
46440	744502	
46440	745411	
46440	747080	
46440	749218	
46440	751366	
46440	751711	
46440	753020	
46440	764238	
46440	764518	
46440	764758	
46440	775007	
46440	775175	
46440	775184	
46440	775228	
46440	775314	
46440	775597	
46440	775668	
46440	775727	
46440	775822	
46440	775846	
46440	775854	
46440	775899	
46440	775914	
46440	775930	
46440	775953	
46440	775962	
46440	775969	
46440	776002	
46440	776054	
46440	776076	
46440	776094	
46440	776133	
46440	776140	
46440	776152	
46440	776177	
46440	776179	
46440	776211	
46440	776213	
46440	776237	
46440	776252	
46440	776269	
46440	776322	
46440	776368	
46440	776376	
46440	776391	
46440	776442	
46440	776484	
46440	776532	
46440	776538	
46440	776542	
46440	776590	
46440	776612	
46440	776661	
46440	776724	
46440	776802	
46440	776865	
46440	776884	
46440	777037	
46440	777104	
46440	777149	
46440	777151	
46440	777170	
46440	777183	
46440	777228	
46440	777318	
46440	777389	
46440	777453	
46440	777463	
46440	777470	
46440	777520	
46440	777521	
46440	777555	
46440	777574	
46440	777576	
46440	777584	
46440	777679	
46440	777721	
46440	777790	
46440	777797	
46440	777806	
46440	777986	
46440	778202	
46440	778227	
46440	778880	
46440	778889	
46440	778963	
46440	779023	
46440	779138	
46440	779178	
46440	779297	
46440	779540	
46440	779870	
46440	780061	
46440	780156	
46440	780218	
46440	780222	
46440	780485	
46440	780487	
46440	780528	
46440	780579	
46440	780768	
46440	781893	
46440	781908	
46440	783990	
46440	789517	
46440	794284	
46440	796078	
46440	796178	
46440	796220	
46440	797965	
46440	797976	
46440	799189	
46440	799218	
46440	800550	
46440	800805	
46440	801936	
46440	803559	
46440	804279	
46440	805508	
46440	806677	
46440	810377	
46440	811770	
46440	813568	
46440	816083	
46440	817894	
46440	819396	
46440	819605	
46440	820537	
46440	822397	
46440	824611	
46440	825005	
46440	826708	
46440	826928	
46440	827418	
46440	829008	
46440	830445	
46440	830483	
46440	830488	
46440	830491	
46440	830506	
46440	830534	
46440	830548	
46440	830564	
46440	830648	
46440	830660	
46440	830695	
46440	830709	
46440	830712	
46440	830753	
46440	830770	
46440	830794	
46440	830805	
46440	830837	
46440	830839	
46440	830845	
46440	830876	
46440	830918	
46440	830926	
46440	830937	
46440	831002	
46440	831003	
46440	831034	
46440	831088	
46440	831146	
46440	831178	
46440	831185	
46440	831192	
46440	831266	
46440	831358	
46440	831437	
46440	831454	
46440	831578	
46440	831681	
46440	831703	
46440	831727	
46440	831730	
46440	831742	
46440	831890	
46440	831892	
46440	831939	
46440	831952	
46440	831958	
46440	831983	
46440	831997	
46440	832113	
46440	832123	
46440	832129	
46440	832145	
46440	832152	
46440	832215	
46440	832233	
46440	832259	
46440	832261	
46440	832307	
46440	832334	
46440	832354	
46440	832379	
46440	832722	
46440	832731	
46440	832742	
46440	832869	
46440	832970	
46440	833000	
46440	833028	
46440	833058	
46440	833065	
46440	833067	
46440	833068	
46440	833090	
46440	833138	
46440	833142	
46440	833182	
46440	833185	
46440	833212	
46440	833241	
46440	833390	
46440	833397	
46440	833475	
46440	833481	
46440	833504	
46440	833512	
46440	833523	
46440	833534	
46440	833552	
46440	833596	
46440	833641	
46440	833643	
46440	833644	
46440	833699	
46440	833700	
46440	833710	
46440	833782	
46440	833791	
46440	833834	
46440	833969	
46440	834030	
46440	834032	
46440	834052	
46440	834072	
46440	834083	
46440	834118	
46440	834132	
46440	834164	
46440	834199	
46440	834220	
46440	834328	
46440	834375	
46440	834397	
46440	834404	
46440	834444	
46440	834466	
46440	834512	
46440	834526	
46440	834545	
46440	834594	
46440	834602	
46440	834708	
46440	834825	
46440	834841	
46440	834875	
46440	834972	
46440	835130	
46440	835160	
46440	835241	
46440	835250	
46440	835273	
46440	835295	
46440	835330	
46440	835363	
46440	835365	
46440	835384	
46440	835395	
46440	835542	
46440	835568	
46440	835589	
46440	835618	
46440	835668	
46440	835701	
46440	835717	
46440	835755	
46440	835762	
46440	835805	
46440	835823	
46440	835868	
46440	835869	
46440	835888	
46440	835925	
46440	835963	
46440	836021	
46440	836056	
46440	836072	
46440	836168	
46440	836244	
46440	836257	
46440	836319	
46440	836344	
46440	836454	
46440	836465	
46440	836467	
46440	836478	
46440	836560	
46440	836582	
46440	836630	
46440	836692	
46440	836748	
46440	836779	
46440	836933	
46440	836969	
46440	836982	
46440	836988	
46440	836989	
46440	836991	
46440	837007	
46440	837056	
46440	837087	
46440	837151	
46440	837186	
46440	837227	
46440	837279	
46440	837303	
46440	837413	
46440	837611	
46440	837642	
46440	837799	
46440	837826	
46440	837892	
46440	837910	
46440	837929	
46440	837969	
46440	837999	
46440	838070	
46440	838254	
46440	838281	
46440	838301	
46440	838320	
46440	838497	
46440	838505	
46440	838569	
46440	838585	
46440	838644	
46440	838682	
46440	838869	
46440	838964	
46440	839002	
46440	839040	
46440	839056	
46440	839077	
46440	839081	
46440	839098	
46440	839143	
46440	839147	
46440	839149	
46440	839161	
46440	839256	
46440	839257	
46440	839273	
46440	839350	
46440	839362	
46440	839373	
46440	839379	
46440	839500	
46440	839509	
46440	839541	
46440	839579	
46440	839688	
46440	839739	
46440	839861	
46440	839931	
46440	840022	
46440	840070	
46440	840155	
46440	842145	
46440	848035	
46440	851424	
46440	852483	
46440	856885	
46440	859130	
46440	862883	
46440	863123	
46440	865130	
46440	865241	
46440	865244	
46440	866317	
46440	866466	
46440	866487	
46440	866494	
46440	866600	
46440	866624	
46440	866693	
46440	866696	
46440	866722	
46440	866740	
46440	866760	
46440	866794	
46440	866798	
46440	866895	
46440	866907	
46440	866927	
46440	866970	
46440	867058	
46440	867075	
46440	867101	
46440	867233	
46440	867246	
46440	867247	
46440	867265	
46440	867333	
46440	867407	
46440	867438	
46440	867451	
46440	867517	
46440	867525	
46440	867546	
46440	867561	
46440	867564	
46440	867669	
46440	867702	
46440	867731	
46440	867744	
46440	867759	
46440	867813	
46440	867814	
46440	867831	
46440	867890	
46440	867900	
46440	867935	
46440	867961	
46440	867968	
46440	867993	
46440	868056	
46440	868076	
46440	868091	
46440	868123	
46440	868164	
46440	868172	
46440	868179	
46440	868181	
46440	868215	
46440	868252	
46440	868275	
46440	868289	
46440	868295	
46440	868326	
46440	868363	
46440	868385	
46440	868389	
46440	868588	
46440	868731	
46440	868737	
46440	868747	
46440	868753	
46440	868766	
46440	868817	
46440	868924	
46440	868925	
46440	868951	
46440	869066	
46440	869067	
46440	869094	
46440	869122	
46440	869279	
46440	869357	
46440	869382	
46440	869416	
46440	869453	
46440	869490	
46440	869507	
46440	869519	
46440	869536	
46440	869562	
46440	869566	
46440	869781	
46440	869788	
46440	869853	
46440	869906	
46440	869959	
46440	870109	
46440	870183	
46440	870280	
46440	870483	
46440	870484	
46440	870530	
46440	870533	
46440	870582	
46440	870729	
46440	870983	
46440	871007	
46440	871024	
46440	880959	
46440	888723	
46440	890373	
46440	891838	
46440	896034	
46440	896289	
46440	898580	
46440	903194	
46440	905815	
46440	907583	
46440	907653	
46440	913427	
46440	913666	
46440	915328	
46440	915719	
46440	918407	
46440	918655	
46440	927327	
46440	928159	
46440	928602	
46440	928795	
46440	928837	
46440	930162	
46440	943496	
46440	943587	
46440	944024	
46440	947268	
46440	947291	
46440	947541	
46440	947558	
46440	947601	
46440	948052	
46440	948326	
46440	950591	
46440	953027	
46440	953352	
46440	953355	
46440	955499	
46440	955773	
46440	956242	
46440	960798	
46440	966936	
46440	967458	
46440	967843	
46440	967915	
46440	967930	
46440	967947	
46440	967949	
46440	968008	
46440	968040	
46440	968042	
46440	968103	
46440	968127	
46440	968192	
46440	968318	
46440	968437	
46440	968477	
46440	968548	
46440	969388	
46440	969448	
46440	969496	
46440	969587	
46440	969784	
46440	969813	
46440	969873	
46440	970053	
46440	970596	
46440	971425	
46440	971435	
46440	971470	
46440	971471	
46440	972300	
46440	972548	
46440	973568	
46440	973674	
46440	974905	
46440	975149	
46440	975182	
46440	975332	
46440	975335	
46440	975942	
46440	975963	
46440	976005	
46440	976096	
46440	976111	
46440	976248	
46440	976322	
46440	976350	
46440	976379	
46440	976545	
46440	976888	
46440	977670	
46440	977724	
46440	977943	
46440	980300	
46440	980635	
46440	987372	
46440	987623	
46440	987847	
46440	988117	
46440	988403	
46440	988418	
46440	988445	
46440	988482	
46440	989622	
46440	990418	
46440	990459	
46440	990529	
46440	990747	
46440	990946	
46440	991036	
46440	991710	
46440	992153	
46440	992187	
46440	992216	
46440	992267	
46440	992312	
46440	992396	
46440	992426	
46440	992468	
46440	992634	
46440	992646	
46440	992678	
46440	992807	
46440	992824	
46440	992888	
46440	992911	
46440	995629	
46440	996209	
46440	996322	
46440	996967	
46440	998340	
46440	998556	
46440	999168	
46440	999322	
46440	999588	
46440	999639	
46440	1002819	
46440	1003112	
46440	1005997	
46440	1006054	
46440	1006286	
46440	1006326	
46440	1006377	
46440	1006471	
46440	1006647	
46440	1006690	
46440	1006716	
46440	1006902	
46440	1006972	
46440	1007197	
46440	1007202	
46440	1007265	
46440	1007284	
46440	1007312	
46440	1007399	
46440	1007440	
46440	1007443	
46440	1007708	
46440	1007738	
46440	1007790	
46440	1007836	
46440	1007872	
46440	1007903	
46440	1007904	
46440	1007926	
46440	1007987	
46440	1008003	
46440	1008027	
46440	1008241	
46440	1008321	
46440	1008372	
46440	1008397	
46440	1008555	
46440	1008560	
46440	1008596	
46440	1008614	
46440	1008652	
46440	1008679	
46440	1008682	
46440	1008699	
46440	1008779	
46440	1008781	
46440	1008792	
46440	1008838	
46440	1008929	
46440	1008941	
46440	1009031	
46440	1009066	
46440	1009149	
46440	1009437	
46440	1009485	
46440	1009491	
46440	1009494	
46440	1009542	
46440	1009553	
46440	1009696	
46440	1009725	
46440	1009793	
46440	1009844	
46440	1009852	
46440	1009858	
46440	1009929	
46440	1009940	
46440	1010006	
46440	1010190	
46440	1010365	
46440	1010405	
46440	1010447	
46440	1010450	
46440	1010592	
46440	1010627	
46440	1010643	
46440	1010731	
46440	1010742	
46440	1010900	
46440	1010996	
46440	1011087	
46440	1011201	
46440	1011312	
46440	1011400	
46440	1011477	
46440	1011518	
46440	1011570	
46440	1011578	
46440	1011673	
46440	1011719	
46440	1011757	
46440	1011767	
46440	1011845	
46440	1012062	
46440	1012080	
46440	1012087	
46440	1012204	
46440	1012289	
46440	1012327	
46440	1012505	
46440	1012586	
46440	1012673	
46440	1012722	
46440	1012882	
46440	1012891	
46440	1012906	
46440	1013027	
46440	1013986	
46440	1014142	
46440	1016207	
46440	1016876	
46440	1018136	
46440	1018190	
46440	1018960	
46440	1019069	
46440	1019263	
46440	1022112	
46440	1025368	
46440	1025729	
46440	1025764	
46440	1025819	
46440	1026257	
46440	1026345	
46440	1026669	
46440	1028022	
46440	1028175	
46440	1028207	
46440	1028615	
46440	1028802	
46440	1029331	
46440	1029399	
46440	1029656	
46440	1029990	
46440	1030005	
46440	1030398	
46440	1032160	
46440	1032599	
46440	1034005	
46440	1034214	
46440	1034691	
46440	1034728	
46440	1034980	
46440	1035255	
46440	1035384	
46440	1035408	
46440	1037153	
46440	1038633	
46440	1038750	
46440	1039048	
46440	1041442	
46440	1043556	
46440	1044270	
46440	1044791	
46440	1045017	
46440	1045536	
46440	1045722	
46440	1045802	
46440	1045863	
46440	1046617	
46440	1046815	
46440	1047434	
46440	1047688	
46440	1047704	
46440	1047846	
46440	1048275	
46440	1048801	
46440	1048804	
46440	1049327	
46440	1050171	
46440	1052038	
46440	1053809	
46440	1055103	
46440	1055670	
46440	1056676	
46440	1058040	
46440	1058120	
46440	1058135	
46440	1060854	
46440	1061411	
46440	1061725	
46440	1061814	
46440	1062116	
46440	1062119	
46440	1063079	
46440	1064695	
46440	1064696	
46440	1065208	
46440	1066692	
46440	1067453	
46440	1067530	
46440	1070844	
46440	1072961	
46440	1073652	
46440	1073674	
46440	1076095	
46440	1076885	
46440	1078661	
46440	1079409	
46440	1081106	
46440	1081109	
46440	1082031	
46440	1082641	
46440	1083427	
46440	1083907	
46440	1083952	
46440	1084585	
46440	1084591	
46440	1085349	
46440	1086018	
46440	1086454	
46440	1088098	
46440	1088996	
46440	1090541	
46440	1090798	
46440	1094438	
46440	1097023	
46440	1098638	
46440	1099784	
46440	1100048	
46440	1100054	
46440	1100552	
46440	1100958	
46440	1102324	
46440	1102356	
46440	1102367	
46440	1102923	
46440	1102979	
46440	1103077	
46440	1103257	
46440	1104046	
46440	1104547	
46440	1109204	
46440	1109449	
46440	1109936	
46440	1110046	
46440	1110572	
46440	1114481	
46440	1117454	
46440	1118913	
46440	1118989	
46440	1119165	
46440	1119584	
46440	1120599	
46440	1120616	
46440	1120759	
46440	1121016	
46440	1121439	
46440	1122544	
46440	1122991	
46440	1123424	
46440	1124100	
46440	1124484	
46440	1124823	
46440	1125202	
46440	1126255	
46440	1127414	
46440	1127553	
46440	1129808	
46440	1130189	
46440	1130671	
46440	1132895	
46440	1133176	
46440	1135631	
46440	1135653	
46440	1139081	
46440	1140558	
46440	1140655	
46440	1140896	
46440	1141123	
46440	1141364	
46440	1141557	
46440	1141874	
46440	1142569	
46440	1143092	
46440	1143906	
46440	1144366	
46440	1144464	
46440	1144612	
46440	1144692	
46440	1144940	
46440	1145656	
46440	1145975	
46440	1148313	
46440	1149901	
46440	1151106	
46440	1152465	
46440	1155419	
46440	1157211	
46440	1158211	
46440	1159706	
46440	1168002	
46440	1168057	
46440	1168705	
46440	1169530	
46440	1173482	
46440	1173766	
46440	1174583	
46440	1174857	
46440	1174981	
46440	1176229	
46440	1182246	
46440	1182797	
46440	1183889	
46440	1186019	
46440	1186094	
46440	1186639	
46440	1186746	
46440	1186898	
46440	1189945	
46440	1190098	
46440	1190394	
46440	1191108	
46440	1191176	
46440	1191507	
46440	1191688	
46440	1192017	
46440	1194029	
46440	1194082	
46440	1194255	
46440	1195099	
46440	1197603	
46440	1199867	
46440	1200375	
46440	1205493	
46440	1205535	
46440	1211226	
46440	1211748	
46440	1212995	
46440	1213138	
46440	1213882	
46440	1214305	
46440	1214508	
46440	1214551	
46440	1214689	
46440	1215122	
46440	1215315	
46440	1215445	
46440	1215915	
46440	1216236	
46440	1217117	
46440	1217753	
46440	1218559	
46440	1219065	
46440	1223474	
46440	1225663	
46440	1226006	
46440	1226346	
46440	1226870	
46440	1226935	
46440	1228329	
46440	1228443	
46440	1228730	
46440	1230270	
46440	1230434	
46440	1231022	
46440	1232599	
46440	1232665	
46440	1232704	
46440	1233018	
46440	1233045	
46440	1233109	
46440	1233833	
46440	1233880	
46440	1234285	
46440	1234978	
46440	1239045	
46440	1239591	
46440	1240180	
46440	1240548	
46440	1240555	
46440	1240715	
46440	1240811	
46440	1240957	
46440	1241590	
46440	1242622	
46440	1243238	
46440	1245637	
46440	1245690	
46440	1245973	
46440	1246192	
46440	1246824	
46440	1247120	
46440	1247568	
46440	1248695	
46440	1248784	
46440	1248872	
46440	1249080	
46440	1249570	
46440	1250004	
46440	1250911	
46440	1255156	
46440	1255697	
46440	1255823	
46440	1256047	
46440	1256867	
46440	1257798	
46440	1257866	
46440	1258247	
46440	1258410	
46440	1258506	
46440	1258954	
46440	1259753	
46440	1261315	
46440	1262130	
46440	1262345	
46440	1262407	
46440	1262898	
46440	1263389	
46440	1264399	
46440	1264562	
46440	1265905	
46440	1266904	
46440	1267348	
46440	1268296	
46440	1269196	
46440	1269906	
46440	1270879	
46440	1271070	
46440	1271439	
46440	1271900	
46440	1276464	
46440	1276877	
46440	1278477	
46440	1281673	
46440	1283116	
46440	1283854	
46440	1284814	
46440	1284819	
46440	1284859	
46440	1284866	
46440	1284886	
46440	1285401	
46440	1288033	
46440	1288221	
46440	1289489	
46440	1289875	
46440	1292639	
46440	1296044	
46440	1296908	
46440	1297744	
46440	1298463	
46440	1299282	
46440	1299537	
46440	1300174	
46440	1300903	
46440	1301902	
46440	1302121	
46440	1302138	
46440	1302440	
46440	1302770	
46440	1304431	
46440	1305373	
46440	1306564	
46440	1307134	
46440	1307157	
46440	1307387	
46440	1308672	
46440	1309232	
46440	1309868	
46440	1309874	
46440	1310878	
46440	1312435	
46440	1312656	
46440	1312985	
46440	1314711	
46440	1314981	
46440	1315532	
46440	1316282	
46440	1316336	
46440	1316356	
46440	1318286	
46440	1318596	
46440	1321038	
46440	1322749	
46440	1326384	
46440	1327989	
46440	1332250	
46440	1335453	
46440	1337891	
46440	1337964	
46440	1339730	
46440	1340981	
46440	1341517	
46440	1342946	
46440	1343063	
46440	1343798	
46440	1355321	
46440	1356487	
46440	1356567	
46440	1357426	
46440	1358121	
46440	1360111	
46440	1362617	
46440	1363126	
46440	1363744	
46440	1365485	
46440	1365931	
46440	1366265	
46440	1367189	
46440	1369382	
46440	1370287	
46440	1370885	
46440	1371200	
46440	1371969	
46440	1372210	
46440	1372433	
46440	1372498	
46440	1372717	
46440	1372826	
46440	1372983	
46440	1373055	
46440	1373206	
46440	1373246	
46440	1373251	
46440	1373544	
46440	1373577	
46440	1373593	
46440	1375125	
46440	1375806	
46440	1376623	
46440	1378262	
46440	1378311	
46440	1379821	
46440	1380274	
46440	1383368	
46440	1383936	
46440	1384247	
46440	1386582	
46440	1388720	
46440	1391512	
46440	1392140	
46440	1393166	
46440	1394333	
46440	1395413	
46440	1395595	
46440	1396065	
46440	1396398	
46440	1396637	
46440	1396788	
46440	1396929	
46440	1397266	
46440	1400853	
46440	1400925	
46440	1401893	
46440	1405880	
46440	1407633	
46440	1407813	
46440	1411233	
46440	1414034	
46440	1415649	
46440	1415671	
46440	1418849	
46440	1420182	
46440	1420323	
46440	1420786	
46440	1420873	
46440	1421130	
46440	1421330	
46440	1422914	
46440	1423524	
46440	1424515	
46440	1424760	
46440	1430491	
46440	1430909	
46440	1430938	
46440	1432203	
46440	1432354	
46440	1433904	
46440	1435487	
46440	1437753	
46440	1437931	
46440	1438105	
46440	1438111	
46440	1442673	
46440	1443198	
46440	1449820	
46440	1451134	
46440	1451165	
46440	1451331	
46440	1451878	
46440	1453269	
46440	1456105	
46440	1456500	
46440	1457003	
46440	1457301	
46440	1457425	
46440	1457447	
46440	1458118	
46440	1458549	
46440	1458773	
46440	1459905	
46440	1460328	
46440	1460413	
46440	1460668	
46440	1461692	
46440	1461850	
46440	1464738	
46440	1467684	
46440	1469304	
46440	1472722	
46440	1473634	
46440	1474485	
46440	1474679	
46440	1474737	
46440	1474943	
46440	1480585	
46440	1481611	
46440	1481644	
46440	1482487	
46440	1486655	
46440	1486813	
46440	1486845	
46440	1487091	
46440	1487244	
46440	1487457	
46440	1487673	
46440	1487947	
46440	1487961	
46440	1488551	
46440	1492850	
46440	1494015	
46440	1497908	
46440	1504162	
46440	1505530	
46440	1506331	
46440	1507963	
46440	1511074	
46440	1514012	
46440	1516330	
46440	1518677	
46440	1519175	
46440	1519433	
46440	1520645	
46440	1523136	
46440	1525882	
46440	1528867	
46440	1528969	
46440	1528995	
46440	1529042	
46440	1529991	
46440	1530488	
46440	1533392	
46440	1533735	
46440	1533799	
46440	1533867	
46440	1533869	
46440	1533913	
46440	1533956	
46440	1533988	
46440	1533998	
46440	1534069	
46440	1534088	
46440	1534164	
46440	1534212	
46440	1534276	
46440	1534284	
46440	1534317	
46440	1534376	
46440	1534382	
46440	1534514	
46440	1534552	
46440	1534615	
46440	1534673	
46440	1536287	
46440	1536369	
46440	1537487	
46440	1537837	
46440	1539095	
46440	1539247	
46440	1539517	
46440	1540375	
46440	1541141	
46440	1542409	
46440	1542898	
46440	1543262	
46440	1544060	
46440	1544708	
46440	1544744	
46440	1545307	
46440	1545394	
46440	1545634	
46440	1547141	
46440	1550394	
46440	1551874	
46440	1553078	
46440	1553836	
46440	1553886	
46440	1554114	
46440	1554905	
46440	1555344	
46440	1555717	
46440	1564029	
46440	1564111	
46440	1564277	
46440	1564312	
46440	1565047	
46440	1567937	
46440	1568546	
46440	1568838	
46440	1569591	
46440	1570370	
46440	1570956	
46440	1571022	
46440	1571303	
46440	1571652	
46440	1572090	
46440	1574562	
46440	1574919	
46440	1577825	
46440	1580553	
46440	1587024	
46440	1591767	
46440	1593357	
46440	1593529	
46440	1594139	
46440	1594188	
46440	1594203	
46440	1594809	
46440	1595894	
46440	1596401	
46440	1596596	
46440	1598378	
46440	1598678	
46440	1599078	
46440	1599245	
46440	1599574	
46440	1601272	
46440	1601456	
46440	1601559	
46440	1607250	
46440	1610605	
46440	1611902	
46440	1612973	
46440	1614997	
46440	1615021	
46440	1617221	
46440	1618942	
46440	1619885	
46440	1623188	
46440	1623691	
46440	1623807	
46440	1624875	
46440	1626980	
46440	1627587	
46440	1629771	
46440	1630259	
46440	1630388	
46440	1630643	
46440	1631460	
46440	1632984	
46440	1634060	
46440	1636010	
46440	1636115	
46440	1636332	
46440	1636532	
46440	1636722	
46440	1636998	
46440	1637381	
46440	1637557	
46440	1637580	
46440	1638424	
46440	1638723	
46440	1640328	
46440	1640959	
46440	1641450	
46440	1642396	
46440	1649041	
46440	1649682	
46440	1650577	
46440	1659425	
46440	1659778	
46440	1660462	
46440	1660859	
46440	1660992	
46440	1661222	
46440	1663303	
46440	1665722	
46440	1665886	
46440	1667301	
46440	1673010	
46440	1674480	
46440	1675614	
46440	1681132	
46440	1682240	
46440	1682859	
46440	1684026	
46440	1685090	
46440	1687489	
46440	1689166	
46440	1690116	
46440	1691246	
46440	1691249	
46440	1693532	
46440	1694285	
46440	1694859	
46440	1695452	
46440	1698821	
46440	1702699	
46440	1705811	
46440	1706382	
46440	1706865	
46440	1706939	
46440	1708436	
46440	1709130	
46440	1711481	
46440	1719726	
46440	1720257	
46440	1723545	
46440	1723993	
46440	1724801	
46440	1726301	
46440	1726467	
46440	1726564	
46440	1727952	
46440	1729321	
46440	1729633	
46440	1729736	
46440	1733317	
46440	1733802	
46440	1734867	
46440	1735342	
46440	1735667	
46440	1737022	
46440	1737567	
46440	1738778	
46440	1740552	
46440	1741926	
46440	1744203	
46440	1747341	
46440	1747963	
46440	1749258	
46440	1749607	
46440	1755383	
46440	1756956	
46440	1756962	
46440	1757066	
46440	1757258	
46440	1758140	
46440	1758664	
46440	1759053	
46440	1761189	
46440	1762676	
46440	1763348	
46440	1765340	
46440	1767063	
46440	1769974	
46440	1770496	
46440	1770644	
46440	1770962	
46440	1772210	
46440	1773975	
46440	1775098	
46440	1777855	
46440	1778489	
46440	1778952	
46440	1780208	
46440	1780756	
46440	1781807	
46440	1782014	
46440	1782187	
46440	1782191	
46440	1782426	
46440	1784515	
46440	1785108	
46440	1785446	
46440	1786438	
46440	1787162	
46440	1788172	
46440	1790783	
46440	1791474	
46440	1792531	
46440	1800698	
46440	1802611	
46440	1802904	
46440	1803849	
46440	1804740	
46440	1808837	
46440	1809278	
46440	1810279	
46440	1811665	
46440	1812662	
46440	1819347	
46440	1820899	
46440	1820902	
46440	1821363	
46440	1821394	
46440	1822191	
46440	1830435	
46440	1831174	
46440	1831761	
46440	1833153	
46440	1833250	
46440	1837109	
46440	1837324	
46440	1838087	
46440	1838610	
46440	1839852	
46440	1839979	
46440	1843797	
46440	1846361	
46440	1846369	
46440	1846985	
46440	1847353	
46440	1847396	
46440	1849493	
46440	1852367	
46440	1852873	
46440	1853662	
46440	1853796	
46440	1853802	
46440	1853815	
46440	1853823	
46440	1853832	
46440	1853856	
46440	1853916	
46440	1853963	
46440	1854030	
46440	1854047	
46440	1854048	
46440	1857443	
46440	1857899	
46440	1858722	
46440	1859235	
46440	1862403	
46440	1865725	
46440	1866922	
46440	1867091	
46440	1867278	
46440	1867544	
46440	1869598	
46440	1869632	
46440	1872433	
46440	1873319	
46440	1874986	
46440	1875744	
46440	1876443	
46440	1876494	
46440	1876836	
46440	1878585	
46440	1880307	
46440	1880888	
46440	1880900	
46440	1881039	
46440	1881508	
46440	1881581	
46440	1883771	
46440	1883991	
46440	1884254	
46440	1884298	
46440	1884571	
46440	1884594	
46440	1885212	
46440	1885381	
46440	1885396	
46440	1885817	
46440	1885902	
46440	1885903	
46440	1885938	
46440	1885953	
46440	1890835	
46440	1890838	
46440	1891011	
46440	1895099	
46440	1897715	
46440	1898695	
46440	1898902	
46440	1899331	
46440	1901519	
46440	1901638	
46440	1901642	
46440	1901741	
46440	1901789	
46440	1901875	
46440	1901902	
46440	1902169	
46440	1902322	
46440	1902369	
46440	1902412	
46440	1902436	
46440	1902440	
46440	1902479	
46440	1902491	
46440	1902496	
46440	1902523	
46440	1902531	
46440	1902567	
46440	1902581	
46440	1902590	
46440	1902626	
46440	1902632	
46440	1902635	
46440	1902656	
46440	1902705	
46440	1902719	
46440	1902796	
46440	1902811	
46440	1902836	
46440	1902908	
46440	1902927	
46440	1903015	
46440	1903016	
46440	1903030	
46440	1903037	
46440	1903083	
46440	1903108	
46440	1903179	
46440	1903638	
46440	1904212	
46440	1904249	
46440	1904360	
46440	1904675	
46440	1904708	
46440	1905227	
46440	1905237	
46440	1905248	
46440	1905259	
46440	1905339	
46440	1905417	
46440	1908314	
46440	1908585	
46440	1909271	
46440	1909301	
46440	1910319	
46440	1911759	
46440	1912167	
46440	1912949	
46440	1912976	
46440	1913256	
46440	1913515	
46440	1913537	
46440	1913559	
46440	1913562	
46440	1914366	
46440	1914857	
46440	1915074	
46440	1915303	
46440	1915330	
46440	1915564	
46440	1915656	
46440	1915784	
46440	1915829	
46440	1916128	
46440	1916141	
46440	1916517	
46440	1916524	
46440	1916785	
46440	1917613	
46440	1917756	
46440	1918898	
46440	1920306	
46440	1920349	
46440	1920516	
46440	1920541	
46440	1920549	
46440	1921722	
46440	1921852	
46440	1922048	
46440	1926342	
46440	1926388	
46440	1926405	
46440	1926434	
46440	1926438	
46440	1927246	
46440	1928254	
46440	1928889	
46440	1929377	
46440	1929483	
46440	1929498	
46440	1929512	
46440	1929541	
46440	1929732	
46440	1929793	
46440	1929858	
46440	1929903	
46440	1930037	
46440	1930039	
46440	1930261	
46440	1930452	
46440	1930494	
46440	1930555	
46440	1930641	
46440	1930738	
46440	1930756	
46440	1930977	
46440	1930985	
46440	1930999	
46440	1931002	
46440	1931066	
46440	1931194	
46440	1931492	
46440	1931494	
46440	1931503	
46440	1931555	
46440	1931681	
46440	1932210	
46440	1932380	
46440	1932999	
46440	1933527	
46440	1934071	
46440	1934140	
46440	1934229	
46440	1934230	
46440	1934301	
46440	1934462	
46440	1934627	
46440	1934650	
46440	1934765	
46440	1934818	
46440	1934936	
46440	1935044	
46440	1935047	
46440	1935097	
46440	1935120	
46440	1935165	
46440	1935268	
46440	1935338	
46440	1935420	
46440	1935427	
46440	1936316	
46440	1937142	
46440	1937302	
46440	1937323	
46440	1937367	
46440	1937481	
46440	1937495	
46440	1937606	
46440	1937627	
46440	1937645	
46440	1937648	
46440	1937704	
46440	1937781	
46440	1937915	
46440	1938033	
46440	1938123	
46440	1938167	
46440	1938517	
46440	1938756	
46440	1940272	
46440	1940296	
46440	1940516	
46440	1940525	
46440	1940623	
46440	1940710	
46440	1940853	
46440	1940883	
46440	1940975	
46440	1942315	
46440	1942364	
46440	1942408	
46440	1942521	
46440	1942733	
46440	1943342	
46440	1943373	
46440	1944064	
46440	1944685	
46440	1944780	
46440	1946251	
46440	1946301	
46440	1946409	
46440	1946421	
46440	1946431	
46440	1946502	
46440	1946529	
46440	1946532	
46440	1946534	
46440	1946596	
46440	1946620	
46440	1946662	
46440	1946807	
46440	1946808	
46440	1946816	
46440	1946862	
46440	1946866	
46440	1946868	
46440	1946969	
46440	1947338	
46440	1947718	
46440	1947759	
46440	1947762	
46440	1947921	
46440	1947922	
46440	1947932	
46440	1947954	
46440	1948017	
46440	1948035	
46440	1948118	
46440	1948135	
46440	1948229	
46440	1948243	
46440	1948407	
46440	1948434	
46440	1948463	
46440	1948531	
46440	1948582	
46440	1948703	
46440	1948727	
46440	1948785	
46440	1948791	
46440	1948965	
46440	1949027	
46440	1949089	
46440	1949090	
46440	1949104	
46440	1949110	
46440	1949133	
46440	1949136	
46440	1949144	
46440	1949188	
46440	1949211	
46440	1949264	
46440	1949285	
46440	1949333	
46440	1949380	
46440	1949390	
46440	1949423	
46440	1949439	
46440	1949585	
46440	1949647	
46440	1949874	
