46436	1012452	
55659	1012452	
42154	1012452	
42182	1012452	
42291	1012452	
42343	1012452	
42422	1012452	
43035	1012452	
43143	1012452	
43173	1012452	
43192	1012452	
43287	1012452	
43347	1012452	
43420	1012452	
43427	1012452	
43437	1012452	
43549	1012452	
43608	1012452	
43659	1012452	
43728	1012452	
43763	1012452	
43771	1012452	
43824	1012452	
43919	1012452	
44039	1012452	
44081	1012452	
44149	1012452	
178624	1012452	
258777	1012452	
346764	1012452	
355076	1012452	
356047	1012452	
356060	1012452	
356112	1012452	
356477	1012452	
357238	1012452	
358097	1012452	
358403	1012452	
360082	1012452	
360716	1012452	
361221	1012452	
361412	1012452	
362450	1012452	
362498	1012452	
362499	1012452	
362688	1012452	
363277	1012452	
363297	1012452	
363556	1012452	
363606	1012452	
363738	1012452	
363748	1012452	
363816	1012452	
363830	1012452	
363861	1012452	
364318	1012452	
364491	1012452	
377664	1012452	
893700	1012452	
989275	1012452	
990500	1012452	
990530	1012452	
1001371	1012452	
1004123	1012452	
1005247	1012452	
1007843	1012452	
1009562	1012452	
1011913	1012452	
1012150	1012452	
1012452	1013415	
1012452	1013442	
1012452	1013638	
1012452	1013709	
1012452	1014276	
1012452	1014743	
1012452	1014899	
1012452	1015350	
1012452	1016414	
1012452	1016554	
1012452	1016768	
1012452	1018315	
1012452	1018512	
1012452	1018863	
1012452	1019067	
1012452	1019232	
1012452	1019436	
1012452	1019699	
1012452	1019899	
1012452	1020123	
1012452	1020839	
1012452	1021800	
1012452	1030003	
1012452	1041907	
1012452	1045269	
1012452	1045978	
1012452	1046417	
1012452	1057187	
1012452	1057274	
1012452	1057340	
1012452	1061614	
1012452	1062216	
1012452	1088462	
1012452	1094243	
1012452	1106312	
1012452	1106813	
1012452	1106815	
1012452	1107023	
1012452	1112260	
1012452	1112311	
1012452	1112321	
1012452	1112906	
1012452	1118420	
1012452	1126682	
1012452	1128290	
1012452	1137379	
1012452	1137381	
1012452	1137382	
1012452	1146713	
1012452	1149363	
1012452	1158882	
1012452	1160604	
1012452	1162660	
1012452	1171986	
1012452	1172271	
1012452	1175835	
1012452	1177742	
1012452	1182464	
1012452	1191252	
1012452	1208431	
1012452	1217765	
1012452	1239844	
1012452	1246446	
1012452	1261065	
1012452	1288994	
1012452	1291668	
1012452	1301750	
1012452	1315823	
1012452	1321436	
1012452	1358990	
1012452	1373683	
1012452	1401642	
1012452	1401832	
1012452	1448370	
1012452	1461776	
1012452	1472481	
1012452	1481935	
1012452	1505212	
1012452	1558612	
1012452	1574749	
1012452	1603636	
1012452	1606845	
1012452	1621628	
1012452	1630688	
1012452	1639228	
1012452	1792164	
1012452	2245804	
999103	1012452	
999443	1012452	
989004	1012452	
989212	1012452	
989292	1012452	
995471	1012452	
1000481	1012452	
999973	1012452	
1000936	1012452	
1002243	1012452	
1004981	1012452	
989039	1012452	
989130	1012452	
989151	1012452	
989246	1012452	
989265	1012452	
989310	1012452	
1003616	1012452	
1002039	1012452	
1002331	1012452	
1001144	1012452	
1004426	1012452	
1004849	1012452	
1004932	1012452	
4584	43420	
4738	258777	
4853	42154	
4857	42154	
4857	44149	
3182	178624	
674	46436	
691	55659	
692	42154	
692	42182	
692	42291	
692	42343	
692	42422	
692	43035	
692	43143	
692	43173	
692	43192	
692	43287	
692	43347	
692	43420	
692	43427	
692	43437	
692	43549	
692	43608	
692	43659	
692	43728	
692	43763	
692	43771	
692	43824	
692	43919	
692	44039	
692	44081	
692	44149	
692	363556	
6808	43728	
8123	42154	
8123	43173	
8123	43192	
8123	43427	
8123	43659	
8123	46436	
8123	178624	
8123	346764	
8123	355076	
8123	356047	
8123	356060	
8123	356112	
8123	356477	
8123	357238	
8123	358097	
8123	358403	
8123	360082	
8123	360716	
8123	361221	
8123	361412	
8123	362450	
8123	362498	
8123	362499	
8123	362688	
8123	363277	
8123	363297	
8123	363556	
8123	363606	
8123	363738	
8123	363748	
8123	363816	
8123	363830	
8123	363861	
8123	364318	
8123	364491	
8123	989004	
8123	1094243	
8175	43608	
8175	377664	
11066	43143	
11066	43192	
11066	43427	
11068	43608	
11101	43192	
11117	42182	
11117	43192	
11122	46436	
23462	42154	
23462	43608	
23496	43608	
32670	43420	
39392	42182	
34809	893700	
34751	43192	
36606	42154	
42396	42422	
42396	43192	
42396	43420	
42396	43608	
42396	46436	
42396	1001371	
42396	1505212	
42540	43192	
42540	43420	
42540	43608	
42540	43728	
42540	43824	
42540	43919	
42540	44039	
42540	46436	
42540	178624	
42540	990500	
42540	990530	
42540	1013415	
42610	43143	
42610	43192	
42610	43420	
42610	43608	
42610	43771	
42610	43919	
42610	46436	
42610	356112	
42610	989275	
42610	990500	
42610	995471	
42610	999103	
42610	1001371	
42610	1004123	
42610	1014743	
42610	1030003	
42610	1301750	
44198	999443	
44198	1002243	
44198	1004981	
44198	1208431	
46303	989004	
46327	893700	
46365	990500	
46422	355076	
46422	363816	
46422	989130	
46422	1004932	
46436	51977	
46436	51986	
46436	55955	
46436	56000	
46436	57449	
46436	81312	
46436	108841	
46436	108944	
46436	166324	
46436	185543	
46436	195727	
46436	195780	
46436	229419	
46436	229926	
46436	243513	
46436	243838	
46436	247945	
46436	248294	
46436	248473	
46436	248648	
46436	248699	
46436	248735	
46436	248748	
46436	248945	
46436	249006	
46436	249236	
46436	249391	
46436	249436	
46436	249519	
46436	249573	
46436	278769	
46436	286329	
46436	301048	
46436	306779	
46436	306823	
46436	306906	
46436	306936	
46436	306993	
46436	307017	
46436	307021	
46436	307156	
46436	307222	
46436	307339	
46436	307371	
46436	307419	
46436	307436	
46436	307444	
46436	307466	
46436	307493	
46436	307543	
46436	307584	
46436	307602	
46436	346782	
46436	346841	
46436	347618	
46436	347901	
46436	347922	
46436	348083	
46436	348246	
46436	348426	
46436	348550	
46436	349122	
46436	349868	
46436	350691	
46436	350762	
46436	352117	
46436	352120	
46436	352147	
46436	352268	
46436	352724	
46436	352824	
46436	353081	
46436	353203	
46436	353295	
46436	353704	
46436	353718	
46436	353795	
46436	353806	
46436	353813	
46436	353827	
46436	353860	
46436	353887	
46436	353973	
46436	353976	
46436	353979	
46436	354025	
46436	354032	
46436	354033	
46436	354052	
46436	354059	
46436	354107	
46436	354151	
46436	354163	
46436	354172	
46436	354187	
46436	354193	
46436	354194	
46436	354207	
46436	354231	
46436	354319	
46436	354323	
46436	354334	
46436	354338	
46436	354345	
46436	354376	
46436	354381	
46436	354388	
46436	354401	
46436	354405	
46436	354436	
46436	354445	
46436	354463	
46436	354532	
46436	354542	
46436	354571	
46436	354605	
46436	354612	
46436	354661	
46436	354701	
46436	354723	
46436	354727	
46436	354729	
46436	354730	
46436	354784	
46436	354803	
46436	354837	
46436	354844	
46436	354903	
46436	354915	
46436	354935	
46436	354965	
46436	355088	
46436	355105	
46436	355115	
46436	355147	
46436	355166	
46436	355172	
46436	355181	
46436	355221	
46436	355274	
46436	355285	
46436	355317	
46436	355330	
46436	355332	
46436	355350	
46436	355388	
46436	355397	
46436	355410	
46436	355461	
46436	355476	
46436	355498	
46436	355557	
46436	355581	
46436	355585	
46436	355599	
46436	355603	
46436	355637	
46436	355642	
46436	355696	
46436	355698	
46436	355712	
46436	355713	
46436	355768	
46436	355770	
46436	355775	
46436	355779	
46436	355807	
46436	355809	
46436	355817	
46436	355818	
46436	355820	
46436	355827	
46436	355828	
46436	355840	
46436	355875	
46436	355882	
46436	355887	
46436	355913	
46436	355931	
46436	355932	
46436	355963	
46436	355986	
46436	355996	
46436	356001	
46436	356005	
46436	356009	
46436	356022	
46436	356025	
46436	356059	
46436	356072	
46436	356076	
46436	356084	
46436	356098	
46436	356128	
46436	356159	
46436	356187	
46436	356202	
46436	356209	
46436	356239	
46436	356270	
46436	356290	
46436	356359	
46436	356370	
46436	356375	
46436	356433	
46436	356467	
46436	356495	
46436	356541	
46436	356559	
46436	356578	
46436	356596	
46436	356624	
46436	356627	
46436	356647	
46436	356665	
46436	356679	
46436	356708	
46436	356734	
46436	356751	
46436	356764	
46436	356776	
46436	356779	
46436	356783	
46436	356789	
46436	356816	
46436	356841	
46436	356864	
46436	356875	
46436	356906	
46436	356913	
46436	356941	
46436	356970	
46436	356985	
46436	357076	
46436	357082	
46436	357083	
46436	357098	
46436	357104	
46436	357127	
46436	357150	
46436	357158	
46436	357162	
46436	357194	
46436	357255	
46436	357263	
46436	357285	
46436	357287	
46436	357296	
46436	357310	
46436	357407	
46436	357479	
46436	357488	
46436	357501	
46436	357509	
46436	357551	
46436	357568	
46436	357649	
46436	357664	
46436	357668	
46436	357697	
46436	357699	
46436	357713	
46436	357743	
46436	357749	
46436	357758	
46436	357791	
46436	357819	
46436	357827	
46436	357849	
46436	357883	
46436	357888	
46436	357890	
46436	357902	
46436	357907	
46436	357914	
46436	357931	
46436	357938	
46436	357976	
46436	357992	
46436	357996	
46436	357999	
46436	358016	
46436	358024	
46436	358025	
46436	358026	
46436	358028	
46436	358033	
46436	358074	
46436	358092	
46436	358108	
46436	358119	
46436	358171	
46436	358210	
46436	358263	
46436	358270	
46436	358294	
46436	358327	
46436	358330	
46436	358364	
46436	358404	
46436	358406	
46436	358431	
46436	358463	
46436	358498	
46436	358501	
46436	358508	
46436	358521	
46436	358558	
46436	358560	
46436	358581	
46436	358592	
46436	358633	
46436	358711	
46436	358715	
46436	358727	
46436	358735	
46436	358770	
46436	358795	
46436	358801	
46436	358809	
46436	358822	
46436	358826	
46436	358829	
46436	358843	
46436	358847	
46436	358852	
46436	358866	
46436	358888	
46436	358958	
46436	358961	
46436	358962	
46436	358984	
46436	359021	
46436	359030	
46436	359059	
46436	359101	
46436	359139	
46436	359142	
46436	359155	
46436	359162	
46436	359166	
46436	359181	
46436	359212	
46436	359214	
46436	359301	
46436	359313	
46436	359317	
46436	359323	
46436	359348	
46436	359350	
46436	359391	
46436	359410	
46436	359413	
46436	359449	
46436	359479	
46436	359515	
46436	359533	
46436	359543	
46436	359570	
46436	359572	
46436	359589	
46436	359635	
46436	359644	
46436	359692	
46436	359747	
46436	359755	
46436	359770	
46436	359781	
46436	359797	
46436	359821	
46436	359860	
46436	359862	
46436	359913	
46436	359933	
46436	359938	
46436	359941	
46436	359950	
46436	359958	
46436	360027	
46436	360029	
46436	360046	
46436	360059	
46436	360087	
46436	360147	
46436	360151	
46436	360152	
46436	360157	
46436	360195	
46436	360201	
46436	360207	
46436	360271	
46436	360275	
46436	360277	
46436	360284	
46436	360290	
46436	360321	
46436	360342	
46436	360389	
46436	360404	
46436	360423	
46436	360452	
46436	360468	
46436	360481	
46436	360483	
46436	360497	
46436	360506	
46436	360516	
46436	360529	
46436	360557	
46436	360572	
46436	360597	
46436	360616	
46436	360628	
46436	360706	
46436	360746	
46436	360748	
46436	360775	
46436	360801	
46436	360823	
46436	360826	
46436	360834	
46436	360870	
46436	360882	
46436	360911	
46436	360929	
46436	360964	
46436	360969	
46436	361016	
46436	361022	
46436	361032	
46436	361047	
46436	361060	
46436	361070	
46436	361131	
46436	361255	
46436	361274	
46436	361286	
46436	361363	
46436	361379	
46436	361445	
46436	361470	
46436	361472	
46436	361473	
46436	361521	
46436	361526	
46436	361534	
46436	361544	
46436	361556	
46436	361626	
46436	361638	
46436	361696	
46436	361721	
46436	361746	
46436	361749	
46436	361767	
46436	361780	
46436	361800	
46436	361901	
46436	361906	
46436	361914	
46436	361925	
46436	361935	
46436	361968	
46436	361972	
46436	361993	
46436	362074	
46436	362102	
46436	362125	
46436	362144	
46436	362171	
46436	362194	
46436	362205	
46436	362221	
46436	362281	
46436	362285	
46436	362296	
46436	362298	
46436	362307	
46436	362322	
46436	362323	
46436	362337	
46436	362394	
46436	362402	
46436	362405	
46436	362407	
46436	362429	
46436	362483	
46436	362524	
46436	362549	
46436	362557	
46436	362594	
46436	362603	
46436	362625	
46436	362681	
46436	362683	
46436	362719	
46436	362731	
46436	362737	
46436	362740	
46436	362741	
46436	362742	
46436	362743	
46436	362758	
46436	362795	
46436	362804	
46436	362828	
46436	362838	
46436	362847	
46436	362895	
46436	362946	
46436	362979	
46436	362986	
46436	362989	
46436	363065	
46436	363077	
46436	363085	
46436	363103	
46436	363113	
46436	363153	
46436	363163	
46436	363184	
46436	363186	
46436	363191	
46436	363217	
46436	363218	
46436	363265	
46436	363294	
46436	363298	
46436	363327	
46436	363390	
46436	363410	
46436	363411	
46436	363433	
46436	363451	
46436	363468	
46436	363479	
46436	363489	
46436	363493	
46436	363503	
46436	363521	
46436	363543	
46436	363587	
46436	363593	
46436	363613	
46436	363688	
46436	363699	
46436	363706	
46436	363717	
46436	363727	
46436	363747	
46436	363815	
46436	363888	
46436	363930	
46436	363949	
46436	363952	
46436	364062	
46436	364076	
46436	364110	
46436	364117	
46436	364193	
46436	364203	
46436	364229	
46436	364268	
46436	364271	
46436	364281	
46436	364291	
46436	364311	
46436	364316	
46436	364318	
46436	364502	
46436	364504	
46436	364537	
46436	364565	
46436	364577	
46436	364590	
46436	364604	
46436	364605	
46436	364639	
46436	364685	
46436	364722	
46436	364806	
46436	364808	
46436	364907	
46436	364911	
46436	365006	
46436	365051	
46436	365094	
46436	365100	
46436	365126	
46436	365396	
46436	369886	
46436	377426	
46436	377704	
46436	381200	
46436	445611	
46436	446524	
46436	448906	
46436	461748	
46436	464626	
46436	464770	
46436	465096	
46436	474635	
46436	476421	
46436	476478	
46436	482059	
46436	484986	
46436	487113	
46436	487122	
46436	492383	
46436	497375	
46436	497882	
46436	533012	
46436	533065	
46436	533131	
46436	533173	
46436	533217	
46436	533311	
46436	533733	
46436	534050	
46436	557683	
46436	587551	
46436	598973	
46436	602617	
46436	610870	
46436	642252	
46436	648238	
46436	648317	
46436	668278	
46436	668547	
46436	668672	
46436	675206	
46436	676395	
46436	676440	
46436	695651	
46436	695657	
46436	701357	
46436	704232	
46436	725600	
46436	729863	
46436	733637	
46436	745343	
46436	770094	
46436	778504	
46436	779009	
46436	779313	
46436	779315	
46436	780085	
46436	783937	
46436	814818	
46436	823139	
46436	824985	
46436	831468	
46436	833078	
46436	851282	
46436	879519	
46436	879827	
46436	879828	
46436	879867	
46436	889030	
46436	893352	
46436	920199	
46436	970002	
46436	970035	
46436	970036	
46436	976397	
46436	976478	
46436	985166	
46436	986969	
46436	986970	
46436	987030	
46436	987369	
46436	987380	
46436	987383	
46436	987407	
46436	987409	
46436	987423	
46436	987435	
46436	987438	
46436	987447	
46436	987452	
46436	987470	
46436	987472	
46436	987476	
46436	987489	
46436	987498	
46436	987504	
46436	987510	
46436	987514	
46436	987517	
46436	987518	
46436	987519	
46436	987575	
46436	987576	
46436	987584	
46436	987585	
46436	987600	
46436	987621	
46436	987622	
46436	987634	
46436	987640	
46436	987643	
46436	987660	
46436	987663	
46436	987689	
46436	987690	
46436	987695	
46436	987712	
46436	987713	
46436	987720	
46436	987727	
46436	987730	
46436	987731	
46436	987738	
46436	987747	
46436	987751	
46436	987755	
46436	987760	
46436	987762	
46436	987764	
46436	987779	
46436	987789	
46436	987793	
46436	987794	
46436	987803	
46436	987836	
46436	987838	
46436	987893	
46436	987900	
46436	987910	
46436	987917	
46436	987927	
46436	987948	
46436	987997	
46436	988003	
46436	988030	
46436	988034	
46436	988036	
46436	988052	
46436	988099	
46436	988101	
46436	988108	
46436	988118	
46436	988139	
46436	988157	
46436	988182	
46436	988193	
46436	988248	
46436	988270	
46436	988276	
46436	988285	
46436	988287	
46436	988295	
46436	988308	
46436	988310	
46436	988446	
46436	989054	
46436	989088	
46436	989198	
46436	989218	
46436	989282	
46436	989341	
46436	989364	
46436	989557	
46436	990458	
46436	990733	
46436	990734	
46436	991084	
46436	991501	
46436	991517	
46436	991681	
46436	991762	
46436	991791	
46436	991815	
46436	991868	
46436	992375	
46436	992400	
46436	992470	
46436	993796	
46436	994177	
46436	994330	
46436	994444	
46436	994591	
46436	994656	
46436	994852	
46436	994873	
46436	994898	
46436	994968	
46436	994980	
46436	995010	
46436	995021	
46436	995055	
46436	995685	
46436	995735	
46436	995737	
46436	995750	
46436	995753	
46436	995780	
46436	995783	
46436	995785	
46436	995793	
46436	995797	
46436	995813	
46436	995832	
46436	995841	
46436	995855	
46436	995862	
46436	995883	
46436	995885	
46436	995897	
46436	995900	
46436	995901	
46436	995907	
46436	995908	
46436	995909	
46436	995919	
46436	995920	
46436	995923	
46436	995924	
46436	995928	
46436	995930	
46436	995932	
46436	995934	
46436	995938	
46436	995941	
46436	995956	
46436	995957	
46436	995959	
46436	995961	
46436	995970	
46436	995971	
46436	995972	
46436	995976	
46436	995980	
46436	995985	
46436	995996	
46436	995999	
46436	996002	
46436	996003	
46436	996005	
46436	996012	
46436	996019	
46436	996021	
46436	996028	
46436	996030	
46436	996034	
46436	996040	
46436	996048	
46436	996049	
46436	996050	
46436	996053	
46436	996061	
46436	996062	
46436	996064	
46436	996070	
46436	996074	
46436	996079	
46436	996082	
46436	996097	
46436	996100	
46436	996101	
46436	996109	
46436	996110	
46436	996113	
46436	996114	
46436	996117	
46436	996118	
46436	996120	
46436	996131	
46436	996132	
46436	996133	
46436	996138	
46436	996144	
46436	996147	
46436	997471	
46436	997511	
46436	997776	
46436	997880	
46436	997907	
46436	998303	
46436	998385	
46436	998393	
46436	998399	
46436	998945	
46436	999593	
46436	1000264	
46436	1000266	
46436	1000301	
46436	1000340	
46436	1000349	
46436	1000368	
46436	1000372	
46436	1000385	
46436	1000433	
46436	1000448	
46436	1000469	
46436	1000493	
46436	1000575	
46436	1000690	
46436	1000694	
46436	1000750	
46436	1000767	
46436	1000778	
46436	1000794	
46436	1000798	
46436	1000807	
46436	1000859	
46436	1000886	
46436	1000888	
46436	1001242	
46436	1002433	
46436	1003541	
46436	1003562	
46436	1003574	
46436	1003599	
46436	1003638	
46436	1003639	
46436	1003643	
46436	1003673	
46436	1003681	
46436	1003694	
46436	1003696	
46436	1003697	
46436	1003701	
46436	1004071	
46436	1004093	
46436	1004173	
46436	1004283	
46436	1004695	
46436	1004854	
46436	1005125	
46436	1005188	
46436	1005268	
46436	1005439	
46436	1005461	
46436	1005902	
46436	1006018	
46436	1006027	
46436	1006149	
46436	1006151	
46436	1006226	
46436	1006333	
46436	1006365	
46436	1006514	
46436	1006661	
46436	1006712	
46436	1006751	
46436	1006784	
46436	1006945	
46436	1006995	
46436	1007044	
46436	1007103	
46436	1007142	
46436	1007177	
46436	1007202	
46436	1007361	
46436	1007368	
46436	1007503	
46436	1007524	
46436	1007584	
46436	1007658	
46436	1007790	
46436	1007799	
46436	1007932	
46436	1008128	
46436	1008144	
46436	1008165	
46436	1008423	
46436	1008556	
46436	1008614	
46436	1008880	
46436	1008944	
46436	1008974	
46436	1009053	
46436	1009064	
46436	1009105	
46436	1009209	
46436	1009386	
46436	1009387	
46436	1009444	
46436	1009663	
46436	1009670	
46436	1009722	
46436	1009733	
46436	1009921	
46436	1010026	
46436	1010074	
46436	1010170	
46436	1010548	
46436	1010615	
46436	1010628	
46436	1010699	
46436	1010915	
46436	1010951	
46436	1011067	
46436	1011177	
46436	1011414	
46436	1011457	
46436	1011489	
46436	1011500	
46436	1011645	
46436	1011697	
46436	1011712	
46436	1011797	
46436	1011875	
46436	1011928	
46436	1012128	
46436	1012143	
46436	1012302	
46436	1012307	
46436	1012376	
46436	1012546	
46436	1012690	
46436	1012877	
46436	1012915	
46436	1013004	
46436	1013054	
46436	1013065	
46436	1013166	
46436	1013334	
46436	1013437	
46436	1013527	
46436	1013544	
46436	1013545	
46436	1013567	
46436	1013575	
46436	1013577	
46436	1013597	
46436	1013604	
46436	1013614	
46436	1013624	
46436	1013644	
46436	1013647	
46436	1013676	
46436	1013717	
46436	1013734	
46436	1013740	
46436	1013748	
46436	1013778	
46436	1013793	
46436	1013818	
46436	1013841	
46436	1013851	
46436	1013903	
46436	1013905	
46436	1013938	
46436	1013975	
46436	1013993	
46436	1014050	
46436	1014062	
46436	1014084	
46436	1014100	
46436	1014133	
46436	1014134	
46436	1014142	
46436	1014174	
46436	1014186	
46436	1014194	
46436	1014199	
46436	1014208	
46436	1014210	
46436	1014235	
46436	1014296	
46436	1014304	
46436	1014316	
46436	1014373	
46436	1014391	
46436	1014402	
46436	1014434	
46436	1014438	
46436	1014446	
46436	1014452	
46436	1014458	
46436	1014570	
46436	1014573	
46436	1014578	
46436	1014581	
46436	1014644	
46436	1014645	
46436	1014663	
46436	1014664	
46436	1014682	
46436	1014686	
46436	1014688	
46436	1014692	
46436	1014698	
46436	1014736	
46436	1014737	
46436	1014787	
46436	1014790	
46436	1014804	
46436	1014807	
46436	1014810	
46436	1014824	
46436	1014838	
46436	1014857	
46436	1014883	
46436	1014909	
46436	1014917	
46436	1014925	
46436	1014939	
46436	1014950	
46436	1014955	
46436	1014964	
46436	1014978	
46436	1014989	
46436	1015002	
46436	1015003	
46436	1015022	
46436	1015024	
46436	1015027	
46436	1015045	
46436	1015058	
46436	1015088	
46436	1015096	
46436	1015126	
46436	1015127	
46436	1015130	
46436	1015133	
46436	1015150	
46436	1015160	
46436	1015162	
46436	1015175	
46436	1015176	
46436	1015210	
46436	1015216	
46436	1015225	
46436	1015239	
46436	1015251	
46436	1015253	
46436	1015257	
46436	1015265	
46436	1015266	
46436	1015270	
46436	1015271	
46436	1015288	
46436	1015315	
46436	1015328	
46436	1015343	
46436	1015344	
46436	1015349	
46436	1015382	
46436	1015388	
46436	1015390	
46436	1015395	
46436	1015398	
46436	1015414	
46436	1015429	
46436	1015447	
46436	1015452	
46436	1015455	
46436	1015461	
46436	1015466	
46436	1015468	
46436	1015478	
46436	1015526	
46436	1015579	
46436	1015608	
46436	1015646	
46436	1015668	
46436	1015678	
46436	1015720	
46436	1015733	
46436	1015736	
46436	1015751	
46436	1015802	
46436	1015812	
46436	1015852	
46436	1015895	
46436	1015896	
46436	1015897	
46436	1015900	
46436	1015905	
46436	1015923	
46436	1015928	
46436	1015945	
46436	1015947	
46436	1015975	
46436	1015990	
46436	1015997	
46436	1016034	
46436	1016053	
46436	1016057	
46436	1016075	
46436	1016093	
46436	1016102	
46436	1016103	
46436	1016115	
46436	1016116	
46436	1016118	
46436	1016125	
46436	1016141	
46436	1016144	
46436	1016162	
46436	1016181	
46436	1016185	
46436	1016204	
46436	1016209	
46436	1016216	
46436	1016230	
46436	1016236	
46436	1016237	
46436	1016248	
46436	1016272	
46436	1016283	
46436	1016335	
46436	1016337	
46436	1016345	
46436	1016358	
46436	1016373	
46436	1016398	
46436	1016404	
46436	1016439	
46436	1016444	
46436	1016465	
46436	1016486	
46436	1016507	
46436	1016511	
46436	1016519	
46436	1016523	
46436	1016530	
46436	1016538	
46436	1016544	
46436	1016572	
46436	1016578	
46436	1016583	
46436	1016598	
46436	1016604	
46436	1016605	
46436	1016616	
46436	1016649	
46436	1016653	
46436	1016656	
46436	1016688	
46436	1016776	
46436	1016783	
46436	1018224	
46436	1018280	
46436	1018308	
46436	1018397	
46436	1018703	
46436	1018709	
46436	1018718	
46436	1018748	
46436	1018763	
46436	1018889	
46436	1018925	
46436	1018974	
46436	1019069	
46436	1019089	
46436	1019329	
46436	1019365	
46436	1019375	
46436	1019560	
46436	1019624	
46436	1019653	
46436	1019939	
46436	1020059	
46436	1020095	
46436	1020237	
46436	1020277	
46436	1020440	
46436	1020497	
46436	1020549	
46436	1020553	
46436	1020669	
46436	1020684	
46436	1020751	
46436	1021055	
46436	1021204	
46436	1021218	
46436	1021469	
46436	1021596	
46436	1021758	
46436	1021764	
46436	1021782	
46436	1021792	
46436	1021940	
46436	1021974	
46436	1021998	
46436	1022130	
46436	1022131	
46436	1022146	
46436	1022177	
46436	1022181	
46436	1022451	
46436	1022454	
46436	1022458	
46436	1022630	
46436	1023140	
46436	1023302	
46436	1023389	
46436	1023492	
46436	1023515	
46436	1023785	
46436	1023858	
46436	1024442	
46436	1024640	
46436	1024866	
46436	1024880	
46436	1025044	
46436	1025690	
46436	1025697	
46436	1025720	
46436	1026144	
46436	1026244	
46436	1026254	
46436	1026302	
46436	1026441	
46436	1026456	
46436	1026515	
46436	1026621	
46436	1026651	
46436	1026877	
46436	1027061	
46436	1027257	
46436	1027320	
46436	1027361	
46436	1027575	
46436	1027586	
46436	1027588	
46436	1027647	
46436	1027671	
46436	1027690	
46436	1027693	
46436	1027698	
46436	1027700	
46436	1027702	
46436	1027704	
46436	1027717	
46436	1027762	
46436	1027765	
46436	1027775	
46436	1027781	
46436	1027783	
46436	1027786	
46436	1027790	
46436	1027804	
46436	1027806	
46436	1027817	
46436	1027821	
46436	1027830	
46436	1027832	
46436	1027856	
46436	1027882	
46436	1028019	
46436	1028039	
46436	1028048	
46436	1028121	
46436	1028170	
46436	1028344	
46436	1028483	
46436	1028518	
46436	1028671	
46436	1028813	
46436	1028920	
46436	1029220	
46436	1029451	
46436	1029615	
46436	1029622	
46436	1029643	
46436	1029698	
46436	1029754	
46436	1029928	
46436	1029962	
46436	1029986	
46436	1030535	
46436	1030610	
46436	1030691	
46436	1030932	
46436	1030943	
46436	1031024	
46436	1031271	
46436	1031285	
46436	1031388	
46436	1031394	
46436	1031487	
46436	1031698	
46436	1031762	
46436	1031824	
46436	1032034	
46436	1032145	
46436	1032191	
46436	1032219	
46436	1032236	
46436	1032241	
46436	1032341	
46436	1032369	
46436	1032453	
46436	1032541	
46436	1032816	
46436	1032968	
46436	1032975	
46436	1033070	
46436	1033151	
46436	1033225	
46436	1033228	
46436	1033293	
46436	1033340	
46436	1033358	
46436	1033372	
46436	1033377	
46436	1033401	
46436	1033469	
46436	1033662	
46436	1033739	
46436	1033823	
46436	1033856	
46436	1033891	
46436	1033950	
46436	1034058	
46436	1034072	
46436	1034097	
46436	1034199	
46436	1034217	
46436	1034229	
46436	1034237	
46436	1034285	
46436	1034318	
46436	1034332	
46436	1034348	
46436	1034369	
46436	1034374	
46436	1034394	
46436	1034413	
46436	1034415	
46436	1034427	
46436	1034455	
46436	1034464	
46436	1034475	
46436	1034492	
46436	1034494	
46436	1034495	
46436	1034504	
46436	1034512	
46436	1034518	
46436	1034531	
46436	1034544	
46436	1034567	
46436	1034569	
46436	1034582	
46436	1034587	
46436	1034602	
46436	1034603	
46436	1034620	
46436	1034624	
46436	1034629	
46436	1034821	
46436	1035107	
46436	1035647	
46436	1035708	
46436	1035993	
46436	1036034	
46436	1036157	
46436	1036467	
46436	1036500	
46436	1036502	
46436	1036611	
46436	1036616	
46436	1036643	
46436	1037205	
46436	1037498	
46436	1038358	
46436	1038884	
46436	1038896	
46436	1038921	
46436	1039090	
46436	1039118	
46436	1039125	
46436	1039162	
46436	1039395	
46436	1039456	
46436	1039497	
46436	1039507	
46436	1039534	
46436	1039541	
46436	1039587	
46436	1039597	
46436	1039642	
46436	1039695	
46436	1039723	
46436	1039947	
46436	1040030	
46436	1040097	
46436	1040150	
46436	1040168	
46436	1040380	
46436	1040502	
46436	1040616	
46436	1040749	
46436	1041042	
46436	1041173	
46436	1041185	
46436	1041199	
46436	1041213	
46436	1041232	
46436	1041235	
46436	1041305	
46436	1041329	
46436	1041357	
46436	1041372	
46436	1041403	
46436	1041418	
46436	1041472	
46436	1041515	
46436	1041521	
46436	1041550	
46436	1041562	
46436	1041578	
46436	1041583	
46436	1041596	
46436	1041606	
46436	1041671	
46436	1041687	
46436	1041695	
46436	1041715	
46436	1041735	
46436	1041840	
46436	1041868	
46436	1041885	
46436	1041926	
46436	1041937	
46436	1041941	
46436	1041997	
46436	1042013	
46436	1042053	
46436	1042058	
46436	1042068	
46436	1042107	
46436	1042135	
46436	1042169	
46436	1042178	
46436	1042188	
46436	1042250	
46436	1042253	
46436	1042269	
46436	1042278	
46436	1042296	
46436	1042309	
46436	1042335	
46436	1042343	
46436	1042388	
46436	1042462	
46436	1042474	
46436	1042498	
46436	1043349	
46436	1043604	
46436	1043623	
46436	1043937	
46436	1043947	
46436	1043982	
46436	1044216	
46436	1044217	
46436	1044280	
46436	1044382	
46436	1044480	
46436	1044611	
46436	1044695	
46436	1044777	
46436	1044781	
46436	1044810	
46436	1044834	
46436	1044957	
46436	1044993	
46436	1045016	
46436	1045063	
46436	1045149	
46436	1045194	
46436	1045236	
46436	1045277	
46436	1045299	
46436	1045302	
46436	1045335	
46436	1045352	
46436	1045384	
46436	1045402	
46436	1045805	
46436	1045856	
46436	1045910	
46436	1046037	
46436	1046048	
46436	1046092	
46436	1046157	
46436	1046271	
46436	1046298	
46436	1046374	
46436	1046458	
46436	1046479	
46436	1046504	
46436	1046726	
46436	1046739	
46436	1046924	
46436	1046967	
46436	1047027	
46436	1047029	
46436	1047079	
46436	1047099	
46436	1047158	
46436	1047252	
46436	1047276	
46436	1047315	
46436	1047539	
46436	1047690	
46436	1047797	
46436	1047862	
46436	1048393	
46436	1048480	
46436	1048571	
46436	1048589	
46436	1048699	
46436	1049032	
46436	1049346	
46436	1049381	
46436	1049395	
46436	1049457	
46436	1049469	
46436	1049484	
46436	1049672	
46436	1049689	
46436	1049884	
46436	1049923	
46436	1049932	
46436	1049950	
46436	1050021	
46436	1050024	
46436	1050031	
46436	1050059	
46436	1050067	
46436	1050110	
46436	1050121	
46436	1050128	
46436	1050154	
46436	1050159	
46436	1050221	
46436	1050234	
46436	1050249	
46436	1050298	
46436	1050318	
46436	1050478	
46436	1050487	
46436	1050713	
46436	1051566	
46436	1051706	
46436	1051857	
46436	1051931	
46436	1052073	
46436	1052475	
46436	1052497	
46436	1052579	
46436	1052585	
46436	1052605	
46436	1052754	
46436	1052854	
46436	1052976	
46436	1053038	
46436	1053128	
46436	1053175	
46436	1053430	
46436	1053508	
46436	1053653	
46436	1053759	
46436	1053762	
46436	1053783	
46436	1053834	
46436	1053925	
46436	1053979	
46436	1054184	
46436	1054213	
46436	1054337	
46436	1054490	
46436	1054537	
46436	1054674	
46436	1054750	
46436	1054805	
46436	1054887	
46436	1055022	
46436	1055031	
46436	1055115	
46436	1055265	
46436	1055269	
46436	1055300	
46436	1055318	
46436	1055378	
46436	1055468	
46436	1055521	
46436	1055586	
46436	1055607	
46436	1055682	
46436	1055739	
46436	1055774	
46436	1055820	
46436	1055828	
46436	1055873	
46436	1055926	
46436	1056050	
46436	1056081	
46436	1056106	
46436	1056155	
46436	1056238	
46436	1056245	
46436	1056272	
46436	1056342	
46436	1056451	
46436	1056457	
46436	1056506	
46436	1056606	
46436	1056630	
46436	1056846	
46436	1056849	
46436	1056880	
46436	1056905	
46436	1056967	
46436	1057019	
46436	1057073	
46436	1057128	
46436	1057144	
46436	1057210	
46436	1057266	
46436	1057308	
46436	1057671	
46436	1058687	
46436	1064742	
46436	1064743	
46436	1065179	
46436	1065332	
46436	1065449	
46436	1065457	
46436	1065485	
46436	1065517	
46436	1065536	
46436	1065537	
46436	1065596	
46436	1065763	
46436	1065769	
46436	1065786	
46436	1065911	
46436	1066063	
46436	1066117	
46436	1066387	
46436	1066987	
46436	1066996	
46436	1067192	
46436	1067564	
46436	1068038	
46436	1068082	
46436	1068185	
46436	1068226	
46436	1068431	
46436	1068663	
46436	1068848	
46436	1069141	
46436	1069329	
46436	1069340	
46436	1069341	
46436	1069779	
46436	1070611	
46436	1070744	
46436	1071018	
46436	1071256	
46436	1071555	
46436	1071621	
46436	1071959	
46436	1072720	
46436	1072756	
46436	1073063	
46436	1073077	
46436	1073115	
46436	1075250	
46436	1075278	
46436	1075280	
46436	1075308	
46436	1075320	
46436	1075459	
46436	1075464	
46436	1075535	
46436	1075537	
46436	1075546	
46436	1076610	
46436	1077049	
46436	1078285	
46436	1079125	
46436	1081685	
46436	1082976	
46436	1083171	
46436	1083427	
46436	1083948	
46436	1083975	
46436	1084154	
46436	1084169	
46436	1084324	
46436	1084586	
46436	1084614	
46436	1084904	
46436	1085001	
46436	1085282	
46436	1085320	
46436	1085616	
46436	1085669	
46436	1085930	
46436	1090811	
46436	1090903	
46436	1090909	
46436	1091096	
46436	1091105	
46436	1091117	
46436	1091394	
46436	1091663	
46436	1094289	
46436	1094433	
46436	1094595	
46436	1094687	
46436	1094814	
46436	1094958	
46436	1095047	
46436	1095241	
46436	1099409	
46436	1100458	
46436	1101575	
46436	1101712	
46436	1101715	
46436	1101751	
46436	1101752	
46436	1101790	
46436	1101796	
46436	1101863	
46436	1101892	
46436	1101893	
46436	1101964	
46436	1102000	
46436	1102010	
46436	1102064	
46436	1102094	
46436	1102105	
46436	1102149	
46436	1102157	
46436	1102165	
46436	1102183	
46436	1102184	
46436	1102188	
46436	1102190	
46436	1102191	
46436	1102192	
46436	1102424	
46436	1102463	
46436	1103429	
46436	1104428	
46436	1104508	
46436	1105025	
46436	1105098	
46436	1105141	
46436	1105398	
46436	1106373	
46436	1106611	
46436	1106647	
46436	1106649	
46436	1107352	
46436	1109375	
46436	1109455	
46436	1109498	
46436	1109509	
46436	1109529	
46436	1109534	
46436	1109553	
46436	1109578	
46436	1109673	
46436	1109691	
46436	1109729	
46436	1109734	
46436	1109764	
46436	1109772	
46436	1109892	
46436	1109923	
46436	1109925	
46436	1109947	
46436	1109952	
46436	1110005	
46436	1110061	
46436	1110085	
46436	1110116	
46436	1110132	
46436	1110147	
46436	1110157	
46436	1110166	
46436	1110271	
46436	1110301	
46436	1110354	
46436	1110366	
46436	1110426	
46436	1110461	
46436	1110465	
46436	1110477	
46436	1110566	
46436	1110574	
46436	1110612	
46436	1110663	
46436	1110705	
46436	1110707	
46436	1110717	
46436	1111004	
46436	1112364	
46436	1112830	
46436	1114771	
46436	1114822	
46436	1115130	
46436	1115171	
46436	1115302	
46436	1116785	
46436	1116800	
46436	1118329	
46436	1118556	
46436	1118779	
46436	1120319	
46436	1120379	
46436	1120463	
46436	1120474	
46436	1120502	
46436	1120680	
46436	1120759	
46436	1120905	
46436	1121180	
46436	1121245	
46436	1121350	
46436	1121412	
46436	1122237	
46436	1123036	
46436	1123066	
46436	1123090	
46436	1123333	
46436	1123972	
46436	1124121	
46436	1124249	
46436	1124442	
46436	1124610	
46436	1124747	
46436	1124844	
46436	1125119	
46436	1125190	
46436	1125273	
46436	1125295	
46436	1125336	
46436	1125353	
46436	1125437	
46436	1125457	
46436	1125486	
46436	1125505	
46436	1125545	
46436	1125579	
46436	1125796	
46436	1125866	
46436	1126118	
46436	1126177	
46436	1126212	
46436	1126221	
46436	1126267	
46436	1126362	
46436	1126442	
46436	1126512	
46436	1126555	
46436	1126677	
46436	1126699	
46436	1126715	
46436	1126768	
46436	1126796	
46436	1126831	
46436	1127408	
46436	1127583	
46436	1127604	
46436	1127644	
46436	1127740	
46436	1127884	
46436	1127924	
46436	1127971	
46436	1128102	
46436	1128481	
46436	1130383	
46436	1130683	
46436	1130741	
46436	1130786	
46436	1131852	
46436	1132208	
46436	1137199	
46436	1138702	
46436	1140878	
46436	1141082	
46436	1141360	
46436	1141460	
46436	1141556	
46436	1141619	
46436	1141953	
46436	1141978	
46436	1142026	
46436	1142124	
46436	1142287	
46436	1142301	
46436	1142401	
46436	1142457	
46436	1142567	
46436	1142768	
46436	1142800	
46436	1142816	
46436	1142966	
46436	1143085	
46436	1143289	
46436	1143318	
46436	1143431	
46436	1143805	
46436	1143980	
46436	1144052	
46436	1144254	
46436	1144315	
46436	1144320	
46436	1144569	
46436	1144645	
46436	1144666	
46436	1144730	
46436	1144741	
46436	1144961	
46436	1145007	
46436	1145042	
46436	1145139	
46436	1145230	
46436	1145254	
46436	1145258	
46436	1145410	
46436	1145440	
46436	1145443	
46436	1145450	
46436	1145469	
46436	1145585	
46436	1145600	
46436	1145647	
46436	1145771	
46436	1145776	
46436	1145830	
46436	1146036	
46436	1146081	
46436	1146189	
46436	1146245	
46436	1146297	
46436	1146346	
46436	1146359	
46436	1146428	
46436	1146430	
46436	1146491	
46436	1146523	
46436	1146593	
46436	1146660	
46436	1146915	
46436	1147051	
46436	1147250	
46436	1147251	
46436	1147349	
46436	1147357	
46436	1147432	
46436	1147458	
46436	1147508	
46436	1147533	
46436	1147540	
46436	1147652	
46436	1147694	
46436	1147760	
46436	1147865	
46436	1147940	
46436	1148012	
46436	1148130	
46436	1148143	
46436	1148168	
46436	1148233	
46436	1148260	
46436	1148358	
46436	1148389	
46436	1148426	
46436	1148571	
46436	1148573	
46436	1148592	
46436	1148600	
46436	1148616	
46436	1148739	
46436	1148753	
46436	1148756	
46436	1148770	
46436	1148810	
46436	1148813	
46436	1148912	
46436	1148930	
46436	1148958	
46436	1149023	
46436	1149037	
46436	1149074	
46436	1149092	
46436	1149113	
46436	1149165	
46436	1149199	
46436	1149273	
46436	1149300	
46436	1149306	
46436	1149353	
46436	1149365	
46436	1152083	
46436	1153161	
46436	1154553	
46436	1155107	
46436	1155502	
46436	1155751	
46436	1156148	
46436	1156226	
46436	1156466	
46436	1156719	
46436	1156970	
46436	1157171	
46436	1157219	
46436	1157807	
46436	1157821	
46436	1158013	
46436	1158046	
46436	1158287	
46436	1158315	
46436	1158337	
46436	1158360	
46436	1158454	
46436	1158537	
46436	1158541	
46436	1158629	
46436	1159054	
46436	1159309	
46436	1159331	
46436	1159831	
46436	1159851	
46436	1160076	
46436	1160252	
46436	1161975	
46436	1162464	
46436	1162527	
46436	1163340	
46436	1165795	
46436	1165890	
46436	1166634	
46436	1167476	
46436	1167721	
46436	1167779	
46436	1169409	
46436	1170537	
46436	1171916	
46436	1172066	
46436	1172154	
46436	1178446	
46436	1181720	
46436	1182780	
46436	1182907	
46436	1189460	
46436	1189779	
46436	1189927	
46436	1189930	
46436	1189970	
46436	1190110	
46436	1190131	
46436	1190145	
46436	1190148	
46436	1190165	
46436	1190168	
46436	1190175	
46436	1190185	
46436	1190191	
46436	1190302	
46436	1190304	
46436	1190377	
46436	1190417	
46436	1190452	
46436	1190455	
46436	1190464	
46436	1190474	
46436	1190580	
46436	1190628	
46436	1190629	
46436	1190644	
46436	1190656	
46436	1190669	
46436	1190697	
46436	1190712	
46436	1190756	
46436	1190789	
46436	1190823	
46436	1190860	
46436	1190867	
46436	1190882	
46436	1190936	
46436	1190947	
46436	1191056	
46436	1191092	
46436	1191151	
46436	1191260	
46436	1191277	
46436	1191414	
46436	1191421	
46436	1191479	
46436	1191485	
46436	1191535	
46436	1191536	
46436	1191559	
46436	1191560	
46436	1191562	
46436	1191603	
46436	1191612	
46436	1191613	
46436	1191629	
46436	1191699	
46436	1191716	
46436	1191724	
46436	1191770	
46436	1191786	
46436	1191817	
46436	1191825	
46436	1191876	
46436	1191878	
46436	1191898	
46436	1191912	
46436	1191920	
46436	1191922	
46436	1191932	
46436	1191960	
46436	1191975	
46436	1191994	
46436	1192009	
46436	1192019	
46436	1192025	
46436	1192026	
46436	1192032	
46436	1192040	
46436	1192045	
46436	1192053	
46436	1192061	
46436	1192088	
46436	1192137	
46436	1192169	
46436	1192178	
46436	1192193	
46436	1192216	
46436	1192248	
46436	1192275	
46436	1192285	
46436	1192325	
46436	1192349	
46436	1192380	
46436	1192385	
46436	1192388	
46436	1192411	
46436	1192421	
46436	1192428	
46436	1192442	
46436	1192451	
46436	1192463	
46436	1192464	
46436	1192469	
46436	1192485	
46436	1192488	
46436	1192503	
46436	1192516	
46436	1192573	
46436	1192587	
46436	1192602	
46436	1192621	
46436	1192641	
46436	1192646	
46436	1192722	
46436	1193612	
46436	1202181	
46436	1213429	
46436	1213729	
46436	1215814	
46436	1215901	
46436	1216503	
46436	1216560	
46436	1218476	
46436	1224528	
46436	1225455	
46436	1230826	
46436	1235064	
46436	1235543	
46436	1240444	
46436	1241156	
46436	1244263	
46436	1245255	
46436	1246022	
46436	1246350	
46436	1248394	
46436	1248600	
46436	1249711	
46436	1250479	
46436	1250837	
46436	1255091	
46436	1255188	
46436	1257090	
46436	1257636	
46436	1257953	
46436	1258753	
46436	1259568	
46436	1260636	
46436	1261934	
46436	1262337	
46436	1262726	
46436	1262861	
46436	1263469	
46436	1263513	
46436	1265994	
46436	1266752	
46436	1267039	
46436	1267081	
46436	1268658	
46436	1269622	
46436	1270313	
46436	1270314	
46436	1272106	
46436	1274023	
46436	1275486	
46436	1278201	
46436	1285556	
46436	1285680	
46436	1292923	
46436	1292941	
46436	1293204	
46436	1293221	
46436	1293341	
46436	1293776	
46436	1296107	
46436	1296221	
46436	1296260	
46436	1297802	
46436	1298446	
46436	1298775	
46436	1298952	
46436	1306364	
46436	1310341	
46436	1313862	
46436	1317467	
46436	1322463	
46436	1327238	
46436	1327864	
46436	1328534	
46436	1333497	
46436	1339114	
46436	1340672	
46436	1340685	
46436	1340762	
46436	1345021	
46436	1345129	
46436	1345359	
46436	1345626	
46436	1346374	
46436	1350550	
46436	1353779	
46436	1353852	
46436	1353861	
46436	1353866	
46436	1353873	
46436	1353875	
46436	1353880	
46436	1353883	
46436	1353884	
46436	1353887	
46436	1353891	
46436	1353893	
46436	1354289	
46436	1354328	
46436	1354487	
46436	1354652	
46436	1364254	
46436	1373490	
46436	1376316	
46436	1376675	
46436	1379228	
46436	1384115	
46436	1388137	
46436	1390971	
46436	1392351	
46436	1392615	
46436	1393229	
46436	1393476	
46436	1393562	
46436	1393758	
46436	1394104	
46436	1394211	
46436	1394650	
46436	1394955	
46436	1395520	
46436	1396278	
46436	1396552	
46436	1396799	
46436	1398679	
46436	1399008	
46436	1399036	
46436	1422697	
46436	1422822	
46436	1424070	
46436	1424121	
46436	1428224	
46436	1443539	
46436	1447398	
46436	1447453	
46436	1448412	
46436	1459618	
46436	1461307	
46436	1473194	
46436	1475280	
46436	1476988	
46436	1481440	
46436	1481527	
46436	1522616	
46436	1531714	
46436	1532486	
46436	1532531	
46436	1537711	
46436	1552182	
46436	1552942	
46436	1555166	
46436	1557087	
46436	1557321	
46436	1557334	
46436	1558718	
46436	1559536	
46436	1559695	
46436	1565391	
46436	1568416	
46436	1568827	
46436	1570477	
46436	1586225	
46436	1589969	
46436	1592323	
46436	1599179	
46436	1607611	
46436	1614568	
46436	1618512	
46436	1629977	
46436	1633146	
46436	1635873	
46436	1635875	
46436	1644812	
46436	1650850	
46436	1669335	
46436	1672872	
46436	1672968	
46436	1673023	
46436	1673629	
46436	1673727	
46436	1673775	
46436	1674166	
46436	1675662	
46436	1678460	
46436	1682662	
46436	1685618	
46436	1704879	
46436	1708601	
46436	1728913	
46436	1740594	
46436	1745532	
46436	1750520	
46436	1766963	
46436	1768180	
46436	1777075	
46436	1778287	
46436	1787512	
46436	1791028	
46436	1791142	
46436	1794457	
46436	1794673	
46436	1802032	
46436	1802703	
46436	1810259	
46436	1819390	
46436	1822466	
46436	1823519	
46436	1838170	
46436	1870377	
46436	1943732	
46436	1961975	
46436	1962003	
46436	1962060	
46436	1962093	
46436	1962114	
46436	1962142	
46436	1962145	
46436	1962151	
46436	1962163	
46436	1962169	
46436	1962171	
46436	1962174	
46436	1962182	
46436	1962189	
46436	1962206	
46436	1962207	
46436	1962213	
46436	1962230	
46436	1962239	
46436	1962241	
46436	1962247	
46436	1962260	
46436	1962288	
46436	1962315	
46436	1962327	
46436	1962343	
46436	1962356	
46436	1962358	
46436	1962363	
46436	1962366	
46436	1962367	
46436	1962369	
46436	1962373	
46436	1962375	
46436	1962377	
46436	1962405	
46436	1962409	
46436	1962413	
46436	1962415	
46436	1962417	
46436	1962423	
46436	1962428	
46436	1962436	
46436	1962439	
46436	1962440	
46436	1962447	
46436	1962452	
46436	1962456	
46436	1962457	
46436	1962466	
46436	1962467	
46436	1962473	
46436	1962475	
46436	1962487	
46436	1962493	
46436	1962511	
46436	1962518	
46436	1962533	
46436	1962536	
46436	1962572	
46436	1962595	
46436	1962618	
46436	1962628	
46436	1962670	
46436	1962676	
46436	1962678	
46436	1962685	
46436	1962714	
46436	1962727	
46436	1962741	
46436	1962775	
46436	1962808	
46436	1962870	
46436	1962899	
46436	1962947	
46436	1962960	
46436	1962964	
46436	1962974	
46436	1963015	
46436	1963023	
46436	1963034	
46436	1963084	
46436	1963116	
46436	1963131	
46436	1963184	
46436	1963250	
46436	1963286	
46436	1963300	
46436	1963321	
46437	361221	
46437	1001144	
46437	1013638	
46437	1019067	
46441	377664	
46441	1001371	
46441	1004849	
46441	1012150	
46456	377664	
46456	990500	
45337	362498	
45337	363297	
45337	377664	
45337	989275	
45337	1472481	
42713	44039	
42713	355076	
42713	357238	
42713	361221	
42713	363606	
42713	363738	
42713	364318	
42713	893700	
42713	989212	
42713	995471	
42713	999443	
42713	1000481	
42713	1000936	
42713	1016554	
42713	1018315	
42713	1020123	
42713	1030003	
42713	1041907	
42713	1045978	
42713	1057274	
42713	1061614	
43031	43035	
43031	43143	
43031	43192	
43031	43549	
43031	43608	
43031	43728	
43031	43763	
43031	43771	
43031	346764	
43031	361221	
43031	361412	
43031	362450	
43031	363277	
43031	363606	
43031	363738	
43031	377664	
43031	989130	
43031	995471	
43031	999973	
43031	1000936	
43031	1001144	
43031	1001371	
43031	1002039	
43031	1002243	
43031	1004981	
43031	1014276	
43031	1016768	
43031	1018315	
43031	1018863	
43031	1019067	
43031	1019232	
43031	1041907	
43031	1057274	
43031	1106312	
43031	1146713	
43031	1182464	
43031	1603636	
43296	43771	
43296	43919	
43296	1030003	
55659	55699	
55659	55700	
55659	57322	
55659	195648	
55659	240421	
55659	249101	
55659	249618	
55659	350762	
55659	361120	
55659	362886	
55659	362959	
55659	377753	
55659	467404	
55659	468998	
55659	470139	
55659	471058	
55659	522660	
55659	704034	
55659	730292	
55659	837371	
55659	838437	
55659	899761	
55659	909217	
55659	980511	
55659	988028	
55659	989008	
55659	990939	
55659	991630	
55659	996150	
55659	999539	
55659	1004172	
55659	1006425	
55659	1008424	
55659	1013170	
55659	1015800	
55659	1016343	
55659	1020353	
55659	1023430	
55659	1024395	
55659	1030680	
55659	1032598	
55659	1040106	
55659	1041328	
55659	1041379	
55659	1041521	
55659	1042851	
55659	1043172	
55659	1044027	
55659	1044038	
55659	1045248	
55659	1046531	
55659	1048078	
55659	1059076	
55659	1064594	
55659	1067327	
55659	1076097	
55659	1085728	
55659	1089227	
55659	1091077	
55659	1092232	
55659	1094632	
55659	1096834	
55659	1097044	
55659	1097147	
55659	1107944	
55659	1112427	
55659	1116059	
55659	1120652	
55659	1123268	
55659	1124012	
55659	1125494	
55659	1127823	
55659	1141655	
55659	1143125	
55659	1144233	
55659	1144918	
55659	1149352	
55659	1154090	
55659	1154770	
55659	1156620	
55659	1157104	
55659	1159315	
55659	1163463	
55659	1167230	
55659	1170433	
55659	1176940	
55659	1191004	
55659	1192223	
55659	1193339	
55659	1210423	
55659	1210609	
55659	1210804	
55659	1216437	
55659	1218291	
55659	1218904	
55659	1229990	
55659	1233129	
55659	1237258	
55659	1239655	
55659	1248321	
55659	1249179	
55659	1249967	
55659	1250292	
55659	1257738	
55659	1259353	
55659	1262260	
55659	1263685	
55659	1263886	
55659	1273460	
55659	1273462	
55659	1279854	
55659	1283230	
55659	1283651	
55659	1285133	
55659	1293076	
55659	1301226	
55659	1310605	
55659	1313614	
55659	1316794	
55659	1322459	
55659	1324328	
55659	1325667	
55659	1327286	
55659	1329807	
55659	1335526	
55659	1345676	
55659	1356440	
55659	1356544	
55659	1361193	
55659	1367128	
55659	1369527	
55659	1382649	
55659	1386423	
55659	1390594	
55659	1391008	
55659	1398878	
55659	1400191	
55659	1404034	
55659	1404205	
55659	1406552	
55659	1407316	
55659	1407504	
55659	1407508	
55659	1407567	
55659	1408304	
55659	1411897	
55659	1412061	
55659	1412186	
55659	1412200	
55659	1412292	
55659	1412297	
55659	1412435	
55659	1414100	
55659	1414105	
55659	1421166	
55659	1425675	
55659	1436271	
55659	1438974	
55659	1441583	
55659	1443469	
55659	1447573	
55659	1451205	
55659	1454465	
55659	1455665	
55659	1456429	
55659	1460975	
55659	1489223	
55659	1501476	
55659	1503355	
55659	1512802	
55659	1513214	
55659	1524612	
55659	1527180	
55659	1530040	
55659	1534060	
55659	1535829	
55659	1537951	
55659	1543317	
55659	1549898	
55659	1552226	
55659	1552602	
55659	1555158	
55659	1561925	
55659	1565135	
55659	1565662	
55659	1567230	
55659	1567762	
55659	1575217	
55659	1597497	
55659	1601654	
55659	1606814	
55659	1607864	
55659	1620830	
55659	1622093	
55659	1632937	
55659	1633335	
55659	1633404	
55659	1633467	
55659	1640920	
55659	1648427	
55659	1651843	
55659	1654709	
55659	1662851	
55659	1662883	
55659	1663033	
55659	1663060	
55659	1663085	
55659	1664021	
55659	1675614	
55659	1679393	
55659	1679729	
55659	1681648	
55659	1683527	
55659	1686665	
55659	1691569	
55659	1700910	
55659	1701051	
55659	1703592	
55659	1704791	
55659	1706242	
55659	1706604	
55659	1708265	
55659	1720517	
55659	1723389	
55659	1723436	
55659	1723839	
55659	1726684	
55659	1727391	
55659	1728618	
55659	1730025	
55659	1739883	
55659	1745891	
55659	1749543	
55659	1749550	
55659	1754281	
55659	1758582	
55659	1760152	
55659	1765517	
55659	1768764	
55659	1784447	
55659	1801068	
55659	1801972	
55659	1803324	
55659	1805782	
55659	1808009	
55659	1811017	
55659	1818448	
55659	1818832	
55659	1818947	
55659	1819421	
55659	1820015	
55659	1820766	
55659	1831860	
55659	1840504	
55659	1840886	
55659	1840908	
55659	1842820	
55659	1844842	
55659	1849325	
55659	1849372	
55659	1849437	
55659	1849470	
55659	1849538	
55659	1849864	
55659	1852671	
55659	1853743	
55659	1868477	
55659	1870448	
55659	1934299	
55659	1958828	
55659	2026221	
55659	2039989	
55659	2059802	
55659	2066891	
55659	2067054	
55659	2067384	
55659	2067697	
55659	2071216	
55659	2071290	
55659	2071296	
55659	2072590	
55659	2072593	
55659	2072595	
55659	2072596	
55659	2072597	
55659	2072598	
55659	2072599	
55659	2072600	
55659	2072602	
55659	2072603	
55659	2072604	
55659	2072606	
55659	2072607	
55659	2072609	
55659	2072610	
55659	2072611	
55659	2072612	
55659	2072613	
55659	2072615	
55659	2072617	
55659	2072618	
55659	2072619	
55659	2072620	
55659	2072621	
55659	2072622	
55659	2072624	
55659	2072625	
55659	2072626	
55659	2072627	
55659	2072628	
55659	2072629	
55659	2072631	
55659	2072633	
55659	2072634	
55659	2072635	
55659	2072637	
55659	2072638	
55659	2072639	
55659	2072640	
55659	2072641	
55659	2072644	
55659	2072645	
55659	2072646	
55659	2072647	
55659	2072648	
55659	2072649	
55659	2072650	
55659	2072651	
55659	2072652	
55659	2072653	
55659	2072654	
55659	2072656	
55659	2072657	
55659	2072658	
55659	2072659	
55659	2072660	
55659	2072661	
55659	2072662	
55659	2072663	
55659	2072664	
55659	2072667	
55659	2072668	
55659	2072669	
55659	2072670	
55659	2072672	
55659	2072675	
55659	2072677	
55659	2072679	
55659	2072682	
55659	2072685	
55659	2072687	
55659	2072690	
55659	2072694	
55659	2072698	
55659	2072699	
55659	2072701	
55659	2072703	
55659	2072705	
55659	2072706	
55659	2072709	
55659	2072713	
55659	2072715	
55659	2072721	
55659	2072723	
55659	2072727	
55659	2072730	
55659	2072732	
55659	2072737	
55659	2072741	
55659	2072746	
55659	2072748	
55659	2072749	
55659	2072751	
55659	2072752	
55659	2072754	
55659	2072758	
55659	2072760	
55659	2072762	
55659	2072765	
55659	2072768	
55659	2072772	
55659	2072773	
55659	2072776	
55659	2072779	
55659	2072781	
55659	2072784	
55659	2072786	
55659	2072787	
55659	2072790	
55659	2072792	
55659	2072794	
55659	2072795	
55659	2072797	
55659	2072800	
55659	2072806	
55659	2072807	
55659	2072810	
55659	2072812	
55659	2072813	
55659	2072815	
55659	2072818	
55659	2072819	
55659	2072822	
55659	2072823	
55659	2072827	
55659	2072829	
55659	2072832	
55659	2072838	
55659	2072840	
55659	2072843	
55659	2072848	
55659	2072853	
55659	2072855	
55659	2072858	
55659	2072859	
55659	2072862	
55659	2072864	
55659	2072866	
55659	2072869	
55659	2072872	
55659	2072874	
55659	2072875	
55659	2072879	
55659	2072883	
55659	2072885	
55659	2072887	
55659	2072890	
55659	2072893	
55659	2072896	
55659	2072899	
55659	2072902	
55659	2072905	
55659	2072907	
55659	2072909	
55659	2072912	
55659	2072915	
55659	2072922	
55659	2072924	
55659	2072925	
55659	2072927	
55659	2072930	
55659	2072931	
55659	2072933	
55659	2072936	
55659	2072938	
55659	2072941	
55659	2072943	
55659	2072945	
55659	2072949	
55659	2072951	
55659	2072954	
55659	2072957	
55659	2072962	
55659	2072964	
55659	2072967	
55659	2072969	
55659	2072971	
55659	2072973	
55659	2072976	
55659	2072979	
55659	2072982	
55659	2072987	
55659	2072989	
55659	2072991	
55659	2072993	
55659	2072996	
55659	2072999	
55659	2073001	
55659	2073003	
55659	2073006	
55659	2073009	
55659	2073015	
55659	2073017	
55659	2073019	
55659	2073024	
55659	2073030	
55659	2073032	
55659	2073034	
55659	2073035	
55659	2073037	
55659	2073042	
55659	2073043	
55659	2073047	
55659	2073049	
55659	2073055	
55659	2073056	
55659	2073062	
55659	2073063	
55659	2073068	
55659	2073069	
55659	2073074	
55659	2073075	
55659	2073078	
55659	2073079	
55659	2073080	
55659	2073081	
55659	2073082	
55659	2073084	
55659	2073085	
55659	2073087	
55659	2073089	
55659	2073091	
55659	2073093	
55659	2073095	
55659	2073099	
55659	2073101	
55659	2073102	
55659	2073103	
55659	2073104	
55659	2073105	
55659	2073107	
55659	2073109	
55659	2073111	
55659	2073112	
55659	2073113	
55659	2073116	
55659	2073117	
55659	2073118	
55659	2073119	
55659	2073120	
55659	2073122	
55659	2073123	
55659	2073124	
55659	2073126	
55659	2073127	
55659	2073129	
55659	2073130	
55659	2073131	
55659	2073132	
55659	2073134	
55659	2073135	
55659	2073136	
55659	2073137	
55659	2073139	
55659	2073140	
55659	2073141	
55659	2073142	
55659	2073143	
55659	2073144	
55659	2073145	
55659	2073147	
55659	2073148	
55659	2073149	
55659	2073150	
55659	2073151	
55659	2073152	
55659	2073154	
55659	2073155	
55659	2073156	
55659	2073157	
55659	2073158	
55659	2073159	
55659	2073164	
55659	2073168	
55659	2073172	
55659	2073174	
55659	2073178	
55659	2073181	
55659	2073185	
55659	2073187	
55659	2073188	
55659	2073191	
55659	2073195	
55659	2073198	
55659	2073200	
55659	2073202	
55659	2073205	
55659	2073207	
55659	2073209	
55659	2073210	
55659	2073214	
55659	2073216	
55659	2073219	
55659	2073221	
55659	2073222	
55659	2073224	
55659	2073225	
55659	2073229	
55659	2073231	
55659	2073233	
55659	2073238	
55659	2073240	
55659	2073243	
55659	2073244	
55659	2073246	
55659	2073252	
55659	2073254	
55659	2073256	
55659	2073259	
55659	2073261	
55659	2073262	
55659	2073264	
55659	2073267	
55659	2073274	
55659	2073278	
55659	2073281	
55659	2073283	
55659	2073290	
55659	2073293	
55659	2073296	
55659	2073298	
55659	2073299	
55659	2073307	
55659	2073309	
55659	2073318	
55659	2073320	
55659	2073322	
55659	2073324	
55659	2073326	
55659	2073327	
55659	2073329	
55659	2073332	
55659	2073334	
55659	2073336	
55659	2073339	
55659	2073343	
55659	2073347	
55659	2073351	
55659	2073353	
55659	2073356	
55659	2073359	
55659	2073364	
55659	2073367	
55659	2073371	
55659	2073372	
55659	2073375	
55659	2073380	
55659	2073382	
55659	2073384	
55659	2073386	
55659	2073388	
55659	2073390	
55659	2073391	
55659	2073393	
55659	2073396	
55659	2073397	
55659	2073402	
55659	2073405	
55659	2073407	
55659	2073411	
55659	2073414	
55659	2073417	
55659	2073419	
55659	2073420	
55659	2073422	
55659	2073425	
55659	2073427	
55659	2073429	
55659	2073432	
55659	2073434	
55659	2073436	
55659	2073437	
55659	2073438	
55659	2073441	
55659	2073444	
55659	2073447	
55659	2073450	
55659	2073452	
55659	2073456	
55659	2073461	
55659	2073464	
55659	2073468	
55659	2073472	
55659	2073475	
55659	2073479	
55659	2073481	
55659	2073486	
55659	2073488	
55659	2073492	
55659	2073495	
55659	2073496	
55659	2073501	
55659	2073502	
55659	2073507	
55659	2073509	
55659	2073511	
55659	2073516	
55659	2073518	
55659	2073521	
55659	2073523	
55659	2073528	
55659	2073529	
55659	2073531	
55659	2073534	
55659	2073538	
55659	2073542	
55659	2073546	
55659	2073548	
55659	2073551	
55659	2073553	
55659	2073554	
55659	2073556	
55659	2073557	
55659	2073559	
55659	2073562	
55659	2073564	
55659	2073566	
55659	2073571	
55659	2073573	
55659	2073574	
55659	2073575	
55659	2073577	
55659	2073579	
55659	2073580	
55659	2073581	
55659	2073582	
55659	2073585	
55659	2073587	
55659	2073590	
55659	2073591	
55659	2073593	
55659	2073594	
55659	2073595	
55659	2073596	
55659	2073598	
55659	2073600	
55659	2073601	
55659	2073603	
55659	2073605	
55659	2073607	
55659	2073608	
55659	2073610	
55659	2073612	
55659	2073613	
55659	2073616	
55659	2073617	
55659	2073618	
55659	2073619	
55659	2073620	
55659	2073621	
55659	2073622	
55659	2073623	
55659	2073625	
55659	2073626	
55659	2073627	
55659	2073628	
55659	2073629	
55659	2073630	
55659	2073632	
55659	2073633	
55659	2073635	
55659	2073636	
55659	2073637	
55659	2073639	
55659	2073641	
55659	2073642	
55659	2073643	
55659	2073644	
55659	2073645	
55659	2073646	
55659	2074818	
55659	2113644	
55659	2132681	
55659	2141205	
55659	2172428	
55659	2263620	
55659	2426952	
55659	2436710	
55659	2639908	
55659	2645876	
55659	2645951	
55659	2645990	
55659	2833500	
55659	2833642	
55659	2839895	
55659	2841098	
55659	3065122	
55675	999443	
55690	363556	
55704	1002039	
55766	989275	
55778	1172271	
55788	1007843	
55788	1030003	
55793	258777	
55841	377664	
55863	1061614	
55895	258777	
55895	364318	
55895	989130	
55895	995471	
55895	1001144	
55895	1002039	
55895	1004981	
55895	1041907	
55895	1106312	
55895	1158882	
55895	1401642	
55904	989130	
55904	1016554	
55919	999443	
55939	346764	
55939	355076	
55939	357238	
55939	361221	
55939	362498	
55939	362499	
55939	364318	
55939	893700	
55939	989292	
55939	995471	
55939	1000481	
55939	1000936	
55939	1002243	
55939	1003616	
55939	1012150	
55939	1016414	
55939	1016554	
55939	1112321	
55939	1261065	
55951	1004426	
55955	1001371	
55960	377664	
55960	990500	
55966	258777	
55966	362498	
55966	362499	
55966	363606	
55966	363861	
55966	364318	
55966	377664	
55966	893700	
55966	989004	
55966	989265	
55966	989275	
55966	989292	
55966	989310	
55966	990500	
55966	1000936	
55966	1001371	
55966	1002039	
55966	1002243	
55966	1003616	
55966	1004123	
55966	1030003	
55966	1041907	
55966	1057274	
55966	1061614	
55991	357238	
55991	361221	
55991	363830	
55991	377664	
55991	989275	
55991	1045269	
42135	43919	
42135	1088462	
42138	43427	
42138	355076	
42139	42154	
42139	363738	
42140	42154	
42140	355076	
42140	360716	
42140	363738	
42140	1094243	
42141	43728	
42142	364318	
42144	42154	
42144	42182	
42144	42291	
42144	42343	
42144	43192	
42144	43427	
42144	43608	
42144	43728	
42144	43919	
42144	44039	
42144	44081	
42144	44149	
42144	46436	
42144	377664	
42146	43771	
42146	43919	
42146	44149	
42148	43192	
42148	43437	
42148	43608	
42148	44149	
42148	178624	
42148	362498	
42148	363297	
42148	377664	
42148	989275	
42148	1018863	
42151	42182	
42151	42291	
42151	43192	
42151	43427	
42151	43608	
42151	43728	
42151	43824	
42151	43919	
42151	44039	
42151	44081	
42151	46436	
42151	178624	
42151	377664	
42151	990500	
42151	990530	
42152	43192	
42154	42157	
42154	42159	
42154	42169	
42154	42172	
42154	42176	
42154	42179	
42154	42180	
42154	42182	
42154	42185	
42154	42189	
42154	42192	
42154	42194	
42154	42195	
42154	42197	
42154	42201	
42154	42203	
42154	42214	
42154	42221	
42154	42226	
42154	42231	
42154	42238	
42154	42239	
42154	42240	
42154	42241	
42154	42248	
42154	42254	
42154	42269	
42154	42282	
42154	42284	
42154	42286	
42154	42291	
42154	42308	
42154	42309	
42154	42322	
42154	42324	
42154	42325	
42154	42330	
42154	42340	
42154	42343	
42154	42344	
42154	42346	
42154	42363	
42154	42365	
42154	42372	
42154	42374	
42154	42378	
42154	42380	
42154	42381	
42154	42383	
42154	42385	
42154	42392	
42154	42393	
42154	42396	
42154	42398	
42154	42399	
42154	42412	
42154	42421	
42154	42422	
42154	42423	
42154	42424	
42154	42428	
42154	42429	
42154	42431	
42154	42432	
42154	42433	
42154	42434	
42154	42437	
42154	42444	
42154	42446	
42154	42448	
42154	42453	
42154	42468	
42154	42475	
42154	42490	
42154	42493	
42154	42496	
42154	42498	
42154	42512	
42154	42514	
42154	42516	
42154	42519	
42154	42525	
42154	42528	
42154	42530	
42154	42532	
42154	42533	
42154	42540	
42154	42543	
42154	42545	
42154	42546	
42154	42547	
42154	42553	
42154	42555	
42154	42561	
42154	42565	
42154	42566	
42154	42573	
42154	42582	
42154	42589	
42154	42590	
42154	42592	
42154	42593	
42154	42596	
42154	42604	
42154	42607	
42154	42608	
42154	42610	
42154	42616	
42154	42617	
42154	42620	
42154	42621	
42154	42623	
42154	42626	
42154	42628	
42154	42629	
42154	42630	
42154	42631	
42154	42640	
42154	42643	
42154	42645	
42154	42648	
42154	42649	
42154	42650	
42154	42651	
42154	42652	
42154	42657	
42154	42663	
42154	42664	
42154	42667	
42154	42668	
42154	42670	
42154	42672	
42154	42684	
42154	42685	
42154	42699	
42154	42705	
42154	42710	
42154	42717	
42154	42721	
42154	42739	
42154	42745	
42154	42746	
42154	42754	
42154	42755	
42154	42758	
42154	42759	
42154	42760	
42154	42766	
42154	42768	
42154	42774	
42154	42776	
42154	42789	
42154	42792	
42154	42804	
42154	42808	
42154	42809	
42154	42819	
42154	42823	
42154	42824	
42154	42829	
42154	42833	
42154	42835	
42154	42840	
42154	42849	
42154	42865	
42154	42877	
42154	42878	
42154	42879	
42154	42885	
42154	42893	
42154	42897	
42154	42910	
42154	42911	
42154	42917	
42154	42919	
42154	42922	
42154	42925	
42154	42928	
42154	42932	
42154	42939	
42154	42948	
42154	42950	
42154	42954	
42154	42955	
42154	42963	
42154	42964	
42154	42966	
42154	42967	
42154	42970	
42154	42977	
42154	42979	
42154	42982	
42154	42987	
42154	42989	
42154	43002	
42154	43009	
42154	43016	
42154	43018	
42154	43027	
42154	43030	
42154	43031	
42154	43032	
42154	43033	
42154	43040	
42154	43046	
42154	43049	
42154	43050	
42154	43051	
42154	43052	
42154	43060	
42154	43076	
42154	43078	
42154	43085	
42154	43086	
42154	43095	
42154	43099	
42154	43104	
42154	43115	
42154	43126	
42154	43129	
42154	43131	
42154	43133	
42154	43143	
42154	43146	
42154	43150	
42154	43152	
42154	43156	
42154	43157	
42154	43168	
42154	43178	
42154	43184	
42154	43187	
42154	43190	
42154	43192	
42154	43204	
42154	43206	
42154	43209	
42154	43217	
42154	43223	
42154	43226	
42154	43231	
42154	43232	
42154	43245	
42154	43246	
42154	43247	
42154	43248	
42154	43255	
42154	43256	
42154	43273	
42154	43275	
42154	43283	
42154	43286	
42154	43290	
42154	43293	
42154	43296	
42154	43299	
42154	43304	
42154	43305	
42154	43307	
42154	43316	
42154	43318	
42154	43319	
42154	43324	
42154	43329	
42154	43345	
42154	43349	
42154	43351	
42154	43353	
42154	43360	
42154	43367	
42154	43369	
42154	43377	
42154	43379	
42154	43380	
42154	43381	
42154	43383	
42154	43390	
42154	43393	
42154	43394	
42154	43397	
42154	43403	
42154	43409	
42154	43410	
42154	43412	
42154	43417	
42154	43418	
42154	43420	
42154	43421	
42154	43422	
42154	43429	
42154	43430	
42154	43431	
42154	43432	
42154	43433	
42154	43441	
42154	43447	
42154	43451	
42154	43454	
42154	43456	
42154	43457	
42154	43459	
42154	43463	
42154	43464	
42154	43466	
42154	43474	
42154	43477	
42154	43479	
42154	43481	
42154	43482	
42154	43494	
42154	43495	
42154	43504	
42154	43512	
42154	43514	
42154	43517	
42154	43525	
42154	43528	
42154	43529	
42154	43538	
42154	43541	
42154	43542	
42154	43550	
42154	43560	
42154	43570	
42154	43581	
42154	43586	
42154	43588	
42154	43606	
42154	43607	
42154	43608	
42154	43610	
42154	43611	
42154	43612	
42154	43613	
42154	43617	
42154	43621	
42154	43634	
42154	43643	
42154	43644	
42154	43646	
42154	43649	
42154	43650	
42154	43651	
42154	43660	
42154	43665	
42154	43666	
42154	43667	
42154	43672	
42154	43680	
42154	43681	
42154	43688	
42154	43691	
42154	43693	
42154	43699	
42154	43702	
42154	43703	
42154	43707	
42154	43710	
42154	43718	
42154	43719	
42154	43725	
42154	43728	
42154	43732	
42154	43735	
42154	43745	
42154	43750	
42154	43751	
42154	43752	
42154	43754	
42154	43765	
42154	43766	
42154	43768	
42154	43769	
42154	43771	
42154	43774	
42154	43777	
42154	43778	
42154	43785	
42154	43786	
42154	43795	
42154	43800	
42154	43804	
42154	43805	
42154	43806	
42154	43809	
42154	43811	
42154	43814	
42154	43821	
42154	43826	
42154	43830	
42154	43833	
42154	43835	
42154	43837	
42154	43839	
42154	43840	
42154	43844	
42154	43850	
42154	43851	
42154	43870	
42154	43872	
42154	43873	
42154	43874	
42154	43876	
42154	43879	
42154	43890	
42154	43893	
42154	43899	
42154	43902	
42154	43919	
42154	43920	
42154	43922	
42154	43930	
42154	43939	
42154	43940	
42154	43941	
42154	43947	
42154	43953	
42154	43954	
42154	43959	
42154	43960	
42154	43972	
42154	43979	
42154	43980	
42154	43990	
42154	43997	
42154	43998	
42154	44000	
42154	44004	
42154	44005	
42154	44006	
42154	44008	
42154	44009	
42154	44023	
42154	44031	
42154	44035	
42154	44037	
42154	44039	
42154	44044	
42154	44046	
42154	44052	
42154	44053	
42154	44055	
42154	44057	
42154	44058	
42154	44059	
42154	44072	
42154	44078	
42154	44081	
42154	44084	
42154	44088	
42154	44089	
42154	44090	
42154	44096	
42154	44108	
42154	44112	
42154	44137	
42154	44148	
42154	44149	
42154	44150	
42154	44153	
42154	44157	
42154	44166	
42154	44168	
42154	44170	
42154	44175	
42154	44189	
42154	44199	
42154	44200	
42154	44202	
42154	44206	
42154	44209	
42154	44213	
42154	44215	
42154	44216	
42154	44224	
42154	44234	
42154	44241	
42154	44242	
42154	44245	
42154	44253	
42154	44258	
42154	44260	
42154	44273	
42154	44277	
42154	44279	
42154	44301	
42154	45168	
42154	46276	
42154	46299	
42154	46303	
42154	46420	
42154	46424	
42154	46432	
42154	46433	
42154	46434	
42154	46436	
42154	46437	
42154	46440	
42154	51977	
42154	51979	
42154	51985	
42154	51987	
42154	55678	
42154	55904	
42154	55939	
42154	55960	
42154	55966	
42154	55991	
42154	55999	
42154	63300	
42154	64615	
42154	65385	
42154	66211	
42154	74764	
42154	79739	
42154	90502	
42154	94818	
42154	95060	
42154	95061	
42154	95086	
42154	95118	
42154	108841	
42154	108908	
42154	129911	
42154	161686	
42154	166053	
42154	173723	
42154	178624	
42154	182116	
42154	182468	
42154	184625	
42154	185365	
42154	185478	
42154	189451	
42154	189457	
42154	193415	
42154	194697	
42154	195483	
42154	195625	
42154	195648	
42154	195727	
42154	213302	
42154	224070	
42154	229329	
42154	229487	
42154	229511	
42154	230170	
42154	247898	
42154	247945	
42154	248086	
42154	248134	
42154	248294	
42154	248300	
42154	248328	
42154	248336	
42154	248342	
42154	248353	
42154	248473	
42154	248512	
42154	248552	
42154	248577	
42154	248585	
42154	248586	
42154	248587	
42154	248590	
42154	248594	
42154	248595	
42154	248599	
42154	248600	
42154	248603	
42154	248611	
42154	248612	
42154	248613	
42154	248616	
42154	248617	
42154	248620	
42154	248629	
42154	248631	
42154	248638	
42154	248644	
42154	248648	
42154	248650	
42154	248655	
42154	248658	
42154	248672	
42154	248674	
42154	248691	
42154	248702	
42154	248708	
42154	248712	
42154	248714	
42154	248723	
42154	248724	
42154	248743	
42154	248747	
42154	248748	
42154	248751	
42154	248756	
42154	248758	
42154	248760	
42154	248765	
42154	248770	
42154	248771	
42154	248774	
42154	248775	
42154	248781	
42154	248782	
42154	248786	
42154	248792	
42154	248793	
42154	248796	
42154	248801	
42154	248803	
42154	248805	
42154	248807	
42154	248810	
42154	248811	
42154	248814	
42154	248815	
42154	248822	
42154	248824	
42154	248828	
42154	248834	
42154	248835	
42154	248838	
42154	248844	
42154	248848	
42154	248858	
42154	248859	
42154	248872	
42154	248877	
42154	248887	
42154	248888	
42154	248890	
42154	248892	
42154	248898	
42154	248905	
42154	248906	
42154	248918	
42154	248924	
42154	248928	
42154	248931	
42154	248933	
42154	248937	
42154	248943	
42154	248945	
42154	248948	
42154	248950	
42154	248955	
42154	248956	
42154	248957	
42154	248959	
42154	248968	
42154	248969	
42154	248972	
42154	248977	
42154	248980	
42154	248985	
42154	248986	
42154	248989	
42154	248992	
42154	248994	
42154	248996	
42154	248997	
42154	249005	
42154	249006	
42154	249022	
42154	249024	
42154	249025	
42154	249027	
42154	249029	
42154	249038	
42154	249039	
42154	249045	
42154	249047	
42154	249051	
42154	249052	
42154	249056	
42154	249059	
42154	249061	
42154	249066	
42154	249070	
42154	249071	
42154	249087	
42154	249090	
42154	249091	
42154	249094	
42154	249103	
42154	249104	
42154	249111	
42154	249113	
42154	249130	
42154	249138	
42154	249139	
42154	249145	
42154	249149	
42154	249152	
42154	249161	
42154	249168	
42154	249169	
42154	249171	
42154	249174	
42154	249177	
42154	249178	
42154	249179	
42154	249180	
42154	249186	
42154	249188	
42154	249191	
42154	249196	
42154	249207	
42154	249209	
42154	249211	
42154	249215	
42154	249222	
42154	249232	
42154	249236	
42154	249238	
42154	249239	
42154	249240	
42154	249244	
42154	249245	
42154	249249	
42154	249255	
42154	249259	
42154	249260	
42154	249261	
42154	249264	
42154	249268	
42154	249274	
42154	249281	
42154	249282	
42154	249283	
42154	249291	
42154	249296	
42154	249300	
42154	249303	
42154	249305	
42154	249306	
42154	249307	
42154	249315	
42154	249317	
42154	249324	
42154	249328	
42154	249329	
42154	249330	
42154	249333	
42154	249336	
42154	249341	
42154	249355	
42154	249358	
42154	249362	
42154	249366	
42154	249368	
42154	249370	
42154	249372	
42154	249375	
42154	249377	
42154	249385	
42154	249389	
42154	249399	
42154	249400	
42154	249402	
42154	249403	
42154	249405	
42154	249409	
42154	249414	
42154	249421	
42154	249427	
42154	249433	
42154	249436	
42154	249438	
42154	249441	
42154	249447	
42154	249448	
42154	249452	
42154	249460	
42154	249466	
42154	249472	
42154	249477	
42154	249481	
42154	249482	
42154	249483	
42154	249487	
42154	249490	
42154	249491	
42154	249494	
42154	249495	
42154	249499	
42154	249503	
42154	249510	
42154	249522	
42154	249525	
42154	249528	
42154	249530	
42154	249538	
42154	249541	
42154	249554	
42154	249556	
42154	249562	
42154	249564	
42154	249566	
42154	249567	
42154	249590	
42154	249593	
42154	249594	
42154	249599	
42154	249610	
42154	249615	
42154	249618	
42154	249625	
42154	249636	
42154	249639	
42154	249656	
42154	249666	
42154	249672	
42154	249684	
42154	249685	
42154	251023	
42154	282557	
42154	295806	
42154	295906	
42154	298216	
42154	305567	
42154	306828	
42154	306890	
42154	306936	
42154	306963	
42154	307020	
42154	307224	
42154	307451	
42154	307452	
42154	307494	
42154	307526	
42154	325470	
42154	331420	
42154	346749	
42154	347216	
42154	347351	
42154	347560	
42154	347577	
42154	347618	
42154	347901	
42154	348054	
42154	348107	
42154	348246	
42154	348550	
42154	348579	
42154	350524	
42154	350821	
42154	350993	
42154	351275	
42154	351595	
42154	351644	
42154	352147	
42154	352439	
42154	353081	
42154	353286	
42154	353321	
42154	353422	
42154	353683	
42154	353700	
42154	353704	
42154	353711	
42154	353725	
42154	353742	
42154	353751	
42154	353764	
42154	353766	
42154	353793	
42154	353827	
42154	353956	
42154	353976	
42154	353979	
42154	354001	
42154	354015	
42154	354025	
42154	354087	
42154	354112	
42154	354149	
42154	354168	
42154	354184	
42154	354191	
42154	354194	
42154	354202	
42154	354207	
42154	354230	
42154	354287	
42154	354318	
42154	354323	
42154	354345	
42154	354348	
42154	354358	
42154	354367	
42154	354388	
42154	354395	
42154	354401	
42154	354414	
42154	354425	
42154	354429	
42154	354451	
42154	354481	
42154	354496	
42154	354545	
42154	354578	
42154	354605	
42154	354612	
42154	354639	
42154	354695	
42154	354701	
42154	354702	
42154	354703	
42154	354710	
42154	354711	
42154	354716	
42154	354723	
42154	354801	
42154	354830	
42154	354841	
42154	354844	
42154	354853	
42154	354876	
42154	354890	
42154	354915	
42154	354935	
42154	355000	
42154	355011	
42154	355017	
42154	355022	
42154	355031	
42154	355033	
42154	355034	
42154	355076	
42154	355087	
42154	355145	
42154	355147	
42154	355177	
42154	355181	
42154	355193	
42154	355221	
42154	355258	
42154	355292	
42154	355296	
42154	355332	
42154	355343	
42154	355350	
42154	355360	
42154	355399	
42154	355410	
42154	355422	
42154	355512	
42154	355536	
42154	355557	
42154	355558	
42154	355567	
42154	355575	
42154	355597	
42154	355603	
42154	355663	
42154	355689	
42154	355696	
42154	355698	
42154	355713	
42154	355728	
42154	355740	
42154	355759	
42154	355761	
42154	355775	
42154	355779	
42154	355820	
42154	355852	
42154	355887	
42154	355961	
42154	355988	
42154	355996	
42154	356021	
42154	356053	
42154	356059	
42154	356067	
42154	356073	
42154	356096	
42154	356132	
42154	356142	
42154	356170	
42154	356182	
42154	356209	
42154	356227	
42154	356292	
42154	356307	
42154	356404	
42154	356423	
42154	356433	
42154	356440	
42154	356471	
42154	356523	
42154	356537	
42154	356560	
42154	356582	
42154	356596	
42154	356598	
42154	356623	
42154	356665	
42154	356687	
42154	356717	
42154	356730	
42154	356734	
42154	356743	
42154	356751	
42154	356777	
42154	356864	
42154	356870	
42154	356941	
42154	356970	
42154	356971	
42154	356972	
42154	357006	
42154	357007	
42154	357036	
42154	357060	
42154	357076	
42154	357178	
42154	357201	
42154	357255	
42154	357263	
42154	357285	
42154	357291	
42154	357296	
42154	357299	
42154	357360	
42154	357370	
42154	357377	
42154	357425	
42154	357446	
42154	357464	
42154	357492	
42154	357509	
42154	357516	
42154	357559	
42154	357568	
42154	357569	
42154	357589	
42154	357696	
42154	357747	
42154	357756	
42154	357827	
42154	357848	
42154	357931	
42154	357996	
42154	358016	
42154	358026	
42154	358031	
42154	358033	
42154	358074	
42154	358092	
42154	358161	
42154	358174	
42154	358192	
42154	358213	
42154	358217	
42154	358219	
42154	358220	
42154	358234	
42154	358246	
42154	358258	
42154	358270	
42154	358283	
42154	358285	
42154	358307	
42154	358310	
42154	358327	
42154	358330	
42154	358336	
42154	358412	
42154	358414	
42154	358498	
42154	358509	
42154	358516	
42154	358560	
42154	358579	
42154	358592	
42154	358678	
42154	358699	
42154	358773	
42154	358775	
42154	358801	
42154	358809	
42154	358822	
42154	358834	
42154	358843	
42154	358848	
42154	358866	
42154	358947	
42154	358955	
42154	358961	
42154	358984	
42154	359008	
42154	359010	
42154	359021	
42154	359030	
42154	359129	
42154	359142	
42154	359148	
42154	359156	
42154	359161	
42154	359166	
42154	359177	
42154	359212	
42154	359213	
42154	359218	
42154	359264	
42154	359273	
42154	359285	
42154	359301	
42154	359309	
42154	359342	
42154	359430	
42154	359444	
42154	359449	
42154	359506	
42154	359514	
42154	359515	
42154	359573	
42154	359589	
42154	359593	
42154	359635	
42154	359637	
42154	359644	
42154	359659	
42154	359683	
42154	359690	
42154	359706	
42154	359742	
42154	359772	
42154	359796	
42154	359799	
42154	359817	
42154	359869	
42154	359909	
42154	359927	
42154	359979	
42154	359988	
42154	360028	
42154	360056	
42154	360087	
42154	360121	
42154	360150	
42154	360151	
42154	360238	
42154	360281	
42154	360423	
42154	360437	
42154	360481	
42154	360483	
42154	360529	
42154	360576	
42154	360608	
42154	360643	
42154	360660	
42154	360706	
42154	360714	
42154	360771	
42154	360786	
42154	360826	
42154	360835	
42154	360857	
42154	360860	
42154	360899	
42154	360911	
42154	360913	
42154	360959	
42154	361047	
42154	361056	
42154	361060	
42154	361109	
42154	361115	
42154	361165	
42154	361187	
42154	361274	
42154	361287	
42154	361324	
42154	361352	
42154	361354	
42154	361382	
42154	361428	
42154	361462	
42154	361473	
42154	361537	
42154	361574	
42154	361596	
42154	361641	
42154	361680	
42154	361738	
42154	361780	
42154	361792	
42154	361806	
42154	361881	
42154	361901	
42154	361917	
42154	361931	
42154	361949	
42154	361975	
42154	361979	
42154	362022	
42154	362040	
42154	362098	
42154	362125	
42154	362171	
42154	362185	
42154	362190	
42154	362236	
42154	362266	
42154	362285	
42154	362296	
42154	362322	
42154	362355	
42154	362390	
42154	362394	
42154	362402	
42154	362469	
42154	362478	
42154	362500	
42154	362511	
42154	362552	
42154	362642	
42154	362649	
42154	362658	
42154	362681	
42154	362790	
42154	362804	
42154	362834	
42154	362854	
42154	362895	
42154	362905	
42154	362923	
42154	362944	
42154	362947	
42154	362974	
42154	362986	
42154	362989	
42154	363081	
42154	363097	
42154	363186	
42154	363191	
42154	363201	
42154	363207	
42154	363209	
42154	363294	
42154	363298	
42154	363327	
42154	363347	
42154	363491	
42154	363539	
42154	363540	
42154	363543	
42154	363593	
42154	363607	
42154	363708	
42154	363714	
42154	363799	
42154	363815	
42154	363826	
42154	363833	
42154	363858	
42154	363888	
42154	363897	
42154	363951	
42154	363989	
42154	364076	
42154	364103	
42154	364107	
42154	364206	
42154	364229	
42154	364268	
42154	364291	
42154	364316	
42154	364340	
42154	364384	
42154	364504	
42154	364518	
42154	364519	
42154	364531	
42154	364578	
42154	364604	
42154	364631	
42154	364746	
42154	364756	
42154	364806	
42154	364813	
42154	364871	
42154	364941	
42154	365169	
42154	367131	
42154	369239	
42154	371640	
42154	371685	
42154	371869	
42154	372535	
42154	373253	
42154	377264	
42154	377330	
42154	377392	
42154	377426	
42154	377562	
42154	377593	
42154	377664	
42154	377726	
42154	377766	
42154	394452	
42154	408085	
42154	421189	
42154	424968	
42154	429192	
42154	442363	
42154	442498	
42154	444531	
42154	445593	
42154	445951	
42154	446300	
42154	446339	
42154	446417	
42154	446472	
42154	446487	
42154	448903	
42154	450213	
42154	454791	
42154	454951	
42154	454965	
42154	455336	
42154	457584	
42154	457803	
42154	458059	
42154	458770	
42154	459287	
42154	460533	
42154	460552	
42154	460633	
42154	460680	
42154	460701	
42154	460713	
42154	461758	
42154	461793	
42154	461873	
42154	461901	
42154	462835	
42154	463473	
42154	463600	
42154	463905	
42154	464180	
42154	464265	
42154	464826	
42154	464984	
42154	465011	
42154	465017	
42154	465033	
42154	465139	
42154	467049	
42154	467108	
42154	467204	
42154	467354	
42154	467428	
42154	467444	
42154	468286	
42154	468380	
42154	468387	
42154	468778	
42154	468911	
42154	468950	
42154	468998	
42154	470481	
42154	470482	
42154	470603	
42154	470629	
42154	471385	
42154	471625	
42154	471748	
42154	471821	
42154	471825	
42154	471829	
42154	471943	
42154	471982	
42154	472017	
42154	472036	
42154	472053	
42154	472064	
42154	472185	
42154	472558	
42154	473291	
42154	473513	
42154	473743	
42154	473765	
42154	473771	
42154	474363	
42154	474448	
42154	474468	
42154	474475	
42154	474680	
42154	474788	
42154	474796	
42154	474917	
42154	475518	
42154	476085	
42154	476118	
42154	476129	
42154	476134	
42154	476137	
42154	476177	
42154	476206	
42154	476208	
42154	476229	
42154	476247	
42154	476253	
42154	476279	
42154	476294	
42154	476295	
42154	476298	
42154	476341	
42154	476352	
42154	476379	
42154	476387	
42154	476390	
42154	476395	
42154	476413	
42154	476421	
42154	476423	
42154	476432	
42154	476433	
42154	476438	
42154	476439	
42154	476442	
42154	476444	
42154	476445	
42154	476455	
42154	476466	
42154	476470	
42154	476472	
42154	476478	
42154	476485	
42154	476486	
42154	476491	
42154	476492	
42154	476493	
42154	476496	
42154	476497	
42154	477261	
42154	477378	
42154	478163	
42154	478870	
42154	478950	
42154	478956	
42154	479263	
42154	479318	
42154	479440	
42154	480816	
42154	481234	
42154	481362	
42154	482529	
42154	483603	
42154	484980	
42154	486907	
42154	487061	
42154	492352	
42154	497126	
42154	497190	
42154	497220	
42154	497254	
42154	497265	
42154	497304	
42154	497329	
42154	497339	
42154	497363	
42154	497375	
42154	497381	
42154	497388	
42154	509779	
42154	522593	
42154	523889	
42154	533104	
42154	533172	
42154	533251	
42154	533276	
42154	533293	
42154	533759	
42154	533780	
42154	533793	
42154	533805	
42154	533807	
42154	533821	
42154	533904	
42154	534016	
42154	534032	
42154	534050	
42154	534093	
42154	534154	
42154	534193	
42154	554960	
42154	557566	
42154	557567	
42154	557602	
42154	557632	
42154	557675	
42154	557688	
42154	557689	
42154	557702	
42154	557764	
42154	557765	
42154	557767	
42154	557779	
42154	557800	
42154	557844	
42154	557852	
42154	560092	
42154	560167	
42154	560315	
42154	560456	
42154	560507	
42154	560563	
42154	560578	
42154	560593	
42154	560621	
42154	562310	
42154	563464	
42154	592355	
42154	598973	
42154	598999	
42154	605889	
42154	610757	
42154	623575	
42154	642226	
42154	642230	
42154	648948	
42154	650200	
42154	668314	
42154	668437	
42154	668441	
42154	673845	
42154	675559	
42154	680747	
42154	690810	
42154	698427	
42154	702479	
42154	704143	
42154	710600	
42154	712934	
42154	714701	
42154	719557	
42154	722794	
42154	724870	
42154	725169	
42154	725263	
42154	726221	
42154	726372	
42154	727558	
42154	727562	
42154	727579	
42154	729622	
42154	729860	
42154	729905	
42154	730278	
42154	730387	
42154	731368	
42154	733191	
42154	733601	
42154	733640	
42154	733661	
42154	733666	
42154	733689	
42154	734666	
42154	739513	
42154	741753	
42154	765789	
42154	775317	
42154	775323	
42154	775557	
42154	775638	
42154	775681	
42154	777922	
42154	778164	
42154	778504	
42154	778724	
42154	778858	
42154	778946	
42154	779010	
42154	779503	
42154	780281	
42154	783967	
42154	798919	
42154	799749	
42154	799779	
42154	806532	
42154	807762	
42154	815910	
42154	820105	
42154	825011	
42154	825016	
42154	825027	
42154	830387	
42154	830391	
42154	830960	
42154	831169	
42154	831226	
42154	831371	
42154	831440	
42154	831523	
42154	831548	
42154	831578	
42154	831612	
42154	833117	
42154	833807	
42154	835901	
42154	836709	
42154	836786	
42154	836840	
42154	836969	
42154	837044	
