26709	101276	
1536	101276	
15768	101276	
6741	101276	
22345	101276	
24142	101276	
58481	101276	
40962	101276	
52767	101276	
76050	101276	
77336	101276	
60494	101276	
73864	101276	
69632	101276	
80017	101276	
97661	101276	
99168	101276	
99174	101276	
99177	101276	
99183	101276	
99188	101276	
99198	101276	
99199	101276	
99205	101276	
99206	101276	
99207	101276	
99212	101276	
99213	101276	
99222	101276	
99224	101276	
99226	101276	
99228	101276	
99229	101276	
99235	101276	
101241	101276	
101251	101276	
101261	101276	
101270	101276	
101276	101279	
101276	101302	
101276	101312	
101276	101334	
101276	101342	
101276	102531	
101276	103107	
101276	108299	
101276	110912	
101276	110917	
101276	114668	
101276	120481	
101276	127042	
101276	152978	
101276	153932	
101276	166458	
101276	168469	
101276	175602	
101276	176282	
101276	183192	
101276	199408	
101276	208097	
101276	231683	
101276	234242	
101276	235537	
101276	235831	
101276	237181	
101276	245056	
101276	245068	
101276	245074	
101276	245083	
101276	246530	
101276	249753	
101276	251157	
101276	253777	
101276	256884	
101276	265252	
101276	267021	
101276	267655	
101276	270561	
101276	277684	
101276	284141	
101276	284149	
101276	284319	
101276	284470	
101276	286693	
101276	286778	
101276	293587	
101276	300510	
101276	305660	
101276	305662	
101276	305664	
101276	305665	
101276	305675	
101276	305677	
101276	305683	
101276	305689	
101276	305690	
101276	305693	
101276	305695	
101276	305696	
101276	305697	
101276	305698	
101276	305699	
101276	305701	
101276	305704	
101276	305705	
101276	305707	
101276	305709	
101276	305714	
101276	305720	
101276	305723	
101276	305732	
101276	305734	
101276	305736	
101276	305738	
101276	305741	
101276	305742	
101276	305744	
101276	305749	
101276	305757	
101276	305758	
101276	305769	
101276	305770	
101276	305775	
101276	305785	
101276	305787	
101276	305795	
101276	305813	
101276	312122	
101276	379959	
101276	395083	
101276	398867	
101276	399503	
101276	412212	
101276	412443	
101276	413650	
101276	413675	
101276	437850	
101276	441322	
101276	441888	
101276	445387	
101276	456596	
101276	493438	
101276	497868	
101276	498011	
101276	509633	
101276	511789	
101276	519579	
101276	532197	
101276	537981	
101276	542880	
101276	545531	
101276	551912	
101276	552656	
101276	565679	
101276	565830	
101276	566329	
101276	581927	
101276	581932	
101276	598966	
101276	606832	
101276	611132	
101276	622437	
101276	622492	
101276	627291	
101276	643274	
101276	644050	
101276	645158	
101276	659344	
101276	665908	
101276	665911	
101276	671759	
101276	671768	
101276	671771	
101276	683687	
101276	684571	
101276	686375	
101276	692752	
101276	698979	
101276	702158	
101276	702651	
101276	703692	
101276	703826	
101276	704888	
101276	704934	
101276	706742	
101276	708566	
101276	709086	
101276	710118	
101276	711491	
101276	712007	
101276	712009	
101276	713561	
101276	717672	
101276	717995	
101276	717997	
101276	717999	
101276	720752	
101276	732903	
101276	738435	
101276	740726	
101276	741321	
101276	760377	
101276	774715	
101276	774717	
101276	774735	
101276	782397	
101276	783414	
101276	788423	
101276	790652	
101276	814742	
101276	815416	
101276	823545	
101276	824020	
101276	835646	
101276	842309	
101276	865959	
101276	873642	
101276	875127	
101276	878512	
101276	903392	
101276	918873	
101276	919108	
101276	922435	
101276	923998	
101276	937210	
101276	951602	
101276	953903	
101276	968179	
101276	971211	
101276	971277	
101276	971393	
101276	977458	
101276	980108	
101276	981709	
101276	1897286	
101276	1900562	
101276	1910715	
101276	1924886	
101276	1951947	
101276	1967035	
101276	1986243	
101276	1993105	
101276	2006957	
101276	2007947	
101276	2022299	
101276	2022327	
101276	2022356	
101276	2039926	
101276	2039929	
101276	2039936	
101276	2064403	
101276	2144301	
101276	2147162	
101276	2155093	
101276	2195831	
101276	2195832	
101276	2211277	
101276	2213497	
101276	2220321	
101276	2222585	
101276	2223351	
101276	2225261	
101276	2230142	
101276	2230459	
101276	2230465	
101276	2230994	
101276	2250580	
101276	2303153	
101276	2303551	
101276	2303555	
101276	2307412	
101276	2310574	
101276	2342838	
101276	2370130	
101276	2372135	
101276	2387832	
101276	2393514	
101276	2400188	
101276	2441446	
101276	2459275	
101276	2461053	
101276	2480044	
101276	2536390	
101276	2538064	
101276	2538065	
101276	2538353	
101276	2554144	
101276	2563219	
101276	2563221	
101276	2608885	
101276	2619462	
101276	2695763	
101276	2698375	
101276	2703708	
101276	2710529	
101276	2710535	
101276	2710542	
101276	2710922	
101276	2710924	
101276	2712952	
101276	2719361	
101276	2721972	
101276	2721973	
101276	2721974	
101276	2721976	
101276	2721977	
101276	2721978	
101276	2721980	
101276	2721981	
101276	2721992	
101276	2721998	
101276	2721999	
101276	2722000	
101276	2722001	
101276	2722007	
101276	2722009	
101276	2722010	
101276	2722011	
101276	2722015	
101276	2722018	
101276	2722023	
101276	2722025	
101276	2722027	
101276	2722029	
101276	2722032	
101276	2722309	
2	26709	
675	58481	
1002	15768	
26698	26709	
26709	26725	
26709	36747	
26709	36973	
26709	52261	
26709	66709	
26709	69641	
26709	73864	
26709	74190	
26709	76050	
26709	76611	
26709	76804	
26709	77336	
26709	93956	
26709	94466	
26709	97661	
26709	97850	
26709	99168	
26709	99177	
26709	99183	
26709	99188	
26709	99192	
26709	99198	
26709	99199	
26709	99200	
26709	99202	
26709	99203	
26709	99204	
26709	99206	
26709	99207	
26709	99210	
26709	99212	
26709	99218	
26709	99222	
26709	99225	
26709	99226	
26709	99230	
26709	99235	
26709	99239	
26709	99246	
26709	101241	
26709	101251	
26709	101261	
26709	101279	
26709	102528	
26709	102531	
26709	116759	
26709	127042	
26709	133405	
26709	137250	
26709	143648	
26709	146213	
26709	146215	
26709	156168	
26709	161137	
26709	161140	
26709	172074	
26709	177008	
26709	178884	
26709	192684	
26709	198416	
26709	205485	
26709	208097	
26709	221699	
26709	223649	
26709	231683	
26709	235537	
26709	235831	
26709	237139	
26709	238833	
26709	239971	
26709	244701	
26709	246561	
26709	256479	
26709	264993	
26709	271422	
26709	277526	
26709	277684	
26709	284141	
26709	284149	
26709	284470	
26709	284846	
26709	286778	
26709	290827	
26709	305660	
26709	305662	
26709	305664	
26709	305675	
26709	305689	
26709	305693	
26709	305697	
26709	305704	
26709	305705	
26709	305709	
26709	305716	
26709	305720	
26709	305723	
26709	305734	
26709	305738	
26709	305744	
26709	305749	
26709	305756	
26709	305758	
26709	305769	
26709	305770	
26709	305795	
26709	305797	
26709	305798	
26709	310948	
26709	314733	
26709	335979	
26709	335981	
26709	337458	
26709	395865	
26709	401412	
26709	403223	
26709	403228	
26709	403234	
26709	403239	
26709	406323	
26709	415229	
26709	415234	
26709	450955	
26709	459622	
26709	459654	
26709	487381	
26709	491887	
26709	513811	
26709	519650	
26709	522699	
26709	539661	
26709	539673	
26709	549406	
26709	552656	
26709	554808	
26709	556885	
26709	567148	
26709	583767	
26709	587129	
26709	589290	
26709	595568	
26709	602911	
26709	610372	
26709	612175	
26709	617993	
26709	621202	
26709	622437	
26709	628435	
26709	638820	
26709	641355	
26709	644022	
26709	644050	
26709	664537	
26709	669063	
26709	717672	
26709	723388	
26709	732948	
26709	741626	
26709	755562	
26709	773316	
26709	774706	
26709	774715	
26709	774717	
26709	774731	
26709	774735	
26709	774741	
26709	774744	
26709	774749	
26709	774756	
26709	774762	
26709	774768	
26709	774772	
26709	774773	
26709	774775	
26709	774778	
26709	774782	
26709	774799	
26709	774806	
26709	774811	
26709	774816	
26709	774822	
26709	774829	
26709	774833	
26709	774848	
26709	774854	
26709	774856	
26709	774860	
26709	774862	
26709	788416	
26709	920689	
26709	2212161	
26709	2217823	
26709	2536390	
26709	2722309	
9013	398867	
9028	99198	
9034	305704	
9037	305704	
4389	237181	
50	1536	
70	15768	
1431	97661	
1698	99222	
5199	251157	
357	22345	
436	24142	
1783	110912	
1783	110917	
1890	76050	
1912	114668	
2030	120481	
2044	99222	
2103	127042	
2124	76050	
1802	108299	
26282	99224	
4295	22345	
4329	234242	
3019	97661	
3033	175602	
3045	97661	
3068	176282	
6684	52767	
1169	69632	
4119	99224	
877	52767	
8160	284149	
8160	305664	
8160	379959	
1529	1536	
1529	26709	
1529	80017	
1529	99168	
1529	99174	
1529	99177	
1529	99183	
1529	99188	
1529	99198	
1529	99199	
1529	99205	
1529	99206	
1529	99207	
1529	99212	
1529	99213	
1529	99222	
1529	99224	
1529	99226	
1529	99228	
1529	99229	
1529	99235	
1530	1536	
1533	1536	
1535	1536	
1536	1538	
1536	1543	
1536	1544	
1536	1553	
1536	1577	
1536	1581	
1536	1582	
1536	1595	
1536	1601	
1536	1604	
1536	1606	
1536	1611	
1536	1615	
1536	1627	
1536	1631	
1536	1633	
1536	1635	
1536	1636	
1536	1643	
1536	1666	
1536	1673	
1536	30220	
1536	38306	
1536	41597	
1536	47951	
1536	84940	
1536	86937	
1536	93542	
1536	93997	
1536	94239	
1536	94567	
1536	97088	
1536	97148	
1536	98695	
1536	98811	
1536	99209	
1536	99220	
1536	99228	
1536	99231	
1536	99241	
1536	100724	
1536	101225	
1536	101233	
1536	101234	
1536	101235	
1536	101236	
1536	101237	
1536	101238	
1536	101239	
1536	101240	
1536	101241	
1536	101242	
1536	101243	
1536	101244	
1536	101245	
1536	101246	
1536	101247	
1536	101248	
1536	101249	
1536	101250	
1536	101251	
1536	101252	
1536	101253	
1536	101254	
1536	101255	
1536	101256	
1536	101257	
1536	101258	
1536	101259	
1536	101260	
1536	101261	
1536	101262	
1536	101263	
1536	101264	
1536	101265	
1536	101266	
1536	101267	
1536	101268	
1536	101269	
1536	101270	
1536	101271	
1536	101272	
1536	101273	
1536	101274	
1536	101275	
1536	101277	
1536	101278	
1536	101279	
1536	101280	
1536	101281	
1536	101282	
1536	101283	
1536	101284	
1536	101285	
1536	101286	
1536	101287	
1536	101288	
1536	101289	
1536	101290	
1536	101291	
1536	101292	
1536	101293	
1536	101294	
1536	101295	
1536	101296	
1536	101297	
1536	101298	
1536	101299	
1536	101300	
1536	101301	
1536	101302	
1536	101303	
1536	101304	
1536	101305	
1536	101306	
1536	101307	
1536	101308	
1536	101309	
1536	101310	
1536	101311	
1536	101312	
1536	101313	
1536	101314	
1536	101315	
1536	101316	
1536	101317	
1536	101318	
1536	101319	
1536	101320	
1536	101321	
1536	101322	
1536	101323	
1536	101324	
1536	101325	
1536	101326	
1536	101327	
1536	101328	
1536	101329	
1536	101330	
1536	101331	
1536	101332	
1536	101333	
1536	101334	
1536	101335	
1536	101336	
1536	101337	
1536	101338	
1536	101339	
1536	101340	
1536	101341	
1536	101342	
1536	101343	
1536	101344	
1536	101345	
1536	101346	
1536	101347	
1536	101348	
1536	101349	
1536	101350	
1536	2617746	
1536	2722335	
1536	2725259	
1536	2921380	
1575	99168	
1581	22345	
1581	26709	
1620	103107	
1673	99174	
1673	99205	
1673	99207	
1673	99213	
1673	99228	
1673	99235	
1673	102531	
4659	176282	
4733	175602	
4733	245056	
4733	245068	
4733	245074	
4733	245083	
4803	249753	
4811	246530	
4837	175602	
4858	251157	
3268	183192	
3383	97661	
3406	97661	
3610	199408	
19637	153932	
19650	153932	
19702	127042	
988	76050	
988	77336	
995	60494	
1005	52767	
1017	73864	
687	40962	
2683	52767	
2683	120481	
9462	305693	
9471	253777	
9471	412212	
9495	412443	
9513	99199	
9543	251157	
9565	413650	
9574	120481	
5417	265252	
7195	97661	
3160	77336	
5451	267655	
5461	267021	
12268	153932	
12286	40962	
12297	509633	
12362	511789	
15610	15768	
15733	15768	
15734	15768	
15768	27256	
15768	56417	
15768	61483	
15768	76050	
15768	99177	
15768	99183	
15768	99226	
15768	101251	
15768	101261	
15768	101334	
15768	104265	
15768	113037	
15768	159937	
15768	161703	
15768	167338	
15768	167358	
15768	167363	
15768	167370	
15768	167375	
15768	174601	
15768	204986	
15768	207674	
15768	207840	
15768	223485	
15768	284149	
15768	305690	
15768	305769	
15768	310863	
15768	439348	
15768	503931	
15768	513973	
15768	513980	
15768	532197	
15768	550931	
15768	551408	
15768	555241	
15768	573988	
15768	581909	
15768	581910	
15768	581911	
15768	581912	
15768	581913	
15768	581914	
15768	581915	
15768	581916	
15768	581917	
15768	581918	
15768	581919	
15768	581920	
15768	581921	
15768	581922	
15768	581925	
15768	581927	
15768	581928	
15768	581931	
15768	581932	
15768	581933	
15768	581934	
15768	581935	
15768	581936	
15768	581937	
15768	581938	
15768	581940	
15768	581941	
15768	581942	
15768	581943	
15768	581944	
15768	821817	
15768	848778	
15768	2064403	
15768	2370191	
15768	2721974	
15768	2753979	
15768	2909446	
15768	3052176	
4401	395083	
4408	231683	
4430	99198	
4433	99174	
4464	2459275	
4473	235831	
4483	235537	
4515	235831	
4531	686375	
2637	153932	
129	6741	
5574	270561	
12594	270561	
12605	77336	
12609	519579	
12627	413675	
8714	52767	
8719	395083	
7841	77336	
10477	305701	
2325	152978	
2794	22345	
2856	166458	
2901	168469	
2938	168469	
2969	97661	
2982	101302	
1330	80017	
1371	69632	
9617	413675	
11527	305732	
6740	6741	
6741	6791	
6741	20905	
6741	26709	
6741	44810	
6741	55214	
6741	60494	
6741	62625	
6741	63762	
6741	66709	
6741	69641	
6741	75892	
6741	76050	
6741	79414	
6741	80483	
6741	82770	
6741	90577	
6741	97661	
6741	99170	
6741	99177	
6741	99183	
6741	99192	
6741	99198	
6741	99199	
6741	99200	
6741	99205	
6741	99206	
6741	99207	
6741	99226	
6741	99228	
6741	99230	
6741	99232	
6741	99235	
6741	101241	
6741	101251	
6741	101261	
6741	101279	
6741	101312	
6741	101916	
6741	121290	
6741	127042	
6741	144791	
6741	161593	
6741	171210	
6741	172074	
6741	174100	
6741	208119	
6741	221650	
6741	231683	
6741	235537	
6741	238710	
6741	246561	
6741	277684	
6741	284141	
6741	284149	
6741	284470	
6741	284758	
6741	285775	
6741	286652	
6741	286693	
6741	291202	
6741	292096	
6741	305009	
6741	305012	
6741	305660	
6741	305661	
6741	305662	
6741	305663	
6741	305664	
6741	305665	
6741	305666	
6741	305667	
6741	305668	
6741	305669	
6741	305670	
6741	305671	
6741	305672	
6741	305673	
6741	305674	
6741	305675	
6741	305676	
6741	305677	
6741	305678	
6741	305679	
6741	305680	
6741	305681	
6741	305682	
6741	305683	
6741	305684	
6741	305685	
6741	305686	
6741	305687	
6741	305688	
6741	305689	
6741	305690	
6741	305691	
6741	305692	
6741	305693	
6741	305694	
6741	305695	
6741	305696	
6741	305697	
6741	305698	
6741	305699	
6741	305700	
6741	305701	
6741	305702	
6741	305703	
6741	305704	
6741	305705	
6741	305706	
6741	305707	
6741	305708	
6741	305709	
6741	305710	
6741	305711	
6741	305712	
6741	305713	
6741	305714	
6741	305715	
6741	305716	
6741	305717	
6741	305718	
6741	305719	
6741	305720	
6741	305721	
6741	305722	
6741	305723	
6741	305724	
6741	305725	
6741	305726	
6741	305727	
6741	305728	
6741	305729	
6741	305730	
6741	305731	
6741	305732	
6741	305733	
6741	305734	
6741	305735	
6741	305736	
6741	305737	
6741	305738	
6741	305739	
6741	305740	
6741	305741	
6741	305742	
6741	305743	
6741	305744	
6741	305745	
6741	305746	
6741	305747	
6741	305748	
6741	305749	
6741	305750	
6741	305751	
6741	305752	
6741	305753	
6741	305754	
6741	305755	
6741	305756	
6741	305757	
6741	305758	
6741	305759	
6741	305760	
6741	305761	
6741	305762	
6741	305763	
6741	305764	
6741	305765	
6741	305766	
6741	305767	
6741	305768	
6741	305769	
6741	305770	
6741	305771	
6741	305772	
6741	305773	
6741	305774	
6741	305775	
6741	305776	
6741	305777	
6741	305778	
6741	305779	
6741	305780	
6741	305781	
6741	305782	
6741	305783	
6741	305784	
6741	305785	
6741	305786	
6741	305787	
6741	305788	
6741	305789	
6741	305790	
6741	305791	
6741	305792	
6741	305793	
6741	305794	
6741	305795	
6741	305796	
6741	305797	
6741	305798	
6741	305799	
6741	305800	
6741	305801	
6741	305802	
6741	305803	
6741	305804	
6741	305805	
6741	305806	
6741	305807	
6741	305808	
6741	305809	
6741	305810	
6741	305811	
6741	305812	
6741	305813	
6741	305814	
6741	305815	
6741	590957	
6741	635211	
6741	717709	
6741	774717	
6741	917923	
6741	937617	
6741	952132	
6741	963845	
6741	977458	
6741	1993031	
6741	2061000	
6741	2150478	
6741	2321067	
6741	2323154	
6741	2393816	
6741	2400102	
6741	2408512	
6741	2477106	
6741	2536390	
6741	2708003	
6741	2710924	
6741	2712952	
6741	2774112	
6741	3025200	
6830	305720	
7947	253777	
6042	2536390	
6047	286693	
6056	284470	
6063	284319	
6065	284141	
6065	284149	
6070	284149	
6087	101270	
6087	286693	
6102	2722309	
6118	120481	
6133	176282	
6133	286778	
6139	286693	
6142	284470	
6147	284470	
10555	305736	
10583	153932	
10583	183192	
20758	413675	
6916	312122	
6975	97661	
4927	256884	
4989	253777	
5081	97661	
5115	199408	
16139	97661	
16139	99198	
16139	199408	
16150	99205	
16176	99198	
16186	152978	
16186	286693	
3824	208097	
7385	152978	
21378	60494	
21378	251157	
21378	611132	
5727	99198	
5771	277684	
24309	740726	
7785	120481	
13072	99183	
13137	99226	
13156	305695	
13156	532197	
6386	293587	
8316	305695	
8317	108299	
6614	300510	
12812	412212	
7317	99226	
8057	97661	
11736	497868	
11736	498011	
11798	790652	
8945	399503	
13018	168469	
35306	441888	
11169	97661	
10421	58481	
18169	249753	
18187	627291	
10829	114668	
10848	97661	
10888	153932	
10888	445387	
10941	77336	
10941	101279	
10947	246530	
10968	152978	
11001	456596	
11024	153932	
11125	153932	
11264	99183	
10603	437850	
9627	305720	
11583	101261	
21887	545531	
21889	703826	
11681	493438	
25300	305723	
37191	277684	
37191	305723	
37202	166458	
13878	545531	
18530	22345	
15497	445387	
17903	99235	
14344	69632	
14539	237181	
16093	60494	
17363	305723	
17363	493438	
17368	305723	
17372	60494	
17372	611132	
17396	2195832	
17421	305723	
17437	305723	
17442	493438	
17480	305723	
17502	305723	
14057	305662	
14130	551912	
14163	166458	
14242	552656	
10689	305701	
10700	99206	
10700	305701	
10704	305701	
10704	441888	
10705	305701	
10705	441322	
10726	305701	
10729	305701	
10729	305795	
10735	305701	
10741	305701	
16074	166458	
13648	305732	
13651	175602	
13701	542880	
14885	312122	
14887	565679	
14916	565830	
14958	103107	
14958	545531	
14958	566329	
15041	441888	
11888	99213	
20078	671759	
20078	671768	
20078	671771	
26745	99226	
21794	545531	
13415	99222	
20444	305736	
11719	99212	
15535	24142	
18857	60494	
20229	97661	
20835	305690	
20835	684571	
27282	790652	
27429	659344	
30224	152978	
30235	120481	
30235	823545	
30240	706742	
30240	711491	
30260	659344	
30282	249753	
30283	97661	
30288	305742	
30288	824020	
30321	312122	
30330	153932	
30342	99226	
30360	73864	
30361	99226	
30362	52767	
30362	717999	
30365	77336	
30367	99226	
30384	305690	
30385	77336	
30385	99205	
30389	77336	
30393	251157	
30435	101270	
30456	73864	
30456	835646	
30475	305704	
30486	305732	
30498	152978	
30502	2303153	
30515	643274	
16447	183192	
16463	598966	
16509	97661	
16602	52767	
16602	120481	
16026	305689	
23852	152978	
21485	153932	
27441	412443	
27459	246530	
27470	305795	
39661	183192	
106233	235537	
106233	305741	
157197	284319	
157197	686375	
157205	284319	
157205	686375	
20548	245083	
20548	606832	
20548	665908	
20548	665911	
13468	537981	
21606	305795	
21608	52767	
21622	686375	
21641	441888	
12854	305720	
12906	60494	
12929	101334	
33654	519579	
34516	305662	
36695	305660	
36697	395083	
36706	76050	
36715	97661	
36726	918873	
36726	2230465	
36727	73864	
36737	80017	
36737	99198	
36737	235831	
36737	305732	
36743	99177	
36773	76050	
36821	99226	
36825	919108	
36843	76050	
36875	120481	
36883	40962	
36885	305660	
36888	97661	
36898	102531	
36901	76050	
36913	498011	
36913	643274	
36917	76050	
36930	235537	
36933	312122	
36954	76050	
36956	2195832	
36970	99226	
36973	99226	
36997	922435	
37000	76050	
37009	80017	
37018	76050	
37024	76050	
37043	923998	
37074	76050	
13574	152978	
18462	413675	
15516	305701	
23353	77336	
23356	720752	
23374	99183	
16273	493438	
16332	398867	
27201	704888	
21102	120481	
21102	445387	
22374	703692	
22398	399503	
22399	565679	
22402	704888	
22410	305795	
22416	237181	
22420	256884	
22438	713561	
22455	698979	
22458	711491	
22458	2722309	
22462	52767	
22467	114668	
22470	237181	
22498	709086	
22506	251157	
22506	267655	
22510	704934	
22517	684571	
22548	108299	
22551	703826	
22581	412443	
22581	565679	
22581	611132	
21062	77336	
20705	99235	
15318	300510	
23196	97661	
23235	412443	
23249	99226	
23253	97661	
23912	738435	
23939	231683	
23940	77336	
22603	710118	
22642	565830	
22642	712007	
22642	712009	
22666	717672	
16206	395083	
17876	99235	
17878	99235	
17954	99235	
17967	76050	
17973	537981	
36310	305701	
36353	80017	
36353	99168	
36353	99183	
36353	99212	
36353	99222	
36353	99224	
36353	99229	
36353	102531	
36353	166458	
36353	622492	
19280	645158	
19281	305769	
19281	645158	
17037	305736	
17063	277684	
17084	249753	
15807	413675	
27013	519579	
16683	277684	
16723	300510	
16771	606832	
27017	52767	
22308	22345	
22311	22345	
22312	22345	
22312	293587	
22313	22345	
22314	441888	
22315	706742	
22316	22345	
22317	22345	
22318	22345	
22318	245056	
22321	545531	
22322	22345	
22325	441888	
22328	22345	
22329	545531	
22331	702158	
22332	441888	
22333	698979	
22334	441888	
22338	698979	
22342	22345	
22344	22345	
22345	22347	
22345	22353	
22345	22354	
22345	22356	
22345	22358	
22345	22360	
22345	22364	
22345	22365	
22345	22369	
22345	22370	
22345	23804	
22345	23810	
22345	38988	
22345	41585	
22345	45094	
22345	51347	
22345	52832	
22345	52844	
22345	60702	
22345	66389	
22345	76530	
22345	88711	
22345	90152	
22345	93969	
22345	113305	
22345	113306	
22345	113310	
22345	113313	
22345	113315	
22345	113316	
22345	113317	
22345	113319	
22345	113329	
22345	113335	
22345	113338	
22345	113343	
22345	113352	
22345	113353	
22345	113358	
22345	113361	
22345	113364	
22345	113365	
22345	113366	
22345	119508	
22345	120477	
22345	133568	
22345	138949	
22345	139751	
22345	144016	
22345	145710	
22345	157925	
22345	158104	
22345	158821	
22345	171461	
22345	172408	
22345	177367	
22345	183271	
22345	184374	
22345	193167	
22345	194595	
22345	196357	
22345	209157	
22345	209197	
22345	218363	
22345	220498	
22345	221574	
22345	223788	
22345	223805	
22345	223811	
22345	223819	
22345	223823	
22345	227927	
22345	231976	
22345	236844	
22345	237180	
22345	238497	
22345	241052	
22345	241633	
22345	245056	
22345	246294	
22345	246971	
22345	250119	
22345	250315	
22345	250355	
22345	250501	
22345	250515	
22345	250521	
22345	250522	
22345	250524	
22345	250526	
22345	250527	
22345	250632	
22345	277209	
22345	278344	
22345	282451	
22345	284030	
22345	284070	
22345	284168	
22345	286606	
22345	287518	
22345	288741	
22345	288790	
22345	290740	
22345	293657	
22345	295317	
22345	313197	
22345	319802	
22345	328329	
22345	339547	
22345	342270	
22345	383176	
22345	383186	
22345	407043	
22345	409169	
22345	427970	
22345	441974	
22345	445391	
22345	447843	
22345	450719	
22345	481583	
22345	484770	
22345	493468	
22345	505955	
22345	511763	
22345	529904	
22345	531762	
22345	531771	
22345	536769	
22345	541309	
22345	554408	
22345	556498	
22345	556785	
22345	590012	
22345	595255	
22345	595822	
22345	596029	
22345	599214	
22345	611216	
22345	622214	
22345	630955	
22345	649218	
22345	651715	
22345	667547	
22345	673688	
22345	682510	
22345	684093	
22345	692154	
22345	696306	
22345	696321	
22345	696325	
22345	696330	
22345	696368	
22345	696370	
22345	696382	
22345	697099	
22345	697101	
22345	697121	
22345	697122	
22345	697125	
22345	697137	
22345	697138	
22345	697990	
22345	698863	
22345	698865	
22345	698867	
22345	698871	
22345	698872	
22345	698874	
22345	698891	
22345	699017	
22345	699019	
22345	699435	
22345	700261	
22345	700269	
22345	700271	
22345	702083	
22345	702164	
22345	702828	
22345	703457	
22345	703466	
22345	703486	
22345	703487	
22345	703488	
22345	703491	
22345	703494	
22345	703495	
22345	703496	
22345	703498	
22345	703500	
22345	703503	
22345	703506	
22345	703509	
22345	703511	
22345	703514	
22345	703515	
22345	703517	
22345	703518	
22345	703519	
22345	703520	
22345	703521	
22345	703522	
22345	703523	
22345	703525	
22345	703526	
22345	703527	
22345	703529	
22345	703530	
22345	703531	
22345	703532	
22345	703533	
22345	703534	
22345	703536	
22345	703537	
22345	703538	
22345	703539	
22345	703540	
22345	703541	
22345	703542	
22345	703544	
22345	703545	
22345	703547	
22345	703549	
22345	703551	
22345	703554	
22345	703556	
22345	703557	
22345	703558	
22345	703559	
22345	703560	
22345	703561	
22345	703562	
22345	703563	
22345	703564	
22345	703565	
22345	703566	
22345	703567	
22345	827673	
22345	1003452	
22345	2300401	
22345	2533584	
22346	702158	
22348	103107	
22354	103107	
22354	245056	
22354	256884	
22354	545531	
22354	717995	
22354	717997	
22354	717999	
22358	245056	
22363	708566	
22367	441888	
25064	97661	
25072	99198	
31726	305757	
31727	305770	
31731	99235	
31737	305757	
31740	305795	
31740	566329	
31740	2303153	
31744	760377	
31749	99226	
31755	99198	
31755	519579	
22261	702651	
28219	99205	
32525	305698	
32682	865959	
32691	183192	
32691	875127	
22845	305732	
22935	97661	
27540	77336	
27540	97661	
27540	286778	
27540	305741	
27540	788423	
17670	622492	
17670	2370130	
18276	99222	
17861	622437	
26060	99168	
18604	101261	
18623	99235	
18629	99198	
18629	519579	
18635	99235	
18690	99235	
18700	305758	
28212	110917	
18782	77336	
18798	246530	
18819	99226	
18821	644050	
18834	77336	
18854	643274	
28449	76050	
28520	99224	
20330	175602	
20350	246530	
19469	175602	
19512	542880	
19531	412443	
21163	235537	
25650	760377	
25682	108299	
25682	441888	
25682	703826	
25731	2230994	
25749	40962	
25758	2230994	
25842	99235	
25882	2230994	
25893	305690	
25893	305699	
25893	684571	
25934	627291	
24420	99222	
24575	99174	
20179	659344	
20240	645158	
21328	683687	
33478	413675	
24358	97661	
24416	97661	
30995	305720	
22070	153932	
22081	692752	
22081	2722309	
22224	114668	
22224	537981	
23564	686375	
22981	199408	
23019	277684	
28641	60494	
40521	305770	
40522	305770	
40525	684571	
40534	60494	
40537	305770	
40543	305696	
40547	99235	
40550	305770	
40551	305770	
40552	305757	
40555	305770	
40556	305770	
40557	305696	
40558	305770	
40566	305696	
40569	305770	
40571	305696	
40578	305696	
40579	305696	
40587	305770	
40592	305690	
40592	684571	
40597	622492	
40598	305770	
40600	305690	
40600	684571	
40602	305770	
40605	305770	
40608	305699	
40608	684571	
40612	305696	
40616	305696	
40617	52767	
40618	99235	
40618	305696	
21528	99235	
21528	305742	
21528	305758	
21541	99235	
31362	208097	
33059	99235	
33121	110917	
24046	24142	
24073	24142	
24080	24142	
24091	24142	
24111	24142	
24142	44487	
24142	111528	
24142	141549	
24142	152715	
24142	177194	
24142	253777	
24142	308091	
24142	318138	
24142	412212	
24142	441322	
24142	445387	
24142	494782	
24142	575982	
24142	741313	
24142	741314	
24142	741315	
24142	741316	
24142	741317	
24142	741318	
24142	741319	
24142	741320	
24142	741321	
24142	741322	
24142	741323	
24142	741324	
24142	2244015	
24142	2294904	
29864	99168	
29887	305704	
31155	235537	
31219	97661	
31241	108299	
31241	842309	
28983	99226	
28994	60494	
29008	305795	
29045	97661	
29066	611132	
25194	99177	
23804	99174	
23810	99174	
23810	732903	
32338	790652	
32351	611132	
32495	713561	
49213	698979	
47834	671759	
29217	99183	
29217	305695	
26791	305769	
26791	645158	
29604	814742	
29621	441888	
29628	815416	
26008	713561	
40512	101302	
33779	645158	
33816	878512	
26928	267655	
26931	246530	
26938	441888	
26945	153932	
26945	698979	
26948	783414	
26957	441888	
26962	153932	
26972	2225261	
26989	671768	
26996	166458	
26996	782397	
27001	60494	
27007	153932	
27007	783414	
27637	732903	
27678	671771	
32981	69632	
27709	305732	
33733	305704	
34404	277684	
40704	120481	
40749	542880	
27410	77336	
27414	286778	
27422	120481	
27431	120481	
27447	312122	
27454	76050	
27455	622492	
47418	305704	
47481	99222	
47535	153932	
27931	643274	
27995	698979	
28007	2536390	
38542	99212	
38548	99212	
38550	99212	
38553	99212	
45211	110917	
33225	873642	
33253	713561	
33272	114668	
28045	110912	
28624	77336	
28636	208097	
28651	99226	
37755	199408	
37809	97661	
37809	305770	
37274	60494	
37301	60494	
31373	99213	
31385	99213	
31412	99213	
32059	611132	
42068	60494	
30639	183192	
40383	305701	
30959	99183	
44570	398867	
31505	788423	
31510	99188	
33672	99226	
33679	249753	
35236	101261	
35261	903392	
35281	99177	
35281	99226	
37991	412443	
37991	937210	
32225	101334	
32239	267021	
31912	740726	
38161	176282	
38210	97661	
38588	645158	
39974	790652	
39989	267655	
39990	545531	
39995	52767	
40013	251157	
40013	399503	
40026	441888	
40026	823545	
40030	166458	
40032	686375	
35548	413675	
38290	235537	
40425	40962	
40425	305695	
34938	509633	
34986	99183	
34986	305704	
34696	99212	
34765	76050	
34520	76050	
34590	703692	
39814	953903	
34182	709086	
34192	152978	
35626	732903	
36429	58481	
36519	237181	
36539	246530	
41675	52767	
41683	60494	
41811	704934	
48057	937210	
48065	52767	
48071	152978	
48076	152978	
48096	153932	
48105	937210	
48111	101261	
48111	101334	
48121	732903	
48122	120481	
48127	305693	
48130	153932	
48132	1993105	
48140	300510	
48153	52767	
48153	698979	
48156	120481	
48175	120481	
35342	69632	
35390	99224	
35472	305709	
35661	99226	
35661	305770	
39635	152978	
40890	52767	
40890	120481	
40891	52767	
40891	120481	
40907	101251	
40907	101261	
40907	101312	
40907	284141	
40907	284149	
40907	305664	
40907	305665	
40907	305697	
40907	305701	
40907	305734	
40907	305736	
40907	305785	
40907	581932	
39616	951602	
39641	97661	
39646	69632	
39666	97661	
39667	97661	
39677	842309	
41622	52767	
41635	981709	
41646	412443	
41654	971277	
41673	445387	
41679	52767	
41722	52767	
59866	152978	
59866	286693	
59877	251157	
59877	611132	
36365	732903	
48261	270561	
48265	166458	
48271	581927	
48298	823545	
48326	77336	
40967	253777	
47908	166458	
47909	398867	
47910	293587	
47925	235537	
47926	103107	
47946	878512	
47966	441888	
47970	711491	
47979	740726	
47997	704934	
47998	659344	
47998	711491	
47998	760377	
48003	52767	
48011	686375	
48014	1986243	
48020	251157	
48020	671771	
48027	551912	
48036	58481	
37521	732903	
48495	977458	
48516	413650	
48528	399503	
48542	878512	
48553	732903	
48622	175602	
48622	245056	
38092	108299	
38092	703826	
38111	77336	
38111	249753	
38746	58481	
38848	835646	
38984	52767	
39076	305660	
46226	60494	
39359	101334	
40123	659344	
41740	267655	
41540	76050	
41578	980108	
40793	923998	
40793	968179	
49021	551912	
49022	175602	
49028	52767	
58452	58481	
58474	58481	
58475	58481	
58481	63527	
58481	81863	
58481	93944	
58481	134980	
58481	165040	
58481	192045	
58481	220298	
58481	227333	
58481	253166	
58481	284180	
58481	297000	
58481	304723	
58481	412212	
58481	414255	
58481	433895	
58481	441322	
58481	456451	
58481	456512	
58481	522334	
58481	530941	
58481	565679	
58481	602115	
58481	602601	
58481	654251	
58481	709126	
58481	717468	
58481	741321	
58481	913044	
58481	961087	
58481	961203	
58481	961204	
58481	1971376	
58481	1992786	
58481	2195831	
58481	2195832	
58481	2195833	
58481	2195834	
58481	2195835	
58481	2195836	
58488	153932	
51637	153932	
41381	246530	
41381	249753	
41382	977458	
41387	249753	
41396	815416	
41404	977458	
53046	246530	
63317	108299	
63317	399503	
63317	698979	
63317	937210	
45016	305662	
45023	286693	
45025	183192	
45026	441888	
45045	153932	
45046	270561	
45056	1900562	
45058	566329	
45059	824020	
45059	1897286	
45066	99205	
45071	704934	
45079	103107	
45084	101270	
45088	441888	
45092	305697	
45092	305795	
45092	566329	
45112	120481	
45117	305709	
45127	152978	
45128	937210	
45130	305709	
45135	166458	
45140	52767	
45141	842309	
45149	120481	
44722	305696	
44736	99188	
44736	166458	
44736	692752	
44762	52767	
44810	168469	
44851	1910715	
40962	46194	
40962	46485	
40962	59284	
40962	64872	
40962	72956	
40962	73839	
40962	75416	
40962	75674	
40962	76406	
40962	77156	
40962	78238	
40962	79865	
40962	79972	
40962	81528	
40962	82955	
40962	83856	
40962	84078	
40962	85704	
40962	86944	
40962	87177	
40962	87674	
40962	93985	
40962	94392	
40962	99475	
40962	101770	
40962	107300	
40962	109463	
40962	125114	
40962	129603	
40962	137784	
40962	146170	
40962	146238	
40962	149635	
40962	154648	
40962	154914	
40962	157722	
40962	157889	
40962	160051	
40962	165936	
40962	167101	
40962	172269	
40962	172366	
40962	177364	
40962	194518	
40962	194846	
40962	198431	
40962	204302	
40962	212312	
40962	219676	
40962	223111	
40962	232421	
40962	232433	
40962	233708	
40962	234651	
40962	234900	
40962	236231	
40962	237299	
40962	240690	
40962	241146	
40962	249815	
40962	251320	
40962	260759	
40962	262963	
40962	265749	
40962	269704	
40962	270417	
40962	271445	
40962	276408	
40962	282860	
40962	284218	
40962	284220	
40962	286315	
40962	288220	
40962	292418	
40962	293374	
40962	303868	
40962	307937	
40962	316977	
40962	342187	
40962	342867	
40962	379290	
40962	397975	
40962	399537	
40962	400001	
40962	404231	
40962	409905	
40962	410510	
40962	410658	
40962	412981	
40962	413760	
40962	421357	
40962	423838	
40962	427894	
40962	438066	
40962	442126	
40962	442162	
40962	453187	
40962	463126	
40962	482554	
40962	487857	
40962	487861	
40962	487924	
40962	489691	
40962	493344	
40962	493416	
40962	505784	
40962	505790	
40962	505819	
40962	508580	
40962	510581	
40962	511541	
40962	511704	
40962	511724	
40962	511727	
40962	514012	
40962	515934	
40962	517002	
40962	524882	
40962	537881	
40962	538380	
40962	539529	
40962	542011	
40962	547157	
40962	548728	
40962	550243	
40962	553955	
40962	554093	
40962	555650	
40962	563137	
40962	563548	
40962	577709	
40962	579615	
40962	582089	
40962	587509	
40962	587997	
40962	596428	
40962	598985	
40962	602581	
40962	604216	
40962	605001	
40962	608506	
40962	609028	
40962	615070	
40962	615387	
40962	621088	
40962	634351	
40962	634363	
40962	635254	
40962	637676	
40962	641013	
40962	644076	
40962	645840	
40962	646227	
40962	647148	
40962	647164	
40962	649914	
40962	654035	
40962	654720	
40962	661341	
40962	662331	
40962	664290	
40962	664295	
40962	666293	
40962	666839	
40962	670101	
40962	680809	
40962	689732	
40962	693895	
40962	694208	
40962	695975	
40962	697812	
40962	699393	
40962	700309	
40962	700667	
40962	701996	
40962	702468	
40962	702681	
40962	705046	
40962	705050	
40962	706093	
40962	706545	
40962	706753	
40962	707293	
40962	707923	
40962	708019	
40962	708054	
40962	709306	
40962	714982	
40962	720705	
40962	722013	
40962	726458	
40962	731882	
40962	737783	
40962	745722	
40962	747661	
40962	747837	
40962	752386	
40962	756907	
40962	776827	
40962	778659	
40962	779203	
40962	780339	
40962	780340	
40962	780354	
40962	780360	
40962	780422	
40962	780883	
40962	781005	
40962	781528	
40962	782294	
40962	782314	
40962	782362	
40962	783425	
40962	803550	
40962	804949	
40962	804959	
40962	804962	
40962	804990	
40962	805015	
40962	805022	
40962	805058	
40962	805060	
40962	805079	
40962	807892	
40962	814515	
40962	815069	
40962	818472	
40962	825755	
40962	833497	
40962	861818	
40962	865997	
40962	869636	
40962	871177	
40962	872142	
40962	875788	
40962	876135	
40962	878512	
40962	878540	
40962	888439	
40962	894369	
40962	894537	
40962	894657	
40962	897158	
40962	897277	
40962	899784	
40962	917797	
40962	921827	
40962	924353	
40962	924383	
40962	925858	
40962	933876	
40962	937775	
40962	950543	
40962	955200	
40962	956021	
40962	961851	
40962	964692	
40962	966760	
40962	971197	
40962	971198	
40962	971199	
40962	971200	
40962	971201	
40962	971202	
40962	971203	
40962	971204	
40962	971205	
40962	971206	
40962	971207	
40962	971208	
40962	971209	
40962	971210	
40962	971211	
40962	971212	
40962	971213	
40962	971214	
40962	971215	
40962	971216	
40962	971217	
40962	971218	
40962	971219	
40962	971220	
40962	971221	
40962	971222	
40962	971223	
40962	971224	
40962	971225	
40962	971226	
40962	971227	
40962	971228	
40962	971229	
40962	971230	
40962	971231	
40962	971232	
40962	971233	
40962	971234	
40962	971235	
40962	971236	
40962	971237	
40962	971238	
40962	971239	
40962	971240	
40962	971241	
40962	971242	
40962	971243	
40962	971244	
40962	971245	
40962	971246	
40962	971247	
40962	971248	
40962	971249	
40962	971250	
40962	971251	
40962	971252	
40962	971253	
40962	971254	
40962	971255	
40962	971256	
40962	971257	
40962	971258	
40962	971259	
40962	971260	
40962	971261	
40962	971262	
40962	971263	
40962	971264	
40962	971265	
40962	971266	
40962	971267	
40962	971268	
40962	971269	
40962	971270	
40962	971271	
40962	971272	
40962	971273	
40962	971274	
40962	971275	
40962	971276	
40962	971277	
40962	971278	
40962	971279	
40962	971280	
40962	971281	
40962	971282	
40962	971283	
40962	971284	
40962	971285	
40962	971286	
40962	971287	
40962	971288	
40962	971289	
40962	971290	
40962	971291	
40962	971292	
40962	971293	
40962	971294	
40962	971295	
40962	971296	
40962	971297	
40962	971298	
40962	971299	
40962	971300	
40962	971301	
40962	971302	
40962	971303	
40962	971304	
40962	971305	
40962	971306	
40962	971307	
40962	971308	
40962	971309	
40962	971310	
40962	971311	
40962	971312	
40962	971313	
40962	971314	
40962	971316	
40962	971317	
40962	971318	
40962	971319	
40962	971321	
40962	971322	
40962	971323	
40962	971324	
40962	971325	
40962	971326	
40962	971327	
40962	971328	
40962	971329	
40962	971330	
40962	971331	
40962	971333	
40962	971335	
40962	971336	
40962	971337	
40962	971338	
40962	971339	
40962	971340	
40962	971341	
40962	971342	
40962	971343	
40962	971344	
40962	971345	
40962	971346	
40962	971347	
40962	971348	
40962	971349	
40962	971350	
40962	971351	
40962	971352	
40962	971353	
40962	971354	
40962	971355	
40962	971356	
40962	971357	
40962	971358	
40962	971359	
40962	971360	
40962	971361	
40962	971362	
40962	971363	
40962	971364	
40962	971365	
40962	971366	
40962	971367	
40962	971368	
40962	971369	
40962	971370	
40962	971371	
40962	971372	
40962	971373	
40962	971374	
40962	971375	
40962	971376	
40962	971377	
40962	971378	
40962	971379	
40962	971380	
40962	971381	
40962	971382	
40962	971383	
40962	971384	
40962	971385	
40962	971386	
40962	971387	
40962	971388	
40962	971389	
40962	971390	
40962	971391	
40962	971392	
40962	971393	
40962	971394	
40962	971395	
40962	971396	
40962	971397	
40962	971398	
40962	1902130	
40962	1909229	
40962	1910719	
40962	1914421	
40962	1915150	
40962	1915185	
40962	1977256	
40962	1983635	
40962	1991433	
40962	2021683	
40962	2026635	
40962	2054832	
40962	2146082	
40962	2152012	
40962	2158688	
40962	2162116	
40962	2184535	
40962	2200404	
40962	2203377	
40962	2203390	
40962	2229299	
40962	2275827	
40962	2288592	
40962	2288598	
40962	2313707	
40962	2317301	
40962	2334053	
40962	2354843	
40962	2356125	
40962	2396569	
40962	2396598	
40962	2403689	
40962	2443954	
40962	2488270	
40962	2511225	
40962	2513908	
40962	2514649	
40962	2514651	
40962	2584452	
40962	2616025	
40962	2617961	
40962	2721814	
40962	2730559	
40962	2754959	
40962	2770884	
40962	2801514	
40962	2813692	
40962	2855215	
40962	2876470	
40962	2912212	
40962	2928403	
40962	2967908	
40962	2988303	
40962	2988319	
40962	3026647	
40962	3034559	
40962	3050032	
40962	3066215	
40962	3066216	
41029	253777	
59826	823545	
53669	511789	
53678	110917	
53738	713561	
53749	166458	
45271	99174	
45334	919108	
45473	77336	
45492	245056	
45492	1924886	
45556	77336	
49440	110917	
49456	110917	
49457	99174	
49486	110917	
49543	284319	
57343	692752	
57368	153932	
57465	498011	
57498	235537	
54406	2722000	
46579	60494	
46579	97661	
46579	284149	
46579	305695	
46579	305720	
46579	1951947	
46599	69632	
46649	1967035	
48973	249753	
52473	659344	
45999	99226	
46008	99226	
46014	99226	
46045	253777	
46050	99198	
46073	99226	
46081	108299	
46081	703826	
46084	99226	
46102	99226	
50513	97661	
50520	99198	
50520	519579	
50537	99213	
50537	312122	
50541	97661	
47555	702651	
47558	702651	
49297	176282	
50652	99228	
49743	398867	
49743	399503	
49916	2007947	
59562	977458	
59573	977458	
59615	977458	
58272	101302	
49741	284319	
49795	76050	
49810	953903	
49830	249753	
49834	102531	
49838	312122	
49842	971211	
49888	2006957	
49921	102531	
49923	99183	
50059	249753	
55271	235537	
49674	305698	
53383	305664	
53451	175602	
51419	835646	
51424	873642	
51476	168469	
51478	790652	
49070	175602	
50929	175602	
53522	175602	
53526	99224	
53563	101270	
53572	99224	
53587	99183	
53592	99224	
53593	99224	
49257	76050	
51290	99183	
50838	235831	
51357	717672	
58158	790652	
58170	398867	
52256	176282	
52261	99198	
52567	312122	
52572	2225261	
54798	176282	
54844	99222	
54872	199408	
68230	2220321	
68235	99222	
68357	97661	
52836	267655	
52844	245056	
52844	256884	
52867	732903	
52872	704934	
52886	293587	
52899	120481	
52918	509633	
54855	99222	
54866	99222	
52642	101302	
54777	97661	
62736	108299	
62736	703826	
62753	2230994	
50907	99183	
50910	175602	
50915	732903	
50959	60494	
50959	99183	
50959	175602	
50959	199408	
50959	305795	
57847	101302	
58673	108299	
58984	305720	
58986	305720	
58991	305720	
59032	305720	
59038	305720	
59046	305720	
59049	305720	
59068	305720	
51855	937210	
51861	305709	
51881	738435	
52709	52767	
52722	52767	
52723	52767	
52727	52767	
52732	52767	
52734	52767	
52745	52767	
52746	52767	
52747	52767	
52749	52767	
52752	52767	
52759	52767	
52759	412443	
52763	52767	
61436	99183	
61449	246530	
60072	412443	
60128	305720	
51543	246530	
51543	249753	
51543	265252	
51543	399503	
51543	412212	
51543	445387	
51543	698979	
51543	923998	
51543	937210	
51543	2022299	
51543	2022327	
51543	2022356	
55597	2007947	
55611	2064403	
55617	702651	
58516	611132	
52764	52767	
61719	2223351	
52114	153932	
55062	412212	
55070	153932	
56609	2147162	
56632	153932	
56686	937210	
56717	441888	
56776	153932	
56786	398867	
56786	1900562	
56820	532197	
56841	2155093	
56947	441888	
56962	456596	
64858	2250580	
53219	246530	
53219	265252	
53219	399503	
53219	2022299	
53219	2022356	
53220	312122	
53222	103107	
53244	60494	
53247	919108	
53254	99177	
53254	99229	
53283	312122	
53290	312122	
53301	312122	
53304	312122	
53311	312122	
53319	2007947	
52711	52767	
52714	52767	
52719	52767	
52721	52767	
52728	52767	
52729	52767	
52731	52767	
52735	52767	
52741	52767	
52743	52767	
52748	52767	
52767	52899	
52767	55304	
52767	55318	
52767	56695	
52767	61387	
52767	61459	
52767	61461	
52767	61611	
52767	62335	
52767	63148	
52767	74203	
52767	75854	
52767	83061	
52767	85206	
52767	86636	
52767	87590	
52767	107047	
52767	108463	
52767	109070	
52767	115490	
52767	120481	
52767	127943	
52767	128387	
52767	147415	
52767	148740	
52767	152271	
52767	157451	
52767	157916	
52767	157949	
52767	157959	
52767	157969	
52767	158746	
52767	158751	
52767	158758	
52767	158798	
52767	158804	
52767	158807	
52767	158809	
52767	158819	
52767	158820	
52767	158822	
52767	158823	
52767	158824	
52767	158825	
52767	158837	
52767	158838	
52767	158842	
52767	158846	
52767	158862	
52767	158864	
52767	159971	
52767	159986	
52767	159988	
52767	159989	
52767	162916	
52767	165679	
52767	165853	
52767	171121	
52767	172238	
52767	172289	
52767	172292	
52767	172300	
52767	172301	
52767	172415	
52767	172453	
52767	172462	
52767	172517	
52767	172520	
52767	172543	
52767	180739	
52767	206107	
52767	210571	
52767	220638	
52767	220663	
52767	220666	
52767	222435	
52767	235500	
52767	240512	
52767	245083	
52767	250753	
52767	253231	
52767	261130	
52767	269228	
52767	270561	
52767	284044	
52767	285765	
52767	285779	
52767	287762	
52767	293587	
52767	301377	
52767	304029	
52767	304071	
52767	304077	
52767	306762	
52767	326210	
52767	379959	
52767	393113	
52767	396506	
52767	409872	
52767	409879	
52767	410697	
52767	410699	
52767	411167	
52767	412854	
52767	413322	
52767	490686	
52767	490998	
52767	493438	
52767	529866	
52767	529878	
52767	551012	
52767	566329	
52767	596762	
52767	606832	
52767	613726	
52767	634070	
52767	659899	
52767	660780	
52767	665068	
52767	674063	
52767	686375	
52767	704934	
52767	707870	
52767	711491	
52767	716360	
52767	716369	
52767	716371	
52767	716378	
52767	716384	
52767	716385	
52767	735354	
52767	747661	
52767	760377	
52767	804884	
52767	821888	
52767	827164	
52767	940692	
52767	1900561	
52767	1992671	
52767	2007947	
52767	2023063	
52767	2037737	
52767	2039752	
52767	2039922	
52767	2039923	
52767	2039924	
52767	2039926	
52767	2039928	
52767	2039929	
52767	2039936	
52767	2039939	
52767	2039946	
52767	2807411	
58880	102531	
58886	101261	
58891	732903	
58905	102531	
58907	305723	
58914	305723	
58917	101261	
61316	305697	
61322	708566	
54106	176282	
59349	246530	
56315	267655	
56388	704888	
56043	99198	
56067	166458	
59144	99177	
59144	99226	
54963	305705	
59536	305704	
56473	305664	
59203	97661	
59232	99222	
57253	284319	
58136	166458	
77721	99212	
56589	2144301	
67055	120481	
67068	80017	
67073	99213	
61763	77336	
62898	305662	
63074	99168	
59945	97661	
59945	99235	
59945	199408	
59945	231683	
59945	305770	
65139	732903	
65228	305723	
65236	166458	
60508	76050	
61495	73864	
66010	99188	
66026	2225261	
66063	286778	
66063	598966	
63684	76050	
63684	80017	
63684	99174	
63684	99177	
63684	99188	
63684	99222	
63684	99226	
63684	99229	
63684	102531	
63684	305662	
63684	305714	
63684	305795	
63684	312122	
63692	732903	
63995	300510	
64013	153932	
62020	698979	
64200	698979	
73278	305723	
60288	2211277	
60421	305662	
60460	498011	
60810	249753	
62002	80017	
62002	235831	
63153	99198	
63153	519579	
63941	73864	
75805	2721976	
75812	498011	
75838	412443	
75846	305723	
75866	99222	
75881	413650	
75899	456596	
75905	77336	
75905	2393514	
75919	99174	
75950	234242	
75961	498011	
75966	76050	
75966	99177	
75978	441322	
75981	166458	
75984	76050	
75985	643274	
75999	305795	
76012	498011	
76012	643274	
76016	153932	
76030	643274	
76048	2213497	
76050	76495	
76050	76665	
76050	76746	
76050	76775	
76050	76947	
76050	76972	
76050	77336	
76050	79862	
76050	79948	
76050	80017	
76050	81561	
76050	82480	
76050	82625	
76050	82631	
76050	82637	
76050	82647	
76050	82654	
76050	82708	
76050	82715	
76050	82745	
76050	82770	
76050	99174	
76050	99177	
76050	99183	
76050	99185	
76050	99193	
76050	99195	
76050	99198	
76050	99200	
76050	99205	
76050	99210	
76050	99211	
76050	99212	
76050	99219	
76050	99222	
76050	99225	
76050	99226	
76050	99228	
76050	99229	
76050	99236	
76050	101241	
76050	101279	
76050	101342	
76050	102531	
76050	106931	
76050	127909	
76050	128373	
76050	128383	
76050	128391	
76050	128406	
76050	128414	
76050	128419	
76050	128421	
76050	133405	
76050	135513	
76050	135547	
76050	135759	
76050	135773	
76050	135790	
76050	135811	
76050	146211	
76050	146289	
76050	163629	
76050	168534	
76050	172074	
76050	174143	
76050	187206	
76050	187683	
76050	198470	
76050	208097	
76050	208119	
76050	223493	
76050	232696	
76050	233396	
76050	233876	
76050	235537	
76050	235831	
76050	236477	
76050	238730	
76050	239963	
76050	240869	
76050	242807	
76050	243123	
76050	255008	
76050	264248	
76050	277684	
76050	284149	
76050	284242	
76050	284470	
76050	287412	
76050	288515	
76050	290083	
76050	292077	
76050	292135	
76050	305675	
76050	305677	
76050	305689	
76050	305690	
76050	305697	
76050	305698	
76050	305701	
76050	305704	
76050	305714	
76050	305720	
76050	305723	
76050	305733	
76050	305757	
76050	305763	
76050	305775	
76050	305785	
76050	305787	
76050	305795	
76050	312122	
76050	312126	
76050	322333	
76050	322338	
76050	327580	
76050	333034	
76050	335934	
76050	337457	
76050	337458	
76050	337495	
76050	337557	
76050	342357	
76050	400368	
76050	400762	
76050	403315	
76050	404337	
76050	408654	
76050	413675	
76050	436543	
76050	443079	
76050	487948	
76050	519161	
76050	519190	
76050	519579	
76050	521148	
76050	523266	
76050	524304	
76050	527523	
76050	532197	
76050	542261	
76050	543525	
76050	544420	
76050	548455	
76050	552656	
76050	553906	
76050	554880	
76050	556894	
76050	558296	
76050	577809	
76050	580340	
76050	589583	
76050	590356	
76050	590957	
76050	597549	
76050	607361	
76050	607362	
76050	607365	
76050	609603	
76050	610372	
76050	611132	
76050	615491	
76050	615492	
76050	615550	
76050	622437	
76050	622492	
76050	623181	
76050	628637	
76050	633401	
76050	634884	
76050	636424	
76050	636993	
76050	643409	
76050	653002	
76050	656473	
76050	659372	
76050	683687	
76050	698809	
76050	709300	
76050	710118	
76050	732901	
76050	735246	
76050	751219	
76050	754327	
76050	765462	
76050	769899	
76050	769902	
76050	769906	
76050	773750	
76050	784215	
76050	786997	
76050	787781	
76050	787805	
76050	788423	
76050	788546	
76050	804281	
76050	805366	
76050	805846	
76050	810595	
76050	814265	
76050	815024	
76050	829200	
76050	844523	
76050	849449	
76050	858732	
76050	861113	
76050	876688	
76050	889881	
76050	889908	
76050	911029	
76050	915995	
76050	916021	
76050	916025	
76050	916041	
76050	917492	
76050	918809	
76050	918869	
76050	919617	
76050	919620	
76050	920084	
76050	920085	
76050	920103	
76050	920467	
76050	920614	
76050	920638	
76050	921076	
76050	921557	
76050	922265	
76050	922435	
76050	977403	
76050	1879212	
76050	1883003	
76050	1897286	
76050	1910289	
76050	1911810	
76050	1913622	
76050	1996721	
76050	2010287	
76050	2064403	
76050	2212795	
76050	2213497	
76050	2213512	
76050	2216400	
76050	2216810	
76050	2221158	
76050	2225795	
76050	2225810	
76050	2225822	
76050	2225824	
76050	2227792	
76050	2234095	
76050	2238921	
76050	2238924	
76050	2238928	
76050	2242446	
76050	2293438	
76050	2303153	
76050	2303551	
76050	2303555	
76050	2368567	
76050	2370653	
76050	2371593	
76050	2372134	
76050	2372135	
76050	2372138	
76050	2382794	
76050	2393382	
76050	2393383	
76050	2393386	
76050	2393390	
76050	2393395	
76050	2393396	
76050	2393397	
76050	2393398	
76050	2393401	
76050	2393403	
76050	2393404	
76050	2393405	
76050	2393406	
76050	2393407	
76050	2393409	
76050	2405227	
76050	2433274	
76050	2440377	
76050	2710821	
76050	2722309	
76050	2768824	
76050	2922940	
76050	3025200	
76050	3033232	
76071	77336	
76080	99205	
76080	788423	
76081	77336	
76081	2393514	
76089	2303555	
76104	498011	
76116	77336	
76138	77336	
76154	2303555	
76174	77336	
76174	99205	
76174	598966	
76177	643274	
76183	77336	
76188	2195831	
76192	208097	
76196	498011	
76220	919108	
76241	246530	
76254	498011	
76279	152978	
76279	2400188	
76293	2303555	
76312	2393514	
76325	114668	
76339	395083	
76340	643274	
76354	305660	
76399	110917	
76429	842309	
76432	1900562	
76435	498011	
76435	643274	
76445	99174	
76445	99205	
76450	498011	
76450	598966	
76459	842309	
76475	305795	
76498	99226	
76498	208097	
76498	305770	
76515	2721981	
76527	643274	
76544	788423	
76549	249753	
76558	398867	
76558	622437	
76571	80017	
76571	99174	
76571	99188	
76571	99205	
76571	166458	
76571	2721981	
76573	842309	
76595	175602	
76597	842309	
76601	99198	
76612	175602	
76628	77336	
76628	99212	
76639	305723	
76648	235831	
76666	77336	
76697	2230142	
76725	99177	
76725	99226	
76725	99229	
76725	312122	
76730	643274	
76734	77336	
76734	2393514	
76768	99177	
76783	102531	
76798	77336	
76800	77336	
76818	717672	
76823	284141	
76842	412443	
76875	99226	
76876	152978	
76880	77336	
76904	102531	
76910	99188	
76910	235831	
76910	774735	
76921	77336	
76947	717672	
77055	99226	
77068	99174	
77071	101241	
77071	305698	
77093	77336	
77149	2007947	
77158	99174	
77170	305696	
77233	497868	
77249	643274	
77253	717672	
77296	77336	
77313	643274	
77324	246530	
77336	77470	
77336	79891	
77336	79927	
77336	79929	
77336	82740	
77336	94101	
77336	94127	
77336	96422	
77336	97661	
77336	99174	
77336	99177	
77336	99198	
77336	99205	
77336	99210	
77336	99212	
77336	99213	
77336	99226	
77336	101241	
77336	101279	
77336	101896	
77336	102551	
77336	108322	
77336	118183	
77336	118185	
77336	122530	
77336	122768	
77336	133324	
77336	133380	
77336	133384	
77336	137277	
77336	137299	
77336	144791	
77336	144798	
77336	146289	
77336	146318	
77336	147429	
77336	152978	
77336	154407	
77336	156265	
77336	159316	
77336	170334	
77336	171210	
77336	172026	
77336	173309	
77336	173312	
77336	173314	
77336	176282	
77336	176655	
77336	176680	
77336	176698	
77336	176719	
77336	176726	
77336	176729	
77336	176740	
77336	176742	
77336	177372	
77336	177378	
77336	182402	
77336	186471	
77336	187683	
77336	199408	
77336	199862	
77336	208097	
77336	210983	
77336	222838	
77336	223645	
77336	223660	
77336	227935	
77336	229234	
77336	231683	
77336	231841	
77336	232813	
77336	232854	
77336	232877	
77336	233002	
77336	233396	
77336	233418	
77336	233424	
77336	233447	
77336	233809	
77336	233820	
77336	235154	
77336	235537	
77336	235818	
77336	236500	
77336	236531	
77336	237123	
77336	237491	
77336	237505	
77336	238277	
77336	238815	
77336	241110	
77336	241131	
77336	241219	
77336	245371	
77336	245583	
77336	248388	
77336	250022	
77336	250049	
77336	250068	
77336	250088	
77336	250089	
77336	250397	
77336	250407	
77336	254351	
77336	254375	
77336	255376	
77336	257515	
77336	257945	
77336	259559	
77336	272447	
77336	284149	
77336	284846	
77336	286778	
77336	305660	
77336	305662	
77336	305686	
77336	305694	
77336	305696	
77336	305720	
77336	305722	
77336	305733	
77336	305741	
77336	305742	
77336	305756	
77336	305757	
77336	312122	
77336	314753	
77336	319561	
77336	321576	
77336	335900	
77336	337478	
77336	344260	
77336	379488	
77336	381513	
77336	383087	
77336	383088	
77336	390181	
77336	393974	
77336	410290	
77336	412443	
77336	419218	
77336	427339	
77336	435536	
77336	439289	
77336	441123	
77336	443108	
77336	487474	
77336	506003	
77336	510133	
77336	516983	
77336	517106	
77336	519579	
77336	519650	
77336	529556	
77336	530616	
77336	531773	
77336	532900	
77336	535913	
77336	542880	
77336	552656	
77336	590957	
77336	606402	
77336	615387	
77336	615550	
77336	615565	
77336	627158	
77336	628435	
77336	634312	
77336	634601	
77336	634900	
77336	634948	
77336	634956	
77336	635541	
77336	635588	
77336	635904	
77336	636129	
77336	636133	
77336	636393	
77336	637816	
77336	637819	
77336	637832	
77336	637842	
77336	637843	
77336	637846	
77336	637848	
77336	637862	
77336	637875	
77336	637880	
77336	637885	
77336	637898	
77336	638747	
77336	638750	
77336	638755	
77336	638820	
77336	639363	
77336	639395	
77336	639795	
77336	640106	
77336	640180	
77336	640950	
77336	640955	
77336	641327	
77336	643364	
77336	645961	
77336	646264	
77336	664537	
77336	674323	
77336	683687	
77336	684030	
77336	691232	
77336	697506	
77336	718659	
77336	723399	
77336	736449	
77336	742613	
77336	746946	
77336	750734	
77336	754179	
77336	754327	
77336	774782	
77336	774848	
77336	774862	
77336	787356	
77336	788401	
77336	788407	
77336	788411	
77336	788414	
77336	788416	
77336	788418	
77336	800475	
77336	805660	
77336	818252	
77336	822062	
77336	823289	
77336	823290	
77336	823291	
77336	823292	
77336	825739	
77336	825775	
77336	825805	
77336	826372	
77336	826556	
77336	872825	
77336	904032	
77336	908203	
77336	917939	
77336	918817	
77336	921786	
77336	921790	
77336	922672	
77336	924996	
77336	927423	
77336	963257	
77336	977462	
77336	1925610	
77336	1944426	
77336	1951922	
77336	1951955	
77336	1951966	
77336	1996938	
77336	1999026	
77336	2018615	
77336	2018961	
77336	2021856	
77336	2043749	
77336	2063326	
77336	2137420	
77336	2137854	
77336	2141948	
77336	2143639	
77336	2144301	
77336	2194606	
77336	2194982	
77336	2212795	
77336	2213497	
77336	2213566	
77336	2216213	
77336	2216371	
77336	2224983	
77336	2224989	
77336	2225344	
77336	2225355	
77336	2225810	
77336	2225812	
77336	2225815	
77336	2225816	
77336	2225822	
77336	2225824	
77336	2226161	
77336	2230460	
77336	2241619	
77336	2271656	
77336	2272038	
77336	2303153	
77336	2370655	
77336	2370657	
77336	2371593	
77336	2372138	
77336	2385101	
77336	2393514	
77336	2393515	
77336	2393522	
77336	2393524	
77336	2393526	
77336	2393531	
77336	2393534	
77336	2393536	
77336	2393815	
77336	2396886	
77336	2396909	
77336	2399058	
77336	2399149	
77336	2399526	
77336	2399729	
77336	2399740	
77336	2404905	
77336	2405930	
77336	2406842	
77336	2408475	
77336	2408476	
77336	2408485	
77336	2408493	
77336	2408495	
77336	2408502	
77336	2408503	
77336	2408505	
77336	2408506	
77336	2408507	
77336	2408508	
77336	2408509	
77336	2408510	
77336	2408511	
77336	2408512	
77336	2408513	
77336	2408514	
77336	2408515	
77336	2446948	
77336	2797476	
77336	2877231	
77336	3025200	
77346	2400188	
77347	99212	
77347	598966	
77385	643274	
77425	842309	
77429	99226	
77442	99177	
77461	153932	
77470	305660	
60322	717672	
63880	97661	
63888	73864	
63895	76050	
63916	305660	
63919	305660	
63958	717672	
80655	99177	
80655	99226	
61235	698979	
61265	249753	
60734	698979	
60831	643274	
64054	698979	
64100	643274	
64119	199408	
64138	110917	
64170	153932	
64170	498011	
60771	788423	
70438	305701	
60398	99235	
60412	60494	
60414	2195831	
60445	953903	
60447	60494	
60447	611132	
60455	97661	
60478	76050	
60482	305660	
60483	97661	
60494	60924	
60494	62625	
60494	67797	
60494	73344	
60494	73995	
60494	74182	
60494	76050	
60494	77336	
60494	97661	
60494	99177	
60494	99183	
60494	99187	
60494	99188	
60494	99189	
60494	99195	
60494	99198	
60494	99206	
60494	99212	
60494	99214	
60494	99223	
60494	99225	
60494	99229	
60494	99235	
60494	107531	
60494	111691	
60494	114752	
60494	116596	
60494	119365	
60494	121313	
60494	123439	
60494	125200	
60494	127042	
60494	130217	
60494	130232	
60494	153852	
60494	154034	
60494	161593	
60494	166458	
60494	167156	
60494	167494	
60494	176112	
60494	183240	
60494	189045	
60494	203621	
60494	203623	
60494	203629	
60494	203631	
60494	203635	
60494	203637	
60494	203638	
60494	203645	
60494	203648	
60494	203649	
60494	203655	
60494	203662	
60494	203673	
60494	203678	
60494	203679	
60494	203680	
60494	203683	
60494	203688	
60494	203690	
60494	203694	
60494	203695	
60494	203697	
60494	203706	
60494	203709	
60494	203710	
60494	203711	
60494	203715	
60494	203717	
60494	203718	
60494	203719	
60494	203721	
60494	203724	
60494	203727	
60494	203732	
60494	203733	
60494	203734	
60494	203735	
60494	203744	
60494	203750	
60494	203758	
60494	203759	
60494	208119	
60494	209553	
60494	219525	
60494	220112	
60494	222838	
60494	231683	
60494	231787	
60494	231960	
60494	236710	
60494	236787	
60494	237276	
60494	241181	
60494	244467	
60494	245043	
60494	245859	
60494	246893	
60494	256511	
60494	257285	
60494	259559	
60494	265200	
60494	277684	
60494	284149	
60494	284490	
60494	290827	
60494	291182	
60494	298930	
60494	298940	
60494	305662	
60494	305671	
60494	305675	
60494	305677	
60494	305686	
60494	305693	
60494	305697	
60494	305698	
60494	305701	
60494	305707	
60494	305709	
60494	305724	
60494	305732	
60494	305741	
60494	305742	
60494	305755	
60494	305769	
60494	305770	
60494	305771	
60494	305795	
60494	305798	
60494	312122	
60494	318694	
60494	383025	
60494	412443	
60494	427306	
60494	433285	
60494	435691	
60494	450931	
60494	450959	
60494	465994	
60494	499317	
60494	519579	
60494	528401	
60494	552656	
60494	560787	
60494	568641	
60494	581364	
60494	581365	
60494	590486	
60494	590488	
60494	590510	
60494	590514	
60494	590516	
60494	590521	
60494	590523	
60494	590526	
60494	590532	
60494	590957	
60494	594942	
60494	597283	
60494	598599	
60494	609989	
60494	611132	
60494	611172	
60494	688088	
60494	703121	
60494	706935	
60494	769585	
60494	774735	
60494	774782	
60494	786640	
60494	788418	
60494	788423	
60494	881745	
60494	882715	
60494	908112	
60494	924996	
60494	957047	
60494	1916673	
60494	1951947	
60494	1991991	
60494	2054266	
60494	2141948	
60494	2144301	
60494	2213271	
60494	2213497	
60494	2213504	
60494	2213512	
60494	2213519	
60494	2225822	
60494	2230465	
60507	77336	
60676	102531	
60740	97661	
60811	413650	
60861	127042	
60861	305662	
60549	698979	
64541	686375	
60228	413650	
83034	153932	
83038	153932	
83038	412212	
83039	704934	
83040	97661	
83040	120481	
83040	153932	
83070	398867	
83074	300510	
60924	2220321	
60949	519579	
60949	842309	
60951	235537	
69947	698979	
62342	2230142	
66403	711491	
61672	702651	
60284	305714	
61905	286778	
73846	73864	
73857	2370130	
73864	73914	
73864	73936	
73864	76050	
73864	76145	
73864	76207	
73864	76495	
73864	77336	
73864	82654	
73864	99177	
73864	99185	
73864	99200	
73864	99207	
73864	99211	
73864	99212	
73864	99219	
73864	99222	
73864	99228	
73864	99235	
73864	101241	
73864	101261	
73864	101279	
73864	108322	
73864	127042	
73864	133405	
73864	135773	
73864	137250	
73864	146204	
73864	161799	
73864	167430	
73864	168522	
73864	176965	
73864	187206	
73864	187642	
73864	192232	
73864	208097	
73864	231683	
73864	234085	
73864	235537	
73864	236979	
73864	237121	
73864	237123	
73864	237135	
73864	238227	
73864	255139	
73864	272436	
73864	284149	
73864	284470	
73864	292063	
73864	305689	
73864	305697	
73864	305698	
73864	305701	
73864	305704	
73864	305705	
73864	305707	
73864	305723	
73864	305744	
73864	305757	
73864	305785	
73864	305795	
73864	312122	
73864	314718	
73864	314725	
73864	314738	
73864	314744	
73864	333107	
73864	342232	
73864	491183	
73864	491184	
73864	519579	
73864	552656	
73864	571789	
73864	591756	
73864	595575	
73864	599557	
73864	610372	
73864	638510	
73864	643287	
73864	644050	
73864	654652	
73864	683687	
73864	736449	
73864	774717	
73864	782964	
73864	794479	
73864	819102	
73864	844523	
73864	916991	
73864	918517	
73864	918591	
73864	920225	
73864	921097	
73864	921557	
73864	951038	
73864	977403	
73864	1897286	
73864	1927684	
73864	2021795	
73864	2023116	
73864	2023117	
73864	2042854	
73864	2212132	
73864	2213497	
73864	2225812	
73864	2234095	
73864	2238924	
73864	2303551	
73864	2303555	
73864	2371465	
73864	2371467	
73864	2372133	
73864	2372134	
73864	2372135	
73864	2372136	
73864	2372137	
73864	2372138	
73864	2372139	
73864	2372140	
73864	2372141	
73864	2399510	
73864	2721980	
73864	2722309	
73883	2303555	
73892	2303555	
73907	2303555	
73920	552656	
73920	644050	
73935	498011	
73935	598966	
73959	2303555	
73990	498011	
73990	519579	
73994	519579	
73994	643274	
73995	76050	
73995	77336	
73995	97661	
73995	99226	
73995	176282	
73995	305662	
73995	305709	
73995	305741	
73995	305770	
73995	412443	
73995	1951947	
74014	76050	
64881	566329	
61898	99177	
61898	99226	
62597	69632	
62625	77336	
62625	97661	
62625	99207	
62625	99226	
62625	231683	
62625	305660	
62625	305677	
62625	305695	
62625	305709	
62625	305720	
62625	305732	
62625	305770	
62625	412443	
62625	2230459	
62625	2230465	
62631	878512	
62637	97661	
62710	69632	
61368	267655	
61370	2144301	
61373	267655	
61375	937210	
61376	267655	
61383	267655	
61394	108299	
65502	120481	
65561	441888	
62289	76050	
62289	249753	
62298	249753	
62300	249753	
62307	249753	
62318	249753	
62319	251157	
62324	249753	
62331	249753	
62335	120481	
62335	251157	
62336	441888	
62346	815416	
61516	2222585	
67384	153932	
67389	245083	
67390	566329	
67402	305704	
67408	399503	
67423	2230465	
67426	659344	
65858	73864	
65871	717672	
77610	686375	
61945	235831	
61986	235831	
61988	80017	
61988	235831	
61989	80017	
61989	235831	
61992	235831	
61993	235831	
62001	2006957	
62003	235831	
62011	235831	
62012	235831	
63506	234242	
63509	706742	
63511	717995	
63527	2223351	
63529	305701	
63534	249753	
61871	77336	
61897	73864	
61897	76050	
61897	77336	
61897	97661	
61897	99198	
61897	99226	
61897	235537	
61897	305660	
61897	305720	
61897	519579	
61897	2722309	
61915	77336	
61935	76050	
61941	2225261	
61958	99226	
61959	717672	
61963	99226	
71415	235831	
65665	937210	
65671	971277	
63446	166458	
65417	253777	
65424	253777	
65773	2022356	
64433	176282	
63289	99198	
63289	519579	
65367	732903	
65375	99226	
65059	251157	
64785	305704	
64800	305704	
64825	97661	
74311	981709	
66621	102531	
66638	99174	
66638	99206	
66638	99212	
66638	99213	
66638	101279	
66638	199408	
66638	231683	
66638	305698	
66638	305813	
66638	498011	
66638	598966	
66638	1967035	
66638	2144301	
66638	2213497	
66674	2225261	
66685	97661	
66709	99226	
66709	99228	
66709	99235	
66709	127042	
66709	277684	
66709	305664	
66709	305675	
66709	305693	
66709	305696	
66709	305736	
66709	552656	
66732	208097	
84506	256884	
68202	176282	
66527	684571	
67650	253777	
67939	76050	
67947	509633	
69605	2303153	
69612	2303153	
69617	2303153	
69626	69632	
69626	740726	
69632	69639	
69632	73864	
69632	76050	
69632	77336	
69632	80551	
69632	82622	
69632	82631	
69632	82654	
69632	82669	
69632	82692	
69632	82695	
69632	82742	
69632	82747	
69632	82759	
69632	82761	
69632	82770	
69632	91265	
69632	93551	
69632	99177	
69632	99198	
69632	99200	
69632	99212	
69632	99219	
69632	99226	
69632	99235	
69632	99236	
69632	101261	
69632	102531	
69632	133405	
69632	167669	
69632	167670	
69632	181610	
69632	208097	
69632	235537	
69632	251725	
69632	256745	
69632	284149	
69632	284470	
69632	305697	
69632	305698	
69632	305704	
69632	305732	
69632	305757	
69632	305775	
69632	305785	
69632	305795	
69632	342309	
69632	398867	
69632	415163	
69632	519579	
69632	538819	
69632	554559	
69632	611821	
69632	622437	
69632	622492	
69632	633401	
69632	683687	
69632	702471	
69632	810595	
69632	901947	
69632	920638	
69632	2213497	
69632	2303153	
69632	2303551	
69632	2303555	
69641	99177	
69641	99198	
69641	99199	
69641	99206	
69641	99207	
69641	99212	
69641	99226	
69641	305698	
69641	305744	
69641	305749	
69641	305758	
69641	305795	
69641	398867	
69641	717672	
69641	774715	
69641	2213497	
68782	511789	
66886	120481	
67497	152978	
72521	284319	
72545	99228	
72553	305723	
72562	99198	
72579	99198	
72582	101261	
70021	2310574	
67024	108299	
67235	606832	
67810	284141	
67823	99222	
69283	305770	
67175	493438	
69148	395083	
69163	77336	
69169	395083	
69171	2006957	
69175	842309	
69185	99174	
69190	152978	
69212	413675	
69592	937210	
69593	175602	
68089	732903	
68116	732903	
68142	265252	
101887	249753	
101891	305701	
101908	305701	
101908	2710542	
101915	922435	
72802	2195832	
72809	305723	
70060	2144301	
82823	166458	
77515	551912	
83114	99235	
69668	99207	
69676	183192	
69679	99183	
69724	2307412	
69883	277684	
69890	606832	
69894	277684	
89922	305723	
89948	552656	
89998	709086	
90007	305723	
70632	103107	
70632	1910715	
70671	99177	
70780	99226	
71267	166458	
71492	305660	
71492	2213497	
71749	166458	
71968	76050	
71968	99177	
75353	1897286	
75359	114668	
75371	251157	
75387	305723	
75404	2387832	
70469	166458	
83137	166458	
71493	277684	
71517	305675	
71563	99177	
71599	77336	
71664	183192	
71664	399503	
71664	698979	
71704	99168	
71730	305723	
71789	175602	
71792	153932	
71807	305723	
71850	509633	
71894	606832	
71895	277684	
71955	166458	
71955	509633	
71955	2342838	
72027	153932	
72027	277684	
70536	284141	
70561	284149	
74841	2144301	
71083	1897286	
80789	305723	
80789	493438	
82441	277684	
83838	99177	
83854	99177	
83886	152978	
83954	493438	
83984	878512	
84006	168469	
84031	878512	
84058	305744	
84123	166458	
84127	245056	
84128	511789	
84144	166458	
84173	493438	
84197	509633	
84219	878512	
84255	720752	
70978	80017	
75010	199408	
75010	305660	
75026	77336	
75026	97661	
75026	99177	
75026	99226	
75026	199408	
75026	305660	
75026	305695	
75026	305720	
75026	552656	
77624	305697	
79199	305704	
71287	99188	
71287	305698	
71287	542880	
71287	1967035	
73319	153932	
73325	441888	
73340	441888	
73344	305742	
73034	99229	
75120	277684	
72307	99226	
72968	166458	
73566	399503	
84361	686375	
79414	284141	
79414	305770	
79434	199408	
81515	702651	
81533	493438	
81561	284149	
81561	412443	
81563	305769	
74439	305723	
74439	493438	
85633	2536390	
85656	305690	
85681	166458	
85681	498011	
85708	99183	
85709	627291	
85716	284141	
85747	671759	
85764	953903	
85764	2538353	
78450	176282	
78451	176282	
78452	176282	
78453	176282	
78457	176282	
78460	176282	
78461	176282	
75166	284319	
75166	686375	
75223	305714	
91462	99177	
87931	97661	
85378	814742	
85378	1910715	
85378	2538064	
85378	2538065	
85380	300510	
91396	99198	
80435	108299	
74180	97661	
74182	251157	
74182	611132	
82272	305707	
74362	166458	
80483	284149	
80543	103107	
80543	545531	
80543	566329	
80543	875127	
80554	235537	
85043	99198	
75524	305723	
75678	99177	
83493	493438	
83589	305723	
83636	305723	
83652	937210	
83660	305723	
85584	231683	
85604	101312	
77792	395083	
77828	97661	
160238	253777	
81960	519579	
81971	166458	
80147	441322	
91048	493438	
79820	284149	
79820	2722309	
79828	208097	
79828	305662	
79839	99177	
79845	235831	
79847	922435	
79859	166458	
79859	698979	
79861	99198	
79864	305723	
79887	99177	
79889	2441446	
79894	2144301	
79898	80017	
79902	231683	
79920	2722309	
79930	493438	
79950	153932	
79950	643274	
80017	80035	
80017	80062	
80017	93956	
80017	94077	
80017	99167	
80017	99172	
80017	99173	
80017	99175	
80017	99177	
80017	99182	
80017	99184	
80017	99185	
80017	99189	
80017	99190	
80017	99200	
80017	99201	
80017	99203	
80017	99204	
80017	99208	
80017	99211	
80017	99219	
80017	99221	
80017	99222	
80017	99225	
80017	99229	
80017	99230	
80017	99234	
80017	99236	
80017	99243	
80017	99244	
80017	113487	
80017	118155	
80017	137244	
80017	137269	
80017	137276	
80017	137288	
80017	137321	
80017	137322	
80017	137324	
80017	137343	
80017	146213	
80017	151388	
80017	157568	
80017	158134	
80017	166458	
80017	172074	
80017	187206	
80017	195109	
80017	195129	
80017	231022	
80017	235838	
80017	241160	
80017	243433	
80017	283438	
80017	291139	
80017	305672	
80017	312122	
80017	334502	
80017	334506	
80017	339105	
80017	391173	
80017	398182	
80017	399768	
80017	450576	
80017	476934	
80017	481557	
80017	543439	
80017	557121	
80017	622388	
80017	643317	
80017	701858	
80017	708565	
80017	708566	
80017	708569	
80017	712700	
80017	712983	
80017	783799	
80017	807858	
80017	818227	
80017	819249	
80017	826335	
80017	828029	
80017	849581	
80017	850121	
80017	912751	
80017	921368	
80017	921372	
80017	922319	
80017	922937	
80017	971804	
80017	2021795	
80017	2191428	
80017	2216664	
80017	2238921	
80017	2238924	
80017	2238926	
80017	2238942	
80017	2443739	
80017	2446312	
80017	2447196	
80017	2447205	
80017	2454658	
80017	2536710	
80017	2710356	
80020	980108	
80027	709086	
80060	686375	
80061	235831	
78284	199408	
78778	552656	
80276	511789	
86654	305732	
86654	413675	
82409	99183	
82426	312122	
82427	153932	
82427	166458	
82431	153932	
82442	611132	
89026	740726	
89103	702651	
80835	683687	
80887	537981	
80899	671771	
80911	683687	
80911	823545	
80911	2459275	
81014	683687	
81049	305704	
81102	166458	
81102	2195832	
81126	305749	
81149	2195832	
81202	683687	
81202	2480044	
81213	683687	
81218	2480044	
81239	2461053	
81314	2536390	
87140	231683	
87177	493438	
87223	305723	
84640	709086	
84644	551912	
84650	305749	
82637	235537	
82653	305677	
82654	99226	
82654	235537	
82654	842309	
82669	398867	
82669	622437	
82669	842309	
82677	99177	
82692	99226	
82705	611132	
82706	644050	
82715	235537	
82723	305770	
82730	740726	
82752	644050	
82764	208097	
82770	99177	
82770	99198	
82770	99212	
82770	99226	
82770	99235	
82770	101241	
82770	101342	
82770	208097	
82770	231683	
82770	235537	
82770	305660	
82770	305697	
82770	305698	
82770	305704	
82770	305757	
82770	305785	
82770	622437	
82770	2144301	
82770	2213497	
82770	2303555	
91240	413675	
91261	97661	
94441	732903	
94442	552656	
94446	552656	
94447	552656	
94448	552656	
94451	99177	
94451	99226	
94452	552656	
94460	552656	
94462	552656	
94466	552656	
94466	644050	
94467	552656	
85107	2225261	
89194	645158	
89287	99226	
89297	97661	
89332	284149	
89337	249753	
89603	2195832	
85997	153932	
86137	644050	
86164	166458	
86450	493438	
86716	99205	
83373	168469	
84660	176282	
84869	251157	
84869	497868	
84869	782397	
84869	1900562	
85404	153932	
96970	951602	
96986	684571	
96990	2698375	
90191	246530	
86892	1951947	
86911	413650	
86986	835646	
87074	277684	
98299	199408	
86611	2554144	
86636	120481	
92140	598966	
92334	2195832	
92479	199408	
92488	99224	
92557	153932	
88315	659344	
97610	97661	
97617	97661	
97655	703692	
97661	97683	
97661	98517	
97661	99177	
97661	99183	
97661	99185	
97661	99198	
97661	99206	
97661	99210	
97661	99222	
97661	99226	
97661	99235	
97661	99780	
97661	99789	
97661	101312	
97661	102531	
97661	110102	
97661	111736	
97661	114318	
97661	115019	
97661	117976	
97661	118101	
97661	119226	
97661	120904	
97661	121262	
97661	122530	
97661	122816	
97661	123973	
97661	126078	
97661	129052	
97661	130731	
97661	134389	
97661	137806	
97661	142088	
97661	142336	
97661	144791	
97661	144798	
97661	146318	
97661	147277	
97661	154034	
97661	156265	
97661	157263	
97661	161069	
97661	161097	
97661	161371	
97661	163463	
97661	164080	
97661	164138	
97661	164234	
97661	165490	
97661	171210	
97661	171449	
97661	176282	
97661	176557	
97661	176954	
97661	180715	
97661	181585	
97661	181605	
97661	181607	
97661	181612	
97661	181641	
97661	182266	
97661	182268	
97661	182269	
97661	182271	
97661	182279	
97661	182283	
97661	182289	
97661	182332	
97661	182365	
97661	182380	
97661	183299	
97661	188803	
97661	188906	
97661	189588	
97661	189605	
97661	191957	
97661	191990	
97661	192024	
97661	192027	
97661	192036	
97661	192037	
97661	192684	
97661	193950	
97661	199408	
97661	201336	
97661	201352	
97661	201354	
97661	201367	
97661	201372	
97661	201373	
97661	201374	
97661	201375	
97661	201378	
97661	201381	
97661	201389	
97661	206113	
97661	206191	
97661	206657	
97661	208119	
97661	210827	
97661	214819	
97661	222838	
97661	223503	
97661	228748	
97661	230651	
97661	230656	
97661	230885	
97661	231683	
97661	231881	
97661	233376	
97661	233396	
97661	235537	
97661	237811	
97661	238358	
97661	238360	
97661	238833	
97661	241761	
97661	242150	
97661	246595	
97661	252202	
97661	253085	
97661	253623	
97661	253633	
97661	253634	
97661	255091	
97661	255187	
97661	256398	
97661	257929	
97661	259463	
97661	261841	
97661	261856	
97661	261857	
97661	261872	
97661	262632	
97661	262680	
97661	269294	
97661	270013	
97661	277684	
97661	282118	
97661	284149	
97661	286778	
97661	290827	
97661	293685	
97661	293715	
97661	294402	
97661	296989	
97661	305660	
97661	305662	
97661	305670	
97661	305677	
97661	305680	
97661	305686	
97661	305688	
97661	305689	
97661	305690	
97661	305691	
97661	305693	
97661	305694	
97661	305699	
97661	305701	
97661	305709	
97661	305720	
97661	305722	
97661	305732	
97661	305741	
97661	305742	
97661	305748	
97661	305756	
97661	305770	
97661	305795	
97661	305803	
97661	315872	
97661	317792	
97661	319484	
97661	319497	
97661	319501	
97661	322006	
97661	322084	
97661	336660	
97661	340876	
97661	344102	
97661	344260	
97661	344580	
97661	345825	
97661	379645	
97661	381513	
97661	386732	
97661	388282	
97661	388605	
97661	397537	
97661	399713	
97661	403246	
97661	412443	
97661	414263	
97661	414268	
97661	418914	
97661	437715	
97661	438217	
97661	443082	
97661	443956	
97661	452043	
97661	477425	
97661	491192	
97661	491806	
97661	494942	
97661	499865	
97661	513835	
97661	519650	
97661	528093	
97661	530616	
97661	534707	
97661	536282	
97661	538130	
97661	542880	
97661	567130	
97661	567132	
97661	581932	
97661	586125	
97661	589287	
97661	590498	
97661	590957	
97661	592909	
97661	600209	
97661	606149	
97661	615550	
97661	615565	
97661	619061	
97661	619428	
97661	620447	
97661	620638	
97661	621600	
97661	627158	
97661	654633	
97661	679528	
97661	680348	
97661	683687	
97661	691232	
97661	700787	
97661	716864	
97661	742613	
97661	751219	
97661	752914	
97661	774741	
97661	774862	
97661	788112	
97661	788407	
97661	788411	
97661	788414	
97661	788416	
97661	817612	
97661	823496	
97661	833623	
97661	891222	
97661	919104	
97661	920685	
97661	924996	
97661	932222	
97661	964513	
97661	977462	
97661	982503	
97661	1897286	
97661	1907479	
97661	1951925	
97661	1951938	
97661	1951947	
97661	1951955	
97661	1951958	
97661	1951971	
97661	1951992	
97661	1989331	
97661	1991365	
97661	1996938	
97661	1999026	
97661	2014426	
97661	2015625	
97661	2021856	
97661	2043749	
97661	2058015	
97661	2063298	
97661	2141948	
97661	2197850	
97661	2201659	
97661	2208383	
97661	2225344	
97661	2225810	
97661	2225816	
97661	2225822	
97661	2225824	
97661	2225825	
97661	2225826	
97661	2230459	
97661	2248965	
97661	2279772	
97661	2301937	
97661	2354763	
97661	2370130	
97661	2370649	
97661	2370653	
97661	2370655	
97661	2370657	
97661	2370658	
97661	2370659	
97661	2370660	
97661	2381533	
97661	2403469	
97661	2408502	
97661	2408505	
97661	2480044	
97661	2536390	
97661	2608058	
97661	2703673	
97661	2703695	
97661	2703707	
97661	2703708	
97661	2703710	
97661	2703711	
97661	2703716	
97661	2703728	
97661	2703739	
97661	2703740	
97661	2703747	
97661	2703749	
97661	2703757	
97661	2703762	
97661	2710389	
97661	2712985	
97661	2723879	
90274	152978	
96436	493438	
96868	103107	
96868	545531	
96868	717995	
96868	783414	
96868	2342838	
96926	153932	
96926	698979	
103759	152978	
88083	937210	
88158	153932	
88209	509633	
97850	286778	
86792	168469	
87268	99183	
94147	103107	
94147	245056	
94147	545531	
94147	783414	
94147	1924886	
96317	698979	
96339	99183	
96414	441888	
96424	183192	
96437	300510	
96463	153932	
96508	153932	
96514	698979	
96526	231683	
96553	2695763	
96573	108299	
96665	305795	
96699	120481	
96738	441888	
87590	103107	
87590	245083	
87590	717995	
87590	783414	
87610	199408	
87610	1897286	
87638	923998	
87638	2538064	
87638	2563219	
87638	2563221	
98058	153932	
89867	168469	
93025	97661	
93605	97661	
93621	97661	
90026	99212	
90026	153932	
90103	101334	
94755	412443	
94859	2225261	
95027	671771	
95027	2225261	
95163	704934	
95395	790652	
90834	175602	
90834	245068	
88777	788423	
96202	153932	
89696	305742	
89696	2695763	
89735	2461053	
93329	97661	
93448	286693	
93457	2461053	
93499	99174	
93162	2608885	
93026	97661	
97241	168469	
97242	99229	
97243	99229	
97249	99229	
99047	671759	
92884	645158	
99804	101334	
109364	702158	
92610	686375	
92667	951602	
92672	686375	
93956	99174	
93956	99188	
93956	99213	
93956	99222	
93956	99229	
93956	102531	
93956	199408	
93956	284470	
93956	305705	
93956	305736	
93956	305738	
93956	305741	
93956	305787	
93956	305795	
93956	312122	
93956	717672	
99166	99183	
99166	99222	
99166	99226	
99166	166458	
99167	99174	
99167	99188	
99167	99213	
99167	99229	
99167	101241	
99168	99170	
99168	99172	
99168	99173	
99168	99181	
99168	99183	
99168	99184	
99168	99185	
99168	99187	
99168	99188	
99168	99189	
99168	99197	
99168	99200	
99168	99202	
99168	99204	
99168	99205	
99168	99211	
99168	99219	
99168	99221	
99168	99223	
99168	99224	
99168	99230	
99168	99232	
99168	99234	
99168	99236	
99168	99239	
99168	99244	
99168	102322	
99168	102528	
99168	102531	
99168	102532	
99168	103179	
99168	106187	
99168	106190	
99168	106191	
99168	106215	
99168	106240	
99168	106265	
99168	106302	
99168	112088	
99168	113308	
99168	136254	
99168	166458	
99168	172074	
99168	187206	
99168	216242	
99168	221771	
99168	222838	
99168	231786	
99168	232696	
99168	246555	
99168	246562	
99168	284149	
99168	284642	
99168	300477	
99168	305664	
99168	305690	
99168	305695	
99168	305714	
99168	305720	
99168	305737	
99168	305769	
99168	305802	
99168	336796	
99168	338144	
99168	341338	
99168	387598	
99168	434573	
99168	501248	
99168	502637	
99168	503582	
99168	529607	
99168	530761	
99168	536743	
99168	545494	
99168	545767	
99168	559863	
99168	572184	
99168	590183	
99168	615379	
99168	654652	
99168	670580	
99168	685070	
99168	685094	
99168	791629	
99168	793270	
99168	793282	
99168	818099	
99168	871983	
99168	872571	
99168	883857	
99168	884813	
99168	892362	
99168	905518	
99168	912688	
99168	912726	
99168	913770	
99168	955333	
99168	963845	
99168	964290	
99168	974775	
99168	975626	
99168	1884536	
99168	1884537	
99168	1884538	
99168	1967606	
99168	1995050	
99168	2010231	
99168	2023487	
99168	2044607	
99168	2193984	
99168	2194978	
99168	2194982	
99168	2230465	
99168	2235705	
99168	2238921	
99168	2240274	
99168	2240275	
99168	2332732	
99168	2333152	
99168	2344983	
99168	2400188	
99168	2442780	
99168	2477056	
99168	2541535	
99168	2698853	
99168	2709713	
99168	2709852	
99168	2709894	
99168	2710401	
99168	2710416	
99168	2710831	
99168	2710922	
99168	2710924	
99168	2711121	
99168	2711124	
99168	2711126	
99168	2711140	
99168	2711142	
99168	2711146	
99168	2711147	
99168	2711149	
99168	2878932	
99168	3057164	
99169	1967035	
99170	99174	
99170	99188	
99170	99199	
99170	99205	
99170	99206	
99170	99207	
99170	99213	
99170	99224	
99170	99228	
99170	99235	
99170	231683	
99170	235831	
99170	286693	
99170	774717	
99170	2230465	
99170	2536390	
99171	235831	
99172	99188	
99172	99222	
99172	99224	
99172	99228	
99172	99235	
99172	101241	
99172	231683	
99172	305662	
99172	305720	
99172	312122	
99172	542880	
99173	99174	
99173	99188	
99173	99222	
99173	99224	
99173	99229	
99173	101334	
99173	102531	
99173	166458	
99173	284149	
99173	305714	
99173	312122	
99173	2536390	
99173	2554144	
99173	2710922	
99173	2710924	
99174	99177	
99174	99183	
99174	99185	
99174	99187	
99174	99188	
99174	99189	
99174	99193	
99174	99195	
99174	99198	
99174	99203	
99174	99204	
99174	99205	
99174	99211	
99174	99213	
99174	99214	
99174	99218	
99174	99219	
99174	99221	
99174	99224	
99174	99225	
99174	99229	
99174	99230	
99174	99232	
99174	102531	
99174	102841	
99174	134096	
99174	135678	
99174	166458	
99174	172074	
99174	172186	
99174	176680	
99174	176957	
99174	176987	
99174	178600	
99174	178618	
99174	183711	
99174	186452	
99174	186478	
99174	186490	
99174	186493	
99174	187206	
99174	187673	
99174	189620	
99174	200037	
99174	212316	
99174	232696	
99174	235514	
99174	235831	
99174	246561	
99174	246564	
99174	284149	
99174	286218	
99174	288534	
99174	305714	
99174	312122	
99174	332256	
99174	387343	
99174	398855	
99174	399662	
99174	484054	
99174	487467	
99174	497941	
99174	508567	
99174	517017	
99174	519579	
99174	529486	
99174	567286	
99174	567593	
99174	590898	
99174	590939	
99174	590950	
99174	590972	
99174	592739	
99174	597283	
99174	617336	
99174	636388	
99174	638010	
99174	654652	
99174	696240	
99174	717694	
99174	721917	
99174	751201	
99174	751219	
99174	763663	
99174	769585	
99174	774811	
99174	782447	
99174	788423	
99174	823185	
99174	842343	
99174	881745	
99174	895008	
99174	916908	
99174	919815	
99174	922435	
99174	934452	
99174	1944387	
99174	2021856	
99174	2043604	
99174	2043621	
99174	2050912	
99174	2061638	
99174	2124127	
99174	2192195	
99174	2199187	
99174	2203580	
99174	2209091	
99174	2213512	
99174	2215892	
99174	2216104	
99174	2236179	
99174	2238918	
99174	2238921	
99174	2238924	
99174	2238926	
99174	2238927	
99174	2238928	
99174	2238940	
99174	2291033	
99174	2392862	
99174	2407571	
99174	2408512	
99174	2456479	
99174	2536390	
99174	2544758	
99174	2687936	
99174	2709713	
99174	2709852	
99174	2710356	
99174	2710406	
99174	2710410	
99174	2710411	
99174	2710412	
99174	2710895	
99174	2710896	
99174	2710897	
99174	2710898	
99174	2710899	
99174	2710900	
99174	2928351	
99175	99188	
99175	102531	
99175	305695	
99175	2710529	
99177	99183	
99177	99185	
99177	99187	
99177	99189	
99177	99193	
99177	99195	
99177	99198	
99177	99200	
99177	99202	
99177	99210	
99177	99211	
99177	99212	
99177	99214	
99177	99218	
99177	99219	
99177	99222	
99177	99225	
99177	99226	
99177	99228	
99177	99229	
99177	99235	
99177	99236	
99177	101241	
99177	101279	
99177	101334	
99177	101342	
99177	102531	
99177	127042	
99177	130977	
99177	133401	
99177	133405	
99177	135755	
99177	136054	
99177	146213	
99177	146223	
99177	154327	
99177	156265	
99177	164974	
99177	167569	
99177	172074	
99177	174076	
99177	181914	
99177	184164	
99177	186510	
99177	187206	
99177	194866	
99177	208097	
99177	208108	
99177	221894	
99177	230402	
99177	231683	
99177	232437	
99177	232666	
99177	232675	
99177	232684	
99177	232696	
99177	233396	
99177	235537	
99177	235831	
99177	237139	
99177	238833	
99177	239417	
99177	246561	
99177	250107	
99177	255063	
99177	284141	
99177	284149	
99177	284470	
99177	286693	
99177	290827	
99177	291139	
99177	305660	
99177	305664	
99177	305667	
99177	305683	
99177	305689	
99177	305690	
99177	305693	
99177	305697	
99177	305698	
99177	305701	
99177	305704	
99177	305709	
99177	305716	
99177	305720	
99177	305732	
99177	305733	
99177	305742	
99177	305744	
99177	305749	
99177	305757	
99177	305763	
99177	305769	
99177	305770	
99177	305775	
99177	305785	
99177	305795	
99177	305813	
99177	312122	
99177	322363	
99177	326567	
99177	333328	
99177	335887	
99177	335895	
99177	335932	
99177	374434	
99177	375350	
99177	375915	
99177	379628	
99177	399651	
99177	402666	
99177	413675	
99177	424226	
99177	450976	
99177	488489	
99177	490087	
99177	491176	
99177	515408	
99177	517074	
99177	518979	
99177	519579	
99177	532197	
99177	538819	
99177	543525	
99177	552656	
99177	554849	
99177	554880	
99177	566280	
99177	581927	
99177	588797	
99177	590957	
99177	592739	
99177	593593	
99177	595579	
99177	597196	
99177	598970	
99177	607361	
99177	607362	
99177	610372	
99177	611132	
99177	611235	
99177	615550	
99177	622437	
99177	622492	
99177	623556	
99177	630211	
99177	633401	
99177	634033	
99177	634123	
99177	634650	
99177	634884	
99177	637707	
99177	638206	
99177	639581	
99177	639637	
99177	643336	
99177	643352	
99177	649908	
99177	654652	
99177	669720	
99177	683687	
99177	684571	
99177	686500	
99177	693395	
99177	710118	
99177	717672	
99177	746166	
99177	746921	
99177	746922	
99177	753459	
99177	756938	
99177	763663	
99177	774735	
99177	775506	
99177	787365	
99177	788418	
99177	790414	
99177	792018	
99177	807264	
99177	810595	
99177	811849	
99177	811971	
99177	822633	
99177	823522	
99177	823655	
99177	826607	
99177	844523	
99177	849449	
99177	850822	
99177	855151	
99177	855173	
99177	855200	
99177	855729	
99177	855871	
99177	860467	
99177	901814	
99177	901817	
99177	911048	
99177	918591	
99177	918799	
99177	918877	
99177	919232	
99177	920638	
99177	922435	
99177	924349	
99177	934486	
99177	940289	
99177	951038	
99177	956465	
99177	969371	
99177	971700	
99177	977403	
99177	980073	
99177	985563	
99177	1897026	
99177	1913969	
99177	1967035	
99177	2006957	
99177	2016956	
99177	2021795	
99177	2025277	
99177	2144301	
99177	2197377	
99177	2199187	
99177	2199688	
99177	2199694	
99177	2199695	
99177	2199696	
99177	2199697	
99177	2202560	
99177	2212795	
99177	2213497	
99177	2213512	
99177	2213555	
99177	2214591	
99177	2215259	
99177	2217592	
99177	2217847	
99177	2218230	
99177	2225344	
99177	2225678	
99177	2225810	
99177	2225824	
99177	2227461	
99177	2228721	
99177	2238921	
99177	2238924	
99177	2238926	
99177	2238927	
99177	2238928	
99177	2240827	
99177	2242448	
99177	2243434	
99177	2277442	
99177	2278209	
99177	2278328	
99177	2291033	
99177	2294965	
99177	2296811	
99177	2303153	
99177	2303551	
99177	2303555	
99177	2331379	
99177	2331408	
99177	2337730	
99177	2360301	
99177	2361009	
99177	2372135	
99177	2372138	
99177	2387620	
99177	2390412	
99177	2393382	
99177	2393383	
99177	2393390	
99177	2394784	
99177	2397259	
99177	2399447	
99177	2403507	
99177	2406986	
99177	2408512	
99177	2414527	
99177	2444066	
99177	2449702	
99177	2500509	
99177	2536390	
99177	2591344	
99177	2591346	
99177	2616227	
99177	2616263	
99177	2623649	
99177	2623655	
99177	2623661	
99177	2623673	
99177	2702914	
99177	2710263	
99177	2710356	
99177	2710690	
99177	2710994	
99177	2710995	
99177	2710996	
99177	2710997	
99177	2711000	
99177	2711005	
99177	2711006	
99177	2713380	
99177	2722309	
99177	2825374	
99177	2864964	
99177	2922976	
99177	2965575	
99177	3025200	
99181	99188	
99181	99205	
99181	166458	
99182	99183	
99182	99188	
99182	99222	
99182	99224	
99182	102531	
99182	166458	
99182	284149	
99182	305695	
99183	99184	
99183	99188	
99183	99197	
99183	99198	
99183	99199	
99183	99206	
99183	99207	
99183	99214	
99183	99221	
99183	99223	
99183	99224	
99183	99226	
99183	99228	
99183	99232	
99183	99234	
99183	99235	
99183	99244	
99183	99245	
99183	100699	
99183	101241	
99183	101251	
99183	101261	
99183	101312	
99183	101334	
99183	101647	
99183	101653	
99183	101761	
99183	102312	
99183	102532	
99183	117708	
99183	126612	
99183	127042	
99183	130550	
99183	136433	
99183	140384	
99183	141716	
99183	149868	
99183	155337	
99183	159208	
99183	161593	
99183	172234	
99183	173309	
99183	174100	
99183	174450	
99183	176692	
99183	181357	
99183	182402	
99183	190253	
99183	191956	
99183	192808	
99183	193593	
99183	199276	
99183	199282	
99183	202239	
99183	203429	
99183	203966	
99183	208050	
99183	218998	
99183	221296	
99183	221629	
99183	221659	
99183	221776	
99183	222255	
99183	222838	
99183	223606	
99183	228771	
99183	228993	
99183	231683	
99183	235496	
99183	235537	
99183	236675	
99183	236733	
99183	243592	
99183	245076	
99183	247199	
99183	252772	
99183	261124	
99183	266374	
99183	266789	
99183	267786	
99183	268235	
99183	270768	
99183	275823	
99183	277684	
99183	280731	
99183	283552	
99183	284141	
99183	284149	
99183	286475	
99183	286693	
99183	286866	
99183	290404	
99183	290827	
99183	292311	
99183	292312	
99183	293360	
99183	297578	
99183	298947	
99183	299078	
99183	299084	
99183	305664	
99183	305665	
99183	305675	
99183	305683	
99183	305690	
99183	305692	
99183	305693	
99183	305695	
99183	305696	
99183	305697	
99183	305698	
99183	305699	
99183	305700	
99183	305701	
99183	305704	
99183	305707	
99183	305709	
99183	305716	
99183	305720	
99183	305723	
99183	305726	
99183	305732	
99183	305737	
99183	305742	
99183	305747	
99183	305749	
99183	305757	
99183	305759	
99183	305764	
99183	305769	
99183	305770	
99183	305785	
99183	305790	
99183	305795	
99183	305808	
99183	310446	
99183	310729	
99183	315591	
99183	323341	
99183	325129	
99183	331091	
99183	334060	
99183	342854	
99183	344260	
99183	382376	
99183	390617	
99183	394133	
99183	394835	
99183	400240	
99183	403054	
99183	410446	
99183	412935	
99183	415973	
99183	427959	
99183	432750	
99183	435246	
99183	435282	
99183	437206	
99183	438527	
99183	442736	
99183	482871	
99183	482878	
99183	482880	
99183	482881	
99183	482882	
99183	482883	
99183	482884	
99183	482885	
99183	482888	
99183	482894	
99183	489806	
99183	495887	
99183	496038	
99183	496432	
99183	497422	
99183	499328	
99183	499624	
99183	522699	
99183	530405	
99183	532011	
99183	532071	
99183	532197	
99183	536964	
99183	536966	
99183	536967	
99183	536969	
99183	536985	
99183	536986	
99183	536987	
99183	536989	
99183	536994	
99183	536998	
99183	537002	
99183	537005	
99183	537006	
99183	537007	
99183	537011	
99183	537013	
99183	537015	
99183	537016	
99183	537017	
99183	537022	
99183	537025	
99183	542030	
99183	542422	
99183	542880	
99183	545560	
99183	568423	
99183	569666	
99183	581222	
99183	581927	
99183	583329	
99183	583333	
99183	586760	
99183	593461	
99183	597389	
99183	597390	
99183	597397	
99183	605171	
99183	607520	
99183	607527	
99183	607528	
99183	607529	
99183	607530	
99183	607533	
99183	607538	
99183	607545	
99183	619000	
99183	619215	
99183	650132	
99183	664195	
99183	668997	
99183	668998	
99183	669000	
99183	669014	
99183	669017	
99183	670789	
99183	671516	
99183	683495	
99183	683739	
99183	684571	
99183	692752	
99183	707639	
99183	707865	
99183	707875	
99183	709312	
99183	710118	
99183	716441	
99183	723782	
99183	723797	
99183	723804	
99183	726815	
99183	738165	
99183	738975	
99183	751808	
99183	751809	
99183	751811	
99183	751828	
99183	757511	
99183	759855	
99183	762964	
99183	763810	
99183	766555	
99183	766856	
99183	774717	
99183	774735	
99183	774833	
99183	787135	
99183	788411	
99183	790754	
99183	793073	
99183	798899	
99183	804246	
99183	804696	
99183	805551	
99183	816844	
99183	819819	
99183	834523	
99183	834576	
99183	834580	
99183	872274	
99183	877860	
99183	879986	
99183	896433	
99183	902462	
99183	903208	
99183	904172	
99183	904185	
99183	911138	
99183	913016	
99183	913770	
99183	916457	
99183	918904	
99183	922435	
99183	923964	
99183	931025	
99183	953969	
99183	953971	
99183	977403	
99183	985918	
99183	1294528	
99183	1884444	
99183	1896068	
99183	1897286	
99183	1906708	
99183	1951971	
99183	1986124	
99183	1995050	
99183	2010810	
99183	2016334	
99183	2021643	
99183	2021858	
99183	2021862	
99183	2021873	
99183	2041012	
99183	2049791	
99183	2052389	
99183	2060722	
99183	2064403	
99183	2144301	
99183	2188459	
99183	2193984	
99183	2194982	
99183	2213497	
99183	2225826	
99183	2230459	
99183	2230460	
99183	2230465	
99183	2239263	
99183	2279531	
99183	2279532	
99183	2305519	
99183	2310574	
99183	2344983	
99183	2347762	
99183	2353690	
99183	2427488	
99183	2442780	
99183	2524498	
99183	2556673	
99183	2562733	
99183	2589268	
99183	2618733	
99183	2619462	
99183	2691605	
99183	2699716	
99183	2703707	
99183	2705165	
99183	2709001	
99183	2709732	
99183	2709736	
99183	2709756	
99183	2709775	
99183	2709777	
99183	2709801	
99183	2709845	
99183	2709850	
99183	2709869	
99183	2709871	
99183	2709878	
99183	2709888	
99183	2709893	
99183	2709894	
99183	2709896	
99183	2709902	
99183	2709904	
99183	2709908	
99183	2709910	
99183	2709919	
99183	2709922	
99183	2709925	
99183	2709926	
99183	2709927	
99183	2709930	
99183	2709933	
99183	2709936	
99183	2709937	
