42257	1013495	
42282	1013495	
42283	1013495	
42317	1013495	
42381	1013495	
42384	1013495	
42483	1013495	
42496	1013495	
42514	1013495	
42519	1013495	
42588	1013495	
42607	1013495	
42663	1013495	
42715	1013495	
42844	1013495	
42897	1013495	
42963	1013495	
43168	1013495	
43328	1013495	
43497	1013495	
43523	1013495	
43580	1013495	
43757	1013495	
43883	1013495	
44037	1013495	
44150	1013495	
44209	1013495	
44261	1013495	
258777	1013495	
248577	1013495	
249595	1013495	
307311	1013495	
307338	1013495	
335613	1013495	
353870	1013495	
354048	1013495	
354132	1013495	
355208	1013495	
355619	1013495	
355820	1013495	
355940	1013495	
358416	1013495	
360710	1013495	
361780	1013495	
362184	1013495	
362969	1013495	
364328	1013495	
364639	1013495	
377766	1013495	
446487	1013495	
471751	1013495	
472062	1013495	
460535	1013495	
465335	1013495	
461728	1013495	
460864	1013495	
460953	1013495	
458662	1013495	
458718	1013495	
459131	1013495	
459220	1013495	
459312	1013495	
476177	1013495	
475339	1013495	
471025	1013495	
467517	1013495	
533136	1013495	
714701	1013495	
899805	1013495	
916290	1013495	
987417	1013495	
988201	1013495	
998585	1013495	
988148	1013495	
989282	1013495	
999713	1013495	
1012682	1013495	
999578	1013495	
999639	1013495	
1004687	1013495	
1006622	1013495	
1008234	1013495	
1012276	1013495	
1002063	1013495	
1004491	1013495	
991084	1013495	
1002458	1013495	
1003697	1013495	
999801	1013495	
1002264	1013495	
1004887	1013495	
1005348	1013495	
1005545	1013495	
992876	1013495	
995287	1013495	
1002416	1013495	
1005131	1013495	
1004088	1013495	
1004833	1013495	
1005079	1013495	
1005419	1013495	
1013495	1013498	
1013495	1013593	
1013495	1013910	
1013495	1013928	
1013495	1013994	
1013495	1013999	
1013495	1014016	
1013495	1014071	
1013495	1014154	
1013495	1014236	
1013495	1014391	
1013495	1014516	
1013495	1015391	
1013495	1016137	
1013495	1016222	
1013495	1017479	
1013495	1017608	
1013495	1018411	
1013495	1018560	
1013495	1018768	
1013495	1018997	
1013495	1019129	
1013495	1019488	
1013495	1019569	
1013495	1019762	
1013495	1020108	
1013495	1020351	
1013495	1020522	
1013495	1020530	
1013495	1020564	
1013495	1020591	
1013495	1020693	
1013495	1024576	
1013495	1025773	
1013495	1027461	
1013495	1027466	
1013495	1034744	
1013495	1036616	
1013495	1041571	
1013495	1041602	
1013495	1042270	
1013495	1042373	
1013495	1042464	
1013495	1043914	
1013495	1045221	
1013495	1046477	
1013495	1046540	
1013495	1050297	
1013495	1051907	
1013495	1052775	
1013495	1053146	
1013495	1053268	
1013495	1053591	
1013495	1053673	
1013495	1054706	
1013495	1055210	
1013495	1056077	
1013495	1056253	
1013495	1056627	
1013495	1066226	
1013495	1070254	
1013495	1070266	
1013495	1070942	
1013495	1071128	
1013495	1077899	
1013495	1078598	
1013495	1091331	
1013495	1091479	
1013495	1094877	
1013495	1100050	
1013495	1102381	
1013495	1102465	
1013495	1110485	
1013495	1110850	
1013495	1112272	
1013495	1112440	
1013495	1113201	
1013495	1113330	
1013495	1115413	
1013495	1116374	
1013495	1118230	
1013495	1118264	
1013495	1118295	
1013495	1118397	
1013495	1118456	
1013495	1118457	
1013495	1118497	
1013495	1118521	
1013495	1118535	
1013495	1118581	
1013495	1118595	
1013495	1118658	
1013495	1118748	
1013495	1118793	
1013495	1118812	
1013495	1118815	
1013495	1118825	
1013495	1118826	
1013495	1118839	
1013495	1121245	
1013495	1124610	
1013495	1125357	
1013495	1126007	
1013495	1126226	
1013495	1126277	
1013495	1126492	
1013495	1126550	
1013495	1127505	
1013495	1130024	
1013495	1131764	
1013495	1136070	
1013495	1143260	
1013495	1145017	
1013495	1145047	
1013495	1145457	
1013495	1146280	
1013495	1148392	
1013495	1149210	
1013495	1149619	
1013495	1149721	
1013495	1149778	
1013495	1153217	
1013495	1157816	
1013495	1160101	
1013495	1160356	
1013495	1164345	
1013495	1164407	
1013495	1164958	
1013495	1165890	
1013495	1167532	
1013495	1175741	
1013495	1182347	
1013495	1185496	
1013495	1185609	
1013495	1185689	
1013495	1185792	
1013495	1185894	
1013495	1190117	
1013495	1191933	
1013495	1192366	
1013495	1193620	
1013495	1199012	
1013495	1199206	
1013495	1200675	
1013495	1202857	
1013495	1207578	
1013495	1214039	
1013495	1215356	
1013495	1218606	
1013495	1221371	
1013495	1223513	
1013495	1239393	
1013495	1243674	
1013495	1245826	
1013495	1246190	
1013495	1246610	
1013495	1246722	
1013495	1248001	
1013495	1248537	
1013495	1250184	
1013495	1259489	
1013495	1261886	
1013495	1279593	
1013495	1286264	
1013495	1287419	
1013495	1296789	
1013495	1298939	
1013495	1299142	
1013495	1307264	
1013495	1310028	
1013495	1334672	
1013495	1340711	
1013495	1341958	
1013495	1368771	
1013495	1368839	
1013495	1370948	
1013495	1373161	
1013495	1375378	
1013495	1375801	
1013495	1378494	
1013495	1378629	
1013495	1384666	
1013495	1384674	
1013495	1393376	
1013495	1401150	
1013495	1401361	
1013495	1401817	
1013495	1419913	
1013495	1420234	
1013495	1431080	
1013495	1435856	
1013495	1435897	
1013495	1439522	
1013495	1471165	
1013495	1524669	
1013495	1525069	
1013495	1528673	
1013495	1533591	
1013495	1538805	
1013495	1547454	
1013495	1553380	
1013495	1555467	
1013495	1556931	
1013495	1565968	
1013495	1574565	
1013495	1575025	
1013495	1575930	
1013495	1576087	
1013495	1577198	
1013495	1597052	
1013495	1610046	
1013495	1630400	
1013495	1634674	
1013495	1636083	
1013495	1662660	
1013495	1664941	
1013495	1669066	
1013495	1685626	
1013495	1708001	
1013495	1709611	
1013495	1719553	
1013495	1730578	
1013495	1733384	
1013495	1733572	
1013495	1743204	
1013495	1752529	
1013495	1753699	
1013495	1756496	
1013495	1781466	
1013495	1795181	
1013495	1796363	
1013495	1796374	
1013495	1806771	
1013495	1809580	
1013495	1821330	
1013495	1824024	
1013495	1836799	
1013495	1846117	
1013495	1846778	
1013495	1856032	
1013495	1861801	
1013495	1876719	
1013495	1884083	
1013495	1903604	
1013495	1943572	
1013495	2077774	
1013495	2077843	
1013495	2077888	
1013495	2077947	
1013495	2078119	
1013495	2078128	
1013495	2078150	
1013495	2078199	
1013495	2078253	
1013495	2079867	
1013495	2101913	
1013495	2139589	
1013495	2169128	
1013495	2175479	
1013495	2266003	
1013495	2342359	
1013495	2595407	
1013495	2601450	
1013495	2605020	
1013495	2605042	
1013495	2605049	
1013495	2742877	
1013495	2839876	
1013495	2840387	
1013495	2989189	
1013495	3011082	
1013392	1013495	
4738	258777	
4857	248577	
4857	249595	
692	42257	
692	42282	
692	42283	
692	42317	
692	42381	
692	42384	
692	42483	
692	42496	
692	42514	
692	42519	
692	42588	
692	42607	
692	42663	
692	42715	
692	42844	
692	42897	
692	42963	
692	43168	
692	43328	
692	43497	
692	43523	
692	43580	
692	43757	
692	43883	
692	44037	
692	44150	
692	44209	
692	44261	
6808	43883	
6808	307311	
6808	307338	
7767	335613	
13139	533136	
8123	42381	
8123	42514	
8123	43523	
8123	44037	
8123	353870	
8123	354048	
8123	354132	
8123	355208	
8123	355619	
8123	355820	
8123	355940	
8123	358416	
8123	360710	
8123	361780	
8123	362184	
8123	362969	
8123	364328	
8123	364639	
8175	377766	
10928	446487	
11066	354132	
11066	361780	
11066	446487	
11066	471751	
11066	472062	
11068	460535	
11070	465335	
11082	461728	
11083	460864	
11083	460953	
11090	458662	
11090	458718	
11090	459131	
11090	459220	
11090	459312	
11101	42607	
11101	476177	
11111	42663	
11112	475339	
11114	471025	
11122	307338	
11122	467517	
23462	42282	
22706	335613	
22823	714701	
47480	714701	
34808	307338	
34808	899805	
40922	335613	
36617	916290	
42396	42514	
42396	248577	
42396	377766	
42396	999639	
42540	42663	
42540	42963	
42540	43497	
42540	43523	
42540	249595	
42540	361780	
42540	377766	
42610	42663	
42610	42897	
42610	43168	
42610	43523	
42610	44209	
42610	248577	
42610	307338	
42610	353870	
42610	355820	
42610	361780	
42610	377766	
42610	991084	
42610	999639	
42610	999801	
42610	1005545	
42610	1008234	
42610	1012682	
42610	1013928	
42610	1013999	
42610	1055210	
42610	1307264	
44198	44209	
44198	249595	
44198	307338	
44198	354048	
44198	364639	
44198	446487	
44198	714701	
44198	999578	
44198	1002264	
44198	1003697	
44198	1013392	
44198	1013928	
44198	1014236	
44198	1016137	
44198	1019129	
44198	1019762	
44198	1020108	
44198	1118521	
44198	1167532	
44198	1401361	
44198	1553380	
44198	1846117	
44198	1846778	
45162	1903604	
46364	1053268	
46422	1013928	
46422	1071128	
46422	1185792	
46424	355820	
46425	249595	
46427	1538805	
46432	307338	
46432	476177	
46432	991084	
46432	999639	
46432	1943572	
46436	355820	
46436	361780	
46436	364639	
46436	989282	
46436	991084	
46436	1003697	
46436	1014391	
46436	1036616	
46436	1121245	
46436	1124610	
46436	1165890	
46437	358416	
46437	446487	
46437	1005131	
46437	1013928	
46440	248577	
46440	377766	
46440	999639	
46441	446487	
46441	476177	
46441	989282	
46452	1053268	
41451	42607	
44718	1884083	
44869	1884083	
40964	42282	
41091	307338	
44994	249595	
42713	43168	
42713	43580	
42713	44037	
42713	248577	
42713	249595	
42713	307311	
42713	354048	
42713	355820	
42713	360710	
42713	362969	
42713	364639	
42713	899805	
42713	999578	
42713	999639	
42713	1002264	
42713	1003697	
42713	1005545	
42713	1012682	
42713	1013498	
42713	1013593	
42713	1013928	
42713	1014391	
42713	1015391	
42713	1016222	
42713	1019762	
42713	1020351	
42713	1027461	
42713	1041571	
42713	1042373	
42713	1045221	
42713	1050297	
42713	1053591	
42713	1077899	
42713	1118264	
42713	1118581	
42713	1125357	
42713	1126277	
42713	1126492	
42713	1126550	
42713	1149210	
42713	1153217	
42713	1175741	
42713	1215356	
42713	1223513	
42713	1246722	
42713	1708001	
43031	43757	
43031	44209	
43031	248577	
43031	249595	
43031	307338	
43031	355820	
43031	361780	
43031	362969	
43031	364639	
43031	377766	
43031	446487	
43031	472062	
43031	476177	
43031	533136	
43031	714701	
43031	989282	
43031	991084	
43031	999578	
43031	999639	
43031	1002458	
43031	1003697	
43031	1004491	
43031	1004687	
43031	1004887	
43031	1005545	
43031	1006622	
43031	1012682	
43031	1013928	
43031	1013994	
43031	1014016	
43031	1014154	
43031	1014236	
43031	1014391	
43031	1015391	
43031	1016137	
43031	1016222	
43031	1017479	
43031	1019762	
43031	1027461	
43031	1036616	
43031	1041571	
43031	1042464	
43031	1052775	
43031	1056253	
43031	1056627	
43031	1071128	
43031	1091331	
43031	1110850	
43031	1112440	
43031	1113201	
43031	1118581	
43031	1118793	
43031	1118825	
43031	1125357	
43031	1149210	
43031	1160101	
43031	1185609	
43031	1185894	
43031	1239393	
43031	1298939	
43031	1384666	
43031	1401817	
43031	1538805	
43031	1565968	
43031	1597052	
43296	44209	
43296	248577	
43296	249595	
43296	999578	
43296	1008234	
43296	1027461	
43296	1246190	
43296	1341958	
43296	1538805	
55677	1143260	
55677	1547454	
55677	2077774	
55677	2077843	
55677	2077888	
55677	2077947	
55677	2078119	
55677	2078128	
55677	2078150	
55677	2078199	
55677	2078253	
55690	476177	
55690	714701	
55701	1610046	
55701	2079867	
55716	995287	
55727	307338	
55731	1368839	
55736	988148	
55752	1190117	
55753	1340711	
55755	355208	
55757	1401150	
55769	714701	
55770	1246190	
55776	714701	
55778	1013999	
55793	258777	
55797	1094877	
55800	1004687	
55801	714701	
55801	992876	
55801	1004687	
55801	2101913	
55808	992876	
55815	249595	
55841	377766	
55848	307338	
55863	446487	
55863	1004887	
55863	1014016	
55863	1223513	
55864	377766	
55870	988148	
55885	335613	
55895	248577	
55895	249595	
55895	258777	
55895	307338	
55895	355940	
55895	360710	
55895	364639	
55895	446487	
55895	714701	
55895	1004491	
55895	1004887	
55895	1005419	
55895	1006622	
55895	1012682	
55895	1013928	
55895	1014236	
55895	1019129	
55895	1020564	
55895	1020591	
55895	1027461	
55895	1041571	
55895	1070254	
55895	1115413	
55895	1118497	
55895	1118815	
55895	1125357	
55895	1148392	
55895	1157816	
55895	1175741	
55895	1190117	
55895	1538805	
55904	248577	
55904	249595	
55904	361780	
55904	446487	
55904	1027461	
55904	1055210	
55904	1113201	
55904	1118812	
55904	1160101	
55904	1368839	
55904	1538805	
55904	2139589	
55921	335613	
55939	248577	
55939	355820	
55939	355940	
55939	358416	
55939	362969	
55939	364639	
55939	446487	
55939	467517	
55939	476177	
55939	714701	
55939	899805	
55939	991084	
55939	1003697	
55939	1008234	
55939	1013928	
55939	1013994	
55939	1014016	
55939	1014236	
55939	1014391	
55939	1015391	
55939	1016222	
55939	1018768	
55939	1019129	
55939	1019762	
55939	1020591	
55939	1027466	
55939	1042373	
55939	1054706	
55939	1056253	
55939	1077899	
55939	1078598	
55939	1113201	
55939	1116374	
55939	1118581	
55939	1121245	
55939	1215356	
55939	1246190	
55939	1538805	
55939	1806771	
55946	307338	
55954	249595	
55955	446487	
55960	249595	
55960	1020108	
55966	248577	
55966	249595	
55966	258777	
55966	307311	
55966	307338	
55966	355820	
55966	355940	
55966	362969	
55966	364639	
55966	467517	
55966	476177	
55966	533136	
55966	714701	
55966	899805	
55966	991084	
55966	999639	
55966	1002264	
55966	1003697	
55966	1006622	
55966	1008234	
55966	1012682	
55966	1013593	
55966	1013928	
55966	1014016	
55966	1014236	
55966	1015391	
55966	1016222	
55966	1017479	
55966	1018768	
55966	1019129	
55966	1019569	
55966	1019762	
55966	1027461	
55966	1027466	
55966	1041602	
55966	1042373	
55966	1054706	
55966	1077899	
55966	1113201	
55966	1116374	
55966	1118581	
55966	1118812	
55966	1118815	
55966	1118839	
55966	1126277	
55966	1126550	
55966	1127505	
55966	1148392	
55966	1149619	
55966	1157816	
55966	1160101	
55966	1192366	
55966	1384666	
55966	1538805	
55966	1664941	
55966	1669066	
55976	307338	
55977	307338	
55991	248577	
55991	307338	
55991	361780	
55991	446487	
55991	998585	
55991	999578	
55991	1008234	
55991	1012682	
55991	1013999	
55991	1019762	
55991	1055210	
55991	1246190	
55991	1248537	
55991	1538805	
55997	446487	
55999	248577	
56000	446487	
56000	1126550	
42135	1020522	
42136	42663	
42138	42381	
42138	467517	
42138	987417	
42138	988201	
42138	998585	
42139	42381	
42139	42384	
42139	42897	
42139	354048	
42139	355820	
42139	987417	
42139	988148	
42139	988201	
42140	42384	
42140	42897	
42140	354048	
42140	355820	
42140	467517	
42140	988148	
42140	998585	
42141	362184	
42141	714701	
42142	364639	
42144	42381	
42144	42496	
42144	42514	
42144	42519	
42144	42607	
42144	42963	
42144	43497	
42144	44150	
42144	307338	
42144	361780	
42144	446487	
42144	476177	
42144	714701	
42144	989282	
42144	999713	
42146	42514	
42146	44209	
42146	249595	
42146	307338	
42148	42282	
42148	361780	
42148	533136	
42148	989282	
42148	1012682	
42148	1053268	
42148	1066226	
42151	42381	
42151	42663	
42151	42963	
42151	43497	
42151	43523	
42152	43523	
42153	714701	
42154	42282	
42154	42381	
42154	42496	
42154	42514	
42154	42519	
42154	42607	
42154	42663	
42154	42897	
42154	42963	
42154	43168	
42154	44037	
42154	44150	
42154	44209	
42154	248577	
42154	355820	
42154	361780	
42154	377766	
42154	446487	
42154	476177	
42154	714701	
42154	989282	
42154	999578	
42154	999639	
42154	999713	
42154	1004687	
42154	1006622	
42154	1008234	
42154	1012276	
42154	1012682	
42156	42257	
42156	42496	
42157	42282	
42157	42381	
42157	42384	
42157	42514	
42157	42588	
42157	42607	
42157	42663	
42157	42963	
42157	43328	
42157	43497	
42157	43523	
42157	43883	
42157	44037	
42157	44150	
42157	44209	
42157	248577	
42157	307338	
42157	361780	
42157	446487	
42157	476177	
42157	533136	
42157	714701	
42157	999639	
42157	1012276	
42157	1012682	
42157	1015391	
42157	1024576	
42157	1025773	
42157	1027461	
42157	1027466	
42159	42257	
42159	42282	
42159	42381	
42159	42496	
42159	42514	
42159	42663	
42159	42897	
42159	42963	
42159	43328	
42159	43497	
42159	43523	
42159	43883	
42159	44037	
42159	44150	
42159	307338	
42159	446487	
42159	472062	
42159	476177	
42159	714701	
42159	989282	
42159	999578	
42159	1002063	
42159	1004491	
42159	1012276	
42159	1018411	
42160	42381	
42160	42663	
42160	42897	
42160	42963	
42160	43497	
42160	43523	
42163	714701	
42164	42381	
42164	42663	
42164	42963	
42164	43497	
42164	43523	
42165	42381	
42165	42384	
42165	42519	
42165	42663	
42165	42897	
42165	42963	
42165	43168	
42165	43497	
42165	43580	
42165	335613	
42165	353870	
42165	355820	
42165	364328	
42165	364639	
42165	446487	
42165	533136	
42165	899805	
42165	987417	
42165	991084	
42165	999639	
42165	1002458	
42165	1003697	
42165	1004687	
42165	1004887	
42165	1005079	
42165	1012276	
42165	1012682	
42165	1013928	
42165	1014154	
42165	1014391	
42165	1015391	
42165	1019129	
42165	1050297	
42165	1091479	
42165	1094877	
42165	1113201	
42165	1116374	
42165	1118581	
42165	1127505	
42165	1149210	
42165	1165890	
42165	1259489	
42165	1261886	
42166	42519	
42166	307338	
42166	999801	
42170	42282	
42170	44209	
42176	42282	
42176	42514	
42176	42519	
42176	42607	
42176	43168	
42176	43328	
42176	43497	
42176	43883	
42176	44037	
42176	44150	
42176	307338	
42176	446487	
42176	476177	
42176	1004687	
42176	1012276	
42179	42282	
42179	42663	
42179	42963	
42179	43168	
42179	43497	
42179	307338	
42179	476177	
42179	714701	
42179	991084	
42180	42514	
42180	42519	
42180	42607	
42180	42897	
42180	44037	
42180	446487	
42180	999578	
42180	999713	
42182	42514	
42182	42519	
42182	248577	
42182	354048	
42182	354132	
42182	355820	
42182	358416	
42182	364639	
42182	1003697	
42182	1017479	
42183	42381	
42183	42663	
42183	42963	
42183	43497	
42183	43523	
42183	43883	
42183	44150	
42183	446487	
42183	714701	
42185	42282	
42185	42381	
42185	42514	
42185	42897	
42185	42963	
42185	43497	
42185	44209	
42185	307311	
42185	307338	
42185	446487	
42185	476177	
42185	989282	
42185	999578	
42185	1013498	
42188	42282	
42188	42519	
42188	42607	
42188	43328	
42189	42282	
42189	42381	
42189	42514	
42189	42607	
42189	43328	
42189	44037	
42189	307338	
42189	358416	
42189	446487	
42189	476177	
42189	533136	
42189	999578	
42189	999639	
42190	1004687	
42192	42282	
42192	42384	
42192	42897	
42192	44037	
42192	44209	
42192	258777	
42192	307338	
42192	354048	
42192	355820	
42192	355940	
42192	361780	
42192	362969	
42192	364639	
42192	467517	
42192	472062	
42192	476177	
42192	533136	
42192	714701	
42192	1002264	
42192	1003697	
42192	1004887	
42192	1005348	
42192	1005545	
42192	1013498	
42192	1013593	
42192	1013928	
42192	1013994	
42192	1014154	
42192	1015391	
42192	1016137	
42192	1017479	
42192	1019129	
42192	1020108	
42192	1041571	
42192	1041602	
42192	1042373	
42192	1043914	
42192	1050297	
42192	1054706	
42192	1118497	
42192	1118581	
42192	1118815	
42192	1124610	
42192	1125357	
42192	1126007	
42192	1126226	
42192	1126277	
42192	1126492	
42192	1126550	
42192	1175741	
42193	42282	
42193	989282	
42194	42963	
42194	992876	
42195	42381	
42195	42514	
42195	42663	
42195	42963	
42195	43497	
42195	43523	
42195	43883	
42195	44037	
42195	44150	
42195	354048	
42195	354132	
42195	355820	
42195	358416	
42195	360710	
42195	364328	
42195	364639	
42195	1003697	
42195	1013498	
42195	1014391	
42195	1016137	
42195	1017479	
42196	248577	
42197	42282	
42197	42381	
42197	42514	
42197	42607	
42197	42663	
42197	42963	
42197	43328	
42197	43497	
42197	43523	
42197	43883	
42197	44037	
42197	44150	
42197	307338	
42197	714701	
42197	989282	
42201	42381	
42201	42514	
42201	42519	
42201	42607	
42201	42663	
42201	43168	
42201	43328	
42201	43497	
42201	43883	
42201	44037	
42201	44150	
42201	446487	
42201	1012276	
42203	1003697	
42205	42607	
42206	1004687	
42207	995287	
42211	248577	
42211	307338	
42214	42514	
42214	42663	
42214	42897	
42214	43497	
42214	354048	
42214	354132	
42214	355820	
42214	355940	
42214	360710	
42214	362969	
42214	364328	
42214	364639	
42214	446487	
42214	533136	
42214	1004687	
42214	1012682	
42214	1013498	
42214	1016137	
42214	1016222	
42214	1017479	
42214	1019129	
42214	1019569	
42214	1041571	
42214	1041602	
42214	1091331	
42216	1004687	
42217	42257	
42217	42483	
42217	42663	
42217	43523	
42217	1002063	
42217	1002264	
42217	1002416	
42217	1002458	
42221	354132	
42221	358416	
42221	364328	
42221	467517	
42221	714701	
42221	1012682	
42221	1013928	
42221	1014016	
42221	1014236	
42221	1015391	
42221	1077899	
42221	1078598	
42224	42257	
42224	42317	
42224	42381	
42224	42483	
42224	42496	
42224	42588	
42224	42607	
42224	42663	
42224	42963	
42224	43168	
42224	258777	
42224	361780	
42224	364328	
42224	472062	
42224	714701	
42224	899805	
42224	987417	
42224	988148	
42224	999639	
42224	1004887	
42224	1012682	
42224	1020591	
42224	1056253	
42224	1118456	
42225	42963	
42226	42496	
42226	42514	
42226	248577	
42226	361780	
42226	1003697	
42226	1013999	
42226	1034744	
42226	1036616	
42227	446487	
42231	42282	
42231	42381	
42231	42514	
42231	42519	
42231	42607	
42231	42663	
42231	42897	
42231	42963	
42231	43328	
42231	43497	
42231	43523	
42231	43883	
42231	44037	
42231	44150	
42231	307338	
42231	446487	
42231	476177	
42231	714701	
42231	989282	
42231	999578	
42231	999639	
42231	999713	
42232	42607	
42233	42282	
42233	42588	
42233	353870	
42233	988148	
42234	43757	
42234	355820	
42234	358416	
42234	362184	
42234	472062	
42234	1005131	
42234	1014516	
42235	1165890	
42236	42514	
42236	43168	
42236	248577	
42236	307338	
42236	355940	
42236	714701	
42236	1006622	
42236	1014516	
42236	1055210	
42237	42514	
42237	355820	
42238	42282	
42238	42519	
42238	42607	
42238	476177	
42238	999639	
42238	999713	
42238	1013928	
42239	42282	
42239	42483	
42239	42496	
42239	42588	
42239	42663	
42239	42897	
42239	43757	
42239	258777	
42239	355940	
42239	362184	
42239	377766	
42239	446487	
42239	472062	
42239	1002063	
42239	1002416	
42239	1004088	
42239	1004491	
42239	1004687	
42239	1004833	
42239	1004887	
42239	1005079	
42239	1005131	
42239	1005348	
42239	1005419	
42239	1005545	
42240	42282	
42240	42519	
42240	42607	
42240	43328	
42240	476177	
42240	714701	
42241	42257	
42241	42282	
42241	42283	
42241	42317	
42241	42381	
42241	42384	
42241	42496	
42241	42588	
42241	42663	
42241	42897	
42241	42963	
42241	43168	
42241	43497	
42241	249595	
42241	258777	
42241	355940	
42241	360710	
42241	361780	
42241	362184	
42241	362969	
42241	364328	
42241	377766	
42241	446487	
42241	471751	
42241	472062	
42241	476177	
42241	533136	
42241	714701	
42241	987417	
42241	989282	
42241	999578	
42241	1002063	
42241	1003697	
42241	1004491	
42241	1004687	
42241	1004833	
42241	1004887	
42241	1012276	
42241	1012682	
42241	1015391	
42241	1018411	
42241	1018560	
42241	1018768	
42241	1018997	
42241	1019129	
42241	1019488	
42241	1019569	
42241	1019762	
42241	1020108	
42241	1020351	
42241	1020522	
42241	1020530	
42241	1020564	
42241	1020591	
42241	1020693	
42245	42381	
42245	42496	
42245	42963	
42245	43497	
42245	1013999	
42248	42282	
42248	42381	
42248	42384	
42248	42514	
42248	42588	
42248	42607	
42248	42663	
42248	42897	
42248	42963	
42248	43168	
42248	43497	
42248	44209	
42248	44261	
42248	307338	
42248	355820	
42248	361780	
42248	364328	
42248	364639	
42248	446487	
42248	472062	
42248	476177	
42248	533136	
42248	714701	
42248	899805	
42248	987417	
42248	988201	
42248	989282	
42248	998585	
42248	999578	
42248	1002264	
42248	1004687	
42248	1005348	
42248	1008234	
42248	1014236	
42248	1014391	
42248	1014516	
42248	1015391	
42248	1016137	
42248	1016222	
42248	1018768	
42248	1019762	
42248	1020108	
42248	1020351	
42248	1020522	
42248	1020564	
42248	1020591	
42248	1020693	
42248	1043914	
42248	1045221	
42248	1046477	
42248	1046540	
42248	1050297	
42248	1051907	
42248	1052775	
42248	1053146	
42248	1053268	
42248	1053591	
42248	1053673	
42248	1054706	
42248	1056077	
42248	1056253	
42248	1056627	
42251	42514	
42251	42963	
42251	43523	
42251	44037	
42251	258777	
42251	364328	
42251	364639	
42251	377766	
42251	446487	
42251	533136	
42251	991084	
42251	1005079	
42251	1012682	
42251	1014391	
42251	1091331	
42251	1091479	
42255	42381	
42255	42663	
42255	43523	
42255	714701	
42255	899805	
42255	1019129	
42256	1334672	
42257	42265	
42257	42268	
42257	42278	
42257	42279	
42257	42282	
42257	42284	
42257	42297	
42257	42298	
42257	42313	
42257	42325	
42257	42343	
42257	42353	
42257	42380	
42257	42381	
42257	42392	
42257	42428	
42257	42429	
42257	42436	
42257	42480	
42257	42483	
42257	42526	
42257	42543	
42257	42552	
42257	42556	
42257	42573	
42257	42575	
42257	42588	
42257	42595	
42257	42597	
42257	42598	
42257	42601	
42257	42610	
42257	42614	
42257	42615	
42257	42626	
42257	42641	
42257	42652	
42257	42656	
42257	42663	
42257	42696	
42257	42708	
42257	42720	
42257	42744	
42257	42765	
42257	42766	
42257	42789	
42257	42827	
42257	42829	
42257	42833	
42257	42844	
42257	42860	
42257	42863	
42257	42866	
42257	42876	
42257	42897	
42257	42959	
42257	42963	
42257	42965	
42257	43000	
42257	43011	
42257	43013	
42257	43014	
42257	43017	
42257	43030	
42257	43033	
42257	43043	
42257	43053	
42257	43068	
42257	43091	
42257	43135	
42257	43141	
42257	43143	
42257	43173	
42257	43182	
42257	43192	
42257	43201	
42257	43217	
42257	43229	
42257	43295	
42257	43349	
42257	43357	
42257	43367	
42257	43387	
42257	43391	
42257	43401	
42257	43427	
42257	43478	
42257	43497	
42257	43503	
42257	43505	
42257	43526	
42257	43528	
42257	43534	
42257	43553	
42257	43563	
42257	43597	
42257	43603	
42257	43613	
42257	43637	
42257	43646	
42257	43662	
42257	43665	
42257	43667	
42257	43670	
42257	43709	
42257	43716	
42257	43718	
42257	43724	
42257	43745	
42257	43748	
42257	43754	
42257	43763	
42257	43774	
42257	43777	
42257	43782	
42257	43785	
42257	43822	
42257	43827	
42257	43837	
42257	43839	
42257	43844	
42257	43869	
42257	43871	
42257	43875	
42257	43879	
42257	43898	
42257	43902	
42257	43919	
42257	43931	
42257	43955	
42257	44008	
42257	44023	
42257	44097	
42257	44131	
42257	44198	
42257	44220	
42257	44261	
42257	55951	
42257	90502	
42257	108841	
42257	117579	
42257	186168	
42257	200424	
42257	228522	
42257	248943	
42257	248992	
42257	249556	
42257	258777	
42257	307279	
42257	307322	
42257	307338	
42257	307461	
42257	307600	
42257	347545	
42257	353685	
42257	353741	
42257	353751	
42257	353799	
42257	353883	
42257	353911	
42257	353956	
42257	353978	
42257	354007	
42257	354090	
42257	354114	
42257	354121	
42257	354149	
42257	354173	
42257	354280	
42257	354333	
42257	354349	
42257	354380	
42257	354427	
42257	354433	
42257	354471	
42257	354526	
42257	354612	
42257	354672	
42257	354681	
42257	354683	
42257	354745	
42257	354748	
42257	354796	
42257	354835	
42257	354909	
42257	355011	
42257	355036	
42257	355075	
42257	355168	
42257	355181	
42257	355316	
42257	355351	
42257	355377	
42257	355436	
42257	355447	
42257	355483	
42257	355524	
42257	355550	
42257	355553	
42257	355555	
42257	355558	
42257	355581	
42257	355619	
42257	355641	
42257	355661	
42257	355824	
42257	355831	
42257	355893	
42257	355998	
42257	356026	
42257	356049	
42257	356096	
42257	356161	
42257	356227	
42257	356312	
42257	356364	
42257	356379	
42257	356391	
42257	356433	
42257	356465	
42257	356543	
42257	356662	
42257	356701	
42257	356793	
42257	356834	
42257	356878	
42257	356897	
42257	356980	
42257	357027	
42257	357065	
42257	357157	
42257	357515	
42257	357858	
42257	357924	
42257	357942	
42257	357967	
42257	358011	
42257	358039	
42257	358074	
42257	358116	
42257	358133	
42257	358175	
42257	358185	
42257	358201	
42257	358262	
42257	358297	
42257	358337	
42257	358353	
42257	358401	
42257	358416	
42257	358418	
42257	358533	
42257	358646	
42257	358675	
42257	358700	
42257	358701	
42257	358758	
42257	358775	
42257	358790	
42257	358834	
42257	358838	
42257	358880	
42257	358916	
42257	358986	
42257	359012	
42257	359129	
42257	359356	
42257	359374	
42257	359400	
42257	359406	
42257	359447	
42257	359495	
42257	359516	
42257	359573	
42257	359625	
42257	359637	
42257	359693	
42257	359695	
42257	359753	
42257	359754	
42257	359794	
42257	359798	
42257	359843	
42257	359920	
42257	359926	
42257	359988	
42257	360062	
42257	360110	
42257	360120	
42257	360128	
42257	360184	
42257	360213	
42257	360239	
42257	360435	
42257	360476	
42257	360513	
42257	360518	
42257	360596	
42257	360624	
42257	360638	
42257	360639	
42257	360653	
42257	360681	
42257	360702	
42257	360705	
42257	360717	
42257	360730	
42257	360782	
42257	360797	
42257	360851	
42257	360885	
42257	360929	
42257	360937	
42257	360959	
42257	360960	
42257	360985	
42257	361017	
42257	361126	
42257	361219	
42257	361221	
42257	361247	
42257	361267	
42257	361382	
42257	361402	
42257	361432	
42257	361449	
42257	361454	
42257	361712	
42257	361743	
42257	361746	
42257	361778	
42257	361779	
42257	361780	
42257	361826	
42257	361829	
42257	361868	
42257	361880	
42257	361889	
42257	361917	
42257	361981	
42257	361993	
42257	362012	
42257	362014	
42257	362042	
42257	362074	
42257	362084	
42257	362092	
42257	362255	
42257	362287	
42257	362305	
42257	362459	
42257	362500	
42257	362511	
42257	362513	
42257	362549	
42257	362582	
42257	362601	
42257	362676	
42257	362729	
42257	362761	
42257	362768	
42257	362790	
42257	362873	
42257	362920	
42257	362961	
42257	362977	
42257	362998	
42257	363003	
42257	363012	
42257	363040	
42257	363042	
42257	363053	
42257	363073	
42257	363087	
42257	363090	
42257	363094	
42257	363098	
42257	363107	
42257	363112	
42257	363113	
42257	363138	
42257	363146	
42257	363152	
42257	363199	
42257	363202	
42257	363216	
42257	363225	
42257	363231	
42257	363358	
42257	363361	
42257	363381	
42257	363397	
42257	363401	
42257	363420	
42257	363442	
42257	363510	
42257	363526	
42257	363571	
42257	363587	
42257	363597	
42257	363658	
42257	363701	
42257	363706	
42257	363740	
42257	363755	
42257	363797	
42257	363864	
42257	363887	
42257	363906	
42257	363920	
42257	364104	
42257	364112	
42257	364328	
42257	364363	
42257	364477	
42257	364479	
42257	364531	
42257	364602	
42257	364772	
42257	364829	
42257	365043	
42257	439781	
42257	446487	
42257	453059	
42257	460342	
42257	462850	
42257	462909	
42257	464575	
42257	464598	
42257	464659	
42257	464913	
42257	464935	
42257	465016	
42257	465122	
42257	466988	
42257	467416	
42257	468324	
42257	468387	
42257	468575	
42257	468785	
42257	471177	
42257	471352	
42257	471397	
42257	471580	
42257	471605	
42257	471618	
42257	471625	
42257	471751	
42257	471828	
42257	471851	
42257	471973	
42257	471980	
42257	472012	
42257	472062	
42257	472084	
42257	472092	
42257	472733	
42257	476177	
42257	476444	
42257	477245	
42257	479280	
42257	479662	
42257	482253	
42257	482734	
42257	497867	
42257	515035	
42257	533096	
42257	533232	
42257	534135	
42257	534193	
42257	557844	
42257	557871	
42257	668672	
42257	681382	
42257	697799	
42257	714701	
42257	717320	
42257	729013	
42257	729045	
42257	730346	
42257	733640	
42257	734656	
42257	773616	
42257	774934	
42257	778108	
42257	778319	
42257	778746	
42257	789858	
42257	800821	
42257	824733	
42257	836742	
42257	879792	
42257	879833	
42257	893490	
42257	920189	
42257	941213	
42257	970014	
42257	970702	
42257	976256	
42257	976568	
42257	980609	
42257	985059	
42257	987446	
42257	987511	
42257	987524	
42257	987538	
42257	987570	
42257	987585	
42257	987589	
42257	987647	
42257	987673	
42257	987753	
42257	987768	
42257	987771	
42257	987777	
42257	987832	
42257	987833	
42257	987853	
42257	987875	
42257	987887	
42257	987967	
42257	987969	
42257	987976	
42257	988005	
42257	988038	
42257	988048	
42257	988118	
42257	988151	
42257	988179	
42257	988228	
42257	988255	
42257	988289	
42257	989054	
42257	989097	
42257	989118	
42257	989126	
42257	989130	
42257	989160	
42257	989162	
42257	989179	
42257	989181	
42257	989200	
42257	989212	
42257	989233	
42257	989234	
42257	989275	
42257	989282	
42257	989288	
42257	989298	
42257	989301	
42257	989306	
42257	989325	
42257	989331	
42257	989347	
42257	989353	
42257	989378	
42257	989392	
42257	989393	
42257	989394	
42257	990319	
42257	990366	
42257	990458	
42257	990472	
42257	990553	
42257	990741	
42257	990816	
42257	990840	
42257	990946	
42257	990963	
42257	991141	
42257	991174	
42257	991477	
42257	991611	
42257	991630	
42257	991786	
42257	991832	
42257	991847	
42257	991933	
42257	992235	
42257	992631	
42257	992748	
42257	992858	
42257	993240	
42257	993913	
42257	994159	
42257	994189	
42257	994393	
42257	994430	
42257	994441	
42257	994591	
42257	994725	
42257	994756	
42257	994769	
42257	994777	
42257	994852	
42257	994881	
42257	994888	
42257	994958	
42257	994996	
42257	995522	
42257	995562	
42257	995601	
42257	995788	
42257	995793	
42257	995924	
42257	995947	
42257	996021	
42257	996053	
42257	997493	
42257	997526	
42257	997687	
42257	997707	
42257	997822	
42257	997823	
42257	997861	
42257	997881	
42257	997913	
42257	997963	
42257	998025	
42257	998061	
42257	998073	
42257	998116	
42257	998118	
42257	998121	
42257	998123	
42257	998194	
42257	998246	
42257	998254	
42257	998285	
42257	998313	
42257	998321	
42257	998329	
42257	998344	
42257	998352	
42257	998369	
42257	998372	
42257	998403	
42257	998408	
42257	998428	
42257	998430	
42257	998446	
42257	998510	
42257	998516	
42257	998531	
42257	998540	
42257	998543	
42257	998546	
42257	998586	
42257	998589	
42257	998592	
42257	998613	
42257	998649	
42257	998650	
42257	998868	
42257	999399	
42257	999501	
42257	999611	
42257	999616	
42257	999632	
42257	999652	
42257	999655	
42257	999686	
42257	1000320	
42257	1000355	
42257	1000410	
42257	1000444	
42257	1000570	
42257	1000607	
42257	1000648	
42257	1000740	
42257	1000836	
42257	1000842	
42257	1000956	
42257	1000966	
42257	1001134	
42257	1001144	
42257	1001148	
42257	1001161	
42257	1001165	
42257	1001192	
42257	1001194	
42257	1001210	
42257	1001213	
42257	1001223	
42257	1001234	
42257	1001246	
42257	1001259	
42257	1001275	
42257	1001283	
42257	1001285	
42257	1001347	
42257	1001352	
42257	1001378	
42257	1001386	
42257	1001912	
42257	1002020	
42257	1002028	
42257	1002030	
42257	1002040	
42257	1002045	
42257	1002056	
42257	1002057	
42257	1002060	
42257	1002064	
42257	1002068	
42257	1002069	
42257	1002082	
42257	1002084	
42257	1002090	
42257	1002091	
42257	1002092	
42257	1002100	
42257	1002104	
42257	1002116	
42257	1002122	
42257	1002123	
42257	1002127	
42257	1002131	
42257	1002132	
42257	1002138	
42257	1002139	
42257	1002141	
42257	1002153	
42257	1002154	
42257	1002156	
42257	1002160	
42257	1002167	
42257	1002168	
42257	1002187	
42257	1002207	
42257	1002210	
42257	1002212	
42257	1002215	
42257	1002221	
42257	1002222	
42257	1002224	
42257	1002230	
42257	1002232	
42257	1002234	
42257	1002235	
42257	1002240	
42257	1002243	
42257	1002245	
42257	1002246	
42257	1002249	
42257	1002251	
42257	1002259	
42257	1002264	
42257	1002266	
42257	1002279	
42257	1002285	
42257	1002293	
42257	1002296	
42257	1002301	
42257	1002303	
42257	1002310	
42257	1002311	
42257	1002318	
42257	1002325	
42257	1002326	
42257	1002338	
42257	1002340	
42257	1002347	
42257	1002355	
42257	1002360	
42257	1002364	
42257	1002366	
42257	1002377	
42257	1002380	
42257	1002382	
42257	1002388	
42257	1002390	
42257	1002398	
42257	1002400	
42257	1002402	
42257	1002405	
42257	1002407	
42257	1002416	
42257	1002417	
42257	1002418	
42257	1002420	
42257	1002421	
42257	1002422	
42257	1002432	
42257	1002436	
42257	1002438	
42257	1002441	
42257	1002446	
42257	1002447	
42257	1002455	
42257	1002457	
42257	1002460	
42257	1002464	
42257	1002465	
42257	1002469	
42257	1002471	
42257	1002476	
42257	1002477	
42257	1002479	
42257	1002480	
42257	1002484	
42257	1002498	
42257	1002523	
42257	1002530	
42257	1002800	
42257	1003529	
42257	1003532	
42257	1003550	
42257	1003552	
42257	1003629	
42257	1003667	
42257	1003676	
42257	1003968	
42257	1003978	
42257	1003989	
42257	1003990	
42257	1003994	
42257	1004008	
42257	1004012	
42257	1004013	
42257	1004014	
42257	1004015	
42257	1004023	
42257	1004028	
42257	1004031	
42257	1004042	
42257	1004044	
42257	1004046	
42257	1004055	
42257	1004067	
42257	1004071	
42257	1004078	
42257	1004083	
42257	1004085	
42257	1004087	
42257	1004092	
42257	1004093	
42257	1004102	
42257	1004106	
42257	1004123	
42257	1004130	
42257	1004141	
42257	1004144	
42257	1004145	
42257	1004146	
42257	1004154	
42257	1004166	
42257	1004167	
42257	1004168	
42257	1004171	
42257	1004172	
42257	1004174	
42257	1004175	
42257	1004181	
42257	1004185	
42257	1004195	
42257	1004212	
42257	1004213	
42257	1004218	
42257	1004219	
42257	1004220	
42257	1004223	
42257	1004234	
42257	1004237	
42257	1004239	
42257	1004240	
42257	1004248	
42257	1004249	
42257	1004251	
42257	1004254	
42257	1004256	
42257	1004260	
42257	1004263	
42257	1004268	
42257	1004273	
42257	1004283	
42257	1004295	
42257	1004298	
42257	1004307	
42257	1004311	
42257	1004321	
42257	1004331	
42257	1004333	
42257	1004336	
42257	1004340	
42257	1004345	
42257	1004348	
42257	1004354	
42257	1004365	
42257	1004370	
42257	1004378	
42257	1004381	
42257	1004386	
42257	1004395	
42257	1004399	
42257	1004401	
42257	1004427	
42257	1004436	
42257	1004443	
42257	1004447	
42257	1004452	
42257	1004453	
42257	1004461	
42257	1004463	
42257	1004465	
42257	1004469	
42257	1004484	
42257	1004487	
42257	1004492	
42257	1004495	
42257	1004496	
42257	1004498	
42257	1004506	
42257	1004509	
42257	1004512	
42257	1004517	
42257	1004526	
42257	1004540	
42257	1004554	
42257	1004555	
42257	1004560	
42257	1004561	
42257	1004564	
42257	1004567	
42257	1004569	
42257	1004582	
42257	1004592	
42257	1004595	
42257	1004607	
42257	1004609	
42257	1004610	
42257	1004617	
42257	1004618	
42257	1004619	
42257	1004625	
42257	1004627	
42257	1004632	
42257	1004633	
42257	1004640	
42257	1004641	
42257	1004642	
42257	1004644	
42257	1004646	
42257	1004649	
42257	1004651	
42257	1004662	
42257	1004672	
42257	1004676	
42257	1004685	
42257	1004686	
42257	1004687	
42257	1004688	
42257	1004696	
42257	1004699	
42257	1004709	
42257	1004714	
42257	1004718	
42257	1004721	
42257	1004727	
42257	1004730	
42257	1004734	
42257	1004735	
42257	1004738	
42257	1004739	
42257	1004741	
42257	1004742	
42257	1004743	
42257	1004755	
42257	1004758	
42257	1004768	
42257	1004775	
42257	1004777	
42257	1004782	
42257	1004784	
42257	1004785	
42257	1004789	
42257	1004790	
42257	1004794	
42257	1004797	
42257	1004800	
42257	1004806	
42257	1004811	
42257	1004816	
42257	1004817	
42257	1004831	
42257	1004832	
42257	1004837	
42257	1004850	
42257	1004854	
42257	1004865	
42257	1004878	
42257	1004890	
42257	1004895	
42257	1004896	
42257	1004921	
42257	1004922	
42257	1004930	
42257	1004933	
42257	1004937	
42257	1004941	
42257	1004947	
42257	1004950	
42257	1004954	
42257	1004969	
42257	1004970	
42257	1004977	
42257	1004991	
42257	1004998	
42257	1005005	
42257	1005009	
42257	1005016	
42257	1005018	
42257	1005029	
42257	1005040	
42257	1005042	
42257	1005044	
42257	1005045	
42257	1005050	
42257	1005054	
42257	1005057	
42257	1005062	
42257	1005063	
42257	1005065	
42257	1005074	
42257	1005076	
42257	1005082	
42257	1005090	
42257	1005098	
42257	1005100	
42257	1005101	
42257	1005103	
42257	1005109	
42257	1005111	
42257	1005116	
42257	1005122	
42257	1005124	
42257	1005125	
42257	1005127	
42257	1005139	
42257	1005141	
42257	1005142	
42257	1005144	
42257	1005147	
42257	1005152	
42257	1005157	
42257	1005160	
42257	1005170	
42257	1005174	
42257	1005175	
42257	1005188	
42257	1005203	
42257	1005214	
42257	1005217	
42257	1005219	
42257	1005254	
42257	1005257	
42257	1005262	
42257	1005265	
42257	1005276	
42257	1005278	
42257	1005287	
42257	1005294	
42257	1005297	
42257	1005301	
42257	1005304	
42257	1005307	
42257	1005314	
42257	1005317	
42257	1005327	
42257	1005335	
42257	1005352	
42257	1005362	
42257	1005373	
42257	1005394	
42257	1005406	
42257	1005408	
42257	1005413	
42257	1005415	
42257	1005419	
42257	1005421	
42257	1005432	
42257	1005447	
42257	1005448	
42257	1005452	
42257	1005455	
42257	1005461	
42257	1005463	
42257	1005465	
42257	1005473	
42257	1005477	
42257	1005483	
42257	1005484	
42257	1005501	
42257	1005504	
42257	1005505	
42257	1005511	
42257	1005516	
42257	1005539	
42257	1005542	
42257	1005543	
42257	1005546	
42257	1006060	
42257	1006185	
42257	1006351	
42257	1006409	
42257	1006535	
42257	1006551	
42257	1007046	
42257	1007156	
42257	1007232	
42257	1007355	
42257	1007361	
42257	1007378	
42257	1007417	
42257	1007436	
42257	1007621	
42257	1007842	
42257	1007905	
42257	1008252	
42257	1008387	
42257	1008532	
42257	1008672	
42257	1009032	
42257	1009198	
42257	1009277	
42257	1009372	
42257	1009640	
42257	1009952	
42257	1010057	
42257	1010121	
42257	1010532	
42257	1010698	
42257	1010699	
42257	1011013	
42257	1011064	
42257	1011570	
42257	1011712	
42257	1011783	
42257	1011846	
42257	1011900	
42257	1011922	
42257	1011927	
42257	1012033	
42257	1012273	
42257	1012274	
42257	1012290	
42257	1012583	
42257	1012598	
42257	1012683	
42257	1012691	
42257	1012805	
42257	1012911	
42257	1012944	
42257	1013005	
42257	1013028	
42257	1013050	
42257	1013152	
42257	1013191	
42257	1013346	
42257	1013363	
42257	1013373	
42257	1013377	
42257	1013385	
42257	1013386	
42257	1013391	
42257	1013393	
42257	1013398	
42257	1013399	
42257	1013400	
42257	1013405	
42257	1013417	
42257	1013421	
42257	1013424	
42257	1013428	
42257	1013431	
42257	1013435	
42257	1013450	
42257	1013462	
42257	1013463	
42257	1013464	
42257	1013469	
42257	1013478	
42257	1013501	
42257	1013511	
42257	1013530	
42257	1013535	
42257	1013551	
42257	1013559	
42257	1013563	
42257	1013564	
42257	1013582	
42257	1013584	
42257	1013589	
42257	1013607	
42257	1013617	
42257	1013621	
42257	1013625	
42257	1013646	
42257	1013648	
42257	1013655	
42257	1013659	
42257	1013663	
42257	1013679	
42257	1013685	
42257	1013690	
42257	1013696	
42257	1013720	
42257	1013726	
42257	1013739	
42257	1013752	
42257	1013756	
42257	1013780	
42257	1013782	
42257	1013795	
42257	1013797	
42257	1013801	
42257	1013807	
42257	1013809	
42257	1013819	
42257	1013829	
42257	1013842	
42257	1013853	
42257	1013856	
42257	1013857	
42257	1013858	
42257	1013877	
42257	1013883	
42257	1013886	
42257	1013887	
42257	1013890	
42257	1013893	
42257	1013899	
42257	1013902	
42257	1013928	
42257	1013935	
42257	1013960	
42257	1013968	
42257	1014002	
42257	1014004	
42257	1014006	
42257	1014014	
42257	1014038	
42257	1014055	
42257	1014059	
42257	1014063	
42257	1014066	
42257	1014067	
42257	1014071	
42257	1014088	
42257	1014090	
42257	1014093	
42257	1014099	
42257	1014107	
42257	1014140	
42257	1014150	
42257	1014179	
42257	1014183	
42257	1014185	
42257	1014187	
42257	1014207	
42257	1014240	
42257	1014245	
42257	1014262	
42257	1014264	
42257	1014280	
42257	1014288	
42257	1014291	
42257	1014293	
42257	1014295	
42257	1014305	
42257	1014310	
42257	1014314	
42257	1014318	
42257	1014326	
42257	1014337	
42257	1014359	
42257	1014388	
42257	1014391	
42257	1014393	
42257	1014401	
42257	1014406	
42257	1014407	
42257	1014437	
42257	1014442	
42257	1014445	
42257	1014447	
42257	1014451	
42257	1014461	
42257	1014478	
42257	1014485	
42257	1014495	
42257	1014516	
42257	1014543	
42257	1014545	
42257	1014658	
42257	1014669	
42257	1014692	
42257	1014742	
42257	1014747	
42257	1014820	
42257	1014833	
42257	1014840	
42257	1014847	
42257	1014872	
42257	1014908	
42257	1014932	
42257	1014984	
42257	1014988	
42257	1015003	
42257	1015083	
42257	1015142	
42257	1015205	
42257	1015215	
42257	1015258	
42257	1015291	
42257	1015337	
42257	1015353	
42257	1015378	
42257	1015417	
42257	1015420	
42257	1015426	
42257	1015502	
42257	1015511	
42257	1015550	
42257	1015554	
42257	1015584	
42257	1015592	
42257	1015687	
42257	1015779	
42257	1015891	
42257	1015892	
42257	1015896	
42257	1015923	
42257	1016044	
42257	1016051	
42257	1016056	
42257	1016074	
42257	1016161	
42257	1016162	
42257	1016317	
42257	1016414	
42257	1016608	
42257	1016696	
42257	1016738	
42257	1016806	
42257	1017126	
42257	1017193	
42257	1017257	
42257	1017304	
42257	1017514	
42257	1017552	
42257	1017669	
42257	1017764	
42257	1017791	
42257	1017824	
42257	1017840	
42257	1017871	
42257	1018132	
42257	1018240	
42257	1018243	
42257	1018274	
42257	1018280	
42257	1018288	
42257	1018292	
42257	1018295	
42257	1018297	
42257	1018303	
42257	1018306	
42257	1018320	
42257	1018363	
42257	1018368	
42257	1018375	
42257	1018394	
42257	1018396	
42257	1018400	
42257	1018403	
42257	1018417	
42257	1018426	
42257	1018448	
42257	1018456	
42257	1018500	
42257	1018510	
42257	1018516	
42257	1018517	
42257	1018529	
42257	1018538	
42257	1018541	
42257	1018546	
42257	1018548	
42257	1018550	
42257	1018577	
42257	1018581	
42257	1018594	
42257	1018620	
42257	1018623	
42257	1018648	
42257	1018665	
42257	1018753	
42257	1018882	
42257	1018916	
42257	1018929	
42257	1018946	
42257	1018963	
42257	1018964	
42257	1018966	
42257	1018969	
42257	1018984	
42257	1019020	
42257	1019021	
42257	1019031	
42257	1019037	
42257	1019043	
42257	1019045	
42257	1019050	
42257	1019053	
42257	1019055	
42257	1019061	
42257	1019067	
42257	1019086	
42257	1019087	
42257	1019098	
42257	1019102	
42257	1019107	
42257	1019119	
42257	1019129	
42257	1019135	
42257	1019140	
42257	1019192	
42257	1019195	
42257	1019213	
42257	1019218	
42257	1019220	
42257	1019223	
42257	1019225	
42257	1019232	
42257	1019233	
42257	1019237	
42257	1019252	
42257	1019259	
42257	1019264	
42257	1019268	
42257	1019288	
42257	1019292	
42257	1019306	
42257	1019310	
42257	1019312	
42257	1019322	
42257	1019323	
42257	1019327	
42257	1019328	
42257	1019359	
42257	1019371	
42257	1019373	
42257	1019374	
42257	1019382	
42257	1019386	
42257	1019389	
42257	1019395	
42257	1019407	
42257	1019428	
42257	1019429	
42257	1019436	
42257	1019470	
42257	1019486	
42257	1019526	
42257	1019539	
42257	1019542	
42257	1019553	
42257	1019571	
42257	1019572	
42257	1019581	
42257	1019595	
42257	1019604	
42257	1019618	
42257	1019622	
42257	1019634	
42257	1019640	
42257	1019641	
42257	1019651	
42257	1019655	
42257	1019668	
42257	1019674	
42257	1019718	
42257	1019723	
42257	1019732	
42257	1019736	
42257	1019744	
42257	1019745	
42257	1019760	
42257	1019794	
42257	1019797	
42257	1019805	
42257	1019810	
42257	1019816	
42257	1019828	
42257	1019846	
42257	1019862	
42257	1019867	
42257	1019877	
42257	1019897	
42257	1019898	
42257	1019899	
42257	1019902	
42257	1019904	
42257	1019907	
42257	1019922	
42257	1019931	
42257	1019935	
42257	1019936	
42257	1019940	
42257	1019946	
42257	1019948	
42257	1019961	
42257	1019984	
42257	1019988	
42257	1019997	
42257	1019999	
42257	1020001	
42257	1020017	
42257	1020023	
42257	1020034	
42257	1020046	
42257	1020052	
42257	1020065	
42257	1020079	
42257	1020080	
42257	1020089	
42257	1020099	
42257	1020126	
42257	1020136	
42257	1020197	
42257	1020205	
42257	1020209	
42257	1020221	
42257	1020239	
42257	1020240	
42257	1020246	
42257	1020252	
42257	1020276	
42257	1020285	
42257	1020287	
42257	1020305	
42257	1020312	
42257	1020313	
42257	1020319	
42257	1020323	
42257	1020325	
42257	1020329	
42257	1020330	
42257	1020340	
42257	1020353	
42257	1020364	
42257	1020375	
42257	1020386	
42257	1020403	
42257	1020417	
42257	1020420	
42257	1020482	
42257	1020487	
42257	1020500	
42257	1020535	
42257	1020564	
42257	1020568	
42257	1020580	
42257	1020602	
42257	1020609	
42257	1020615	
42257	1020625	
42257	1020645	
42257	1020651	
42257	1020682	
42257	1020689	
42257	1020693	
42257	1020716	
42257	1020745	
42257	1020761	
42257	1020763	
42257	1020764	
42257	1020769	
42257	1020773	
42257	1020774	
42257	1020776	
42257	1020786	
42257	1020789	
42257	1020797	
42257	1020816	
42257	1020845	
42257	1020850	
42257	1020875	
42257	1020895	
42257	1020900	
42257	1020933	
42257	1020941	
42257	1020946	
42257	1020977	
42257	1021010	
42257	1021060	
42257	1021061	
42257	1021079	
42257	1021085	
42257	1021098	
42257	1021111	
42257	1021144	
42257	1021161	
42257	1021166	
42257	1021177	
42257	1021220	
42257	1021223	
42257	1021245	
42257	1021252	
42257	1021304	
42257	1021315	
42257	1021319	
42257	1021322	
42257	1021387	
42257	1021389	
42257	1021402	
42257	1021466	
42257	1021474	
42257	1021486	
42257	1021511	
42257	1021524	
42257	1021526	
42257	1021532	
42257	1021567	
42257	1021624	
42257	1021633	
42257	1021662	
42257	1021667	
42257	1021671	
42257	1021675	
42257	1021813	
42257	1021833	
42257	1021844	
42257	1021866	
42257	1021957	
42257	1022022	
42257	1022065	
42257	1022120	
42257	1022589	
42257	1022852	
42257	1022871	
42257	1022931	
42257	1022934	
42257	1022941	
42257	1022946	
42257	1022968	
42257	1022981	
42257	1023010	
42257	1023020	
42257	1023047	
42257	1023056	
42257	1023095	
42257	1023121	
42257	1023163	
42257	1023166	
42257	1023365	
42257	1023379	
42257	1023424	
42257	1023472	
42257	1023495	
42257	1023541	
42257	1023590	
42257	1023593	
42257	1023617	
42257	1023622	
42257	1023631	
42257	1023659	
42257	1023669	
42257	1023690	
42257	1023694	
42257	1023702	
42257	1023733	
42257	1023735	
42257	1023742	
42257	1023766	
42257	1023770	
42257	1023852	
42257	1023860	
42257	1023881	
42257	1023883	
42257	1023901	
42257	1023903	
42257	1023912	
42257	1023917	
42257	1023935	
42257	1023938	
42257	1023940	
42257	1023952	
42257	1023970	
42257	1023991	
42257	1023995	
42257	1024013	
42257	1024016	
42257	1024025	
42257	1024026	
42257	1024044	
42257	1024046	
42257	1024053	
42257	1024066	
42257	1024072	
42257	1024073	
42257	1024080	
42257	1024098	
42257	1024107	
42257	1024117	
42257	1024143	
42257	1024145	
42257	1024160	
42257	1024161	
42257	1024180	
42257	1024200	
42257	1024202	
42257	1024244	
42257	1024285	
42257	1024312	
42257	1024322	
42257	1024412	
42257	1024810	
42257	1024897	
42257	1025009	
42257	1025688	
42257	1025950	
42257	1026371	
42257	1026672	
42257	1027606	
42257	1027618	
42257	1027638	
42257	1028072	
42257	1028100	
42257	1028121	
42257	1028143	
42257	1028856	
42257	1029040	
42257	1029545	
42257	1030007	
42257	1030636	
42257	1030839	
42257	1031285	
42257	1031681	
42257	1032097	
42257	1032328	
42257	1032639	
42257	1032824	
42257	1033290	
42257	1033450	
42257	1033534	
42257	1033671	
42257	1034265	
42257	1034411	
42257	1034632	
42257	1034696	
42257	1034882	
42257	1035758	
42257	1036185	
42257	1036204	
42257	1036288	
42257	1036290	
42257	1036297	
42257	1036386	
42257	1036553	
42257	1036631	
42257	1036646	
42257	1036699	
42257	1037107	
42257	1037123	
42257	1037133	
42257	1037141	
42257	1037219	
42257	1037228	
42257	1037235	
42257	1037267	
42257	1037310	
42257	1037357	
42257	1037413	
42257	1037522	
42257	1037527	
42257	1037535	
42257	1037571	
42257	1037595	
42257	1037642	
42257	1037688	
42257	1037708	
42257	1037713	
42257	1037742	
42257	1038057	
42257	1038298	
42257	1038312	
42257	1038423	
42257	1038465	
42257	1038491	
42257	1038700	
42257	1038754	
42257	1038756	
42257	1038763	
42257	1038770	
42257	1038774	
42257	1039351	
42257	1039367	
42257	1039405	
42257	1039423	
42257	1039485	
42257	1039542	
42257	1039603	
42257	1039642	
42257	1039649	
42257	1039662	
42257	1039695	
42257	1039719	
42257	1039727	
42257	1039891	
42257	1040024	
42257	1040030	
42257	1040258	
42257	1040632	
42257	1040795	
42257	1040837	
42257	1041099	
42257	1041128	
42257	1041135	
42257	1041141	
42257	1041163	
42257	1041236	
42257	1041363	
42257	1041421	
42257	1041451	
42257	1041672	
42257	1041791	
42257	1041845	
42257	1041854	
42257	1041983	
42257	1042026	
42257	1042058	
42257	1042158	
42257	1042231	
42257	1042278	
42257	1042651	
42257	1042698	
42257	1042750	
42257	1042783	
42257	1042797	
42257	1042831	
42257	1042839	
42257	1042883	
42257	1042885	
42257	1042955	
42257	1043053	
42257	1043112	
42257	1043146	
42257	1043243	
42257	1043325	
42257	1043365	
42257	1043375	
42257	1043384	
42257	1043416	
42257	1043591	
42257	1043665	
42257	1043914	
42257	1043928	
42257	1043973	
42257	1043993	
42257	1044002	
42257	1044029	
42257	1044035	
42257	1044056	
42257	1044181	
42257	1044577	
42257	1044697	
42257	1044970	
42257	1044974	
42257	1044987	
42257	1045009	
42257	1045196	
42257	1045212	
42257	1045227	
42257	1045267	
42257	1045427	
42257	1045648	
42257	1045682	
42257	1045859	
42257	1045862	
42257	1045913	
42257	1046116	
42257	1046117	
42257	1046174	
42257	1046182	
42257	1046435	
42257	1046552	
42257	1046798	
42257	1046927	
42257	1046975	
42257	1047349	
42257	1047558	
42257	1047671	
42257	1047804	
42257	1047942	
42257	1047951	
42257	1047985	
42257	1048101	
42257	1048164	
42257	1048180	
42257	1048248	
42257	1048281	
42257	1048382	
42257	1048412	
42257	1048464	
42257	1048558	
42257	1048597	
42257	1048610	
42257	1048618	
42257	1048734	
42257	1048793	
42257	1049084	
42257	1049099	
42257	1049154	
42257	1049162	
42257	1049240	
42257	1049265	
42257	1049516	
42257	1049624	
42257	1049637	
42257	1049649	
42257	1049773	
42257	1049850	
42257	1049902	
42257	1049909	
42257	1049949	
42257	1050004	
42257	1050031	
42257	1050214	
42257	1050230	
42257	1050253	
42257	1050269	
42257	1050309	
42257	1050565	
42257	1050649	
42257	1050797	
42257	1050838	
42257	1050855	
42257	1050962	
42257	1051879	
42257	1052714	
42257	1052751	
42257	1052863	
42257	1053066	
42257	1053094	
42257	1053098	
42257	1053124	
42257	1053303	
42257	1053336	
42257	1053495	
42257	1053657	
42257	1053972	
42257	1054014	
42257	1054157	
42257	1054220	
42257	1054315	
42257	1054449	
42257	1054546	
42257	1054575	
42257	1054613	
42257	1054774	
42257	1054800	
42257	1054812	
42257	1054832	
42257	1054908	
42257	1054916	
42257	1054932	
42257	1054951	
42257	1054975	
42257	1055284	
42257	1055343	
42257	1055365	
42257	1055376	
42257	1055445	
42257	1055453	
42257	1055601	
42257	1055700	
42257	1055729	
42257	1055886	
42257	1055888	
42257	1055941	
42257	1055961	
42257	1056140	
42257	1056253	
42257	1056288	
42257	1056303	
42257	1056376	
42257	1056414	
42257	1056433	
42257	1056438	
42257	1056506	
42257	1056526	
42257	1056533	
42257	1056543	
42257	1056606	
42257	1056649	
42257	1056678	
42257	1056692	
42257	1056887	
42257	1056947	
42257	1057031	
42257	1057096	
42257	1057140	
42257	1057175	
42257	1057194	
42257	1057238	
42257	1057249	
42257	1057580	
42257	1057611	
42257	1057617	
42257	1058242	
42257	1059554	
42257	1059727	
42257	1060494	
42257	1060913	
42257	1061294	
42257	1061627	
42257	1061641	
42257	1061649	
42257	1061791	
42257	1061799	
42257	1061848	
42257	1061872	
42257	1061901	
42257	1062159	
42257	1062222	
42257	1062289	
42257	1062340	
42257	1062345	
42257	1062351	
42257	1062477	
42257	1062751	
42257	1062938	
42257	1063021	
42257	1063273	
42257	1063350	
42257	1063742	
42257	1064528	
42257	1064880	
42257	1065050	
42257	1065099	
42257	1065151	
42257	1065919	
42257	1066371	
42257	1066497	
42257	1066548	
42257	1066817	
42257	1066933	
42257	1067103	
42257	1067180	
42257	1067386	
42257	1067588	
42257	1067616	
42257	1067738	
42257	1068072	
42257	1068122	
42257	1068416	
42257	1068761	
42257	1068773	
42257	1068861	
42257	1068995	
42257	1069137	
42257	1069325	
42257	1069897	
42257	1069941	
42257	1069966	
42257	1070009	
42257	1070032	
42257	1070049	
42257	1070062	
42257	1070074	
42257	1070077	
42257	1070088	
42257	1070096	
42257	1070120	
42257	1070139	
42257	1070184	
42257	1070186	
42257	1070340	
42257	1070345	
42257	1070381	
42257	1070391	
42257	1070402	
42257	1070451	
42257	1070483	
42257	1070495	
42257	1070505	
42257	1070556	
42257	1070584	
42257	1070619	
42257	1070633	
42257	1070662	
42257	1070664	
42257	1070774	
42257	1070781	
42257	1070815	
42257	1070866	
42257	1070932	
42257	1070952	
42257	1070953	
42257	1071027	
42257	1071049	
42257	1071127	
42257	1071160	
42257	1071175	
42257	1071203	
42257	1071220	
42257	1071362	
42257	1071364	
42257	1071376	
42257	1071383	
42257	1071399	
42257	1071413	
42257	1071472	
42257	1071499	
42257	1071570	
42257	1071581	
42257	1071583	
42257	1071626	
42257	1071674	
42257	1071675	
42257	1071697	
42257	1071704	
42257	1071743	
42257	1071752	
42257	1071793	
42257	1071809	
42257	1071816	
42257	1071881	
42257	1071902	
42257	1071969	
42257	1072634	
42257	1072707	
42257	1072729	
42257	1072730	
42257	1072776	
42257	1072872	
42257	1072928	
42257	1072944	
42257	1073061	
42257	1073070	
42257	1073175	
42257	1073199	
42257	1073241	
42257	1075265	
42257	1075375	
42257	1075400	
42257	1075988	
42257	1076054	
42257	1076259	
42257	1076295	
42257	1076390	
42257	1076517	
42257	1076631	
42257	1076634	
42257	1076717	
42257	1076773	
42257	1076870	
42257	1076886	
42257	1076914	
42257	1076997	
42257	1077049	
42257	1077240	
42257	1077375	
42257	1077410	
42257	1077792	
42257	1077955	
42257	1077992	
42257	1078083	
42257	1078357	
42257	1078939	
42257	1078946	
42257	1078975	
42257	1079118	
42257	1079141	
42257	1079273	
42257	1079430	
42257	1081391	
42257	1081688	
42257	1082653	
42257	1082819	
42257	1083045	
42257	1083065	
42257	1083128	
42257	1083285	
42257	1083539	
42257	1083541	
42257	1083723	
42257	1083791	
42257	1083930	
42257	1084084	
42257	1084332	
42257	1084457	
42257	1084469	
42257	1084655	
42257	1084658	
42257	1084924	
42257	1084957	
42257	1085150	
42257	1085486	
42257	1086039	
42257	1086050	
42257	1086060	
42257	1086088	
42257	1086096	
42257	1086108	
42257	1086180	
42257	1086194	
42257	1086252	
42257	1086254	
42257	1086851	
42257	1088436	
42257	1088489	
42257	1088502	
42257	1088530	
42257	1088835	
42257	1089510	
42257	1090402	
42257	1090812	
42257	1090833	
42257	1090881	
42257	1090884	
42257	1090916	
42257	1090945	
42257	1091083	
42257	1091110	
42257	1091114	
42257	1091245	
42257	1091251	
42257	1091274	
42257	1091286	
42257	1091312	
42257	1091366	
42257	1091409	
42257	1091412	
42257	1091435	
42257	1091439	
42257	1091460	
42257	1091490	
42257	1091498	
42257	1091506	
42257	1091530	
42257	1091578	
42257	1091600	
42257	1091614	
42257	1091625	
42257	1091658	
42257	1091690	
42257	1092629	
42257	1093126	
42257	1093221	
42257	1094252	
42257	1094450	
42257	1094458	
42257	1094480	
42257	1094554	
42257	1094555	
42257	1094574	
42257	1094688	
42257	1094765	
42257	1094847	
42257	1094880	
42257	1094889	
42257	1094939	
42257	1094960	
42257	1094973	
42257	1094998	
42257	1095013	
42257	1095048	
42257	1095053	
42257	1095071	
42257	1095095	
42257	1095129	
42257	1095135	
42257	1095162	
42257	1095201	
42257	1095205	
42257	1095245	
42257	1095391	
42257	1096381	
42257	1099129	
42257	1099842	
42257	1100593	
42257	1100793	
42257	1100803	
42257	1100813	
42257	1101827	
42257	1101857	
42257	1101927	
42257	1101940	
42257	1102065	
42257	1102074	
42257	1102155	
42257	1102202	
42257	1102237	
42257	1102249	
42257	1102311	
42257	1102335	
42257	1102349	
42257	1103336	
42257	1104739	
42257	1105046	
42257	1105160	
42257	1105275	
42257	1105285	
42257	1105293	
42257	1105304	
42257	1105342	
42257	1105344	
42257	1105403	
42257	1105534	
42257	1105571	
42257	1105605	
42257	1105612	
42257	1105685	
42257	1105744	
42257	1105752	
42257	1105781	
42257	1105831	
42257	1105845	
42257	1105889	
42257	1105928	
42257	1105932	
42257	1105995	
42257	1106211	
42257	1106262	
42257	1106270	
42257	1106281	
42257	1106306	
42257	1106343	
42257	1106358	
42257	1106399	
42257	1106403	
42257	1106415	
42257	1106456	
42257	1106460	
42257	1106464	
42257	1106554	
42257	1106573	
42257	1106584	
42257	1106586	
42257	1106600	
42257	1106623	
42257	1106639	
42257	1106647	
42257	1106690	
42257	1106700	
42257	1106717	
42257	1106718	
42257	1106721	
42257	1106761	
42257	1106787	
42257	1106853	
42257	1106855	
42257	1106890	
42257	1106892	
42257	1106900	
42257	1106902	
42257	1106914	
42257	1106932	
42257	1106947	
42257	1106980	
42257	1107019	
42257	1107034	
42257	1107035	
42257	1107040	
42257	1107062	
42257	1107066	
42257	1107126	
42257	1107127	
42257	1107150	
42257	1107192	
42257	1107218	
42257	1107262	
42257	1107278	
42257	1107324	
42257	1107884	
42257	1109263	
42257	1109372	
42257	1109815	
42257	1109848	
42257	1109868	
42257	1110023	
42257	1110180	
42257	1110188	
42257	1110224	
42257	1110492	
42257	1110615	
42257	1110700	
42257	1110724	
42257	1110725	
42257	1110726	
42257	1110727	
42257	1110728	
42257	1110729	
42257	1110730	
42257	1110731	
42257	1110732	
42257	1110733	
42257	1110734	
42257	1110735	
42257	1110736	
42257	1110737	
42257	1110738	
42257	1110739	
42257	1110740	
42257	1110741	
42257	1110742	
42257	1110743	
42257	1110744	
42257	1110745	
42257	1110746	
42257	1110747	
42257	1110748	
42257	1110749	
42257	1110750	
42257	1110751	
42257	1110752	
42257	1110753	
42257	1110754	
42257	1110755	
42257	1110756	
42257	1110757	
42257	1110758	
42257	1110759	
42257	1110760	
42257	1110761	
42257	1110762	
42257	1110763	
42257	1110764	
42257	1110765	
42257	1110766	
42257	1110767	
42257	1110768	
42257	1110769	
42257	1110770	
42257	1110771	
42257	1110772	
42257	1110773	
42257	1110774	
42257	1110775	
42257	1110776	
42257	1110777	
42257	1110778	
42257	1110779	
42257	1110780	
42257	1110781	
42257	1110782	
42257	1110783	
42257	1110784	
42257	1110785	
42257	1110786	
42257	1110787	
42257	1110788	
42257	1110789	
42257	1110790	
42257	1110791	
42257	1110792	
42257	1110793	
42257	1110794	
42257	1110795	
42257	1110796	
42257	1110797	
42257	1110798	
42257	1110799	
42257	1110800	
42257	1110801	
42257	1110802	
42257	1110803	
42257	1110804	
42257	1110805	
42257	1110806	
42257	1110807	
42257	1110808	
42257	1110809	
42257	1110810	
42257	1110811	
42257	1110812	
42257	1110813	
42257	1110814	
42257	1110815	
42257	1110816	
42257	1110817	
42257	1110818	
42257	1110819	
42257	1110820	
42257	1110821	
42257	1110822	
42257	1110823	
42257	1110824	
42257	1110825	
42257	1110826	
42257	1110827	
42257	1110828	
42257	1110829	
42257	1110830	
42257	1110831	
42257	1110832	
42257	1110833	
42257	1110834	
42257	1110835	
42257	1110836	
42257	1110837	
42257	1110838	
42257	1110839	
42257	1110840	
42257	1110841	
42257	1110842	
42257	1110843	
42257	1110844	
42257	1110845	
42257	1110846	
42257	1110847	
42257	1110848	
42257	1110849	
42257	1110850	
42257	1110851	
42257	1110852	
42257	1110853	
42257	1110854	
42257	1110855	
42257	1110856	
42257	1110857	
42257	1110858	
42257	1110859	
42257	1110860	
42257	1110861	
42257	1110862	
42257	1110863	
42257	1110864	
42257	1110865	
42257	1110866	
42257	1110867	
42257	1110868	
42257	1110869	
42257	1110870	
42257	1110871	
42257	1110872	
42257	1110873	
42257	1110874	
42257	1110875	
42257	1110876	
42257	1110877	
42257	1110878	
42257	1110879	
42257	1110880	
42257	1110881	
42257	1110882	
42257	1110883	
42257	1110884	
42257	1110885	
42257	1110886	
42257	1110887	
42257	1110888	
42257	1110889	
42257	1110890	
42257	1110891	
42257	1110892	
42257	1110893	
42257	1110894	
42257	1110895	
42257	1110896	
42257	1110897	
42257	1110898	
42257	1110899	
42257	1110900	
42257	1110901	
42257	1110902	
42257	1110903	
42257	1110904	
42257	1110905	
42257	1110906	
42257	1110907	
42257	1110908	
42257	1110909	
42257	1110910	
42257	1110911	
42257	1110912	
42257	1110913	
42257	1110914	
42257	1110915	
42257	1110916	
42257	1110917	
42257	1110918	
42257	1110919	
42257	1110920	
42257	1110921	
42257	1110922	
42257	1110923	
42257	1110924	
42257	1110925	
42257	1110926	
42257	1110927	
42257	1110928	
42257	1110929	
42257	1110930	
42257	1110931	
42257	1110932	
42257	1110933	
42257	1110934	
42257	1110935	
42257	1110936	
42257	1110937	
42257	1110938	
42257	1110939	
42257	1110940	
42257	1110941	
42257	1110942	
42257	1110943	
42257	1110944	
42257	1110945	
42257	1110946	
42257	1110947	
42257	1110948	
42257	1110949	
42257	1110950	
42257	1110951	
42257	1110952	
42257	1110953	
42257	1110954	
42257	1110955	
42257	1110956	
42257	1110957	
42257	1110958	
42257	1110959	
42257	1110960	
42257	1110961	
42257	1110962	
42257	1110963	
42257	1110964	
42257	1110965	
42257	1110966	
42257	1110967	
42257	1110968	
42257	1110969	
42257	1110970	
42257	1110971	
42257	1110972	
42257	1110973	
42257	1110974	
42257	1110975	
42257	1110976	
42257	1110977	
42257	1110978	
42257	1110979	
42257	1110980	
42257	1110981	
42257	1110982	
42257	1110983	
42257	1110984	
42257	1110985	
42257	1110986	
42257	1110987	
42257	1110988	
42257	1110989	
42257	1110990	
42257	1110991	
42257	1110992	
42257	1110993	
42257	1110994	
42257	1110995	
42257	1110996	
42257	1110997	
42257	1110998	
42257	1110999	
42257	1111000	
42257	1111001	
42257	1111002	
42257	1111003	
42257	1111004	
42257	1111005	
42257	1111006	
42257	1111007	
42257	1111008	
42257	1111009	
42257	1111010	
42257	1111011	
42257	1111012	
42257	1111013	
42257	1111014	
42257	1111015	
42257	1111016	
42257	1111017	
42257	1111018	
42257	1111019	
42257	1111020	
42257	1111021	
42257	1111022	
42257	1111023	
42257	1111024	
42257	1111025	
42257	1111026	
42257	1111027	
42257	1111028	
42257	1111029	
42257	1111030	
42257	1111031	
42257	1111032	
42257	1111033	
42257	1111034	
42257	1111035	
42257	1111036	
42257	1111037	
42257	1111038	
42257	1111039	
42257	1111040	
42257	1111041	
42257	1111042	
42257	1111043	
42257	1111044	
42257	1111045	
42257	1111046	
42257	1111047	
42257	1111048	
42257	1111049	
42257	1111050	
42257	1111051	
42257	1111052	
42257	1111053	
42257	1111054	
42257	1111055	
42257	1111056	
42257	1111057	
42257	1111058	
42257	1111059	
42257	1111060	
42257	1111061	
42257	1111062	
42257	1111063	
42257	1111064	
42257	1111065	
42257	1111066	
42257	1111067	
42257	1111068	
42257	1111069	
42257	1111070	
42257	1111071	
42257	1111072	
42257	1111073	
42257	1111074	
42257	1111075	
42257	1111076	
42257	1111077	
42257	1111078	
42257	1111079	
42257	1111080	
42257	1111081	
42257	1111082	
42257	1111083	
42257	1111084	
42257	1111085	
42257	1111086	
42257	1111087	
42257	1111088	
42257	1111089	
42257	1111090	
42257	1111091	
42257	1111092	
42257	1111093	
42257	1111094	
42257	1111095	
42257	1111096	
42257	1111097	
42257	1111098	
42257	1111099	
42257	1111100	
42257	1111101	
42257	1111102	
42257	1111103	
42257	1111104	
42257	1111105	
42257	1111106	
42257	1111107	
42257	1111108	
42257	1111109	
42257	1111110	
42257	1111111	
42257	1111112	
42257	1111113	
42257	1111114	
42257	1111115	
42257	1111116	
42257	1111117	
42257	1111118	
42257	1111119	
42257	1111120	
42257	1111121	
42257	1111122	
42257	1111123	
42257	1111124	
42257	1111125	
42257	1111126	
42257	1111127	
42257	1111128	
42257	1111129	
42257	1111130	
42257	1111131	
42257	1111132	
42257	1111133	
42257	1111134	
42257	1111135	
42257	1111136	
42257	1111137	
42257	1111138	
42257	1111139	
42257	1111140	
42257	1111141	
42257	1111142	
42257	1111143	
42257	1111144	
42257	1111145	
42257	1111146	
42257	1111147	
42257	1111148	
42257	1111149	
42257	1111150	
42257	1111151	
42257	1111152	
42257	1111153	
42257	1111154	
42257	1111155	
42257	1111156	
42257	1111157	
42257	1111158	
42257	1111159	
42257	1111160	
42257	1111161	
42257	1111162	
42257	1111163	
42257	1111164	
42257	1111165	
42257	1111166	
42257	1111167	
42257	1111168	
42257	1111169	
42257	1111170	
42257	1111171	
42257	1111172	
42257	1111173	
42257	1111174	
42257	1111175	
42257	1111176	
42257	1111177	
42257	1111178	
42257	1111179	
42257	1111180	
42257	1111181	
42257	1111182	
42257	1111183	
42257	1111184	
42257	1111185	
42257	1111186	
42257	1111187	
42257	1111188	
42257	1111189	
42257	1111190	
42257	1111191	
42257	1111192	
42257	1111193	
42257	1111194	
42257	1111195	
42257	1111196	
42257	1111197	
42257	1111198	
42257	1111199	
42257	1111200	
42257	1111201	
42257	1111202	
42257	1111203	
42257	1111204	
42257	1111205	
42257	1111206	
42257	1111207	
42257	1111208	
42257	1111209	
42257	1111210	
42257	1111211	
42257	1111212	
42257	1111213	
42257	1111214	
42257	1111215	
42257	1111216	
42257	1111217	
42257	1111218	
42257	1111219	
42257	1111220	
42257	1111221	
42257	1111222	
42257	1111223	
42257	1111224	
42257	1111225	
42257	1111226	
42257	1111227	
42257	1111228	
42257	1111229	
42257	1111230	
42257	1111231	
42257	1111232	
42257	1111233	
42257	1111234	
42257	1111235	
42257	1111236	
42257	1111237	
42257	1111238	
42257	1111239	
42257	1111240	
42257	1111241	
42257	1111242	
42257	1111243	
42257	1111244	
42257	1111245	
42257	1111246	
42257	1111247	
42257	1111248	
42257	1111249	
42257	1111250	
42257	1111251	
42257	1111252	
42257	1111253	
42257	1111254	
42257	1111255	
42257	1111256	
42257	1111257	
42257	1111258	
42257	1111259	
42257	1111260	
42257	1111261	
42257	1111262	
42257	1111263	
42257	1111264	
42257	1111265	
42257	1111266	
42257	1111267	
42257	1111268	
42257	1111269	
42257	1111270	
42257	1111271	
42257	1111272	
42257	1111273	
42257	1111274	
42257	1111275	
42257	1111276	
42257	1111277	
42257	1111278	
42257	1111279	
42257	1111280	
42257	1111281	
42257	1111282	
42257	1111283	
42257	1111284	
42257	1111285	
42257	1111286	
42257	1111287	
42257	1111288	
42257	1111289	
42257	1111290	
42257	1111291	
42257	1111292	
42257	1111293	
42257	1111294	
42257	1111295	
42257	1111296	
42257	1111297	
42257	1111298	
42257	1111299	
42257	1111300	
42257	1111301	
42257	1111302	
42257	1111303	
42257	1111304	
42257	1111305	
42257	1111306	
42257	1111307	
42257	1111308	
42257	1111309	
42257	1111310	
42257	1111311	
42257	1111312	
42257	1111313	
42257	1111314	
42257	1111315	
42257	1111316	
42257	1111317	
42257	1111318	
42257	1111319	
42257	1111320	
42257	1111321	
42257	1111322	
42257	1111323	
42257	1111324	
42257	1111325	
42257	1111326	
42257	1111327	
42257	1111328	
42257	1111329	
42257	1111330	
42257	1111331	
42257	1111332	
42257	1111333	
42257	1111334	
42257	1111335	
42257	1111336	
42257	1111337	
42257	1111338	
42257	1111339	
42257	1111340	
42257	1111341	
42257	1111342	
42257	1111343	
42257	1111344	
42257	1111345	
42257	1111346	
42257	1111347	
42257	1111348	
42257	1111349	
42257	1111350	
42257	1111351	
42257	1111352	
42257	1111353	
42257	1111354	
42257	1111355	
42257	1111356	
42257	1111357	
42257	1111358	
42257	1111359	
42257	1111360	
42257	1111361	
42257	1111362	
42257	1111363	
42257	1111364	
42257	1111365	
42257	1111366	
42257	1111367	
42257	1111368	
42257	1111369	
42257	1111370	
42257	1111371	
42257	1111372	
42257	1111373	
42257	1111374	
42257	1111375	
42257	1111376	
42257	1111377	
42257	1111378	
42257	1111379	
42257	1111380	
42257	1111381	
42257	1111382	
42257	1111383	
42257	1111384	
42257	1111385	
42257	1111386	
42257	1111387	
42257	1111388	
42257	1111389	
42257	1111390	
42257	1111391	
42257	1111392	
42257	1111393	
42257	1111394	
42257	1111395	
42257	1111396	
42257	1111397	
42257	1111398	
42257	1111399	
42257	1111400	
42257	1111401	
42257	1111402	
42257	1111403	
42257	1111404	
42257	1111405	
42257	1111406	
42257	1111407	
42257	1111408	
42257	1111409	
42257	1111410	
42257	1111411	
42257	1111412	
42257	1111413	
42257	1111414	
42257	1111415	
42257	1111416	
42257	1111417	
42257	1111418	
42257	1111419	
42257	1111420	
42257	1111421	
42257	1111422	
42257	1111423	
42257	1111424	
42257	1111425	
42257	1111426	
42257	1111427	
42257	1111428	
42257	1111429	
42257	1111430	
42257	1111431	
42257	1111432	
42257	1111433	
42257	1111434	
42257	1111435	
42257	1111436	
42257	1111437	
42257	1111438	
42257	1111439	
42257	1111440	
42257	1111441	
42257	1111442	
42257	1111443	
42257	1111444	
42257	1111445	
42257	1111446	
42257	1111447	
42257	1111448	
42257	1111449	
42257	1111450	
42257	1111451	
42257	1111452	
42257	1111453	
42257	1111454	
42257	1111455	
42257	1111456	
42257	1111457	
42257	1111458	
42257	1111459	
42257	1111460	
42257	1111461	
42257	1111462	
42257	1111463	
42257	1111464	
42257	1111465	
42257	1111466	
42257	1111467	
42257	1111468	
42257	1111469	
42257	1111470	
42257	1111471	
42257	1111472	
42257	1111473	
42257	1111474	
42257	1111475	
42257	1111476	
42257	1111477	
42257	1111478	
42257	1111479	
42257	1111480	
42257	1111481	
42257	1111482	
42257	1111483	
42257	1111484	
42257	1111485	
42257	1111486	
42257	1111487	
42257	1111488	
42257	1111489	
42257	1111490	
42257	1111491	
42257	1111492	
42257	1111493	
42257	1111494	
42257	1111495	
42257	1111496	
42257	1111497	
42257	1111498	
42257	1111499	
42257	1111500	
42257	1111501	
42257	1111502	
42257	1111503	
42257	1111504	
42257	1111505	
42257	1111506	
42257	1111507	
42257	1111508	
42257	1111509	
42257	1111510	
42257	1111511	
42257	1111512	
42257	1111513	
42257	1111514	
42257	1111515	
42257	1111516	
42257	1111517	
42257	1111518	
42257	1111519	
42257	1111520	
42257	1111521	
42257	1111522	
42257	1111523	
42257	1111524	
42257	1111525	
42257	1111526	
42257	1111527	
42257	1111528	
42257	1111529	
42257	1111530	
42257	1111531	
42257	1111532	
42257	1111533	
42257	1111534	
42257	1111535	
42257	1111536	
42257	1111537	
42257	1111538	
42257	1111539	
42257	1111540	
42257	1111541	
42257	1111542	
42257	1111543	
42257	1111544	
42257	1111545	
42257	1111546	
42257	1111547	
42257	1111548	
42257	1111549	
42257	1111550	
42257	1111551	
42257	1111552	
42257	1111553	
42257	1111554	
42257	1111555	
42257	1111556	
42257	1111557	
42257	1111558	
42257	1111559	
42257	1111560	
42257	1111561	
42257	1111562	
42257	1111563	
42257	1111564	
42257	1111565	
42257	1111566	
42257	1111567	
42257	1111568	
42257	1111569	
42257	1111570	
42257	1111571	
42257	1111572	
42257	1111573	
42257	1111574	
42257	1111575	
42257	1111576	
42257	1111577	
42257	1111578	
42257	1111579	
42257	1111580	
42257	1111581	
42257	1111582	
42257	1111583	
42257	1111584	
42257	1111585	
42257	1111586	
42257	1111587	
42257	1111588	
42257	1111589	
42257	1111590	
42257	1111591	
42257	1111592	
42257	1111593	
42257	1111594	
42257	1111595	
42257	1111596	
42257	1111597	
42257	1111598	
42257	1111599	
42257	1111600	
42257	1111601	
42257	1111602	
42257	1111603	
42257	1111604	
42257	1111605	
42257	1111606	
42257	1111607	
42257	1111608	
42257	1111609	
42257	1111610	
42257	1111611	
42257	1111612	
42257	1111613	
42257	1111614	
42257	1111615	
42257	1111616	
42257	1111617	
42257	1111618	
42257	1111619	
42257	1111620	
42257	1111621	
42257	1111622	
42257	1111623	
42257	1111624	
42257	1111625	
42257	1111626	
42257	1111627	
42257	1111628	
42257	1111629	
42257	1111630	
42257	1111631	
42257	1111632	
42257	1111633	
42257	1111634	
42257	1111635	
42257	1111636	
42257	1111637	
42257	1111638	
42257	1111639	
42257	1111640	
42257	1111641	
42257	1111642	
42257	1111643	
42257	1111644	
42257	1111645	
42257	1111646	
42257	1111647	
42257	1111648	
42257	1111649	
42257	1111650	
42257	1111651	
42257	1111652	
42257	1111653	
42257	1111654	
42257	1111655	
42257	1111656	
42257	1111657	
42257	1111658	
42257	1111659	
42257	1111660	
42257	1111661	
42257	1111662	
42257	1111663	
42257	1111664	
42257	1111665	
42257	1111666	
42257	1111667	
42257	1111668	
42257	1111669	
42257	1111670	
42257	1111671	
42257	1111672	
42257	1111673	
42257	1111674	
42257	1111675	
42257	1111676	
42257	1111677	
42257	1111678	
42257	1111679	
42257	1111680	
42257	1111681	
42257	1111682	
42257	1111683	
42257	1111684	
42257	1111685	
42257	1111686	
42257	1111687	
42257	1111688	
42257	1111689	
42257	1111690	
42257	1111691	
42257	1111692	
42257	1111693	
42257	1111694	
42257	1111695	
42257	1111696	
42257	1111697	
42257	1111698	
42257	1111699	
42257	1111700	
42257	1111701	
42257	1111702	
42257	1111703	
42257	1111704	
42257	1111705	
42257	1111706	
42257	1111707	
42257	1111708	
42257	1111709	
42257	1111710	
42257	1111711	
42257	1111712	
42257	1111713	
42257	1111714	
42257	1111715	
42257	1111716	
42257	1111717	
42257	1111718	
42257	1111719	
42257	1111720	
42257	1111721	
42257	1111722	
42257	1111723	
42257	1111724	
42257	1111725	
42257	1111726	
42257	1111727	
42257	1111728	
42257	1111729	
42257	1111730	
42257	1111731	
42257	1111732	
42257	1111733	
42257	1111734	
42257	1111735	
42257	1111736	
42257	1111737	
42257	1111738	
42257	1111739	
42257	1111740	
42257	1111741	
42257	1111742	
42257	1111743	
42257	1111744	
42257	1111745	
42257	1111746	
42257	1111747	
42257	1111748	
42257	1111749	
42257	1111750	
42257	1111751	
42257	1111752	
42257	1111753	
42257	1111754	
42257	1111755	
42257	1111756	
42257	1111757	
42257	1111758	
42257	1111759	
42257	1111760	
42257	1111761	
42257	1111762	
42257	1111763	
42257	1111764	
42257	1111765	
42257	1111766	
42257	1111767	
42257	1111768	
42257	1111769	
42257	1111770	
42257	1111771	
42257	1111772	
42257	1111773	
42257	1111774	
42257	1111775	
42257	1111776	
42257	1111777	
42257	1111778	
42257	1111779	
42257	1111780	
42257	1111781	
42257	1111782	
42257	1111783	
42257	1111784	
42257	1111785	
42257	1111786	
42257	1111787	
42257	1111788	
42257	1111789	
42257	1111790	
42257	1111791	
42257	1111792	
42257	1111793	
42257	1111794	
42257	1111795	
42257	1111796	
42257	1111797	
42257	1111798	
42257	1111799	
42257	1111800	
42257	1111801	
42257	1111802	
42257	1111803	
42257	1111804	
42257	1111805	
42257	1111806	
42257	1111807	
42257	1111808	
42257	1111809	
42257	1111810	
42257	1111811	
42257	1111812	
42257	1111813	
42257	1111814	
42257	1111815	
42257	1111816	
42257	1111817	
42257	1111818	
42257	1111819	
42257	1111820	
42257	1111821	
42257	1111822	
42257	1111823	
42257	1111824	
42257	1111825	
42257	1111826	
42257	1111827	
42257	1111828	
42257	1111829	
42257	1111830	
42257	1111831	
42257	1111832	
42257	1111833	
42257	1111834	
42257	1111835	
42257	1111836	
42257	1111837	
42257	1111838	
42257	1111839	
42257	1111840	
42257	1111841	
42257	1111842	
42257	1111843	
42257	1111844	
42257	1111845	
42257	1111846	
42257	1111847	
42257	1111848	
42257	1111849	
42257	1111850	
42257	1111851	
42257	1111852	
42257	1111853	
42257	1111854	
42257	1111855	
42257	1111856	
42257	1111857	
42257	1111858	
42257	1111859	
42257	1111860	
42257	1111861	
42257	1111862	
42257	1111863	
42257	1111864	
42257	1111865	
42257	1111866	
42257	1111867	
42257	1111868	
42257	1111869	
42257	1111870	
42257	1111871	
42257	1111872	
42257	1111873	
42257	1111874	
42257	1111875	
42257	1111876	
42257	1111877	
42257	1111878	
42257	1111879	
42257	1111880	
42257	1111881	
42257	1111882	
42257	1111883	
42257	1111884	
42257	1111885	
42257	1111886	
42257	1111887	
42257	1111888	
42257	1111889	
42257	1111890	
42257	1111891	
42257	1111892	
42257	1111893	
42257	1111894	
42257	1111895	
42257	1111896	
42257	1111897	
42257	1111898	
42257	1111899	
42257	1111900	
42257	1111901	
42257	1111902	
42257	1111903	
42257	1111904	
42257	1111905	
42257	1111906	
42257	1111907	
42257	1111908	
42257	1111909	
42257	1111910	
42257	1111911	
42257	1111912	
42257	1111913	
42257	1111914	
42257	1111915	
42257	1111916	
42257	1111917	
42257	1111918	
42257	1111919	
42257	1111920	
42257	1111921	
42257	1111922	
42257	1111923	
42257	1111924	
42257	1111925	
42257	1111926	
42257	1111927	
42257	1111928	
42257	1111929	
42257	1111930	
42257	1111931	
42257	1111932	
42257	1111933	
42257	1111934	
42257	1111935	
42257	1111936	
42257	1111937	
42257	1111938	
42257	1111939	
42257	1111940	
42257	1111941	
42257	1111942	
42257	1111943	
42257	1111944	
42257	1111945	
42257	1111946	
42257	1111947	
42257	1111948	
42257	1111949	
42257	1111950	
42257	1111951	
42257	1111952	
42257	1111953	
42257	1111954	
42257	1111955	
42257	1111956	
42257	1111957	
42257	1111958	
42257	1111959	
42257	1111960	
42257	1111961	
42257	1111962	
42257	1111963	
42257	1111964	
42257	1111965	
42257	1111966	
42257	1111967	
42257	1111968	
42257	1111969	
42257	1111970	
42257	1111971	
42257	1111972	
42257	1111973	
42257	1111974	
42257	1111975	
42257	1111976	
42257	1111977	
42257	1111978	
42257	1111979	
42257	1111980	
42257	1111981	
42257	1111982	
42257	1111983	
42257	1111984	
42257	1111985	
42257	1111986	
42257	1111987	
42257	1111988	
42257	1111989	
42257	1111990	
42257	1111991	
42257	1111992	
42257	1111993	
42257	1111994	
42257	1111995	
42257	1111996	
42257	1111997	
42257	1111998	
42257	1111999	
42257	1112000	
42257	1112001	
42257	1112002	
42257	1112003	
42257	1112004	
42257	1112005	
42257	1112006	
42257	1112007	
42257	1112008	
42257	1112009	
42257	1112010	
42257	1112011	
42257	1112012	
42257	1112013	
42257	1112014	
42257	1112015	
42257	1112016	
42257	1112017	
42257	1112018	
42257	1112019	
42257	1112020	
42257	1112021	
42257	1112022	
42257	1112023	
42257	1112024	
42257	1112025	
42257	1112026	
42257	1112027	
42257	1112028	
42257	1112029	
42257	1112030	
42257	1112031	
42257	1112032	
42257	1112033	
42257	1112034	
42257	1112035	
42257	1112036	
42257	1112037	
42257	1112038	
42257	1112039	
42257	1112040	
42257	1112041	
42257	1112042	
42257	1112043	
42257	1112044	
42257	1112045	
42257	1112046	
42257	1112047	
42257	1112048	
42257	1112049	
42257	1112050	
42257	1112051	
42257	1112052	
42257	1112053	
42257	1112054	
42257	1112055	
42257	1112056	
42257	1112057	
42257	1112058	
42257	1112059	
42257	1112060	
42257	1112061	
42257	1112062	
42257	1112063	
42257	1112064	
42257	1112065	
42257	1112066	
42257	1112067	
42257	1112068	
42257	1112069	
42257	1112070	
42257	1112071	
42257	1112072	
42257	1112073	
42257	1112074	
42257	1112075	
42257	1112076	
42257	1112077	
42257	1112078	
42257	1112079	
42257	1112080	
42257	1112081	
42257	1112082	
42257	1112083	
42257	1112084	
42257	1112085	
42257	1112086	
42257	1112087	
42257	1112088	
42257	1112089	
42257	1112090	
42257	1112091	
42257	1112092	
42257	1112093	
42257	1112094	
42257	1112095	
42257	1112096	
42257	1112097	
42257	1112098	
42257	1112099	
42257	1112100	
42257	1112101	
42257	1112102	
42257	1112103	
42257	1112104	
42257	1112105	
42257	1112106	
42257	1112107	
42257	1112108	
42257	1112109	
42257	1112110	
42257	1112111	
42257	1112112	
42257	1112113	
42257	1112114	
42257	1112115	
42257	1112116	
42257	1112117	
42257	1112118	
42257	1112119	
42257	1112120	
42257	1112121	
42257	1112122	
42257	1112123	
42257	1112124	
42257	1112125	
42257	1112126	
42257	1112127	
42257	1112128	
42257	1112129	
42257	1112130	
42257	1112131	
42257	1112132	
42257	1112133	
42257	1112134	
42257	1112135	
42257	1112136	
42257	1112137	
42257	1112138	
42257	1112139	
42257	1112140	
42257	1112141	
42257	1112142	
42257	1112143	
42257	1112144	
42257	1112145	
42257	1112146	
42257	1112147	
42257	1112148	
42257	1112149	
42257	1112150	
42257	1112151	
42257	1112152	
42257	1112153	
42257	1112154	
42257	1112155	
42257	1112156	
42257	1112157	
42257	1112158	
42257	1112159	
42257	1112160	
42257	1112161	
42257	1112162	
42257	1112163	
42257	1112164	
42257	1112165	
42257	1112166	
42257	1112167	
42257	1112168	
42257	1112169	
42257	1112170	
42257	1112171	
42257	1112172	
42257	1112173	
42257	1112174	
42257	1112175	
42257	1112176	
42257	1112177	
42257	1112178	
42257	1112179	
42257	1112180	
42257	1112181	
42257	1112182	
42257	1112183	
42257	1112184	
42257	1112185	
42257	1112186	
42257	1112187	
42257	1112188	
42257	1112189	
42257	1112190	
42257	1112191	
42257	1112192	
42257	1112193	
42257	1112194	
42257	1112195	
42257	1112196	
42257	1112197	
42257	1112198	
42257	1112199	
42257	1112200	
42257	1112201	
42257	1112202	
42257	1112203	
42257	1112204	
42257	1112205	
42257	1112206	
42257	1112207	
42257	1112208	
42257	1112209	
42257	1112210	
42257	1112211	
42257	1112212	
42257	1112213	
42257	1112214	
42257	1112215	
42257	1112216	
42257	1112217	
42257	1112218	
42257	1112219	
42257	1112220	
42257	1112221	
42257	1112222	
42257	1112223	
42257	1112224	
42257	1112225	
42257	1112226	
42257	1112227	
42257	1112228	
42257	1112229	
42257	1112230	
42257	1112231	
42257	1112232	
42257	1112233	
42257	1112234	
42257	1112235	
42257	1112236	
42257	1112237	
42257	1112238	
42257	1112239	
42257	1112240	
42257	1112241	
42257	1112242	
42257	1112243	
42257	1112244	
42257	1112245	
42257	1112246	
42257	1112247	
42257	1112248	
42257	1112249	
42257	1112250	
42257	1112251	
42257	1112252	
42257	1112253	
42257	1112254	
42257	1112255	
42257	1112256	
42257	1112257	
42257	1112258	
42257	1112259	
42257	1112260	
42257	1112261	
42257	1112262	
42257	1112263	
42257	1112264	
42257	1112265	
42257	1112266	
42257	1112267	
42257	1112268	
42257	1112269	
42257	1112270	
42257	1112271	
42257	1112272	
42257	1112273	
42257	1112274	
42257	1112275	
42257	1112276	
42257	1112277	
42257	1112278	
42257	1112279	
42257	1112280	
42257	1112281	
42257	1112282	
42257	1112283	
42257	1112284	
42257	1112285	
42257	1112286	
42257	1112287	
42257	1112288	
42257	1112289	
42257	1112290	
42257	1112291	
42257	1112292	
42257	1112293	
42257	1112294	
42257	1112295	
42257	1112296	
42257	1112297	
42257	1112298	
42257	1112299	
42257	1112300	
42257	1112301	
42257	1112302	
42257	1112303	
42257	1112304	
42257	1112305	
42257	1112306	
42257	1112307	
42257	1112308	
42257	1112309	
42257	1112310	
42257	1112311	
42257	1112312	
42257	1112313	
42257	1112314	
42257	1112315	
42257	1112316	
42257	1112317	
42257	1112318	
42257	1112319	
42257	1112320	
42257	1112321	
42257	1112322	
42257	1112323	
42257	1112324	
42257	1112325	
42257	1112326	
42257	1112327	
42257	1112328	
42257	1112329	
42257	1112330	
42257	1112331	
42257	1112332	
42257	1112333	
42257	1112334	
42257	1112335	
42257	1112336	
42257	1112337	
42257	1112338	
42257	1112339	
42257	1112340	
42257	1112341	
42257	1112342	
42257	1112343	
42257	1112344	
42257	1112345	
42257	1112346	
42257	1112347	
42257	1112348	
42257	1112349	
42257	1112350	
42257	1112351	
42257	1112352	
42257	1112353	
42257	1112354	
42257	1112355	
42257	1112356	
42257	1112357	
42257	1112358	
42257	1112359	
42257	1112360	
42257	1112361	
42257	1112362	
42257	1112363	
42257	1112364	
42257	1112365	
42257	1112366	
42257	1112367	
42257	1112368	
42257	1112369	
42257	1112370	
42257	1112371	
42257	1112372	
42257	1112373	
42257	1112374	
42257	1112375	
42257	1112376	
42257	1112377	
42257	1112378	
42257	1112379	
42257	1112380	
42257	1112381	
42257	1112382	
42257	1112383	
42257	1112384	
42257	1112385	
42257	1112386	
42257	1112387	
42257	1112388	
42257	1112389	
42257	1112390	
42257	1112391	
42257	1112392	
42257	1112393	
42257	1112394	
42257	1112395	
42257	1112396	
42257	1112397	
42257	1112398	
42257	1112399	
42257	1112400	
42257	1112401	
42257	1112402	
42257	1112403	
42257	1112404	
42257	1112405	
42257	1112406	
42257	1112407	
42257	1112408	
42257	1112409	
42257	1112410	
42257	1112411	
42257	1112412	
42257	1112413	
42257	1112414	
42257	1112415	
42257	1112416	
42257	1112417	
42257	1112418	
42257	1112419	
42257	1112420	
42257	1112421	
42257	1112422	
42257	1112423	
42257	1112424	
42257	1112425	
42257	1112426	
42257	1112427	
42257	1112428	
42257	1112429	
42257	1112430	
42257	1112431	
42257	1112432	
42257	1112433	
42257	1112434	
42257	1112435	
42257	1112436	
42257	1112437	
42257	1112438	
42257	1112439	
42257	1112440	
42257	1112441	
42257	1112442	
42257	1112443	
42257	1112444	
42257	1112445	
42257	1112446	
42257	1112447	
42257	1112448	
42257	1112449	
42257	1112450	
42257	1112451	
42257	1112452	
42257	1112453	
42257	1112454	
42257	1112455	
42257	1112456	
42257	1112457	
42257	1112458	
42257	1112459	
42257	1112460	
42257	1112461	
42257	1112462	
42257	1112463	
42257	1112464	
42257	1112465	
42257	1112466	
42257	1112467	
42257	1112468	
42257	1112469	
42257	1112470	
42257	1112471	
42257	1112472	
42257	1112473	
42257	1112474	
42257	1112475	
42257	1112476	
42257	1112477	
42257	1112478	
42257	1112479	
42257	1112480	
42257	1112481	
42257	1112482	
42257	1112483	
42257	1112484	
42257	1112485	
42257	1112486	
42257	1112487	
42257	1112488	
42257	1112489	
42257	1112490	
42257	1112491	
42257	1112492	
42257	1112493	
42257	1112494	
42257	1112495	
42257	1112496	
42257	1112497	
42257	1112498	
42257	1112499	
42257	1112500	
42257	1112501	
42257	1112502	
42257	1112503	
42257	1112504	
42257	1112505	
42257	1112506	
42257	1112507	
42257	1112508	
42257	1112509	
42257	1112510	
42257	1112511	
42257	1112512	
42257	1112513	
42257	1112514	
42257	1112515	
42257	1112516	
42257	1112517	
42257	1112518	
42257	1112519	
42257	1112520	
42257	1112521	
42257	1112522	
42257	1112523	
42257	1112524	
42257	1112525	
42257	1112526	
42257	1112527	
42257	1112528	
42257	1112529	
42257	1112530	
42257	1112531	
42257	1112532	
42257	1112533	
42257	1112534	
42257	1112535	
42257	1112536	
42257	1112537	
42257	1112538	
42257	1112539	
42257	1112540	
42257	1112541	
42257	1112542	
42257	1112543	
42257	1112544	
42257	1112545	
42257	1112546	
42257	1112547	
42257	1112548	
42257	1112549	
42257	1112550	
42257	1112551	
42257	1112552	
42257	1112553	
42257	1112554	
42257	1112555	
42257	1112556	
42257	1112557	
42257	1112558	
42257	1112559	
42257	1112560	
42257	1112561	
42257	1112562	
42257	1112563	
42257	1112564	
42257	1112565	
42257	1112566	
42257	1112567	
42257	1112568	
42257	1112569	
42257	1112570	
42257	1112571	
42257	1112572	
42257	1112573	
42257	1112574	
42257	1112575	
42257	1112576	
42257	1112577	
42257	1112578	
42257	1112579	
42257	1112580	
42257	1112581	
42257	1112582	
42257	1112583	
42257	1112584	
42257	1112585	
42257	1112586	
42257	1112587	
42257	1112588	
42257	1112589	
42257	1112590	
42257	1112591	
42257	1112592	
42257	1112593	
42257	1112594	
42257	1112595	
42257	1112596	
42257	1112597	
42257	1112598	
42257	1112599	
42257	1112600	
42257	1112601	
42257	1112602	
42257	1112603	
42257	1112604	
42257	1112605	
42257	1112606	
42257	1112607	
42257	1112608	
42257	1112609	
42257	1112610	
42257	1112611	
42257	1112612	
42257	1112613	
42257	1112614	
42257	1112615	
42257	1112616	
42257	1112617	
42257	1112618	
42257	1112619	
42257	1112620	
42257	1112621	
42257	1112622	
42257	1112623	
42257	1112624	
42257	1112625	
42257	1112626	
42257	1112627	
42257	1112628	
42257	1112629	
42257	1112630	
42257	1112631	
42257	1112632	
42257	1112633	
42257	1112634	
42257	1112635	
42257	1112636	
42257	1112637	
42257	1112638	
42257	1112639	
42257	1112640	
42257	1112641	
42257	1112642	
42257	1112643	
42257	1112644	
42257	1112645	
42257	1112646	
42257	1112647	
42257	1112648	
42257	1112649	
42257	1112650	
42257	1112651	
42257	1112652	
42257	1112653	
42257	1112654	
42257	1112655	
42257	1112656	
42257	1112657	
42257	1112658	
42257	1112659	
42257	1112660	
42257	1112661	
42257	1112662	
42257	1112663	
42257	1112664	
42257	1112665	
42257	1112666	
42257	1112667	
42257	1112668	
42257	1112669	
42257	1112670	
42257	1112671	
42257	1112672	
42257	1112673	
42257	1112674	
42257	1112675	
42257	1112676	
42257	1112677	
42257	1112678	
42257	1112679	
42257	1112680	
42257	1112681	
42257	1112682	
42257	1112683	
42257	1112684	
42257	1112685	
42257	1112686	
42257	1112687	
42257	1112688	
42257	1112689	
42257	1112690	
42257	1112691	
42257	1112692	
42257	1112693	
42257	1112694	
42257	1112695	
42257	1112696	
42257	1112697	
42257	1112698	
42257	1112699	
42257	1112700	
42257	1112701	
42257	1112702	
42257	1112703	
42257	1112704	
42257	1112705	
42257	1112706	
42257	1112707	
42257	1112708	
42257	1112709	
42257	1112710	
42257	1112711	
42257	1112712	
42257	1112713	
42257	1112714	
42257	1112715	
42257	1112716	
42257	1112717	
42257	1112718	
42257	1112719	
42257	1112720	
42257	1112721	
42257	1112722	
42257	1112723	
42257	1112724	
42257	1112725	
42257	1112726	
42257	1112727	
42257	1112728	
42257	1112729	
42257	1112730	
42257	1112731	
42257	1112732	
42257	1112733	
42257	1112734	
42257	1112735	
42257	1112736	
42257	1112737	
42257	1112738	
42257	1112739	
42257	1112740	
42257	1112741	
42257	1112742	
42257	1112743	
42257	1112744	
42257	1112745	
42257	1112746	
42257	1112747	
42257	1112748	
42257	1112749	
42257	1112750	
42257	1112751	
42257	1112752	
42257	1112753	
42257	1112754	
42257	1112755	
42257	1112756	
42257	1112757	
42257	1112758	
42257	1112759	
42257	1112760	
42257	1112761	
42257	1112762	
42257	1112763	
42257	1112764	
42257	1112765	
42257	1112766	
42257	1112767	
42257	1112768	
42257	1112769	
42257	1112770	
42257	1112771	
42257	1112772	
42257	1112773	
42257	1112774	
42257	1112775	
42257	1112776	
42257	1112777	
42257	1112778	
42257	1112779	
42257	1112780	
42257	1112781	
42257	1112782	
42257	1112783	
42257	1112784	
42257	1112785	
42257	1112786	
42257	1112787	
42257	1112788	
42257	1112789	
42257	1112790	
42257	1112791	
42257	1112792	
42257	1112793	
42257	1112794	
42257	1112795	
42257	1112796	
42257	1112797	
42257	1112798	
42257	1112799	
42257	1112800	
42257	1112801	
42257	1112802	
42257	1112803	
42257	1112804	
42257	1112805	
42257	1112806	
42257	1112807	
42257	1112808	
42257	1112809	
42257	1112810	
42257	1112811	
42257	1112812	
42257	1112813	
42257	1112814	
42257	1112815	
42257	1112816	
42257	1112817	
42257	1112818	
42257	1112819	
42257	1112820	
42257	1112821	
42257	1112822	
42257	1112823	
42257	1112824	
42257	1112825	
42257	1112826	
42257	1112827	
42257	1112828	
42257	1112829	
42257	1112830	
42257	1112831	
42257	1112832	
42257	1112833	
42257	1112834	
42257	1112835	
42257	1112836	
42257	1112837	
