1313	1037714	
9212	1037714	
9766	1037714	
115829	1037714	
115838	1037714	
180361	1037714	
207222	1037714	
303778	1037714	
378926	1037714	
424180	1037714	
424186	1037714	
424913	1037714	
598598	1037714	
608910	1037714	
615506	1037714	
617922	1037714	
665667	1037714	
675857	1037714	
876718	1037714	
901532	1037714	
1037702	1037714	
1037714	1231477	
1037714	1384608	
1037714	1411720	
1037714	1463038	
1037714	1463045	
1037714	1475006	
1037714	1475007	
1037714	1475141	
1037714	1531494	
1037714	1628456	
1037714	1694405	
1037714	1694787	
1037714	1796008	
1037714	1910011	
1037714	2305311	
1037714	2360087	
1037714	2360089	
1037714	2494976	
1037714	2494977	
1037714	2517963	
1037714	2517965	
1037714	2517966	
1037714	2646658	
1037714	2646659	
1037714	2646660	
1037714	2646661	
1037714	2646662	
1037714	2646663	
1037714	2646664	
1037714	2646665	
1037714	2646666	
1037714	2646667	
1037714	2646668	
1037714	2646669	
1037714	2646679	
250	1313	
251	9212	
302	9766	
323	9766	
332	9766	
475	9766	
486	9212	
501	9766	
507	9212	
674	9766	
703	9766	
762	9766	
856	207222	
863	9766	
875	9766	
901	675857	
906	9766	
975	9766	
1006	9766	
1018	9766	
1024	9766	
1042	180361	
1043	9766	
1052	9766	
1055	9766	
1071	9766	
1081	9766	
1129	9766	
1147	9766	
1151	9766	
1243	9212	
1252	9212	
1254	9766	
1256	9766	
1262	9766	
1265	1313	
1275	9766	
1287	115838	
1290	9212	
1290	378926	
1294	9766	
1300	9766	
1302	1313	
1302	9766	
1313	1345	
1313	1357	
1313	1423	
1313	9784	
1313	9798	
1313	9816	
1313	9886	
1313	9910	
1313	10761	
1313	16111	
1313	16136	
1313	16180	
1313	16318	
1313	21596	
1313	24359	
1313	45910	
1313	46906	
1313	73423	
1313	77354	
1313	78461	
1313	81243	
1313	114812	
1313	115808	
1313	115813	
1313	144132	
1313	147200	
1313	149846	
1313	186238	
1313	208093	
1313	208233	
1313	210455	
1313	211047	
1313	216869	
1313	249062	
1313	255084	
1313	270026	
1313	270029	
1313	270114	
1313	270145	
1313	279377	
1313	279655	
1313	279703	
1313	284347	
1313	287989	
1313	312278	
1313	318581	
1313	323023	
1313	336023	
1313	342011	
1313	353877	
1313	364238	
1313	365843	
1313	366545	
1313	367163	
1313	381038	
1313	382741	
1313	382924	
1313	383246	
1313	392445	
1313	392500	
1313	392835	
1313	392974	
1313	393536	
1313	394223	
1313	394335	
1313	394812	
1313	395717	
1313	404091	
1313	404104	
1313	404798	
1313	408096	
1313	408113	
1313	408652	
1313	414120	
1313	415331	
1313	418295	
1313	418557	
1313	422160	
1313	423255	
1313	423264	
1313	423270	
1313	425227	
1313	426151	
1313	435305	
1313	441433	
1313	442098	
1313	447471	
1313	461210	
1313	462209	
1313	463673	
1313	467964	
1313	469948	
1313	470798	
1313	472679	
1313	472685	
1313	472716	
1313	473063	
1313	479500	
1313	489999	
1313	495133	
1313	534464	
1313	534928	
1313	542049	
1313	545132	
1313	554117	
1313	554202	
1313	554727	
1313	554742	
1313	558844	
1313	559277	
1313	559585	
1313	561925	
1313	567951	
1313	568175	
1313	582908	
1313	587362	
1313	597447	
1313	598782	
1313	598785	
1313	599023	
1313	599032	
1313	599134	
1313	599506	
1313	599660	
1313	599847	
1313	600105	
1313	600754	
1313	604518	
1313	605278	
1313	605725	
1313	605955	
1313	606324	
1313	606377	
1313	607224	
1313	607687	
1313	608531	
1313	609645	
1313	609857	
1313	610078	
1313	610086	
1313	610127	
1313	610241	
1313	610278	
1313	610288	
1313	610416	
1313	610634	
1313	610965	
1313	611110	
1313	611371	
1313	611517	
1313	611544	
1313	611573	
1313	611589	
1313	611595	
1313	611619	
1313	612108	
1313	612544	
1313	612660	
1313	612792	
1313	612802	
1313	612927	
1313	613087	
1313	613304	
1313	616578	
1313	617916	
1313	620576	
1313	627231	
1313	642986	
1313	661555	
1313	664304	
1313	665439	
1313	665743	
1313	671169	
1313	671170	
1313	671171	
1313	671192	
1313	671459	
1313	674171	
1313	675189	
1313	688876	
1313	702574	
1313	704176	
1313	705087	
1313	705181	
1313	705212	
1313	710609	
1313	719928	
1313	719931	
1313	719932	
1313	719933	
1313	719934	
1313	719935	
1313	719936	
1313	719937	
1313	719938	
1313	719939	
1313	719940	
1313	719941	
1313	719942	
1313	719943	
1313	719944	
1313	719945	
1313	719946	
1313	726000	
1313	734110	
1313	788852	
1313	789187	
1313	790584	
1313	791828	
1313	814574	
1313	840833	
1313	843068	
1313	851237	
1313	852064	
1313	862521	
1313	866469	
1313	878815	
1313	892236	
1313	897669	
1313	898642	
1313	901846	
1313	902530	
1313	915590	
1313	917748	
1313	920721	
1313	920858	
1313	926415	
1313	927700	
1313	930938	
1313	937790	
1313	939295	
1313	941077	
1313	947825	
1313	948307	
1313	950574	
1313	953414	
1313	958138	
1313	971245	
1313	1025238	
1313	1037982	
1313	1040261	
1313	1045079	
1313	1071561	
1313	1091936	
1313	1094809	
1313	1113207	
1313	1113871	
1313	1131993	
1313	1132328	
1313	1132419	
1313	1136938	
1313	1148105	
1313	1148574	
1313	1181301	
1313	1193114	
1313	1193379	
1313	1193532	
1313	1194804	
1313	1205161	
1313	1213200	
1313	1221595	
1313	1240488	
1313	1252293	
1313	1264381	
1313	1286734	
1313	1383574	
1313	1383582	
1313	1385259	
1313	1390199	
1313	1400870	
1313	1410437	
1313	1437262	
1313	1447905	
1313	1462943	
1313	1485490	
1313	1497801	
1313	1508340	
1313	1537627	
1313	1561806	
1313	1578663	
1313	1598711	
1313	1635324	
1313	1704905	
1313	1758673	
1313	1777666	
1313	1777670	
1313	1780691	
1313	1817844	
1313	1822218	
1313	1832984	
1313	1872617	
1313	1894671	
1313	2036257	
1313	2116472	
1313	2163951	
1313	2266660	
1313	2287755	
1313	2718879	
1313	2915027	
1313	3489504	
1313	4031726	
1315	9766	
1319	9766	
1321	9766	
1347	9766	
1377	9766	
1386	9766	
1390	9766	
1421	9212	
1446	9766	
1461	9766	
1497	9766	
1557	9766	
1689	207222	
1691	9766	
1775	9212	
1861	207222	
1877	9766	
1942	9212	
1942	378926	
2440	9766	
2481	9766	
2684	9766	
2690	9766	
2694	9766	
2712	180361	
2880	9766	
2884	9766	
2903	9766	
2931	9766	
2989	608910	
3000	9766	
3208	180361	
3329	207222	
3392	9766	
3463	9766	
3543	9212	
3673	9766	
3679	9766	
4134	9766	
4181	9766	
4193	9766	
4346	9766	
4347	9766	
4351	207222	
4411	9766	
4495	9766	
4587	9766	
4589	424186	
4747	9766	
5037	207222	
5135	9212	
5428	9212	
5443	9766	
5452	9766	
5472	9766	
5611	9212	
5636	9212	
5664	9766	
5703	9766	
5949	9766	
5953	9766	
5954	9766	
5955	9766	
5957	9766	
5963	9766	
5964	9766	
5965	9766	
5973	9766	
6139	180361	
6155	207222	
6168	180361	
6185	9766	
6321	9766	
6412	9766	
6515	9766	
6673	617922	
6717	9766	
6816	9766	
6852	207222	
6871	9766	
6930	9212	
7006	9766	
7010	9766	
7016	207222	
7068	9212	
7358	180361	
7406	9212	
7412	9766	
7484	207222	
7515	9766	
7534	9766	
7818	9766	
7833	9766	
7861	9766	
8009	675857	
8051	9766	
8066	9766	
8101	9212	
8111	9766	
8132	9212	
8150	9766	
8152	180361	
8179	9766	
8380	180361	
8423	9212	
8701	9766	
9212	9925	
9212	10925	
9212	11022	
9212	11513	
9212	11600	
9212	11881	
9212	12057	
9212	12180	
9212	12630	
9212	13231	
9212	13467	
9212	13714	
9212	13718	
9212	14365	
9212	16499	
9212	19683	
9212	19699	
9212	19700	
9212	22681	
9212	22745	
9212	22767	
9212	22790	
9212	24900	
9212	29446	
9212	29746	
9212	30153	
9212	30533	
9212	30649	
9212	30667	
9212	30670	
9212	30742	
9212	31242	
9212	33015	
9212	33498	
9212	33649	
9212	33772	
9212	33864	
9212	33906	
9212	34555	
9212	34724	
9212	36172	
9212	36940	
9212	37085	
9212	39355	
9212	39659	
9212	44792	
9212	45803	
9212	46685	
9212	48899	
9212	49296	
9212	49505	
9212	49542	
9212	50292	
9212	95038	
9212	101793	
9212	179654	
9212	198447	
9212	198901	
9212	199404	
9212	199405	
9212	199710	
9212	199726	
9212	199758	
9212	199779	
9212	199838	
9212	199869	
9212	199875	
9212	199892	
9212	199939	
9212	200056	
9212	205387	
9212	206237	
9212	206267	
9212	206307	
9212	207719	
9212	207782	
9212	208093	
9212	208394	
9212	253953	
9212	269204	
9212	269217	
9212	269228	
9212	269253	
9212	269319	
9212	270286	
9212	275034	
9212	275124	
9212	278085	
9212	280100	
9212	281846	
9212	283969	
9212	296882	
9212	296883	
9212	297278	
9212	297751	
9212	298081	
9212	302971	
9212	303795	
9212	304723	
9212	306652	
9212	306915	
9212	306973	
9212	307657	
9212	308181	
9212	308183	
9212	308296	
9212	308339	
9212	308367	
9212	308540	
9212	308567	
9212	309468	
9212	310830	
9212	311277	
9212	312015	
9212	312142	
9212	314506	
9212	316638	
9212	319744	
9212	327460	
9212	329780	
9212	332082	
9212	345873	
9212	347569	
9212	347699	
9212	348409	
9212	350968	
9212	354406	
9212	354412	
9212	354427	
9212	354451	
9212	355524	
9212	357878	
9212	357887	
9212	357889	
9212	357890	
9212	357894	
9212	361884	
9212	362009	
9212	363968	
9212	364534	
9212	368483	
9212	375401	
9212	378003	
9212	378925	
9212	378926	
9212	378979	
9212	378980	
9212	378981	
9212	378982	
9212	378983	
9212	378984	
9212	378985	
9212	378986	
9212	378987	
9212	378988	
9212	378989	
9212	378990	
9212	378991	
9212	378992	
9212	378993	
9212	378994	
9212	378995	
9212	378996	
9212	378997	
9212	378998	
9212	378999	
9212	379000	
9212	379001	
9212	379002	
9212	379003	
9212	379004	
9212	379005	
9212	379006	
9212	379007	
9212	379008	
9212	379009	
9212	379010	
9212	379011	
9212	379012	
9212	379013	
9212	379014	
9212	379015	
9212	379016	
9212	379017	
9212	379018	
9212	379019	
9212	379020	
9212	379021	
9212	379022	
9212	379023	
9212	379024	
9212	379025	
9212	379026	
9212	379027	
9212	379028	
9212	379029	
9212	379030	
9212	379031	
9212	379032	
9212	379033	
9212	379034	
9212	379035	
9212	379036	
9212	379037	
9212	379038	
9212	379039	
9212	379040	
9212	379041	
9212	379042	
9212	379043	
9212	379044	
9212	379045	
9212	379046	
9212	379047	
9212	379048	
9212	379049	
9212	379050	
9212	379051	
9212	379052	
9212	379053	
9212	379054	
9212	379055	
9212	379056	
9212	379057	
9212	379058	
9212	379059	
9212	379060	
9212	379061	
9212	379062	
9212	379063	
9212	379064	
9212	379065	
9212	379066	
9212	379067	
9212	379068	
9212	379069	
9212	379070	
9212	379071	
9212	379072	
9212	379073	
9212	379074	
9212	379075	
9212	379076	
9212	379077	
9212	379078	
9212	379079	
9212	379080	
9212	379081	
9212	379082	
9212	379083	
9212	379084	
9212	379085	
9212	379086	
9212	379087	
9212	379088	
9212	379089	
9212	379090	
9212	379091	
9212	379092	
9212	379093	
9212	379094	
9212	379095	
9212	379096	
9212	379097	
9212	379098	
9212	379099	
9212	379365	
9212	380066	
9212	385133	
9212	397345	
9212	397362	
9212	397372	
9212	397732	
9212	398209	
9212	400993	
9212	402256	
9212	402901	
9212	402913	
9212	404833	
9212	405985	
9212	408041	
9212	411951	
9212	413147	
9212	425422	
9212	440162	
9212	440394	
9212	450640	
9212	452549	
9212	453003	
9212	453145	
9212	457156	
9212	457158	
9212	463490	
9212	463734	
9212	474124	
9212	478368	
9212	489290	
9212	490058	
9212	494252	
9212	494263	
9212	494268	
9212	499989	
9212	503890	
9212	518753	
9212	519744	
9212	519998	
9212	520437	
9212	523164	
9212	525278	
9212	526970	
9212	527170	
9212	527654	
9212	528425	
9212	528433	
9212	528778	
9212	528791	
9212	528826	
9212	530471	
9212	530483	
9212	530526	
9212	531078	
9212	531579	
9212	531997	
9212	532116	
9212	532118	
9212	532119	
9212	532204	
9212	532446	
9212	532455	
9212	532486	
9212	532489	
9212	537370	
9212	538509	
9212	538896	
9212	540836	
9212	553166	
9212	556094	
9212	563357	
9212	563359	
9212	567715	
9212	571845	
9212	572990	
9212	573683	
9212	576266	
9212	576736	
9212	576747	
9212	583785	
9212	590963	
9212	607461	
9212	612431	
9212	618790	
9212	619642	
9212	620166	
9212	624464	
9212	626816	
9212	628927	
9212	630789	
9212	634178	
9212	635516	
9212	635519	
9212	638662	
9212	639981	
9212	650265	
9212	660943	
9212	661944	
9212	666307	
9212	671084	
9212	671578	
9212	678836	
9212	682070	
9212	689652	
9212	691266	
9212	692436	
9212	701367	
9212	701532	
9212	722357	
9212	722579	
9212	723149	
9212	723412	
9212	723467	
9212	723509	
9212	723539	
9212	729233	
9212	737542	
9212	745277	
9212	749386	
9212	806315	
9212	809681	
9212	810361	
9212	811989	
9212	812608	
9212	827711	
9212	844141	
9212	844322	
9212	858355	
9212	862146	
9212	863141	
9212	863261	
9212	869592	
9212	874589	
9212	895721	
9212	917278	
9212	919413	
9212	920121	
9212	936070	
9212	940736	
9212	943249	
9212	958735	
9212	960796	
9212	976646	
9212	976664	
9212	976679	
9212	976760	
9212	976813	
9212	977406	
9212	977506	
9212	977705	
9212	977795	
9212	977829	
9212	977837	
9212	977842	
9212	977879	
9212	1005233	
9212	1005234	
9212	1005585	
9212	1006222	
9212	1006297	
9212	1021222	
9212	1025251	
9212	1046990	
9212	1049324	
9212	1070331	
9212	1081634	
9212	1090726	
9212	1095475	
9212	1095805	
9212	1102089	
9212	1109702	
9212	1117523	
9212	1136820	
9212	1139580	
9212	1148288	
9212	1154636	
9212	1168955	
9212	1175593	
9212	1183297	
9212	1185596	
9212	1193446	
9212	1214271	
9212	1234892	
9212	1235495	
9212	1235816	
9212	1235817	
9212	1235818	
9212	1237066	
9212	1237079	
9212	1237097	
9212	1280564	
9212	1316442	
9212	1316459	
9212	1316475	
9212	1316484	
9212	1340008	
9212	1342666	
9212	1376606	
9212	1392981	
9212	1405890	
9212	1412036	
9212	1431277	
9212	1432272	
9212	1435486	
9212	1449584	
9212	1453888	
9212	1458716	
9212	1459641	
9212	1487539	
9212	1499159	
9212	1519257	
9212	1521909	
9212	1526886	
9212	1527015	
9212	1532704	
9212	1542965	
9212	1542971	
9212	1547134	
9212	1547383	
9212	1558861	
9212	1559133	
9212	1559705	
9212	1566461	
9212	1587212	
9212	1587389	
9212	1587715	
9212	1629744	
9212	1632340	
9212	1632376	
9212	1641008	
