46911	1038524	
670947	1038524	
683513	1038524	
726227	1038524	
904548	1038524	
905132	1038524	
1038524	3840029	
1038524	3840031	
1038524	3840033	
1038524	3840034	
1038524	3840035	
1038524	3840036	
1038524	3840037	
1215	46911	
7832	904548	
9577	904548	
9650	726227	
9765	905132	
9766	905132	
9794	726227	
10330	683513	
10966	683513	
11277	683513	
11289	683513	
11375	683513	
11941	683513	
11947	683513	
11957	683513	
12189	683513	
14197	46911	
15925	46911	
35532	46911	
38234	46911	
38650	683513	
38653	904548	
38660	904548	
38991	46911	
39034	46911	
39082	46911	
39639	46911	
39719	46911	
39828	904548	
40481	46911	
40986	46911	
40993	46911	
42706	46911	
43368	46911	
46718	46911	
46911	47943	
46911	76663	
46911	78172	
46911	152999	
46911	153004	
46911	199735	
46911	216803	
46911	268363	
46911	274031	
46911	293904	
46911	329391	
46911	330280	
46911	335191	
46911	335209	
46911	337603	
46911	337807	
46911	345348	
46911	356697	
46911	410433	
46911	430480	
46911	463630	
46911	525685	
46911	527655	
46911	528406	
46911	533322	
46911	533933	
46911	597105	
46911	647978	
46911	651303	
46911	668765	
46911	727299	
46911	825926	
46911	910252	
46911	916320	
46911	917124	
46911	986093	
46911	1164178	
46911	1248133	
46911	1390039	
46911	1569786	
46911	1612146	
46911	1962070	
46911	2192479	
46911	2192480	
46911	2192481	
46911	2192482	
46911	2192483	
46911	2192484	
46911	2484245	
78528	683513	
203945	904548	
211090	905132	
212595	683513	
214567	726227	
221833	904548	
282860	683513	
317630	904548	
317846	905132	
317850	905132	
331816	683513	
335878	683513	
352816	726227	
354524	905132	
362913	683513	
368202	683513	
374075	683513	
379191	683513	
381567	905132	
382538	904548	
385201	683513	
386292	683513	
388963	683513	
389260	683513	
391531	905132	
391539	905132	
391895	905132	
391950	905132	
391991	905132	
392987	683513	
393324	683513	
400905	683513	
451392	683513	
454165	683513	
456879	905132	
462289	683513	
466311	904548	
466311	905132	
466496	683513	
474269	683513	
508040	905132	
531612	683513	
547915	905132	
558219	683513	
558499	683513	
562267	726227	
572965	726227	
589064	905132	
589256	905132	
591315	905132	
591684	683513	
595587	904548	
599928	905132	
641618	904548	
647978	683513	
647978	726227	
647978	904548	
647978	905132	
657704	670947	
657770	683513	
666360	683513	
670947	1730965	
670947	2052148	
670947	3840029	
670947	3840031	
670947	3840033	
670947	3840034	
670947	3840035	
670947	3840036	
670947	3840037	
676910	905132	
681139	905132	
683506	683513	
683513	683523	
683513	689815	
683513	691281	
683513	725633	
683513	725758	
683513	793951	
683513	847396	
683513	848102	
683513	856800	
683513	908549	
683513	931694	
683513	935588	
683513	1094264	
683513	1108506	
683513	1149506	
683513	1172186	
683513	1185242	
683513	1193848	
683513	1194191	
683513	1214526	
683513	1240568	
683513	1254426	
683513	1255311	
683513	1257415	
683513	1258121	
683513	1258230	
683513	1258231	
683513	1259335	
683513	1259336	
683513	1259337	
683513	1259338	
683513	1259339	
683513	1259340	
683513	1259341	
683513	1259342	
683513	1259343	
683513	1259344	
683513	1259345	
683513	1259346	
683513	1259347	
683513	1259348	
683513	1259349	
683513	1259350	
683513	1259351	
683513	1259352	
683513	2264234	
683513	3032298	
726227	790400	
726227	790420	
726227	798102	
726227	839167	
726227	891443	
726227	1037409	
726227	1037414	
726227	1038344	
726227	1038523	
726227	1038525	
726227	1038526	
818942	905132	
880381	905132	
892391	904548	
904548	905132	
905130	905132	
905131	905132	
905132	905136	
905132	905137	
905132	905138	
905132	912113	
905132	949778	
905132	1057402	
905132	1114379	
905132	1228355	
905132	1328445	
905132	1441840	
905132	2063362	
905132	2153282	
3840029	3840030	
3840029	3840031	
3840029	3840032	
3840029	3840033	
3840029	3840034	
3840029	3840035	
3840029	3840036	
3840030	3840031	
3840030	3840033	
3840030	3840034	
3840030	3840037	
3840031	3840032	
3840031	3840033	
3840031	3840034	
3840031	3840036	
3840031	3840037	
3840032	3840033	
3840032	3840034	
3840032	3840036	
3840032	3840037	
3840033	3840037	
3840033	3840038	
3840034	3840035	
3840034	3840036	
3840034	3840037	
3840035	3840036	
3840035	3840037	
3840036	3840037	
3840037	3840038	
3840037	3840040	
7	274031	
13	39082	
26	35532	
249	7832	
251	12189	
267	7832	
267	9765	
268	9650	
298	11277	
298	11289	
298	11375	
298	11941	
298	11947	
298	11957	
302	9765	
302	9766	
305	10330	
323	7832	
323	9765	
323	9766	
323	9794	
324	11277	
324	11289	
324	11375	
329	9577	
332	9765	
332	9766	
437	1215	
444	9650	
475	9766	
501	9650	
501	9765	
501	9766	
580	7832	
588	7832	
588	9765	
588	14197	
593	10966	
674	9766	
683	35532	
703	9766	
705	531612	
762	9766	
767	9765	
863	9766	
865	9765	
868	7832	
873	268363	
875	9766	
883	9765	
883	221833	
899	39639	
906	9766	
906	589064	
915	7832	
928	9765	
949	9765	
961	9765	
970	9765	
975	7832	
975	9766	
1006	9765	
1006	9766	
1009	9765	
1017	9765	
1018	9766	
1024	9766	
1040	7832	
1043	9765	
1043	9766	
1047	268363	
1052	9766	
1055	9765	
1055	9766	
1059	9765	
1059	39639	
1071	9766	
1075	430480	
1081	9766	
1101	9794	
1125	221833	
1129	9766	
1147	9766	
1151	9766	
1215	1253	
1215	1674	
1215	1762	
1215	1834	
1215	1854	
1215	1894	
1215	2811	
1215	2814	
1215	2879	
1215	3018	
1215	3293	
1215	3295	
1215	3314	
1215	3325	
1215	3887	
1215	3893	
1215	3907	
1215	3939	
1215	4352	
1215	4355	
1215	6139	
1215	6140	
1215	6180	
1215	7864	
1215	8489	
1215	9252	
1215	9732	
1215	9767	
1215	11102	
1215	11157	
1215	11714	
1215	11769	
1215	11976	
1215	16053	
1215	16849	
1215	17879	
1215	18336	
1215	20983	
1215	21196	
1215	21598	
1215	21991	
1215	22071	
1215	22677	
1215	22913	
1215	26147	
1215	26721	
1215	32364	
1215	33725	
1215	33792	
1215	33936	
1215	33939	
1215	33971	
1215	33974	
1215	33977	
1215	33993	
1215	33998	
1215	34003	
1215	34010	
1215	34011	
1215	34014	
1215	34035	
1215	34041	
1215	34045	
1215	34061	
1215	34069	
1215	34096	
1215	34109	
1215	34190	
1215	34198	
1215	34237	
1215	34252	
1215	34260	
1215	34271	
1215	34418	
1215	34428	
1215	34436	
1215	34441	
1215	34444	
1215	34457	
1215	34460	
1215	34462	
1215	34465	
1215	34476	
1215	34540	
1215	34541	
1215	34561	
1215	34562	
1215	34563	
1215	34565	
1215	34574	
1215	34607	
1215	34646	
1215	34662	
1215	34674	
1215	34679	
1215	34700	
1215	34706	
1215	34711	
1215	34714	
1215	34730	
1215	34771	
1215	34806	
1215	34812	
1215	34819	
1215	34921	
1215	34933	
1215	34957	
1215	35019	
1215	35074	
1215	35077	
1215	35143	
1215	35263	
1215	35266	
1215	35278	
1215	35280	
1215	35282	
1215	35284	
1215	35286	
1215	35292	
1215	35320	
1215	35326	
1215	35331	
1215	35371	
1215	35402	
1215	35438	
1215	35455	
1215	35458	
1215	35465	
1215	35468	
1215	35472	
1215	35477	
1215	35486	
1215	35489	
1215	35491	
1215	35492	
1215	35496	
1215	35506	
1215	35528	
1215	35529	
1215	35533	
1215	35547	
1215	35548	
1215	35571	
1215	35573	
1215	35574	
1215	35581	
1215	35587	
1215	35645	
1215	37910	
1215	37931	
1215	37951	
1215	37953	
1215	38504	
1215	38806	
1215	38991	
1215	39003	
1215	39009	
1215	39492	
1215	39521	
1215	39620	
1215	39720	
1215	40080	
1215	40322	
1215	40464	
1215	40513	
1215	40516	
1215	40518	
1215	40521	
1215	40522	
1215	40527	
1215	40536	
1215	40539	
1215	40570	
1215	40607	
1215	40707	
1215	40985	
1215	40997	
1215	41015	
1215	41019	
1215	41023	
1215	41029	
1215	41039	
1215	41050	
1215	41057	
1215	41088	
1215	41118	
1215	41131	
1215	41185	
1215	41315	
1215	41366	
1215	41383	
1215	41778	
1215	42044	
1215	42047	
1215	42048	
1215	42052	
1215	42059	
1215	42065	
1215	42107	
1215	42112	
1215	42233	
1215	42339	
1215	42344	
1215	42355	
1215	42356	
1215	42360	
1215	42364	
1215	42370	
1215	42375	
1215	42591	
1215	42710	
1215	42746	
1215	42941	
1215	42951	
1215	43016	
1215	43024	
1215	43198	
1215	43223	
1215	43403	
1215	43419	
1215	43461	
1215	43505	
1215	43506	
1215	43508	
1215	43536	
1215	43537	
1215	43601	
1215	43640	
1215	43690	
1215	43732	
1215	43770	
1215	43793	
1215	43897	
1215	43925	
1215	43930	
1215	43960	
1215	43983	
1215	43984	
1215	43989	
1215	44090	
1215	44100	
1215	44127	
1215	44139	
1215	44157	
1215	44194	
1215	44206	
1215	44224	
1215	44286	
1215	44297	
1215	44320	
1215	44371	
1215	44383	
1215	44388	
1215	44428	
1215	44442	
1215	44455	
1215	44465	
1215	44522	
1215	44583	
1215	44617	
1215	44618	
1215	44632	
1215	44688	
1215	44710	
1215	44711	
1215	44768	
1215	44793	
1215	44850	
1215	44935	
1215	45041	
1215	45076	
1215	45125	
1215	45282	
1215	45308	
1215	45317	
1215	45352	
1215	45371	
1215	45395	
1215	45401	
1215	45807	
1215	45825	
1215	45872	
1215	46069	
1215	46248	
1215	46710	
1215	46843	
1215	47418	
1215	47590	
1215	48163	
1215	48264	
1215	48348	
1215	48380	
1215	49269	
1215	49316	
1215	49366	
1215	49888	
1215	50525	
1215	50670	
1215	50821	
1215	50941	
1215	51327	
1215	51914	
1215	51925	
1215	54376	
1215	55610	
1215	59239	
1215	61074	
1215	63826	
1215	75950	
1215	76687	
1215	76743	
1215	76869	
1215	77040	
1215	77071	
1215	77214	
1215	78019	
1215	78192	
1215	83812	
1215	84325	
1215	85159	
1215	87485	
1215	87578	
1215	89200	
1215	95029	
1215	107549	
1215	107603	
1215	107683	
1215	107790	
1215	108546	
1215	111647	
1215	144992	
1215	148681	
1215	148698	
1215	148738	
1215	149858	
1215	149867	
1215	151016	
1215	152619	
1215	154287	
1215	168826	
1215	173001	
1215	199829	
1215	200040	
1215	200394	
1215	200645	
1215	202536	
1215	205560	
1215	207913	
1215	207973	
1215	208629	
1215	208774	
1215	208928	
1215	208932	
1215	208944	
1215	209132	
1215	209168	
1215	209173	
1215	209299	
1215	209535	
1215	209781	
1215	210213	
1215	210785	
1215	210842	
1215	212167	
1215	212450	
1215	212643	
1215	213234	
1215	213301	
1215	213588	
1215	213914	
1215	214270	
1215	214290	
1215	214641	
1215	214831	
1215	214963	
1215	215191	
1215	215566	
1215	215796	
1215	215812	
1215	215940	
1215	216073	
1215	216183	
1215	216356	
1215	217024	
1215	217333	
1215	232401	
1215	233329	
1215	238804	
1215	249398	
1215	252279	
1215	253758	
1215	261905	
1215	261976	
1215	265157	
1215	265429	
1215	265432	
1215	266944	
1215	267171	
1215	267499	
1215	268868	
1215	269189	
1215	269333	
1215	269474	
1215	269637	
1215	269851	
1215	270729	
1215	270770	
1215	270818	
1215	271208	
1215	271347	
1215	271569	
1215	271621	
1215	271715	
1215	272413	
1215	272845	
1215	273582	
1215	273616	
1215	273722	
1215	273767	
1215	273888	
1215	273894	
1215	273965	
1215	274137	
1215	275074	
1215	275473	
1215	275495	
1215	276035	
1215	276614	
1215	276617	
1215	276625	
1215	276641	
1215	276665	
1215	276675	
1215	276715	
1215	276741	
1215	278256	
1215	279760	
1215	280266	
1215	281711	
1215	281883	
1215	282723	
1215	283518	
1215	283538	
1215	283812	
1215	283835	
1215	283946	
1215	284333	
1215	284334	
1215	284343	
1215	284407	
1215	284420	
1215	284427	
1215	284457	
1215	284626	
1215	284753	
1215	285432	
1215	285701	
1215	286090	
1215	286865	
1215	287691	
1215	288624	
1215	288699	
1215	292710	
1215	293112	
1215	294238	
1215	297265	
1215	297375	
1215	299093	
1215	301504	
1215	310742	
1215	310849	
1215	311515	
1215	312031	
1215	312046	
1215	312084	
1215	312219	
1215	316930	
1215	318544	
1215	318548	
1215	318549	
1215	318554	
1215	327446	
1215	335840	
1215	337713	
1215	337808	
1215	337836	
1215	339476	
1215	343021	
1215	343607	
1215	343632	
1215	344144	
1215	344163	
1215	344171	
1215	344201	
1215	344391	
1215	346261	
1215	346773	
1215	347681	
1215	347688	
1215	348000	
1215	348065	
1215	348114	
1215	353510	
1215	353633	
1215	353892	
1215	354021	
1215	355070	
1215	355165	
1215	355498	
1215	356231	
1215	356318	
1215	357151	
1215	357163	
1215	357214	
1215	357363	
1215	357392	
1215	358298	
1215	358649	
1215	358825	
1215	358896	
1215	359062	
1215	359063	
1215	359067	
1215	359073	
1215	359085	
1215	359177	
1215	359241	
1215	359356	
1215	359391	
1215	359486	
1215	359774	
1215	359831	
1215	359840	
1215	359997	
1215	360569	
1215	361159	
1215	361189	
1215	362428	
1215	363155	
1215	363271	
1215	363273	
1215	363278	
1215	363303	
1215	363306	
1215	363360	
1215	363379	
1215	363395	
1215	363488	
1215	363773	
1215	363805	
1215	363846	
1215	364411	
1215	364729	
1215	364769	
1215	364783	
1215	364802	
1215	365223	
1215	365488	
1215	366777	
1215	367479	
1215	367503	
1215	367884	
1215	372586	
1215	380715	
1215	387801	
1215	387918	
1215	397265	
1215	397312	
1215	397590	
1215	397600	
1215	397618	
1215	397734	
1215	398131	
1215	398311	
1215	400353	
1215	401263	
1215	402166	
1215	402316	
1215	402544	
1215	402773	
1215	402818	
1215	403154	
1215	403636	
1215	404370	
1215	404884	
1215	404987	
1215	406975	
1215	407478	
1215	408211	
1215	408298	
1215	408401	
1215	410250	
1215	410320	
1215	412257	
1215	413028	
1215	414341	
1215	414346	
1215	414367	
1215	414539	
1215	414620	
1215	415452	
1215	416595	
1215	418378	
1215	418748	
1215	418775	
1215	420932	
1215	428800	
1215	428803	
1215	431515	
1215	431925	
1215	434151	
1215	434857	
1215	435886	
1215	436341	
1215	437430	
1215	439240	
1215	439572	
1215	441043	
1215	441321	
1215	441972	
1215	442009	
1215	442029	
1215	445218	
1215	445515	
1215	446129	
1215	447171	
1215	450072	
1215	455302	
1215	458180	
1215	460731	
1215	461310	
1215	461320	
1215	461661	
1215	462768	
1215	469842	
1215	470985	
1215	470986	
1215	471811	
1215	472791	
1215	478731	
1215	478949	
1215	478950	
1215	478969	
1215	481034	
1215	481186	
1215	483017	
1215	484191	
1215	485665	
1215	487820	
1215	493666	
1215	493995	
1215	495530	
1215	495531	
1215	501395	
1215	509328	
1215	510478	
1215	513616	
1215	513622	
1215	518405	
1215	518432	
1215	518462	
1215	518471	
1215	518494	
1215	518517	
1215	518536	
1215	518626	
1215	518740	
1215	518839	
1215	518941	
1215	519189	
1215	519202	
1215	519251	
1215	519651	
1215	519659	
1215	519674	
1215	519685	
1215	519924	
1215	520451	
1215	520464	
1215	520482	
1215	522252	
1215	522510	
1215	522541	
1215	522669	
1215	523232	
1215	523317	
1215	523328	
1215	523371	
1215	523510	
1215	523800	
1215	524158	
1215	524385	
1215	524657	
1215	524793	
1215	524982	
1215	526932	
1215	526977	
1215	527010	
1215	527404	
1215	527411	
1215	528024	
1215	528270	
1215	528413	
