116139	1041809	
1041809	2334778	
1041809	3653510	
1041809	3653517	
1041809	3653518	
1041809	3653519	
1041809	3653520	
1041809	3653521	
1041809	3653522	
1041809	3653523	
1041809	3653524	
1041809	3653525	
1041809	3653526	
1041809	3714894	
1041809	3714895	
1041809	3714896	
1041809	3714897	
1041809	3714898	
1041809	3714899	
16115	116139	
16773	116139	
29383	116139	
30137	116139	
34420	116139	
46291	116139	
49504	116139	
114356	116139	
114601	116139	
114660	116139	
114661	116139	
114667	116139	
114810	116139	
114821	116139	
114822	116139	
114824	116139	
114842	116139	
114846	116139	
114902	116139	
114903	116139	
114916	116139	
114921	116139	
114923	116139	
114935	116139	
114966	116139	
114967	116139	
114984	116139	
115033	116139	
115037	116139	
115052	116139	
115988	116139	
116060	116139	
116062	116139	
116065	116139	
116085	116139	
116087	116139	
116097	116139	
116105	116139	
116125	116139	
116128	116139	
116129	116139	
116139	116202	
116139	116217	
116139	116244	
116139	116275	
116139	116763	
116139	155589	
116139	155598	
116139	212092	
116139	212094	
116139	212098	
116139	212374	
116139	261700	
116139	290737	
116139	294070	
116139	318635	
116139	339105	
116139	353888	
116139	356194	
116139	356221	
116139	357978	
116139	358056	
116139	364317	
116139	368074	
116139	368093	
116139	404441	
116139	405527	
116139	405537	
116139	405570	
116139	406072	
116139	406075	
116139	406111	
116139	406122	
116139	413409	
116139	413762	
116139	424984	
116139	431164	
116139	446697	
116139	455097	
116139	459629	
116139	523996	
116139	524007	
116139	524467	
116139	533106	
116139	533111	
116139	538252	
116139	548485	
116139	548516	
116139	556112	
116139	556113	
116139	558670	
116139	605000	
116139	605328	
116139	605330	
116139	605334	
116139	605335	
116139	605337	
116139	605340	
116139	605376	
116139	605394	
116139	605397	
116139	605415	
116139	605501	
116139	605525	
116139	605679	
116139	605680	
116139	605751	
116139	605789	
116139	605830	
116139	605839	
116139	605931	
116139	605947	
116139	606027	
116139	606114	
116139	606196	
116139	606329	
116139	606334	
116139	606420	
116139	606446	
116139	606560	
116139	606646	
116139	606650	
116139	606663	
116139	606664	
116139	606718	
116139	607287	
116139	607291	
116139	607298	
116139	607299	
116139	607302	
116139	607315	
116139	607322	
116139	607414	
116139	607865	
116139	608311	
116139	608312	
116139	608313	
116139	608319	
116139	608321	
116139	608335	
116139	608351	
116139	608432	
116139	608507	
116139	609599	
116139	609637	
116139	609919	
116139	609955	
116139	610032	
116139	610238	
116139	610946	
116139	612167	
116139	612812	
116139	660862	
116139	661385	
116139	661392	
116139	663815	
116139	663822	
116139	665323	
116139	674279	
116139	688278	
116139	715409	
116139	762888	
116139	838625	
116139	888961	
116139	888977	
116139	888982	
116139	889168	
116139	889172	
116139	889723	
116139	891183	
116139	891192	
116139	891219	
116139	891369	
116139	891604	
116139	892496	
116139	892550	
116139	892612	
116139	892971	
116139	893002	
116139	893010	
116139	893252	
116139	893254	
116139	893688	
116139	895001	
116139	895228	
116139	895230	
116139	895246	
116139	896793	
116139	897655	
116139	897853	
116139	898469	
116139	899615	
116139	899985	
116139	900440	
116139	1041808	
116139	1041810	
116139	1041811	
116139	1094505	
617717	2334778	
846552	2334778	
2334778	3653510	
2334778	3653516	
2334778	3653517	
2334778	3653518	
2334778	3653519	
2334778	3653520	
2334778	3653521	
2334778	3653522	
2334778	3653523	
2334778	3653524	
2334778	3653525	
2334778	3653526	
2334778	3714894	
2334778	3714895	
2334778	3714896	
2334778	3714897	
2334778	3714898	
2334778	3714899	
3084616	3653510	
3653510	3653516	
3653510	3653517	
3653510	3653518	
3653510	3653519	
3653510	3653520	
3653510	3653521	
3653510	3653522	
3653510	3653523	
3653510	3653524	
3653510	3653525	
3653510	3653526	
3653510	3714894	
3653510	3714895	
3653510	3714896	
3653510	3714897	
3653510	3714899	
3653516	3653518	
3653516	3653519	
3653516	3653523	
3653516	3653526	
3653516	3714894	
3653516	3714895	
3653517	3653518	
3653517	3653519	
3653517	3653520	
3653517	3653521	
3653517	3653522	
3653517	3653523	
3653517	3653524	
3653517	3653525	
3653517	3653526	
3653517	3714894	
3653517	3714895	
3653517	3714896	
3653517	3714897	
3653517	3714898	
3653517	3714899	
3653518	3653519	
3653518	3653520	
3653518	3653521	
3653518	3653522	
3653518	3653523	
3653518	3653524	
3653518	3653525	
3653518	3653526	
3653518	3714894	
3653518	3714895	
3653518	3714896	
3653518	3714897	
3653518	3714899	
3653519	3653520	
3653519	3653521	
3653519	3653522	
3653519	3653523	
3653519	3653524	
3653519	3653525	
3653519	3653526	
3653519	3714894	
3653519	3714895	
3653519	3714896	
3653519	3714897	
3653519	3714898	
3653519	3714899	
3653520	3653521	
3653520	3653522	
3653520	3653523	
3653520	3653524	
3653520	3653525	
3653520	3653526	
3653520	3714894	
3653520	3714895	
3653520	3714896	
3653520	3714897	
3653520	3714898	
3653520	3714899	
3653521	3653522	
3653521	3653523	
3653521	3653524	
3653521	3653525	
3653521	3653526	
3653521	3714894	
3653521	3714895	
3653521	3714896	
3653521	3714897	
3653521	3714898	
3653521	3714899	
3653522	3653523	
3653522	3653524	
3653522	3653525	
3653522	3653526	
3653522	3714894	
3653522	3714895	
3653522	3714896	
3653522	3714897	
3653522	3714898	
3653522	3714899	
3653523	3653524	
3653523	3653525	
3653523	3653526	
3653523	3714894	
3653523	3714895	
3653523	3714896	
3653523	3714897	
3653523	3714898	
3653523	3714899	
3653524	3653525	
3653524	3653526	
3653524	3714894	
3653524	3714895	
3653524	3714896	
3653524	3714897	
3653524	3714898	
3653524	3714899	
3653525	3653526	
3653525	3714894	
3653525	3714895	
3653525	3714896	
3653525	3714897	
3653525	3714898	
3653525	3714899	
3653526	3714894	
3653526	3714895	
3653526	3714896	
3653526	3714897	
3653526	3714898	
3653526	3714899	
3714894	3714895	
3714894	3714896	
3714894	3714897	
3714894	3714898	
3714894	3714899	
3714895	3714896	
3714895	3714897	
3714895	3714899	
3714896	3714897	
3714896	3714898	
3714896	3714899	
3714897	3714898	
3714897	3714899	
3714898	3714899	
7	114984	
12	114984	
858	212092	
1268	212374	
1269	212374	
1285	356194	
1300	16773	
1310	1041808	
1373	607865	
1386	114916	
1471	606334	
1554	114667	
1554	114810	
1554	116085	
1554	116275	
1554	155589	
1554	353888	
1554	356194	
1554	405527	
1554	424984	
1554	607287	
1590	114667	
1590	115052	
1590	353888	
1590	405527	
1846	212374	
1887	899985	
2806	617717	
2890	16773	
2890	49504	
2890	115988	
2890	116275	
2890	116763	
2890	212092	
2890	212094	
2890	318635	
2890	368074	
2890	368093	
2890	459629	
2890	605334	
2890	605340	
2890	605501	
2890	606114	
2890	606650	
2890	607298	
2890	607299	
2890	607414	
2890	610946	
2890	661392	
2890	897655	
2903	114601	
2903	114903	
2903	356194	
2903	413409	
2903	413762	
2903	605789	
2903	608432	
2983	212094	
3005	114984	
3012	114935	
3014	114984	
3904	116060	
3904	605751	
3905	459629	
4128	114821	
4129	114667	
4129	891219	
4320	212094	
4492	116125	
4492	558670	
4492	605340	
4492	888961	
5055	49504	
5055	116275	
5189	16773	
5601	114916	
5601	115033	
5601	605335	
6483	114356	
6483	114601	
6675	29383	
6692	114356	
7131	353888	
7142	114935	
7485	116275	
7486	459629	
7701	114356	
8674	29383	
9261	612167	
9535	431164	
9586	114821	
9765	524467	
9766	524467	
9766	606446	
9766	608507	
9784	114903	
9784	356194	
9784	605751	
9784	605931	
9784	606663	
9784	607291	
9784	612167	
9810	114821	
9816	114356	
9816	116244	
9816	605680	
9872	605000	
9959	605000	
9977	30137	
10108	605000	
10146	607865	
10194	30137	
10194	49504	
10644	114667	
10646	212094	
10655	212094	
10676	212094	
10722	605000	
10784	49504	
10784	114601	
10784	114821	
10784	114923	
10784	116085	
10784	116275	
10784	212098	
10784	353888	
10784	356221	
10784	605947	
10784	610946	
10784	888982	
10784	1094505	
11509	116128	
11509	405527	
11509	533106	
11509	605376	
11509	608432	
11509	889172	
11517	49504	
11517	116275	
11527	114984	
11913	558670	
11941	558670	
12714	29383	
12836	30137	
12836	610946	
13158	459629	
13396	114984	
13410	212094	
13410	364317	
13511	114821	
13682	431164	
13712	431164	
13847	116125	
13847	116129	
13847	533106	
13847	610946	
13847	661392	
16025	16115	
16069	212092	
16069	524467	
16070	16115	
16070	116062	
16070	261700	
16070	612812	
16070	1094505	
16093	605000	
16093	607865	
16101	612167	
16115	16242	
16115	16332	
16115	16617	
16115	41051	
16115	114664	
16115	114667	
16115	114724	
16115	114820	
16115	114821	
16115	114831	
16115	114882	
16115	114923	
16115	115009	
16115	115043	
16115	115815	
16115	116062	
16115	116102	
16115	116740	
16115	116763	
16115	116873	
16115	116885	
16115	207549	
16115	212374	
16115	218736	
16115	288232	
16115	292696	
16115	312266	
16115	336693	
16115	339099	
16115	347871	
16115	355533	
16115	355630	
16115	356231	
16115	358067	
16115	364287	
16115	366429	
16115	366447	
16115	368065	
16115	368074	
16115	368086	
16115	404482	
16115	404485	
16115	405520	
16115	405527	
16115	405538	
16115	405590	
16115	406064	
16115	406074	
16115	406091	
16115	407428	
16115	408083	
16115	414672	
16115	423666	
16115	424988	
16115	426514	
16115	429203	
16115	429226	
16115	429230	
16115	448093	
16115	449761	
16115	524662	
16115	532653	
16115	534309	
16115	548490	
16115	555890	
16115	566883	
16115	582828	
16115	582829	
16115	582833	
16115	605374	
16115	605436	
16115	605437	
16115	605452	
16115	605461	
16115	605464	
16115	605518	
16115	605598	
16115	605610	
16115	605717	
16115	605753	
16115	605941	
16115	606153	
16115	606181	
16115	606193	
16115	606234	
16115	606321	
16115	606334	
16115	606338	
16115	606582	
16115	606647	
16115	606657	
16115	606666	
16115	606705	
16115	606727	
16115	606754	
16115	606761	
16115	607190	
16115	607396	
16115	607858	
16115	608291	
16115	608302	
16115	608306	
16115	608313	
16115	608318	
16115	608327	
16115	608349	
16115	608999	
16115	609992	
16115	611545	
16115	612620	
16115	612804	
16115	612805	
16115	612812	
16115	612814	
16115	612817	
16115	612818	
16115	646432	
16115	663832	
16115	700064	
16115	705203	
16115	705459	
16115	715850	
16115	780878	
16115	815535	
16115	861275	
16115	889164	
16115	889166	
16115	889167	
16115	889168	
16115	889169	
16115	889171	
16115	889172	
16115	889175	
16115	891344	
16115	895513	
16115	895576	
16115	899837	
16115	903698	
16115	949283	
16115	995688	
16115	1040652	
16115	1041145	
16115	1041958	
16115	1094505	
16115	1094623	
16115	1094624	
16115	1094625	
16115	1094626	
16115	1094627	
16115	1094628	
16115	1094629	
16115	1094630	
16115	1094631	
16115	1094632	
16115	1588103	
16115	2851830	
16132	114984	
16212	606446	
16242	114821	
16242	116202	
16242	212098	
16242	339105	
16242	608335	
16242	610238	
16332	116062	
16332	116085	
16332	116129	
16332	405527	
16332	1094505	
16460	116244	
16469	605000	
16470	212092	
16470	212098	
16470	353888	
16471	16773	
16471	212092	
16471	212098	
16471	605000	
16471	605501	
16471	606114	
16471	661385	
16472	212092	
16473	212092	
16474	431164	
16474	524467	
16475	16773	
16475	114667	
16475	114935	
16475	116202	
16475	155598	
16475	212092	
16475	212098	
16475	524467	
16475	548485	
16475	605000	
16475	605501	
16475	605830	
16475	661385	
16475	661392	
16493	16773	
16497	212092	
16504	212092	
16504	524467	
16508	605000	
16521	212092	
16521	212098	
16521	605000	
16521	661392	
16606	212098	
16608	212092	
16608	431164	
16609	212092	
16609	431164	
16610	212092	
16610	431164	
16611	212092	
16611	431164	
16612	16773	
16612	212092	
16612	605000	
16612	661385	
16616	212092	
16617	29383	
16617	116062	
16617	116125	
16617	212092	
16617	261700	
16617	368074	
16617	405527	
16617	533106	
16617	605337	
16617	605376	
16617	605751	
16617	605839	
16617	606114	
16617	608335	
16617	1094505	
16643	16773	
16773	20936	
16773	22915	
16773	25371	
16773	25425	
16773	34203	
16773	35889	
16773	46252	
16773	47336	
16773	47968	
16773	62756	
16773	78812	
16773	81212	
16773	108517	
16773	116060	
16773	116097	
16773	116276	
16773	116885	
16773	120055	
16773	151244	
16773	151568	
16773	155589	
16773	155600	
16773	200868	
16773	207068	
16773	207831	
16773	210364	
16773	211460	
16773	212092	
16773	212098	
16773	212140	
16773	214748	
16773	215004	
16773	244855	
16773	267739	
16773	278040	
16773	285062	
16773	318635	
16773	339385	
16773	355381	
16773	356246	
16773	356252	
16773	358094	
16773	358296	
16773	362757	
16773	363694	
16773	368093	
16773	405569	
16773	409729	
16773	409882	
16773	409922	
16773	409962	
16773	416112	
16773	417965	
16773	418812	
16773	422347	
16773	429778	
16773	430626	
16773	430699	
16773	430700	
16773	435954	
16773	435993	
16773	439765	
16773	446192	
16773	446375	
16773	446763	
16773	451060	
16773	467755	
16773	492626	
16773	498094	
16773	498278	
16773	503747	
16773	532654	
16773	556200	
16773	560894	
16773	577144	
16773	577153	
16773	579516	
16773	592450	
16773	605000	
16773	605075	
16773	605845	
16773	606718	
16773	607405	
16773	608360	
16773	609898	
16773	612803	
16773	642481	
16773	658046	
16773	661385	
16773	661392	
16773	661410	
16773	665301	
16773	665302	
16773	665303	
16773	665304	
16773	665305	
16773	665306	
16773	665307	
16773	665308	
16773	665309	
16773	665310	
16773	665311	
16773	665312	
16773	665313	
16773	665314	
16773	665315	
16773	665316	
16773	665317	
16773	665318	
16773	665319	
16773	665320	
16773	665321	
16773	665322	
16773	665323	
16773	665324	
16773	806154	
16773	1038900	
16773	1039647	
16773	1071911	
16773	1229404	
16773	1754869	
16773	1958459	
16773	2097168	
16773	2699704	
17099	116275	
17223	212092	
18892	114667	
18892	610946	
19431	318635	
19431	356194	
21027	116275	
21596	610946	
21742	116060	
22322	116275	
22835	212092	
22852	116275	
23529	895228	
23969	116275	
24417	116275	
24542	431164	
26148	114935	
26622	116275	
26650	294070	
26882	116763	
27321	290737	
27945	114661	
27945	114842	
27945	114903	
27945	115037	
27945	116125	
27945	116128	
27945	116129	
27945	364317	
27945	406111	
27945	538252	
27945	605394	
27945	605789	
27945	605830	
27945	606446	
27945	606664	
27945	607299	
27945	608319	
27945	609599	
29230	29383	
29383	30137	
29383	33608	
29383	33833	
29383	41555	
29383	42463	
29383	49504	
29383	73872	
29383	77354	
29383	97942	
29383	114337	
29383	114639	
29383	114643	
29383	114645	
29383	114655	
29383	114657	
29383	114660	
29383	114664	
29383	114673	
29383	114681	
29383	114687	
29383	114806	
29383	114810	
29383	114814	
29383	114821	
29383	114822	
29383	114895	
29383	114896	
29383	114915	
29383	114920	
29383	114923	
29383	114927	
29383	114966	
29383	114969	
29383	114975	
29383	114977	
29383	114988	
29383	115009	
29383	115023	
29383	115129	
29383	115130	
29383	115977	
29383	115979	
29383	115984	
29383	115985	
29383	115988	
29383	116016	
29383	116022	
29383	116038	
29383	116062	
29383	116076	
29383	116083	
29383	116085	
29383	116087	
29383	116091	
29383	116093	
29383	116119	
29383	116121	
29383	116122	
29383	116125	
29383	116143	
29383	116202	
29383	116245	
29383	116270	
29383	116275	
29383	116304	
29383	116737	
29383	116738	
29383	116740	
29383	116744	
29383	116747	
29383	116748	
29383	116750	
29383	116751	
29383	116752	
29383	116754	
29383	116758	
29383	116759	
29383	116762	
29383	116766	
29383	116767	
29383	116769	
29383	116781	
29383	116783	
29383	116784	
29383	116786	
29383	116787	
29383	116799	
29383	116800	
29383	116885	
29383	147016	
29383	155589	
29383	155591	
29383	155600	
29383	155605	
29383	200227	
29383	212070	
29383	212075	
29383	212078	
29383	212100	
29383	212374	
29383	212409	
29383	212428	
29383	216979	
29383	217625	
29383	246980	
29383	261703	
29383	270992	
29383	272722	
29383	289987	
29383	310165	
29383	339105	
29383	339108	
29383	340643	
29383	349782	
29383	353619	
29383	355034	
29383	356199	
29383	356235	
29383	356252	
29383	356258	
29383	357181	
29383	358044	
29383	358056	
29383	358057	
29383	358058	
29383	364286	
29383	364298	
29383	367449	
29383	367607	
29383	368054	
29383	368066	
29383	368074	
29383	368075	
29383	368092	
29383	368093	
29383	368126	
29383	382478	
29383	390902	
29383	404436	
29383	405527	
29383	405569	
29383	406046	
29383	406063	
29383	406096	
29383	412670	
29383	413411	
29383	416112	
29383	416114	
29383	416115	
29383	416125	
29383	416126	
29383	416140	
29383	416179	
29383	417944	
29383	423664	
29383	423673	
29383	423693	
29383	424977	
29383	424981	
29383	425003	
29383	425945	
29383	426144	
29383	426145	
29383	426154	
29383	426158	
29383	426171	
29383	431199	
29383	431300	
29383	450712	
29383	455093	
29383	468661	
29383	470171	
29383	493433	
29383	530562	
29383	532654	
29383	532660	
29383	533106	
29383	533113	
29383	533129	
29383	542314	
29383	548517	
29383	551515	
29383	555691	
29383	567946	
29383	576268	
29383	605322	
29383	605325	
29383	605337	
29383	605339	
29383	605391	
29383	605394	
29383	605397	
29383	605501	
29383	605519	
29383	605539	
29383	605548	
29383	605609	
29383	605610	
29383	605653	
29383	605680	
29383	605683	
29383	605716	
29383	605751	
29383	605792	
29383	605831	
29383	606546	
29383	606653	
29383	607306	
29383	607321	
29383	607369	
29383	607391	
29383	607393	
29383	607406	
29383	607442	
29383	607589	
29383	607858	
29383	608286	
29383	608289	
29383	608294	
29383	608295	
29383	608299	
29383	608301	
29383	608309	
29383	608314	
29383	608320	
29383	608326	
29383	608330	
29383	608332	
29383	608335	
29383	608343	
29383	608344	
29383	608347	
29383	608359	
29383	609507	
29383	609517	
29383	609661	
29383	609819	
29383	609825	
29383	610815	
29383	610946	
29383	612803	
29383	619662	
29383	626293	
29383	663892	
29383	674278	
29383	674282	
29383	715406	
29383	715418	
29383	762888	
29383	762901	
29383	818438	
29383	861275	
29383	875505	
29383	887443	
29383	889163	
29383	889172	
29383	890504	
29383	890930	
29383	891221	
29383	891233	
29383	891423	
29383	891555	
29383	891558	
29383	891666	
29383	891974	
29383	892121	
29383	892124	
29383	892144	
29383	892154	
29383	892504	
29383	892579	
29383	892589	
29383	892947	
29383	892989	
29383	893367	
29383	893369	
29383	893547	
29383	894006	
29383	894007	
29383	894117	
29383	894290	
29383	894839	
29383	895572	
29383	896026	
29383	896037	
29383	896645	
29383	897634	
29383	939955	
29383	1038649	
29383	1038650	
29383	1038651	
29383	1043927	
29383	1094505	
29383	1223229	
29383	1271697	
29383	1466205	
29383	1771106	
29383	3973100	
29783	606420	
30113	30137	
30137	30141	
30137	30240	
30137	30246	
30137	30260	
30137	33619	
30137	33632	
30137	41580	
30137	43286	
30137	46428	
30137	46635	
30137	46756	
30137	47968	
30137	49327	
30137	77354	
30137	102053	
30137	107570	
30137	114643	
30137	114648	
30137	114656	
30137	114657	
30137	114663	
30137	114664	
30137	114671	
30137	114681	
30137	114687	
30137	114694	
30137	114706	
30137	114806	
30137	114810	
30137	114811	
30137	114821	
30137	114822	
30137	114824	
30137	114841	
30137	114876	
30137	114882	
30137	114894	
30137	114896	
30137	114898	
30137	114900	
30137	114903	
30137	114907	
30137	114912	
30137	114915	
30137	114916	
30137	114923	
30137	114925	
30137	114927	
30137	114945	
30137	114969	
30137	114984	
30137	115009	
30137	115012	
30137	115799	
30137	115809	
30137	115811	
30137	115975	
30137	115982	
30137	115984	
30137	115988	
30137	115989	
30137	115992	
30137	115996	
30137	116009	
30137	116015	
30137	116016	
30137	116029	
30137	116038	
30137	116060	
30137	116061	
30137	116062	
30137	116065	
30137	116078	
30137	116082	
30137	116085	
30137	116092	
30137	116094	
30137	116095	
30137	116096	
30137	116101	
30137	116111	
30137	116121	
30137	116128	
30137	116129	
30137	116137	
30137	116145	
30137	116146	
30137	116148	
30137	116205	
30137	116244	
30137	116245	
30137	116266	
30137	116275	
30137	116307	
30137	116328	
30137	116343	
30137	116737	
30137	116744	
30137	116761	
30137	116763	
30137	116764	
30137	116769	
30137	116873	
30137	123737	
30137	208035	
30137	208036	
30137	212094	
30137	212374	
30137	212380	
30137	212409	
30137	212428	
30137	212429	
30137	212437	
30137	212689	
30137	212691	
30137	212699	
30137	214970	
30137	218277	
30137	246031	
30137	266972	
30137	289325	
30137	290074	
30137	293502	
30137	294056	
30137	294070	
30137	336674	
30137	339105	
30137	349716	
30137	353837	
30137	353897	
30137	355533	
30137	355823	
30137	355926	
30137	356202	
30137	356224	
30137	356282	
30137	358048	
30137	358686	
30137	364063	
30137	364067	
30137	364085	
30137	364089	
30137	366516	
30137	367446	
30137	368065	
30137	368067	
30137	368072	
30137	368076	
30137	368092	
30137	368112	
30137	369633	
30137	370939	
30137	395706	
30137	402996	
30137	404436	
30137	405521	
30137	405527	
30137	405537	
30137	406046	
30137	406065	
30137	406070	
30137	406083	
30137	406086	
30137	406107	
30137	406110	
30137	406114	
30137	406122	
30137	409677	
30137	413415	
30137	413727	
30137	413729	
30137	413757	
30137	413761	
30137	414666	
30137	414674	
30137	414700	
30137	416111	
30137	416112	
30137	416113	
30137	416130	
30137	416149	
30137	416175	
30137	416217	
30137	417944	
30137	418968	
30137	419779	
30137	423474	
30137	424988	
30137	424989	
30137	426514	
30137	427192	
30137	428411	
30137	429190	
30137	431199	
30137	478957	
30137	519762	
30137	522429	
30137	522771	
30137	523994	
30137	523995	
30137	524004	
30137	524013	
30137	524039	
30137	524663	
30137	527821	
30137	531257	
30137	532654	
30137	533210	
30137	533213	
30137	537644	
