42610	1011466	
43031	1011466	
43296	1011466	
55895	1011466	
55904	1011466	
55939	1011466	
55966	1011466	
42154	1011466	
42182	1011466	
42192	1011466	
42226	1011466	
42248	1011466	
42282	1011466	
42330	1011466	
42346	1011466	
42428	1011466	
42431	1011466	
42433	1011466	
42453	1011466	
42459	1011466	
42514	1011466	
42519	1011466	
42530	1011466	
42543	1011466	
42551	1011466	
42573	1011466	
42590	1011466	
42592	1011466	
42596	1011466	
42604	1011466	
42607	1011466	
42608	1011466	
42617	1011466	
42621	1011466	
42629	1011466	
42630	1011466	
42649	1011466	
42663	1011466	
42808	1011466	
42819	1011466	
42824	1011466	
42827	1011466	
42829	1011466	
42893	1011466	
42928	1011466	
42948	1011466	
42969	1011466	
42977	1011466	
42987	1011466	
43040	1011466	
43051	1011466	
43052	1011466	
43060	1011466	
43078	1011466	
43115	1011466	
43133	1011466	
43184	1011466	
43206	1011466	
43208	1011466	
43231	1011466	
43232	1011466	
43245	1011466	
43256	1011466	
43283	1011466	
43311	1011466	
43316	1011466	
43360	1011466	
43383	1011466	
43395	1011466	
43412	1011466	
43420	1011466	
43430	1011466	
43441	1011466	
43495	1011466	
43506	1011466	
43517	1011466	
43529	1011466	
43586	1011466	
43613	1011466	
43646	1011466	
43649	1011466	
43651	1011466	
43665	1011466	
43680	1011466	
43699	1011466	
43728	1011466	
43735	1011466	
43751	1011466	
43765	1011466	
43769	1011466	
43778	1011466	
43804	1011466	
43844	1011466	
43851	1011466	
43870	1011466	
43898	1011466	
43899	1011466	
43902	1011466	
43919	1011466	
43920	1011466	
43930	1011466	
43939	1011466	
43940	1011466	
44005	1011466	
44016	1011466	
44044	1011466	
44046	1011466	
44060	1011466	
44090	1011466	
44149	1011466	
44150	1011466	
44157	1011466	
44166	1011466	
44194	1011466	
44202	1011466	
44224	1011466	
44233	1011466	
44241	1011466	
51977	1011466	
51982	1011466	
51985	1011466	
51987	1011466	
65385	1011466	
71950	1011466	
192938	1011466	
189451	1011466	
195483	1011466	
195495	1011466	
195648	1011466	
248086	1011466	
248094	1011466	
248134	1011466	
248708	1011466	
248826	1011466	
248945	1011466	
249104	1011466	
249186	1011466	
249215	1011466	
249355	1011466	
249436	1011466	
249595	1011466	
249615	1011466	
249666	1011466	
307020	1011466	
307338	1011466	
307408	1011466	
307452	1011466	
355011	1011466	
355350	1011466	
356433	1011466	
356941	1011466	
357509	1011466	
357747	1011466	
359212	1011466	
359593	1011466	
360608	1011466	
360786	1011466	
361537	1011466	
361680	1011466	
362022	1011466	
363209	1011466	
364578	1011466	
364756	1011466	
377593	1011466	
377753	1011466	
442363	1011466	
446472	1011466	
455418	1011466	
471726	1011466	
471876	1011466	
460701	1011466	
463905	1011466	
477378	1011466	
468998	1011466	
476101	1011466	
476129	1011466	
476177	1011466	
476181	1011466	
476229	1011466	
476247	1011466	
476279	1011466	
476294	1011466	
476298	1011466	
476374	1011466	
476379	1011466	
476387	1011466	
476413	1011466	
476421	1011466	
476423	1011466	
476439	1011466	
476444	1011466	
476466	1011466	
476472	1011466	
476478	1011466	
476485	1011466	
476486	1011466	
476491	1011466	
476493	1011466	
476496	1011466	
476497	1011466	
497126	1011466	
497190	1011466	
497324	1011466	
497339	1011466	
497363	1011466	
534193	1011466	
710600	1011466	
702479	1011466	
714701	1011466	
722598	1011466	
722599	1011466	
739935	1011466	
825011	1011466	
973744	1011466	
988985	1011466	
989282	1011466	
989334	1011466	
990521	1011466	
991322	1011466	
991632	1011466	
991775	1011466	
991810	1011466	
991850	1011466	
991888	1011466	
991919	1011466	
992637	1011466	
999518	1011466	
999596	1011466	
999606	1011466	
999666	1011466	
999705	1011466	
1006640	1011466	
1006712	1011466	
1006842	1011466	
1007650	1011466	
1008366	1011466	
1009432	1011466	
1009808	1011466	
1010385	1011466	
990351	1011466	
991861	1011466	
992799	1011466	
1000191	1011466	
1006475	1011466	
990446	1011466	
990457	1011466	
990484	1011466	
989557	1011466	
990802	1011466	
990859	1011466	
991441	1011466	
991469	1011466	
991706	1011466	
991723	1011466	
991954	1011466	
992311	1011466	
992425	1011466	
999348	1011466	
999366	1011466	
999532	1011466	
999593	1011466	
999604	1011466	
999639	1011466	
999645	1011466	
1005921	1011466	
1005963	1011466	
1006008	1011466	
1006119	1011466	
1006581	1011466	
1006983	1011466	
1007161	1011466	
1007359	1011466	
1007366	1011466	
1007416	1011466	
1007588	1011466	
1007806	1011466	
1008473	1011466	
1008623	1011466	
1008941	1011466	
1009339	1011466	
1009464	1011466	
1009580	1011466	
1009670	1011466	
1010376	1011466	
1010670	1011466	
1011057	1011466	
1011071	1011466	
1011116	1011466	
1011204	1011466	
1011245	1011466	
1011332	1011466	
1011466	1011566	
1011466	1011743	
1011466	1011805	
1011466	1011848	
1011466	1012016	
1011466	1012166	
1011466	1012271	
1011466	1012414	
1011466	1012668	
1011466	1012678	
1011466	1012740	
1011466	1012750	
1011466	1012761	
1011466	1012804	
1011466	1012822	
1011466	1012877	
1011466	1012951	
1011466	1012957	
1011466	1012981	
1011466	1013002	
1011466	1013012	
1011466	1013045	
1011466	1013121	
1011466	1013156	
1011466	1013232	
1011466	1013234	
1011466	1013247	
1011466	1013262	
1011466	1016673	
1011466	1018890	
1011466	1026429	
1011466	1027754	
1011466	1030390	
1011466	1032687	
1011466	1032719	
1011466	1033049	
1011466	1033050	
1011466	1033244	
1011466	1033247	
1011466	1033282	
1011466	1036645	
1011466	1042314	
1011466	1046630	
1011466	1047916	
1011466	1051786	
1011466	1052330	
1011466	1052992	
1011466	1055723	
1011466	1058021	
1011466	1063111	
1011466	1063246	
1011466	1063312	
1011466	1070932	
1011466	1072028	
1011466	1073022	
1011466	1074193	
1011466	1077754	
1011466	1080264	
1011466	1083984	
1011466	1090604	
1011466	1093148	
1011466	1093199	
1011466	1093371	
1011466	1094536	
1011466	1100813	
1011466	1104798	
1011466	1104963	
1011466	1108902	
1011466	1109152	
1011466	1111564	
1011466	1112099	
1011466	1118008	
1011466	1123317	
1011466	1130251	
1011466	1130490	
1011466	1130633	
1011466	1130993	
1011466	1132141	
1011466	1132164	
1011466	1132199	
1011466	1132217	
1011466	1132218	
1011466	1132552	
1011466	1137617	
1011466	1137625	
1011466	1138365	
1011466	1139010	
1011466	1148286	
1011466	1154791	
1011466	1154799	
1011466	1156775	
1011466	1157336	
1011466	1159223	
1011466	1170738	
1011466	1175182	
1011466	1175549	
1011466	1190041	
1011466	1190748	
1011466	1191181	
1011466	1199731	
1011466	1218798	
1011466	1220470	
1011466	1220821	
1011466	1220897	
1011466	1220921	
1011466	1226748	
1011466	1232201	
1011466	1233233	
1011466	1235365	
1011466	1236193	
1011466	1237890	
1011466	1238836	
1011466	1244810	
1011466	1244876	
1011466	1244915	
1011466	1258989	
1011466	1266682	
1011466	1274430	
1011466	1274796	
1011466	1283807	
1011466	1307070	
1011466	1317657	
1011466	1325319	
1011466	1326119	
1011466	1326258	
1011466	1344759	
1011466	1345155	
1011466	1349602	
1011466	1362302	
1011466	1364089	
1011466	1364279	
1011466	1364346	
1011466	1370160	
1011466	1376575	
1011466	1406330	
1011466	1406390	
1011466	1406409	
1011466	1415899	
1011466	1416128	
1011466	1425489	
1011466	1441514	
1011466	1451185	
1011466	1459414	
1011466	1459451	
1011466	1459463	
1011466	1465192	
1011466	1483224	
1011466	1512780	
1011466	1518173	
1011466	1518652	
1011466	1528854	
1011466	1529102	
1011466	1529832	
1011466	1537841	
1011466	1540205	
1011466	1540786	
1011466	1542395	
1011466	1544276	
1011466	1544336	
1011466	1544474	
1011466	1544484	
1011466	1544487	
1011466	1544539	
1011466	1548635	
1011466	1548646	
1011466	1548854	
1011466	1548993	
1011466	1574935	
1011466	1588443	
1011466	1600989	
1011466	1626818	
1011466	1638853	
1011466	1644828	
1011466	1651015	
1011466	1653849	
1011466	1656764	
1011466	1688848	
1011466	1688852	
1011466	1709693	
1011466	1716183	
1011466	1725652	
1011466	1727013	
1011466	1732183	
1011466	1740538	
1011466	1747281	
1011466	1747383	
1011466	1761571	
1011466	1767427	
1011466	1769968	
1011466	1779762	
1011466	1835953	
1011466	1854740	
1011466	1873178	
1011466	2083552	
1011466	2102756	
1011466	2264151	
1011466	2339323	
1011466	2349794	
1011466	2349801	
1011466	2349885	
1011466	2349912	
1011466	2350046	
1011466	2350081	
1011466	2350092	
1011466	2350111	
1011466	2350122	
1011466	2350161	
1011466	2350172	
1011466	2350182	
1011466	2350187	
1011466	2350201	
1011466	2350264	
1011466	2350277	
1011466	2350289	
1011466	2350313	
1011466	2350344	
1011466	2350373	
1011466	2350392	
1011466	2350404	
1011466	2350406	
1011466	2350430	
1011466	2350433	
1011466	2350450	
1011466	2350476	
1011466	2350517	
1011466	2350528	
1011466	2350533	
1011466	2350545	
1011466	2350556	
1011466	2350580	
1011466	2350592	
1011466	2350601	
1011466	2350609	
1011466	2350611	
1011466	2350634	
1011466	2350636	
1011466	2350652	
1011466	2350657	
1011466	2350659	
1011466	2350695	
1011466	2350699	
1011466	2350711	
1011466	2350740	
1011466	2350742	
1011466	2350750	
1011466	2350772	
1011466	2350773	
1011466	2350788	
1011466	2483842	
1011466	2601251	
1011466	2736680	
1011466	2747854	
1011466	2749228	
991971	1011466	
999392	1011466	
999405	1011466	
999547	1011466	
999562	1011466	
999618	1011466	
999644	1011466	
999653	1011466	
999665	1011466	
999692	1011466	
999698	1011466	
999711	1011466	
999715	1011466	
991157	1011466	
9033	65385	
20312	43031	
20312	43613	
1474	65385	
5913	43115	
3941	192938	
26312	65385	
6188	65385	
4584	43420	
4830	65385	
4853	42154	
4853	43296	
4853	248086	
4853	248094	
4853	248134	
4857	42154	
4857	42226	
4857	42431	
4857	42592	
4857	42621	
4857	42829	
4857	44149	
4857	51977	
4857	195648	
4857	248708	
4857	248826	
4857	248945	
4857	249104	
4857	249186	
4857	249215	
4857	249355	
4857	249436	
4857	249595	
4857	249615	
4857	249666	
3220	192938	
3295	189451	
3482	51977	
3482	195483	
3482	195495	
3482	195648	
1079	65385	
674	42610	
691	43031	
691	43296	
691	55895	
691	55904	
691	55939	
691	55966	
692	42154	
692	42182	
692	42192	
692	42226	
692	42248	
692	42282	
692	42330	
692	42346	
692	42428	
692	42431	
692	42433	
692	42453	
692	42459	
692	42514	
692	42519	
692	42530	
692	42543	
692	42551	
692	42573	
692	42590	
692	42592	
692	42596	
692	42604	
692	42607	
692	42608	
692	42610	
692	42617	
692	42621	
692	42629	
692	42630	
692	42649	
692	42663	
692	42808	
692	42819	
692	42824	
692	42827	
692	42829	
692	42893	
692	42928	
692	42948	
692	42969	
692	42977	
692	42987	
692	43031	
692	43040	
692	43051	
692	43052	
692	43060	
692	43078	
692	43115	
692	43133	
692	43184	
692	43206	
692	43208	
692	43231	
692	43232	
692	43245	
692	43256	
692	43283	
692	43296	
692	43311	
692	43316	
692	43360	
692	43383	
692	43395	
692	43412	
692	43420	
692	43430	
692	43441	
692	43495	
692	43506	
692	43517	
692	43529	
692	43586	
692	43613	
692	43646	
692	43649	
692	43651	
692	43665	
692	43680	
692	43699	
692	43728	
692	43735	
692	43751	
692	43765	
692	43769	
692	43778	
692	43804	
692	43844	
692	43851	
692	43870	
692	43898	
692	43899	
692	43902	
692	43919	
692	43920	
692	43930	
692	43939	
692	43940	
692	44005	
692	44016	
692	44044	
692	44046	
692	44060	
692	44090	
692	44149	
692	44150	
692	44157	
692	44166	
692	44194	
692	44202	
692	44224	
692	44233	
692	44241	
692	360608	
700	42431	
700	42987	
700	51977	
700	51982	
700	51985	
700	51987	
12530	192938	
1235	71950	
6748	65385	
6808	42248	
6808	43495	
6808	43665	
6808	43728	
6808	307020	
6808	307338	
6808	307408	
6808	307452	
5006	65385	
7757	43115	
13196	43296	
13196	43899	
13196	51982	
13196	55904	
13196	477378	
13196	534193	
9161	65385	
14702	476478	
14703	65385	
8123	42154	
8123	42226	
8123	42248	
8123	42459	
8123	42514	
8123	42543	
8123	42590	
8123	42604	
8123	42610	
8123	42630	
8123	42808	
8123	42824	
8123	42829	
8123	43031	
8123	43060	
8123	43115	
8123	43184	
8123	43208	
8123	43231	
8123	43256	
8123	43360	
8123	43517	
8123	43769	
8123	43778	
8123	43870	
8123	51977	
8123	51987	
8123	189451	
8123	195483	
8123	248945	
8123	249436	
8123	355011	
8123	355350	
8123	356433	
8123	356941	
8123	357509	
8123	357747	
8123	359212	
8123	359593	
8123	360608	
8123	360786	
8123	361537	
8123	361680	
8123	362022	
8123	363209	
8123	364578	
8123	364756	
8123	1006712	
8123	1007416	
8175	42596	
8175	42604	
8175	42610	
8175	42630	
8175	55939	
8175	356941	
8175	357747	
8175	377593	
8175	377753	
8177	42596	
8177	51977	
8177	248945	
9123	192938	
10808	442363	
10928	42610	
10928	65385	
10928	189451	
10928	248086	
10928	446472	
10931	42604	
10931	42649	
10931	43613	
10931	51985	
10931	248945	
10931	307452	
10931	455418	
11066	42596	
11066	42610	
11066	42977	
11066	43245	
11066	249186	
11066	360608	
11066	471726	
11066	471876	
11067	65385	
11068	42630	
11068	43430	
11068	248086	
11068	307452	
11068	460701	
11076	463905	
11081	42592	
11082	195648	
11091	248945	
11091	477378	
11100	43296	
11101	42226	
11101	42431	
11101	42433	
11101	42530	
11101	42592	
11101	42607	
11101	42621	
11101	42630	
11101	42827	
11101	42987	
11101	43031	
11101	43040	
11101	43051	
11101	43052	
11101	43115	
11101	43311	
11101	43430	
11101	43651	
11101	43680	
11101	43735	
11101	43751	
11101	43769	
11101	43844	
11101	43902	
11101	43940	
11101	44224	
11101	248086	
11101	248134	
11101	249355	
11101	307452	
11101	357747	
11101	463905	
11101	468998	
11101	476101	
11101	476129	
11101	476177	
11101	476181	
11101	476229	
11101	476247	
11101	476279	
11101	476294	
11101	476298	
11101	476374	
11101	476379	
11101	476387	
11101	476413	
11101	476421	
11101	476423	
11101	476439	
11101	476444	
11101	476466	
11101	476472	
11101	476478	
11101	476485	
11101	476486	
11101	476491	
11101	476493	
11101	476496	
11101	476497	
11111	42663	
11111	43133	
11117	42182	
11117	42226	
11117	42431	
11117	42453	
11117	42592	
11117	42621	
11117	42630	
11117	43031	
11117	43051	
11117	43256	
11117	43311	
11117	43430	
11117	43651	
11117	43680	
11117	43735	
11117	43751	
11117	43902	
11117	43940	
11117	44202	
11117	44224	
11117	248134	
11117	356433	
11117	357747	
11117	460701	
11117	463905	
11117	468998	
11117	476229	
11117	476279	
11117	476294	
11117	476374	
11117	476379	
11117	476387	
11117	476413	
11117	476421	
11117	476444	
11117	476466	
11117	476472	
11117	476478	
11117	476486	
11117	476491	
11117	476493	
11117	476496	
11117	497126	
11117	497190	
11117	497324	
11117	497339	
11117	497363	
11118	42808	
11122	42551	
11122	43778	
11122	248134	
11122	307338	
11135	42192	
11135	43430	
11135	55966	
11135	468998	
11606	65385	
28776	43939	
12174	42827	
12176	43506	
13298	65385	
35840	192938	
30247	825011	
30415	192938	
16490	65385	
15949	65385	
60589	991723	
36737	192938	
36870	192938	
36902	192938	
36949	192938	
36969	192938	
37031	192938	
23462	42154	
23462	42282	
23462	42604	
23462	42610	
23462	42630	
23462	65385	
23462	249436	
23462	355011	
23462	356941	
23462	357747	
23496	43296	
23504	722598	
23504	722599	
23508	442363	
23508	534193	
22385	65385	
22400	702479	
32592	65385	
32670	43420	
22823	714701	
22911	43115	
18821	42610	
19370	192938	
22107	192938	
22142	710600	
22192	43115	
24078	739935	
29824	65385	
26778	739935	
40697	65385	
47480	195495	
47480	356941	
47480	714701	
50357	992799	
39392	42182	
35830	192938	
34934	192938	
34808	307338	
34845	43040	
37492	65385	
34509	192938	
48056	65385	
48058	65385	
48108	248086	
48140	65385	
48150	192938	
40922	65385	
39702	65385	
38781	65385	
47897	65385	
36606	42154	
40253	65385	
40283	476379	
41532	42431	
41532	43899	
42396	42459	
42396	42514	
42396	42590	
42396	42596	
42396	42604	
42396	42610	
42396	42630	
42396	42808	
42396	42824	
42396	42827	
42396	42829	
42396	43031	
42396	43115	
42396	43420	
42396	43430	
42396	43665	
42396	43870	
42396	43930	
42396	44233	
42396	51977	
42396	51987	
42396	55939	
42396	65385	
42396	189451	
42396	195495	
42396	249355	
42396	249436	
42396	356433	
42396	356941	
42396	357509	
42396	357747	
42396	359212	
42396	359593	
42396	364578	
42396	364756	
42396	455418	
42396	476478	
42396	989334	
42396	989557	
42396	990351	
42396	990446	
42396	991850	
42396	991861	
42396	999639	
42396	1005921	
42396	1006712	
42396	1007416	
42396	1011116	
42396	1011566	
42396	1012678	
42396	1012877	
42396	1012981	
42540	42543	
42540	42596	
42540	42604	
42540	42608	
42540	42610	
42540	42629	
42540	42663	
42540	42808	
42540	42819	
42540	42824	
42540	42829	
42540	42928	
42540	43031	
42540	43040	
42540	43078	
42540	43115	
42540	43184	
42540	43256	
42540	43296	
42540	43360	
42540	43383	
42540	43395	
42540	43420	
42540	43430	
42540	43441	
42540	43517	
42540	43613	
42540	43651	
42540	43665	
42540	43728	
42540	43735	
42540	43769	
42540	43778	
42540	43844	
42540	43870	
42540	43902	
42540	43919	
42540	43930	
42540	44005	
42540	44046	
42540	44157	
42540	44233	
42540	51977	
42540	51987	
42540	55939	
42540	189451	
42540	248708	
42540	248945	
42540	249186	
42540	249355	
42540	249436	
42540	249595	
42540	249615	
42540	307020	
42540	355011	
42540	355350	
42540	356433	
42540	356941	
42540	357509	
42540	359212	
42540	362022	
42540	364578	
42540	364756	
42540	455418	
42540	476101	
42540	476247	
42540	476421	
42540	476439	
42540	476478	
42540	825011	
42540	989334	
42540	989557	
42540	990351	
42540	990446	
42540	990457	
42540	990484	
42540	991632	
42540	991850	
42540	991861	
42540	991888	
42540	999562	
42540	999666	
42540	1005921	
42540	1006712	
42540	1007366	
42540	1007416	
42540	1010376	
42540	1012822	
42540	1012877	
42540	1013247	
42540	1258989	
42610	42613	
42610	42620	
42610	42621	
42610	42623	
42610	42625	
42610	42631	
42610	42633	
42610	42634	
42610	42643	
42610	42645	
42610	42652	
42610	42653	
42610	42654	
42610	42655	
42610	42657	
42610	42658	
42610	42661	
42610	42663	
42610	42670	
42610	42672	
42610	42680	
42610	42681	
42610	42690	
42610	42693	
42610	42699	
42610	42706	
42610	42708	
42610	42709	
42610	42710	
42610	42717	
42610	42719	
42610	42722	
42610	42727	
42610	42738	
42610	42742	
42610	42745	
42610	42754	
42610	42759	
42610	42760	
42610	42774	
42610	42776	
42610	42780	
42610	42783	
42610	42789	
42610	42800	
42610	42806	
42610	42807	
42610	42808	
42610	42809	
42610	42813	
42610	42819	
42610	42823	
42610	42824	
42610	42827	
42610	42829	
42610	42835	
42610	42838	
42610	42850	
42610	42854	
42610	42863	
42610	42864	
42610	42877	
42610	42878	
42610	42879	
42610	42883	
42610	42885	
42610	42893	
42610	42897	
42610	42902	
42610	42906	
42610	42910	
42610	42911	
42610	42918	
42610	42919	
42610	42922	
42610	42928	
42610	42932	
42610	42939	
42610	42950	
42610	42953	
42610	42954	
42610	42955	
42610	42964	
42610	42965	
42610	42967	
42610	42970	
42610	42977	
42610	42979	
42610	42982	
42610	42985	
42610	42986	
42610	43018	
42610	43027	
42610	43031	
42610	43040	
42610	43046	
42610	43049	
42610	43050	
42610	43052	
42610	43058	
42610	43076	
42610	43078	
42610	43085	
42610	43097	
42610	43099	
42610	43101	
42610	43106	
42610	43108	
42610	43115	
42610	43118	
42610	43124	
42610	43126	
42610	43129	
42610	43131	
42610	43133	
42610	43141	
42610	43143	
42610	43146	
42610	43152	
42610	43153	
42610	43156	
42610	43162	
42610	43163	
42610	43164	
42610	43168	
42610	43170	
42610	43172	
42610	43180	
42610	43183	
42610	43184	
42610	43190	
42610	43192	
42610	43200	
42610	43202	
42610	43204	
42610	43207	
42610	43209	
42610	43210	
42610	43211	
42610	43214	
42610	43217	
42610	43221	
42610	43222	
42610	43223	
42610	43231	
42610	43240	
42610	43246	
42610	43247	
42610	43248	
42610	43264	
42610	43273	
42610	43274	
42610	43293	
42610	43294	
42610	43304	
42610	43305	
42610	43307	
42610	43315	
42610	43319	
42610	43322	
42610	43324	
42610	43326	
42610	43329	
42610	43333	
42610	43335	
42610	43336	
42610	43345	
42610	43346	
42610	43353	
42610	43354	
42610	43356	
42610	43358	
42610	43367	
42610	43369	
42610	43374	
42610	43377	
42610	43379	
42610	43380	
42610	43381	
42610	43385	
42610	43387	
42610	43388	
42610	43390	
42610	43394	
42610	43403	
42610	43410	
42610	43411	
42610	43414	
42610	43417	
42610	43420	
42610	43424	
42610	43425	
42610	43429	
42610	43430	
42610	43432	
42610	43433	
42610	43435	
42610	43439	
42610	43441	
42610	43456	
42610	43461	
42610	43466	
42610	43468	
42610	43475	
42610	43477	
42610	43479	
42610	43480	
42610	43490	
42610	43493	
42610	43508	
42610	43512	
42610	43514	
42610	43516	
42610	43517	
42610	43521	
42610	43523	
42610	43524	
42610	43528	
42610	43531	
42610	43535	
42610	43538	
42610	43541	
42610	43542	
42610	43550	
42610	43560	
42610	43563	
42610	43575	
42610	43578	
42610	43581	
42610	43582	
42610	43586	
42610	43606	
42610	43607	
42610	43608	
42610	43611	
42610	43613	
42610	43617	
42610	43636	
42610	43638	
42610	43643	
42610	43650	
42610	43665	
42610	43666	
42610	43672	
42610	43676	
42610	43696	
42610	43705	
42610	43707	
42610	43718	
42610	43725	
42610	43733	
42610	43735	
42610	43745	
42610	43746	
42610	43748	
42610	43749	
42610	43750	
42610	43768	
42610	43769	
42610	43771	
42610	43774	
42610	43778	
42610	43800	
42610	43805	
42610	43806	
42610	43810	
42610	43817	
42610	43826	
42610	43830	
42610	43833	
42610	43839	
42610	43844	
42610	43850	
42610	43870	
42610	43872	
42610	43874	
42610	43875	
42610	43890	
42610	43902	
42610	43909	
42610	43910	
42610	43913	
42610	43919	
42610	43922	
42610	43930	
42610	43941	
42610	43947	
42610	43953	
42610	43959	
42610	43960	
42610	43972	
42610	43979	
42610	43988	
42610	43998	
42610	43999	
42610	44009	
42610	44023	
42610	44035	
42610	44052	
42610	44053	
42610	44079	
42610	44092	
42610	44108	
42610	44112	
42610	44157	
42610	44170	
42610	44175	
42610	44188	
42610	44195	
42610	44199	
42610	44200	
42610	44205	
42610	44206	
42610	44209	
42610	44233	
42610	44239	
42610	44273	
42610	44277	
42610	46278	
42610	46409	
42610	46420	
42610	46432	
42610	46436	
42610	47480	
42610	51977	
42610	51979	
42610	51985	
42610	51986	
42610	51987	
42610	52508	
42610	55769	
42610	55904	
42610	55939	
42610	55966	
42610	55991	
42610	57453	
42610	59381	
42610	63300	
42610	65385	
42610	66211	
42610	71942	
42610	74792	
42610	74797	
42610	79065	
42610	79087	
42610	81315	
42610	83415	
42610	87134	
42610	95061	
42610	95120	
42610	95149	
42610	108841	
42610	108944	
42610	117579	
42610	132370	
42610	134947	
42610	161865	
42610	166337	
42610	173815	
42610	175783	
42610	180568	
42610	182468	
42610	183339	
42610	183376	
42610	189451	
42610	189457	
42610	194386	
42610	195648	
42610	195727	
42610	212093	
42610	224070	
42610	229487	
42610	229531	
42610	229584	
42610	229720	
42610	229819	
42610	229912	
42610	230081	
42610	230170	
42610	233918	
42610	233922	
42610	243808	
42610	244502	
42610	247682	
42610	247706	
42610	247945	
42610	248294	
42610	248300	
42610	248328	
42610	248342	
42610	248353	
42610	248422	
42610	248473	
42610	248504	
42610	248512	
42610	248552	
42610	248577	
42610	248585	
42610	248586	
42610	248587	
42610	248590	
42610	248594	
42610	248595	
42610	248599	
42610	248600	
42610	248603	
42610	248611	
42610	248612	
42610	248613	
42610	248616	
42610	248629	
42610	248631	
42610	248638	
42610	248643	
42610	248644	
42610	248648	
42610	248654	
42610	248655	
42610	248658	
42610	248662	
42610	248666	
42610	248674	
42610	248679	
42610	248691	
42610	248695	
42610	248698	
42610	248701	
42610	248702	
42610	248708	
42610	248712	
42610	248714	
42610	248723	
42610	248724	
42610	248739	
42610	248743	
42610	248746	
42610	248747	
42610	248748	
42610	248751	
42610	248756	
42610	248758	
42610	248760	
42610	248765	
42610	248771	
42610	248774	
42610	248775	
42610	248781	
42610	248786	
42610	248792	
42610	248793	
42610	248796	
42610	248801	
42610	248803	
42610	248810	
42610	248811	
42610	248814	
42610	248815	
42610	248822	
42610	248828	
42610	248834	
42610	248835	
42610	248837	
42610	248838	
42610	248848	
42610	248858	
42610	248859	
42610	248870	
42610	248872	
42610	248877	
42610	248878	
42610	248887	
42610	248888	
42610	248890	
42610	248898	
42610	248905	
42610	248911	
42610	248918	
42610	248924	
42610	248928	
42610	248929	
42610	248931	
42610	248933	
42610	248937	
42610	248943	
42610	248945	
42610	248948	
42610	248955	
42610	248956	
42610	248957	
42610	248959	
42610	248969	
42610	248972	
42610	248977	
42610	248980	
42610	248985	
42610	248989	
42610	248992	
42610	248994	
42610	248996	
42610	248997	
42610	248999	
42610	249006	
42610	249012	
42610	249015	
42610	249017	
42610	249024	
42610	249025	
42610	249027	
42610	249029	
42610	249035	
42610	249038	
42610	249039	
42610	249041	
42610	249046	
42610	249047	
42610	249048	
42610	249051	
42610	249052	
42610	249059	
42610	249060	
42610	249061	
42610	249066	
42610	249070	
42610	249071	
42610	249087	
42610	249088	
42610	249090	
42610	249091	
42610	249094	
42610	249103	
42610	249104	
42610	249111	
42610	249113	
42610	249130	
42610	249138	
42610	249139	
42610	249145	
42610	249149	
42610	249152	
42610	249161	
42610	249169	
42610	249171	
42610	249174	
42610	249177	
42610	249178	
42610	249180	
42610	249186	
42610	249188	
42610	249191	
42610	249199	
42610	249207	
42610	249209	
42610	249211	
42610	249212	
42610	249217	
42610	249219	
42610	249222	
42610	249232	
42610	249236	
42610	249238	
42610	249239	
42610	249240	
42610	249245	
42610	249249	
42610	249255	
42610	249259	
42610	249260	
42610	249261	
42610	249264	
42610	249268	
42610	249274	
42610	249281	
42610	249282	
42610	249283	
42610	249288	
42610	249291	
42610	249296	
42610	249300	
42610	249301	
42610	249303	
42610	249305	
42610	249306	
42610	249307	
42610	249315	
42610	249316	
42610	249324	
42610	249328	
42610	249329	
42610	249330	
42610	249333	
42610	249336	
42610	249341	
42610	249352	
42610	249354	
42610	249362	
42610	249366	
42610	249368	
42610	249370	
42610	249372	
42610	249376	
42610	249377	
42610	249385	
42610	249389	
42610	249399	
42610	249400	
42610	249402	
42610	249403	
42610	249405	
42610	249409	
42610	249419	
42610	249421	
42610	249426	
42610	249427	
42610	249433	
42610	249438	
42610	249446	
42610	249447	
42610	249448	
42610	249460	
42610	249466	
42610	249472	
42610	249474	
42610	249477	
42610	249481	
42610	249482	
42610	249483	
42610	249487	
42610	249491	
42610	249494	
42610	249503	
42610	249505	
42610	249510	
42610	249522	
42610	249525	
42610	249528	
42610	249530	
42610	249554	
42610	249556	
42610	249562	
42610	249564	
42610	249566	
42610	249567	
42610	249589	
42610	249590	
42610	249593	
42610	249594	
42610	249599	
42610	249610	
42610	249617	
42610	249625	
42610	249636	
42610	249639	
42610	249656	
42610	249670	
42610	249672	
42610	282696	
42610	289655	
42610	297710	
42610	299255	
42610	306943	
42610	306990	
42610	307020	
42610	307039	
42610	307059	
42610	307166	
42610	307224	
42610	307320	
42610	307338	
42610	307344	
42610	312610	
42610	329369	
42610	341740	
42610	342844	
42610	346747	
42610	346748	
42610	346749	
42610	346772	
42610	346801	
42610	347738	
42610	347836	
42610	348083	
42610	348246	
42610	348550	
42610	349122	
42610	349868	
42610	351275	
42610	351384	
42610	351761	
42610	352151	
42610	353286	
42610	353422	
42610	353662	
42610	353683	
42610	353685	
42610	353700	
42610	353704	
42610	353711	
42610	353717	
42610	353746	
42610	353760	
42610	353769	
42610	353776	
42610	353777	
42610	353806	
42610	353818	
42610	353824	
42610	353845	
42610	353853	
42610	353868	
42610	353870	
42610	353875	
42610	353886	
42610	353893	
42610	353908	
42610	353927	
42610	353950	
42610	353952	
42610	353968	
42610	353987	
42610	353990	
42610	353994	
42610	354015	
42610	354024	
42610	354025	
42610	354052	
42610	354055	
42610	354061	
42610	354066	
42610	354069	
42610	354087	
42610	354100	
42610	354104	
42610	354115	
42610	354123	
42610	354129	
42610	354133	
42610	354146	
42610	354159	
42610	354171	
42610	354180	
42610	354183	
42610	354186	
42610	354195	
42610	354196	
42610	354202	
42610	354209	
42610	354218	
42610	354223	
42610	354235	
42610	354249	
42610	354261	
42610	354273	
42610	354291	
42610	354308	
42610	354323	
42610	354340	
42610	354345	
42610	354371	
42610	354376	
42610	354388	
42610	354394	
42610	354399	
42610	354400	
42610	354401	
42610	354405	
42610	354414	
42610	354419	
42610	354429	
42610	354432	
42610	354451	
42610	354475	
42610	354477	
42610	354481	
42610	354483	
42610	354496	
42610	354509	
42610	354518	
42610	354539	
42610	354542	
42610	354545	
42610	354552	
42610	354569	
42610	354573	
42610	354581	
42610	354602	
42610	354612	
42610	354623	
42610	354624	
42610	354633	
42610	354634	
42610	354635	
42610	354639	
42610	354640	
42610	354658	
42610	354701	
42610	354702	
42610	354704	
42610	354707	
42610	354714	
42610	354716	
42610	354720	
42610	354723	
42610	354727	
42610	354729	
42610	354730	
42610	354758	
42610	354766	
42610	354773	
42610	354775	
42610	354783	
42610	354787	
42610	354790	
42610	354793	
42610	354800	
42610	354803	
42610	354811	
42610	354822	
42610	354844	
42610	354852	
42610	354857	
42610	354861	
42610	354867	
42610	354869	
42610	354874	
42610	354876	
42610	354893	
42610	354902	
42610	354911	
42610	354918	
42610	354928	
42610	354931	
42610	354935	
42610	354937	
42610	354953	
42610	354954	
42610	354967	
42610	354983	
42610	355004	
42610	355013	
42610	355014	
42610	355017	
42610	355020	
42610	355033	
42610	355034	
42610	355046	
42610	355054	
42610	355066	
42610	355095	
42610	355114	
42610	355118	
42610	355139	
42610	355145	
42610	355146	
42610	355147	
42610	355175	
42610	355177	
42610	355191	
42610	355193	
42610	355200	
42610	355203	
42610	355206	
42610	355221	
42610	355251	
42610	355267	
42610	355285	
42610	355288	
42610	355306	
42610	355319	
42610	355325	
42610	355335	
42610	355337	
42610	355338	
42610	355350	
42610	355360	
42610	355366	
42610	355378	
42610	355392	
42610	355399	
42610	355408	
42610	355436	
42610	355446	
42610	355460	
42610	355479	
42610	355483	
42610	355516	
42610	355530	
42610	355537	
42610	355557	
42610	355562	
42610	355571	
42610	355597	
42610	355617	
42610	355634	
42610	355637	
42610	355645	
42610	355646	
42610	355647	
42610	355648	
42610	355654	
42610	355689	
42610	355696	
42610	355709	
42610	355710	
42610	355715	
42610	355735	
42610	355740	
42610	355746	
42610	355759	
42610	355768	
42610	355772	
42610	355773	
42610	355775	
42610	355779	
42610	355781	
42610	355782	
42610	355795	
42610	355817	
42610	355820	
42610	355824	
42610	355827	
42610	355840	
42610	355845	
42610	355852	
42610	355857	
42610	355858	
42610	355860	
42610	355866	
42610	355867	
42610	355873	
42610	355874	
42610	355878	
42610	355879	
42610	355880	
42610	355887	
42610	355896	
42610	355899	
42610	355902	
42610	355915	
42610	355919	
42610	355931	
42610	355935	
42610	355938	
42610	355964	
42610	355968	
42610	355981	
42610	355988	
42610	355989	
42610	355998	
42610	356001	
42610	356004	
42610	356005	
42610	356028	
42610	356049	
42610	356052	
42610	356054	
42610	356059	
42610	356062	
42610	356073	
42610	356084	
42610	356090	
42610	356093	
42610	356099	
42610	356100	
42610	356102	
42610	356107	
42610	356112	
42610	356116	
42610	356120	
42610	356123	
42610	356130	
42610	356151	
42610	356153	
42610	356159	
42610	356171	
42610	356176	
42610	356182	
42610	356184	
42610	356196	
42610	356200	
42610	356212	
42610	356225	
42610	356227	
42610	356239	
42610	356243	
42610	356244	
42610	356258	
42610	356294	
42610	356295	
42610	356296	
42610	356300	
42610	356303	
42610	356306	
42610	356309	
42610	356359	
42610	356385	
42610	356391	
42610	356404	
42610	356407	
42610	356409	
42610	356411	
42610	356424	
42610	356432	
42610	356433	
42610	356442	
42610	356448	
42610	356451	
42610	356458	
42610	356471	
42610	356475	
42610	356496	
42610	356504	
42610	356523	
42610	356541	
42610	356543	
42610	356557	
42610	356567	
42610	356569	
42610	356592	
42610	356596	
42610	356601	
42610	356603	
42610	356615	
42610	356622	
42610	356623	
42610	356633	
42610	356650	
42610	356653	
42610	356656	
42610	356666	
42610	356670	
42610	356672	
42610	356673	
42610	356685	
42610	356707	
42610	356712	
42610	356731	
42610	356734	
42610	356751	
42610	356757	
42610	356775	
42610	356777	
42610	356789	
42610	356792	
42610	356794	
42610	356798	
42610	356805	
42610	356816	
42610	356845	
42610	356846	
42610	356864	
42610	356865	
42610	356870	
42610	356883	
42610	356891	
42610	356896	
42610	356906	
42610	356908	
42610	356927	
42610	356941	
42610	356944	
42610	356946	
42610	356958	
42610	356970	
42610	356972	
42610	356973	
42610	356988	
42610	357006	
42610	357007	
42610	357012	
42610	357024	
42610	357029	
42610	357036	
42610	357038	
42610	357044	
42610	357059	
42610	357060	
42610	357089	
42610	357095	
42610	357098	
42610	357099	
42610	357107	
42610	357133	
42610	357143	
42610	357148	
42610	357163	
42610	357164	
42610	357181	
42610	357197	
42610	357199	
42610	357211	
42610	357213	
42610	357229	
42610	357235	
42610	357255	
42610	357263	
42610	357270	
42610	357285	
42610	357287	
42610	357291	
42610	357296	
42610	357299	
42610	357310	
42610	357334	
42610	357337	
42610	357340	
42610	357345	
42610	357348	
42610	357351	
42610	357354	
42610	357357	
42610	357370	
42610	357373	
42610	357385	
42610	357391	
42610	357402	
42610	357403	
42610	357404	
42610	357406	
42610	357407	
42610	357408	
42610	357425	
42610	357450	
42610	357456	
42610	357462	
42610	357470	
42610	357481	
42610	357484	
42610	357492	
42610	357504	
42610	357508	
42610	357509	
42610	357535	
42610	357537	
42610	357542	
42610	357551	
42610	357559	
42610	357568	
42610	357587	
42610	357590	
42610	357608	
42610	357624	
42610	357642	
42610	357660	
42610	357696	
42610	357707	
42610	357710	
42610	357711	
42610	357713	
42610	357718	
42610	357727	
42610	357738	
42610	357743	
42610	357750	
42610	357753	
42610	357758	
42610	357771	
42610	357781	
42610	357784	
42610	357803	
42610	357804	
42610	357806	
42610	357809	
42610	357821	
42610	357844	
42610	357848	
42610	357855	
42610	357868	
42610	357876	
42610	357883	
42610	357890	
42610	357902	
42610	357904	
42610	357911	
42610	357921	
42610	357926	
42610	357927	
42610	357938	
42610	357942	
42610	357944	
42610	357945	
42610	357947	
42610	357980	
42610	357983	
42610	357988	
42610	357996	
42610	358003	
42610	358008	
42610	358024	
42610	358025	
42610	358031	
42610	358033	
42610	358058	
42610	358099	
42610	358120	
42610	358124	
42610	358129	
42610	358140	
42610	358142	
42610	358148	
42610	358154	
42610	358156	
42610	358158	
42610	358161	
42610	358162	
42610	358178	
42610	358179	
42610	358191	
42610	358217	
42610	358219	
42610	358226	
42610	358233	
42610	358244	
42610	358254	
42610	358267	
42610	358270	
42610	358279	
42610	358283	
42610	358285	
42610	358289	
42610	358291	
42610	358297	
42610	358307	
42610	358324	
42610	358327	
42610	358335	
42610	358336	
42610	358345	
42610	358350	
42610	358355	
42610	358366	
42610	358372	
42610	358377	
42610	358398	
42610	358400	
42610	358411	
42610	358412	
42610	358427	
42610	358433	
42610	358462	
42610	358463	
42610	358469	
42610	358477	
42610	358484	
42610	358498	
42610	358501	
42610	358509	
42610	358511	
42610	358521	
42610	358524	
42610	358528	
42610	358558	
42610	358560	
42610	358571	
42610	358581	
42610	358585	
42610	358592	
42610	358606	
42610	358637	
42610	358644	
42610	358646	
42610	358678	
42610	358681	
42610	358688	
42610	358696	
42610	358701	
42610	358703	
42610	358716	
42610	358723	
42610	358726	
42610	358747	
42610	358750	
42610	358756	
42610	358765	
42610	358775	
42610	358801	
42610	358816	
42610	358817	
42610	358826	
42610	358831	
42610	358832	
42610	358847	
42610	358848	
42610	358853	
42610	358862	
42610	358874	
42610	358892	
42610	358895	
42610	358917	
42610	358921	
42610	358937	
42610	358945	
42610	358946	
42610	358948	
42610	358956	
42610	358958	
42610	358980	
42610	359001	
42610	359017	
42610	359018	
42610	359021	
42610	359032	
42610	359042	
42610	359043	
42610	359058	
42610	359060	
42610	359062	
42610	359065	
42610	359077	
42610	359087	
42610	359098	
42610	359107	
42610	359111	
42610	359124	
42610	359128	
42610	359136	
42610	359154	
42610	359156	
42610	359160	
42610	359161	
42610	359163	
42610	359166	
42610	359170	
42610	359183	
42610	359195	
42610	359218	
42610	359225	
42610	359228	
42610	359261	
42610	359264	
42610	359285	
42610	359299	
42610	359302	
42610	359337	
42610	359372	
42610	359413	
42610	359434	
42610	359449	
42610	359450	
42610	359453	
42610	359472	
42610	359503	
42610	359513	
42610	359515	
42610	359526	
42610	359547	
42610	359570	
42610	359573	
42610	359593	
42610	359619	
42610	359635	
42610	359637	
42610	359642	
42610	359644	
42610	359652	
42610	359654	
42610	359659	
42610	359683	
42610	359691	
42610	359697	
42610	359706	
42610	359712	
42610	359735	
42610	359742	
42610	359743	
42610	359771	
42610	359772	
42610	359817	
42610	359838	
42610	359845	
42610	359848	
42610	359869	
42610	359874	
42610	359878	
42610	359890	
42610	359891	
42610	359895	
42610	359922	
42610	359941	
42610	359943	
42610	359946	
42610	359947	
42610	359968	
42610	359979	
42610	359985	
42610	360011	
42610	360023	
42610	360027	
42610	360032	
42610	360052	
42610	360060	
42610	360061	
42610	360067	
42610	360075	
42610	360084	
42610	360087	
42610	360102	
42610	360115	
42610	360152	
42610	360164	
42610	360168	
42610	360193	
42610	360216	
42610	360248	
42610	360254	
42610	360270	
42610	360277	
42610	360279	
42610	360281	
42610	360294	
42610	360321	
42610	360331	
42610	360352	
42610	360355	
42610	360360	
42610	360365	
42610	360415	
42610	360424	
42610	360434	
42610	360452	
42610	360463	
42610	360464	
42610	360481	
42610	360483	
42610	360495	
42610	360511	
42610	360516	
42610	360526	
42610	360529	
42610	360539	
42610	360590	
42610	360611	
42610	360616	
42610	360624	
42610	360626	
42610	360627	
42610	360629	
42610	360633	
42610	360636	
42610	360643	
42610	360660	
42610	360683	
42610	360687	
42610	360699	
42610	360703	
42610	360714	
42610	360720	
42610	360722	
42610	360730	
42610	360744	
42610	360748	
42610	360758	
42610	360775	
42610	360782	
42610	360786	
42610	360826	
42610	360829	
42610	360913	
42610	360920	
42610	360945	
42610	360977	
42610	361037	
42610	361046	
42610	361054	
42610	361056	
42610	361060	
42610	361079	
42610	361089	
42610	361119	
42610	361126	
42610	361138	
42610	361144	
42610	361152	
42610	361171	
42610	361172	
42610	361173	
42610	361180	
42610	361187	
42610	361196	
42610	361210	
42610	361243	
42610	361267	
42610	361268	
42610	361274	
42610	361283	
42610	361348	
42610	361351	
42610	361354	
42610	361363	
42610	361379	
42610	361391	
42610	361421	
42610	361428	
42610	361450	
42610	361453	
42610	361461	
42610	361479	
42610	361485	
42610	361569	
42610	361585	
42610	361599	
42610	361641	
42610	361647	
42610	361650	
42610	361671	
42610	361680	
42610	361702	
42610	361721	
42610	361727	
42610	361738	
42610	361744	
42610	361750	
42610	361770	
42610	361780	
42610	361795	
42610	361802	
42610	361828	
42610	361848	
42610	361851	
42610	361855	
42610	361896	
42610	361918	
42610	361926	
42610	361956	
42610	361965	
42610	361972	
42610	361975	
42610	361981	
42610	361990	
42610	361996	
42610	362002	
42610	362022	
42610	362053	
42610	362062	
42610	362082	
42610	362085	
42610	362124	
42610	362134	
42610	362160	
42610	362179	
42610	362197	
42610	362220	
42610	362285	
42610	362296	
42610	362322	
42610	362328	
42610	362340	
42610	362348	
42610	362349	
42610	362355	
42610	362357	
42610	362389	
42610	362394	
42610	362402	
42610	362418	
42610	362429	
42610	362436	
42610	362473	
42610	362476	
42610	362494	
42610	362510	
42610	362513	
42610	362517	
42610	362519	
42610	362532	
42610	362552	
42610	362578	
42610	362603	
42610	362608	
42610	362638	
42610	362639	
42610	362642	
42610	362681	
42610	362711	
42610	362729	
42610	362732	
42610	362758	
42610	362782	
42610	362806	
42610	362815	
42610	362843	
42610	362844	
42610	362847	
42610	362852	
42610	362864	
42610	362865	
42610	362873	
42610	362887	
42610	362894	
42610	362905	
42610	362925	
42610	362944	
42610	362970	
42610	362989	
42610	363003	
42610	363004	
42610	363020	
42610	363029	
42610	363040	
42610	363080	
42610	363081	
42610	363135	
42610	363148	
42610	363164	
42610	363169	
42610	363183	
42610	363191	
42610	363194	
42610	363245	
42610	363247	
42610	363294	
42610	363298	
42610	363352	
42610	363386	
42610	363401	
42610	363404	
42610	363413	
42610	363420	
42610	363426	
42610	363492	
42610	363505	
42610	363509	
42610	363520	
42610	363530	
42610	363543	
42610	363593	
42610	363604	
42610	363607	
42610	363620	
42610	363634	
42610	363670	
42610	363689	
42610	363695	
42610	363740	
42610	363746	
42610	363767	
42610	363796	
42610	363850	
42610	363865	
42610	363869	
42610	363888	
42610	363911	
42610	363916	
42610	363935	
42610	363937	
42610	363943	
42610	363947	
42610	363949	
42610	363951	
42610	363989	
42610	364025	
42610	364076	
42610	364229	
42610	364269	
42610	364270	
42610	364289	
42610	364316	
42610	364321	
42610	364432	
42610	364454	
42610	364480	
42610	364508	
42610	364561	
42610	364578	
42610	364585	
42610	364604	
42610	364713	
42610	364727	
42610	364731	
42610	364745	
42610	364756	
42610	364763	
42610	364768	
42610	364992	
42610	364993	
42610	365062	
42610	365140	
42610	365169	
42610	365335	
42610	367315	
42610	367347	
42610	369239	
42610	369651	
42610	371642	
42610	371675	
42610	371770	
42610	371958	
42610	372021	
42610	373232	
42610	373235	
42610	373253	
42610	373255	
42610	375193	
42610	376740	
42610	377277	
42610	377298	
42610	377316	
42610	377334	
42610	377381	
42610	377392	
42610	377395	
42610	377462	
42610	377473	
42610	377490	
42610	377534	
42610	377557	
42610	377562	
42610	377593	
42610	377601	
42610	377708	
42610	377717	
42610	377766	
42610	377885	
42610	392634	
42610	393006	
42610	394452	
42610	409246	
42610	414501	
42610	429194	
42610	439844	
42610	439885	
42610	439948	
42610	442498	
42610	442673	
42610	444660	
42610	445951	
42610	446300	
42610	446417	
42610	446472	
42610	447403	
42610	453059	
42610	453254	
42610	454766	
42610	454791	
42610	454937	
42610	454951	
42610	454952	
42610	454965	
42610	455286	
42610	455299	
42610	455418	
42610	455431	
42610	455565	
42610	457576	
42610	457599	
42610	457615	
42610	457700	
42610	457702	
42610	457710	
42610	457803	
42610	457988	
42610	458059	
42610	458202	
42610	459304	
42610	459807	
42610	459836	
42610	459906	
42610	459931	
42610	459968	
42610	460023	
42610	460027	
42610	460090	
42610	460426	
42610	460427	
42610	460540	
42610	460632	
42610	460680	
42610	460812	
42610	461018	
42610	461233	
42610	461537	
42610	461608	
42610	461666	
42610	461741	
42610	461748	
42610	461758	
42610	461807	
42610	461901	
42610	462119	
42610	462925	
42610	463018	
42610	463473	
42610	463600	
42610	464265	
42610	464352	
42610	464598	
42610	464610	
42610	464655	
42610	464700	
42610	464701	
42610	464724	
42610	464813	
42610	464826	
42610	464886	
42610	464971	
42610	465680	
42610	466510	
42610	466980	
42610	467014	
42610	467089	
42610	467109	
42610	467140	
42610	467216	
42610	467221	
42610	467234	
42610	467338	
42610	467340	
42610	467354	
42610	467379	
42610	467428	
42610	467567	
42610	468326	
42610	468332	
42610	468386	
42610	468500	
42610	468583	
42610	468602	
42610	468669	
42610	468856	
42610	470148	
42610	470160	
42610	470204	
42610	470296	
42610	470361	
42610	470397	
42610	470420	
42610	470528	
42610	470544	
42610	470646	
42610	470677	
42610	471177	
42610	471220	
42610	471298	
42610	471325	
42610	471335	
42610	471384	
42610	471493	
42610	471528	
42610	471565	
42610	471609	
42610	471641	
42610	471645	
42610	471672	
42610	471686	
42610	471695	
42610	471698	
42610	471701	
42610	471738	
42610	471748	
42610	471764	
42610	471769	
42610	471785	
42610	471841	
42610	471868	
42610	471896	
42610	471897	
42610	471899	
42610	472091	
42610	472161	
42610	472244	
42610	472307	
42610	472314	
42610	472322	
42610	472385	
42610	472531	
42610	472547	
42610	472573	
42610	472584	
42610	472733	
42610	473459	
42610	473462	
42610	473641	
42610	473746	
42610	473748	
42610	473765	
42610	473771	
42610	473774	
42610	473817	
42610	473974	
42610	474013	
42610	474039	
42610	474043	
42610	474077	
42610	474169	
42610	474302	
42610	474316	
42610	474388	
42610	474595	
42610	475294	
42610	476089	
42610	476101	
42610	476118	
42610	476129	
42610	476134	
42610	476137	
42610	476144	
42610	476229	
42610	476247	
42610	476253	
42610	476298	
42610	476341	
42610	476351	
42610	476352	
42610	476390	
42610	476421	
42610	476432	
42610	476438	
42610	476470	
42610	476472	
42610	476478	
42610	476483	
42610	477924	
42610	478870	
42610	479046	
42610	479318	
42610	480712	
42610	480805	
42610	480907	
42610	480912	
42610	480916	
42610	481133	
42610	481151	
42610	481362	
42610	482013	
42610	482015	
42610	482016	
42610	482021	
42610	482024	
42610	482027	
42610	482029	
42610	482032	
42610	482034	
42610	482042	
42610	482043	
42610	482045	
42610	482047	
42610	482048	
42610	482057	
42610	482058	
42610	482529	
42610	487061	
42610	492352	
42610	497180	
42610	497190	
42610	497201	
42610	497202	
42610	497258	
42610	497329	
42610	500191	
42610	502696	
42610	503689	
42610	510426	
42610	523889	
42610	526435	
42610	526471	
42610	531023	
42610	533076	
42610	533251	
42610	533759	
42610	533780	
42610	533783	
42610	533786	
42610	533805	
42610	533807	
42610	533850	
42610	533932	
42610	533936	
42610	533969	
42610	534016	
42610	534032	
42610	534041	
42610	534050	
42610	534182	
42610	534193	
42610	534267	
42610	552311	
42610	554960	
42610	557566	
42610	557602	
42610	557605	
42610	557622	
42610	557626	
42610	557631	
42610	557632	
42610	557673	
42610	557675	
42610	557688	
42610	557689	
42610	557702	
42610	557751	
42610	557764	
42610	557765	
42610	557769	
42610	557779	
42610	557800	
42610	557810	
42610	557852	
42610	557889	
42610	560081	
42610	560092	
42610	560208	
42610	560315	
42610	569112	
42610	571024	
42610	578460	
42610	592355	
42610	610980	
42610	611000	
42610	618990	
42610	629262	
42610	630601	
42610	638679	
42610	641812	
42610	641888	
42610	642366	
42610	648670	
42610	650075	
42610	654127	
42610	656687	
42610	662981	
42610	668084	
42610	668185	
42610	668212	
42610	668314	
42610	668466	
42610	668544	
42610	668672	
42610	668939	
42610	675559	
42610	676507	
42610	680747	
42610	689002	
42610	691781	
42610	698405	
42610	698427	
42610	704183	
42610	704223	
42610	712434	
42610	716922	
42610	717320	
42610	717910	
42610	718682	
42610	722351	
42610	722613	
42610	722897	
42610	723464	
42610	724729	
42610	724897	
42610	725169	
42610	725586	
42610	726084	
42610	729622	
42610	729638	
42610	729714	
42610	729812	
42610	729860	
42610	730382	
42610	730427	
42610	730575	
42610	733640	
42610	733681	
42610	734660	
42610	734717	
42610	734760	
42610	734879	
42610	734924	
42610	734935	
42610	734974	
42610	750592	
42610	756053	
42610	763025	
42610	767439	
42610	768106	
42610	769296	
42610	774069	
42610	774333	
42610	775305	
42610	775308	
42610	775323	
42610	775416	
42610	775432	
42610	775542	
42610	775558	
42610	775681	
42610	775720	
42610	775778	
42610	776448	
42610	778010	
42610	778088	
42610	778164	
42610	778218	
42610	778425	
42610	778537	
42610	778840	
42610	778870	
42610	778910	
42610	778998	
42610	779079	
42610	779102	
42610	779238	
42610	779384	
42610	779824	
42610	779932	
42610	780281	
42610	780284	
42610	789788	
42610	789829	
42610	796156	
42610	796201	
42610	796430	
42610	796739	
42610	797955	
42610	798804	
42610	799749	
42610	800813	
42610	800893	
42610	805337	
42610	806365	
42610	806395	
42610	807283	
42610	808802	
42610	819459	
42610	819613	
42610	819909	
42610	820542	
42610	822704	
42610	824983	
42610	824985	
42610	825027	
42610	830403	
42610	830493	
42610	831163	
42610	831190	
42610	831264	
42610	831291	
42610	831316	
42610	831335	
42610	831425	
42610	831491	
42610	831523	
42610	831548	
42610	831568	
42610	831612	
42610	831633	
42610	831637	
42610	831678	
42610	831722	
42610	833555	
42610	836628	
42610	836631	
42610	836706	
42610	836709	
42610	836740	
42610	836745	
42610	836786	
42610	836840	
42610	836928	
42610	836980	
42610	837055	
42610	837149	
42610	837276	
42610	837298	
42610	837419	
42610	837425	
42610	837492	
42610	837604	
42610	837610	
42610	837680	
42610	837750	
42610	837877	
42610	837910	
42610	837912	
42610	837913	
42610	838063	
42610	838097	
42610	838103	
42610	838222	
42610	838227	
42610	838440	
42610	838465	
42610	838505	
42610	838533	
42610	838912	
42610	838932	
42610	839063	
42610	844664	
42610	852669	
42610	856724	
42610	859153	
42610	859154	
42610	859162	
42610	861194	
42610	861596	
42610	861689	
42610	861760	
42610	862361	
42610	864306	
42610	864651	
42610	864661	
42610	865182	
42610	870325	
42610	879535	
42610	879609	
42610	879820	
42610	889047	
42610	889824	
42610	890122	
42610	893311	
42610	923727	
42610	924757	
42610	927234	
42610	927617	
42610	930024	
42610	931800	
42610	936508	
42610	936512	
42610	936924	
42610	940922	
42610	943991	
42610	944424	
42610	945585	
42610	951088	
42610	953850	
42610	959475	
42610	963452	
42610	967191	
42610	969593	
42610	970134	
42610	970145	
42610	970358	
42610	970391	
42610	970443	
42610	970675	
42610	970685	
42610	970702	
42610	970777	
42610	970781	
42610	970784	
42610	970860	
42610	970998	
42610	971053	
42610	971079	
42610	972312	
42610	973237	
42610	973310	
42610	973479	
42610	973595	
42610	973718	
42610	973870	
42610	975398	
42610	975725	
42610	976086	
42610	976091	
42610	976230	
42610	976403	
42610	976437	
42610	976447	
42610	976461	
42610	978404	
42610	979677	
42610	980210	
42610	980255	
42610	980264	
42610	980342	
42610	980387	
42610	980406	
42610	980488	
42610	980514	
42610	980609	
42610	980678	
42610	982323	
42610	985059	
42610	985154	
42610	986468	
42610	987003	
42610	987051	
42610	987364	
42610	987383	
42610	987390	
42610	987400	
42610	987404	
42610	987413	
42610	987415	
42610	987423	
42610	987436	
42610	987447	
42610	987450	
42610	987451	
42610	987461	
42610	987463	
42610	987475	
42610	987489	
42610	987513	
42610	987525	
42610	987533	
42610	987536	
42610	987545	
42610	987552	
42610	987558	
42610	987559	
42610	987560	
42610	987571	
42610	987587	
42610	987596	
42610	987599	
42610	987600	
42610	987614	
42610	987615	
42610	987618	
42610	987623	
42610	987640	
42610	987643	
42610	987646	
42610	987664	
42610	987673	
42610	987681	
42610	987697	
42610	987707	
42610	987712	
42610	987713	
42610	987714	
42610	987717	
42610	987738	
42610	987739	
42610	987745	
42610	987760	
42610	987761	
42610	987789	
42610	987791	
42610	987792	
42610	987794	
42610	987799	
42610	987823	
42610	987829	
42610	987832	
42610	987836	
42610	987838	
42610	987843	
42610	987848	
42610	987857	
42610	987863	
42610	987877	
42610	987881	
42610	987888	
42610	987895	
42610	987898	
42610	987909	
42610	987915	
42610	987917	
42610	987923	
42610	987928	
42610	987952	
42610	987986	
42610	988017	
42610	988020	
42610	988038	
42610	988043	
42610	988046	
42610	988053	
42610	988063	
42610	988065	
42610	988084	
42610	988092	
42610	988099	
42610	988103	
42610	988117	
42610	988119	
42610	988126	
42610	988146	
42610	988165	
42610	988182	
42610	988193	
42610	988199	
42610	988248	
42610	988249	
42610	988266	
42610	988280	
42610	988285	
42610	988308	
42610	988318	
42610	988351	
42610	988483	
42610	988815	
42610	988917	
42610	988924	
42610	988935	
42610	988936	
42610	988959	
42610	989019	
42610	989043	
42610	989046	
42610	989060	
42610	989062	
42610	989066	
42610	989070	
42610	989092	
42610	989101	
42610	989115	
42610	989126	
42610	989128	
42610	989138	
42610	989139	
42610	989144	
42610	989150	
42610	989155	
42610	989156	
42610	989168	
42610	989173	
42610	989215	
42610	989225	
42610	989228	
42610	989241	
42610	989275	
42610	989334	
42610	989352	
42610	989373	
42610	989392	
42610	989402	
42610	989439	
42610	989504	
42610	989512	
42610	989529	
42610	989557	
42610	990319	
42610	990324	
42610	990347	
42610	990350	
42610	990351	
42610	990446	
42610	990453	
42610	990458	
42610	990473	
42610	990485	
42610	990492	
42610	990500	
42610	990616	
42610	990718	
42610	990725	
42610	990733	
42610	990734	
42610	990737	
42610	990749	
42610	990775	
42610	990787	
42610	990791	
42610	990793	
42610	990816	
42610	990818	
42610	990840	
42610	990871	
42610	990876	
42610	990879	
42610	990898	
42610	990920	
42610	990935	
42610	990937	
42610	990948	
42610	990959	
42610	990961	
42610	990962	
42610	990964	
42610	990965	
42610	990977	
42610	990981	
42610	990993	
42610	990998	
42610	991009	
42610	991011	
42610	991012	
42610	991021	
42610	991034	
42610	991049	
42610	991068	
42610	991084	
42610	991087	
42610	991090	
42610	991097	
42610	991099	
42610	991129	
42610	991142	
42610	991143	
42610	991174	
42610	991187	
42610	991196	
42610	991214	
42610	991216	
42610	991219	
42610	991222	
42610	991227	
42610	991228	
42610	991260	
42610	991261	
42610	991268	
42610	991281	
42610	991289	
42610	991299	
42610	991311	
42610	991325	
42610	991344	
42610	991357	
42610	991371	
42610	991384	
42610	991409	
42610	991414	
42610	991421	
42610	991441	
42610	991443	
42610	991469	
42610	991472	
42610	991493	
42610	991501	
42610	991517	
42610	991520	
42610	991521	
42610	991524	
42610	991538	
42610	991550	
42610	991555	
42610	991570	
42610	991585	
42610	991587	
42610	991632	
42610	991651	
42610	991664	
42610	991669	
42610	991676	
42610	991681	
42610	991709	
42610	991711	
42610	991716	
42610	991743	
42610	991750	
42610	991751	
42610	991761	
42610	991762	
42610	991769	
42610	991772	
42610	991779	
42610	991787	
42610	991789	
42610	991798	
42610	991804	
42610	991839	
42610	991844	
42610	991847	
42610	991861	
42610	991868	
42610	991871	
42610	991873	
42610	991882	
42610	991891	
42610	991907	
42610	991915	
42610	991943	
42610	992080	
42610	992083	
42610	992084	
42610	992090	
42610	992093	
42610	992094	
42610	992095	
42610	992098	
42610	992101	
42610	992103	
42610	992114	
42610	992115	
42610	992119	
42610	992121	
42610	992123	
42610	992124	
42610	992128	
42610	992130	
42610	992132	
42610	992134	
42610	992135	
42610	992136	
42610	992139	
42610	992141	
42610	992143	
42610	992146	
42610	992147	
42610	992149	
42610	992150	
42610	992152	
42610	992156	
42610	992158	
42610	992161	
42610	992163	
42610	992169	
42610	992170	
42610	992171	
42610	992173	
42610	992174	
42610	992175	
42610	992178	
42610	992180	
42610	992183	
42610	992193	
42610	992196	
42610	992197	
42610	992198	
42610	992200	
42610	992201	
42610	992202	
42610	992211	
42610	992212	
42610	992213	
42610	992215	
42610	992217	
42610	992219	
42610	992228	
42610	992231	
42610	992241	
42610	992244	
42610	992245	
42610	992248	
42610	992252	
42610	992254	
42610	992255	
42610	992257	
42610	992262	
42610	992263	
42610	992264	
42610	992266	
42610	992268	
42610	992272	
42610	992277	
42610	992278	
42610	992280	
42610	992283	
42610	992291	
42610	992295	
42610	992297	
42610	992312	
42610	992319	
42610	992321	
42610	992332	
42610	992334	
42610	992337	
42610	992341	
42610	992345	
42610	992347	
42610	992349	
42610	992351	
42610	992353	
42610	992357	
42610	992358	
42610	992360	
42610	992361	
42610	992362	
42610	992366	
42610	992367	
42610	992373	
42610	992375	
42610	992376	
42610	992377	
42610	992380	
42610	992381	
42610	992387	
42610	992388	
42610	992389	
42610	992390	
42610	992392	
42610	992394	
42610	992395	
42610	992400	
42610	992401	
42610	992402	
42610	992404	
42610	992405	
42610	992407	
42610	992409	
42610	992412	
42610	992413	
42610	992415	
42610	992416	
42610	992418	
42610	992420	
42610	992423	
42610	992425	
42610	992426	
42610	992427	
42610	992428	
42610	992431	
42610	992432	
42610	992433	
42610	992434	
42610	992440	
42610	992441	
42610	992444	
42610	992446	
42610	992447	
42610	992450	
42610	992452	
42610	992457	
42610	992459	
42610	992463	
42610	992468	
42610	992469	
42610	992470	
42610	992475	
42610	992479	
42610	992480	
42610	992487	
42610	992489	
42610	992497	
42610	992499	
42610	992501	
42610	992502	
42610	992504	
42610	992505	
42610	992506	
42610	992507	
42610	992511	
42610	992514	
42610	992515	
42610	992518	
42610	992519	
42610	992522	
42610	992523	
42610	992524	
42610	992533	
42610	992537	
42610	992538	
42610	992543	
42610	992544	
42610	992546	
42610	992556	
42610	992560	
42610	992561	
42610	992566	
42610	992567	
42610	992568	
42610	992570	
42610	992573	
42610	992587	
42610	992590	
42610	992592	
42610	992599	
42610	992600	
42610	992603	
42610	992606	
42610	992608	
42610	992612	
42610	992617	
42610	992618	
42610	992627	
42610	992631	
42610	992632	
42610	992634	
42610	992637	
42610	992638	
42610	992642	
42610	992645	
42610	992646	
42610	992654	
42610	992656	
42610	992660	
42610	992667	
42610	992669	
42610	992672	
42610	992676	
42610	992686	
42610	992689	
42610	992692	
42610	992696	
42610	992698	
42610	992703	
42610	992710	
42610	992711	
42610	992712	
42610	992724	
42610	992725	
42610	992727	
42610	992732	
42610	992733	
42610	992734	
42610	992737	
42610	992738	
42610	992744	
42610	992745	
42610	992746	
42610	992747	
42610	992748	
42610	992749	
42610	992752	
42610	992754	
42610	992762	
42610	992763	
42610	992768	
42610	992770	
42610	992773	
42610	992776	
42610	992783	
42610	992793	
42610	992797	
42610	992799	
42610	992808	
42610	992809	
42610	992811	
42610	992816	
42610	992824	
42610	992827	
42610	992828	
42610	992829	
42610	992836	
42610	992838	
42610	992841	
42610	992844	
42610	992846	
42610	992852	
42610	992853	
42610	992855	
42610	992864	
42610	992866	
42610	992867	
42610	992879	
42610	992881	
42610	992882	
42610	992888	
42610	992912	
42610	993085	
42610	993172	
42610	993188	
42610	993693	
42610	993892	
42610	994215	
42610	994250	
42610	994262	
42610	994441	
42610	994446	
42610	994561	
42610	994860	
42610	994898	
42610	994957	
42610	995084	
42610	995252	
42610	995264	
42610	995276	
42610	995278	
42610	995279	
42610	995286	
42610	995288	
42610	995293	
42610	995294	
42610	995305	
42610	995316	
42610	995350	
42610	995352	
42610	995353	
42610	995357	
42610	995358	
42610	995360	
42610	995369	
42610	995373	
42610	995375	
42610	995386	
42610	995409	
42610	995414	
42610	995417	
42610	995431	
42610	995438	
42610	995442	
42610	995443	
42610	995444	
42610	995446	
42610	995447	
42610	995461	
42610	995464	
42610	995467	
42610	995468	
42610	995469	
42610	995471	
42610	995475	
42610	995488	
42610	995503	
42610	995505	
42610	995513	
42610	995518	
42610	995520	
42610	995522	
42610	995536	
42610	995539	
42610	995551	
42610	995579	
42610	995589	
42610	995607	
42610	995611	
42610	995614	
42610	995617	
42610	995619	
42610	995629	
42610	995631	
42610	995633	
42610	995642	
42610	995651	
42610	995663	
42610	995674	
42610	995676	
42610	995683	
42610	995688	
42610	995689	
42610	995690	
42610	995696	
42610	995702	
42610	995706	
42610	995707	
42610	995714	
42610	995716	
42610	995726	
42610	995732	
42610	995735	
42610	995740	
42610	995744	
42610	995750	
42610	995783	
42610	995806	
42610	995807	
42610	995840	
42610	995911	
42610	995929	
42610	995994	
42610	996034	
42610	996053	
42610	996057	
42610	996209	
42610	996231	
42610	996281	
42610	996299	
42610	996380	
42610	996473	
42610	996536	
42610	996589	
42610	996643	
42610	996746	
42610	996925	
42610	997025	
42610	997493	
42610	997520	
42610	997529	
42610	997646	
42610	997668	
42610	997757	
42610	997776	
42610	997835	
42610	997959	
42610	997978	
42610	998036	
42610	998105	
42610	998116	
42610	998240	
42610	998251	
42610	998284	
42610	998285	
42610	998296	
42610	998298	
42610	998304	
42610	998343	
42610	998346	
42610	998348	
42610	998380	
42610	998384	
42610	998386	
42610	998399	
42610	998411	
42610	998433	
42610	998437	
42610	998438	
42610	998446	
42610	998463	
42610	998473	
42610	998479	
42610	998489	
42610	998492	
42610	998519	
42610	998520	
42610	998521	
42610	998597	
42610	998627	
42610	998635	
42610	998639	
42610	998690	
42610	998761	
42610	998772	
42610	998782	
42610	998784	
42610	998868	
42610	998909	
42610	998917	
42610	998964	
42610	998966	
42610	998977	
42610	998991	
42610	999001	
42610	999049	
42610	999103	
42610	999132	
42610	999150	
42610	999157	
42610	999211	
42610	999230	
42610	999322	
42610	999341	
42610	999359	
42610	999399	
42610	999400	
42610	999402	
42610	999442	
42610	999475	
42610	999510	
42610	999522	
42610	999531	
42610	999534	
42610	999538	
42610	999539	
42610	999567	
42610	999583	
42610	999588	
42610	999595	
42610	999612	
42610	999615	
42610	999638	
42610	999639	
42610	999673	
42610	999682	
42610	999696	
42610	999718	
42610	999742	
42610	999744	
42610	999776	
42610	999777	
42610	999801	
42610	999813	
42610	999820	
42610	1000264	
42610	1000297	
42610	1000301	
42610	1000580	
42610	1000619	
42610	1000628	
42610	1000734	
42610	1000766	
42610	1000859	
42610	1001125	
42610	1001127	
42610	1001161	
42610	1001263	
42610	1001269	
42610	1001321	
42610	1001333	
42610	1001371	
42610	1001583	
42610	1001640	
42610	1001727	
42610	1002023	
42610	1002028	
42610	1002091	
42610	1002092	
42610	1002104	
42610	1002105	
42610	1002116	
42610	1002117	
42610	1002123	
42610	1002134	
42610	1002141	
42610	1002153	
42610	1002184	
42610	1002205	
42610	1002214	
42610	1002236	
42610	1002249	
42610	1002319	
42610	1002321	
42610	1002385	
42610	1002400	
42610	1002402	
42610	1002432	
42610	1002550	
42610	1002555	
42610	1002567	
42610	1002583	
42610	1002590	
42610	1002621	
42610	1002641	
42610	1002649	
42610	1002659	
42610	1002679	
42610	1002697	
42610	1002726	
42610	1002733	
42610	1002743	
42610	1002759	
42610	1002761	
42610	1002784	
42610	1002814	
42610	1002816	
42610	1002840	
42610	1002881	
42610	1002885	
42610	1002903	
42610	1002911	
42610	1002918	
42610	1002980	
42610	1002982	
42610	1002994	
42610	1003008	
42610	1003014	
42610	1003032	
42610	1003084	
42610	1003092	
42610	1003116	
42610	1003128	
42610	1003133	
42610	1003137	
42610	1003140	
42610	1003184	
42610	1003193	
42610	1003195	
42610	1003203	
42610	1003205	
42610	1003275	
42610	1003277	
42610	1003291	
42610	1003304	
42610	1003306	
42610	1003327	
42610	1003335	
42610	1003338	
42610	1003345	
42610	1003369	
42610	1003370	
42610	1003378	
42610	1003380	
42610	1003398	
42610	1003402	
42610	1003422	
42610	1003433	
42610	1003441	
42610	1003444	
42610	1003528	
42610	1003529	
42610	1003533	
42610	1003538	
42610	1003545	
42610	1003551	
42610	1003574	
42610	1003598	
42610	1003602	
42610	1003612	
42610	1003618	
42610	1003620	
42610	1003622	
42610	1003627	
42610	1003630	
42610	1003648	
42610	1003650	
42610	1003675	
42610	1003980	
42610	1003994	
42610	1004030	
42610	1004065	
42610	1004077	
42610	1004080	
42610	1004083	
42610	1004093	
42610	1004095	
42610	1004106	
42610	1004123	
42610	1004132	
42610	1004137	
42610	1004144	
42610	1004147	
42610	1004150	
42610	1004154	
42610	1004156	
42610	1004171	
42610	1004212	
42610	1004221	
42610	1004263	
42610	1004325	
42610	1004350	
42610	1004375	
42610	1004443	
42610	1004450	
42610	1004525	
42610	1004563	
42610	1004570	
42610	1004579	
42610	1004614	
42610	1004621	
42610	1004625	
42610	1004648	
42610	1004677	
42610	1004699	
42610	1004715	
42610	1004754	
42610	1004767	
42610	1004847	
42610	1004867	
42610	1004875	
42610	1004890	
42610	1004924	
42610	1004959	
42610	1005006	
42610	1005036	
42610	1005090	
42610	1005091	
42610	1005103	
42610	1005146	
42610	1005201	
42610	1005302	
42610	1005336	
42610	1005450	
42610	1005459	
42610	1005478	
42610	1005485	
42610	1005545	
42610	1005582	
42610	1005795	
42610	1005880	
42610	1005888	
42610	1005889	
42610	1005897	
42610	1005911	
42610	1005918	
42610	1005951	
42610	1005958	
42610	1005971	
42610	1005973	
42610	1005976	
42610	1005981	
42610	1005983	
42610	1005989	
42610	1005993	
42610	1005994	
42610	1005995	
42610	1006006	
42610	1006007	
42610	1006009	
42610	1006013	
42610	1006018	
42610	1006021	
42610	1006022	
42610	1006027	
42610	1006032	
42610	1006033	
42610	1006036	
42610	1006042	
42610	1006046	
42610	1006049	
42610	1006055	
42610	1006057	
42610	1006062	
42610	1006064	
42610	1006068	
42610	1006080	
42610	1006093	
42610	1006105	
42610	1006106	
42610	1006108	
42610	1006109	
42610	1006110	
42610	1006112	
42610	1006115	
42610	1006119	
42610	1006122	
42610	1006123	
42610	1006125	
42610	1006126	
42610	1006140	
42610	1006145	
42610	1006146	
42610	1006151	
42610	1006153	
42610	1006155	
42610	1006164	
42610	1006165	
42610	1006173	
42610	1006175	
42610	1006194	
42610	1006196	
42610	1006198	
42610	1006201	
42610	1006209	
42610	1006216	
42610	1006222	
42610	1006226	
42610	1006232	
42610	1006242	
42610	1006249	
42610	1006250	
42610	1006255	
42610	1006257	
42610	1006262	
42610	1006265	
42610	1006274	
42610	1006292	
42610	1006293	
42610	1006303	
42610	1006308	
42610	1006314	
42610	1006319	
42610	1006330	
42610	1006332	
42610	1006333	
42610	1006338	
42610	1006339	
42610	1006341	
42610	1006342	
42610	1006345	
42610	1006348	
42610	1006350	
42610	1006353	
42610	1006359	
42610	1006362	
42610	1006363	
42610	1006364	
42610	1006365	
42610	1006367	
42610	1006370	
42610	1006389	
42610	1006391	
42610	1006394	
42610	1006395	
42610	1006400	
42610	1006410	
42610	1006416	
42610	1006417	
42610	1006418	
42610	1006424	
42610	1006427	
42610	1006432	
42610	1006434	
42610	1006437	
42610	1006439	
42610	1006447	
42610	1006449	
42610	1006451	
42610	1006452	
42610	1006463	
42610	1006464	
42610	1006477	
42610	1006481	
42610	1006484	
42610	1006485	
42610	1006487	
42610	1006490	
42610	1006491	
42610	1006493	
42610	1006501	
42610	1006504	
42610	1006507	
42610	1006511	
42610	1006513	
42610	1006524	
42610	1006531	
42610	1006534	
42610	1006535	
42610	1006537	
42610	1006546	
42610	1006549	
42610	1006560	
42610	1006561	
42610	1006567	
42610	1006569	
42610	1006570	
42610	1006574	
42610	1006589	
42610	1006599	
42610	1006602	
42610	1006603	
42610	1006604	
42610	1006609	
42610	1006610	
42610	1006611	
42610	1006619	
42610	1006624	
42610	1006627	
42610	1006628	
42610	1006630	
42610	1006631	
42610	1006632	
42610	1006633	
42610	1006645	
42610	1006654	
42610	1006655	
42610	1006667	
42610	1006678	
42610	1006684	
42610	1006686	
42610	1006687	
42610	1006688	
42610	1006689	
42610	1006694	
42610	1006697	
42610	1006703	
42610	1006710	
42610	1006711	
42610	1006712	
42610	1006718	
42610	1006721	
42610	1006724	
42610	1006727	
42610	1006728	
42610	1006739	
42610	1006751	
42610	1006754	
42610	1006759	
42610	1006760	
42610	1006770	
42610	1006779	
42610	1006788	
42610	1006791	
42610	1006796	
42610	1006800	
42610	1006810	
42610	1006816	
42610	1006822	
42610	1006826	
42610	1006828	
42610	1006829	
42610	1006830	
42610	1006833	
42610	1006838	
42610	1006839	
42610	1006845	
42610	1006849	
42610	1006853	
42610	1006859	
42610	1006861	
42610	1006864	
42610	1006866	
42610	1006868	
42610	1006876	
42610	1006886	
42610	1006888	
42610	1006890	
42610	1006893	
42610	1006894	
42610	1006897	
42610	1006899	
42610	1006906	
42610	1006914	
42610	1006915	
42610	1006923	
42610	1006930	
42610	1006932	
42610	1006939	
42610	1006940	
42610	1006941	
42610	1006944	
42610	1006945	
42610	1006951	
42610	1006952	
42610	1006954	
42610	1006965	
42610	1006967	
42610	1006971	
42610	1006973	
42610	1006980	
42610	1006981	
42610	1006988	
42610	1006994	
42610	1006997	
42610	1007002	
42610	1007008	
42610	1007012	
42610	1007020	
42610	1007021	
42610	1007022	
42610	1007032	
42610	1007035	
42610	1007036	
42610	1007038	
42610	1007040	
42610	1007042	
42610	1007045	
42610	1007052	
42610	1007053	
42610	1007055	
42610	1007061	
42610	1007065	
42610	1007067	
42610	1007069	
42610	1007070	
42610	1007082	
42610	1007089	
42610	1007090	
42610	1007091	
42610	1007095	
42610	1007096	
42610	1007108	
42610	1007109	
42610	1007114	
42610	1007115	
42610	1007116	
42610	1007117	
42610	1007120	
42610	1007126	
42610	1007127	
42610	1007130	
42610	1007146	
42610	1007158	
42610	1007159	
42610	1007171	
42610	1007172	
42610	1007179	
42610	1007180	
42610	1007185	
42610	1007192	
42610	1007205	
42610	1007207	
42610	1007209	
42610	1007214	
42610	1007236	
42610	1007240	
42610	1007243	
42610	1007248	
42610	1007251	
42610	1007254	
42610	1007259	
42610	1007262	
42610	1007274	
42610	1007275	
42610	1007287	
42610	1007297	
42610	1007302	
42610	1007306	
42610	1007311	
42610	1007322	
42610	1007329	
42610	1007339	
42610	1007340	
42610	1007342	
42610	1007358	
42610	1007365	
42610	1007375	
42610	1007379	
42610	1007381	
42610	1007382	
42610	1007388	
42610	1007390	
42610	1007396	
42610	1007399	
42610	1007402	
42610	1007406	
42610	1007409	
42610	1007416	
42610	1007434	
42610	1007441	
42610	1007442	
42610	1007445	
42610	1007470	
42610	1007478	
42610	1007482	
42610	1007483	
42610	1007493	
42610	1007524	
42610	1007529	
42610	1007533	
42610	1007538	
42610	1007542	
42610	1007544	
42610	1007545	
42610	1007546	
42610	1007554	
42610	1007573	
42610	1007581	
42610	1007594	
42610	1007611	
42610	1007616	
42610	1007620	
42610	1007634	
42610	1007636	
42610	1007649	
42610	1007651	
42610	1007653	
42610	1007659	
42610	1007665	
42610	1007668	
42610	1007671	
42610	1007673	
42610	1007674	
42610	1007676	
42610	1007683	
42610	1007684	
42610	1007687	
42610	1007693	
42610	1007705	
42610	1007706	
42610	1007709	
42610	1007718	
42610	1007724	
42610	1007727	
42610	1007729	
42610	1007730	
42610	1007732	
42610	1007736	
42610	1007740	
42610	1007741	
42610	1007744	
42610	1007749	
42610	1007753	
42610	1007762	
42610	1007768	
42610	1007773	
42610	1007775	
42610	1007777	
42610	1007779	
42610	1007790	
42610	1007796	
42610	1007799	
42610	1007800	
42610	1007801	
42610	1007802	
42610	1007803	
42610	1007805	
42610	1007807	
42610	1007810	
42610	1007811	
42610	1007815	
42610	1007820	
42610	1007829	
42610	1007831	
42610	1007833	
42610	1007838	
42610	1007839	
42610	1007844	
42610	1007847	
42610	1007850	
42610	1007855	
42610	1007860	
42610	1007861	
42610	1007870	
42610	1007875	
42610	1007879	
42610	1007885	
42610	1007894	
42610	1007895	
42610	1007898	
42610	1007901	
42610	1007907	
42610	1007908	
42610	1007910	
42610	1007913	
42610	1007914	
42610	1007920	
42610	1007922	
42610	1007924	
42610	1007925	
42610	1007926	
42610	1007940	
42610	1007950	
42610	1007956	
42610	1007957	
42610	1007959	
42610	1007961	
42610	1007978	
42610	1007979	
42610	1007980	
42610	1007983	
42610	1007988	
42610	1007989	
42610	1007990	
42610	1007993	
42610	1007996	
42610	1007998	
42610	1008003	
42610	1008013	
42610	1008021	
42610	1008027	
42610	1008029	
42610	1008036	
42610	1008040	
42610	1008046	
42610	1008047	
42610	1008052	
42610	1008053	
42610	1008071	
42610	1008072	
42610	1008075	
42610	1008076	
42610	1008077	
42610	1008082	
42610	1008087	
42610	1008090	
42610	1008091	
42610	1008093	
42610	1008095	
42610	1008097	
42610	1008108	
42610	1008112	
42610	1008118	
42610	1008120	
42610	1008122	
42610	1008124	
42610	1008126	
42610	1008127	
42610	1008133	
42610	1008134	
42610	1008135	
42610	1008140	
42610	1008146	
42610	1008148	
42610	1008152	
42610	1008155	
42610	1008161	
42610	1008164	
42610	1008169	
42610	1008170	
42610	1008176	
42610	1008178	
42610	1008181	
42610	1008187	
42610	1008190	
42610	1008196	
42610	1008199	
42610	1008201	
42610	1008202	
42610	1008209	
42610	1008214	
42610	1008225	
42610	1008227	
42610	1008234	
42610	1008245	
42610	1008250	
42610	1008258	
42610	1008261	
42610	1008263	
42610	1008265	
42610	1008266	
42610	1008276	
42610	1008279	
42610	1008280	
42610	1008284	
42610	1008285	
42610	1008287	
42610	1008292	
42610	1008293	
42610	1008294	
42610	1008296	
42610	1008298	
42610	1008299	
42610	1008304	
42610	1008310	
42610	1008312	
42610	1008314	
42610	1008325	
42610	1008331	
42610	1008332	
42610	1008346	
42610	1008358	
42610	1008360	
42610	1008361	
42610	1008364	
42610	1008372	
42610	1008373	
42610	1008376	
42610	1008377	
42610	1008378	
42610	1008383	
42610	1008386	
42610	1008387	
42610	1008388	
42610	1008396	
42610	1008401	
42610	1008402	
42610	1008403	
42610	1008413	
42610	1008421	
42610	1008422	
42610	1008425	
42610	1008426	
42610	1008428	
42610	1008431	
42610	1008434	
42610	1008438	
42610	1008444	
42610	1008445	
42610	1008450	
42610	1008453	
42610	1008454	
42610	1008458	
42610	1008460	
42610	1008462	
42610	1008465	
42610	1008468	
42610	1008472	
42610	1008481	
42610	1008483	
42610	1008484	
42610	1008485	
42610	1008496	
42610	1008500	
42610	1008502	
42610	1008503	
42610	1008507	
42610	1008515	
42610	1008516	
42610	1008517	
42610	1008522	
42610	1008527	
42610	1008528	
42610	1008530	
42610	1008533	
42610	1008535	
42610	1008540	
42610	1008545	
42610	1008553	
42610	1008556	
42610	1008558	
42610	1008570	
42610	1008574	
42610	1008576	
42610	1008579	
42610	1008580	
42610	1008584	
42610	1008590	
42610	1008592	
42610	1008593	
42610	1008595	
42610	1008597	
42610	1008602	
42610	1008604	
42610	1008605	
42610	1008607	
42610	1008609	
42610	1008612	
42610	1008614	
42610	1008615	
42610	1008619	
42610	1008622	
42610	1008623	
42610	1008624	
42610	1008625	
42610	1008632	
42610	1008635	
42610	1008642	
42610	1008643	
42610	1008644	
42610	1008649	
42610	1008664	
42610	1008666	
42610	1008667	
42610	1008669	
42610	1008674	
42610	1008680	
42610	1008684	
42610	1008688	
42610	1008692	
42610	1008696	
42610	1008698	
42610	1008700	
42610	1008706	
42610	1008710	
42610	1008717	
42610	1008720	
42610	1008725	
42610	1008727	
42610	1008728	
42610	1008731	
42610	1008732	
42610	1008735	
42610	1008738	
42610	1008739	
42610	1008741	
42610	1008747	
42610	1008758	
42610	1008759	
42610	1008764	
42610	1008765	
42610	1008767	
42610	1008771	
42610	1008772	
42610	1008773	
42610	1008774	
42610	1008781	
42610	1008786	
42610	1008791	
42610	1008792	
42610	1008798	
42610	1008801	
42610	1008806	
42610	1008808	
42610	1008819	
42610	1008829	
42610	1008833	
42610	1008835	
42610	1008840	
42610	1008845	
42610	1008853	
42610	1008861	
42610	1008868	
42610	1008869	
42610	1008883	
42610	1008884	
42610	1008885	
42610	1008887	
42610	1008897	
42610	1008898	
42610	1008904	
42610	1008906	
42610	1008909	
42610	1008910	
42610	1008913	
42610	1008916	
42610	1008923	
42610	1008927	
42610	1008928	
42610	1008933	
42610	1008935	
42610	1008943	
42610	1008944	
42610	1008946	
42610	1008951	
42610	1008952	
42610	1008953	
42610	1008958	
42610	1008962	
42610	1008964	
42610	1008966	
42610	1008967	
42610	1008971	
42610	1008973	
42610	1008976	
42610	1008985	
42610	1008987	
42610	1008988	
42610	1008990	
42610	1008991	
42610	1008996	
42610	1008997	
42610	1009002	
42610	1009004	
42610	1009009	
42610	1009013	
42610	1009019	
42610	1009021	
42610	1009022	
42610	1009023	
42610	1009026	
42610	1009029	
42610	1009030	
42610	1009034	
42610	1009038	
42610	1009041	
42610	1009042	
42610	1009044	
42610	1009045	
42610	1009048	
42610	1009056	
42610	1009057	
42610	1009062	
42610	1009064	
42610	1009070	
42610	1009072	
42610	1009073	
42610	1009075	
42610	1009078	
42610	1009082	
42610	1009086	
42610	1009087	
42610	1009092	
42610	1009097	
42610	1009100	
42610	1009106	
42610	1009117	
42610	1009125	
42610	1009131	
42610	1009133	
42610	1009134	
42610	1009135	
42610	1009138	
42610	1009142	
42610	1009150	
42610	1009151	
42610	1009154	
42610	1009163	
42610	1009167	
42610	1009175	
42610	1009176	
42610	1009178	
42610	1009181	
42610	1009184	
42610	1009185	
42610	1009186	
42610	1009192	
42610	1009193	
42610	1009195	
42610	1009197	
42610	1009199	
42610	1009208	
42610	1009222	
42610	1009231	
42610	1009235	
42610	1009237	
42610	1009243	
42610	1009244	
42610	1009245	
42610	1009250	
42610	1009252	
42610	1009255	
42610	1009262	
42610	1009263	
42610	1009265	
42610	1009267	
42610	1009270	
42610	1009271	
42610	1009272	
42610	1009274	
42610	1009277	
42610	1009278	
42610	1009279	
42610	1009280	
42610	1009282	
42610	1009288	
42610	1009296	
42610	1009325	
42610	1009326	
42610	1009334	
42610	1009340	
42610	1009342	
42610	1009344	
42610	1009350	
42610	1009354	
42610	1009356	
42610	1009360	
42610	1009362	
42610	1009366	
42610	1009367	
42610	1009388	
42610	1009390	
42610	1009397	
42610	1009400	
42610	1009412	
42610	1009414	
42610	1009415	
42610	1009416	
42610	1009418	
42610	1009426	
42610	1009427	
42610	1009435	
42610	1009436	
42610	1009443	
42610	1009445	
42610	1009453	
42610	1009462	
42610	1009471	
42610	1009474	
42610	1009484	
42610	1009497	
42610	1009502	
42610	1009506	
42610	1009507	
42610	1009509	
42610	1009513	
42610	1009518	
42610	1009525	
42610	1009534	
42610	1009541	
42610	1009542	
42610	1009543	
42610	1009545	
42610	1009550	
42610	1009551	
42610	1009552	
42610	1009555	
42610	1009556	
42610	1009560	
42610	1009561	
42610	1009564	
42610	1009565	
42610	1009572	
42610	1009574	
42610	1009577	
42610	1009586	
42610	1009592	
42610	1009595	
42610	1009597	
42610	1009601	
42610	1009603	
42610	1009605	
42610	1009609	
42610	1009610	
42610	1009611	
42610	1009617	
42610	1009618	
42610	1009619	
42610	1009624	
42610	1009632	
42610	1009634	
42610	1009643	
42610	1009645	
42610	1009647	
42610	1009649	
42610	1009657	
42610	1009661	
42610	1009664	
42610	1009669	
42610	1009670	
42610	1009671	
42610	1009676	
42610	1009678	
42610	1009680	
42610	1009684	
42610	1009686	
42610	1009690	
42610	1009696	
42610	1009699	
42610	1009700	
42610	1009701	
42610	1009702	
42610	1009704	
42610	1009710	
42610	1009713	
42610	1009714	
42610	1009718	
42610	1009720	
42610	1009728	
42610	1009733	
42610	1009734	
42610	1009736	
42610	1009747	
42610	1009750	
42610	1009755	
42610	1009758	
42610	1009762	
42610	1009768	
42610	1009780	
42610	1009792	
42610	1009794	
42610	1009795	
42610	1009796	
42610	1009798	
42610	1009799	
42610	1009802	
42610	1009808	
42610	1009816	
42610	1009823	
42610	1009825	
42610	1009828	
42610	1009831	
42610	1009834	
42610	1009837	
42610	1009839	
42610	1009844	
42610	1009845	
42610	1009849	
42610	1009850	
42610	1009851	
42610	1009866	
42610	1009870	
42610	1009871	
42610	1009878	
42610	1009880	
42610	1009884	
42610	1009887	
42610	1009888	
42610	1009892	
42610	1009895	
42610	1009897	
42610	1009902	
42610	1009905	
42610	1009909	
42610	1009912	
42610	1009917	
42610	1009921	
42610	1009926	
42610	1009935	
42610	1009937	
42610	1009941	
42610	1009944	
42610	1009945	
42610	1009950	
42610	1009959	
42610	1009960	
42610	1009962	
42610	1009963	
42610	1009966	
42610	1009967	
42610	1009968	
42610	1009974	
42610	1009977	
42610	1009989	
42610	1009990	
42610	1009992	
42610	1010004	
42610	1010007	
42610	1010009	
42610	1010016	
42610	1010025	
42610	1010030	
42610	1010040	
42610	1010049	
42610	1010051	
42610	1010055	
42610	1010056	
42610	1010059	
42610	1010068	
42610	1010070	
42610	1010071	
42610	1010074	
42610	1010079	
42610	1010082	
42610	1010084	
42610	1010086	
42610	1010089	
42610	1010109	
42610	1010130	
42610	1010138	
42610	1010142	
42610	1010144	
42610	1010147	
42610	1010157	
42610	1010159	
42610	1010165	
42610	1010175	
42610	1010176	
42610	1010182	
42610	1010188	
42610	1010190	
42610	1010191	
42610	1010198	
42610	1010204	
42610	1010207	
42610	1010209	
42610	1010213	
42610	1010216	
42610	1010217	
42610	1010219	
42610	1010229	
42610	1010234	
42610	1010239	
42610	1010240	
42610	1010243	
42610	1010244	
42610	1010247	
42610	1010248	
42610	1010249	
42610	1010255	
42610	1010261	
42610	1010265	
42610	1010266	
42610	1010268	
42610	1010271	
42610	1010273	
42610	1010294	
42610	1010295	
42610	1010300	
42610	1010304	
42610	1010306	
42610	1010307	
42610	1010308	
42610	1010312	
42610	1010316	
42610	1010320	
42610	1010321	
42610	1010327	
42610	1010331	
42610	1010341	
42610	1010346	
42610	1010348	
42610	1010350	
42610	1010351	
42610	1010354	
42610	1010359	
42610	1010365	
42610	1010366	
42610	1010371	
42610	1010372	
42610	1010373	
42610	1010380	
42610	1010381	
42610	1010384	
42610	1010385	
42610	1010387	
42610	1010388	
42610	1010390	
42610	1010396	
42610	1010397	
42610	1010398	
42610	1010401	
42610	1010406	
42610	1010408	
42610	1010409	
42610	1010411	
42610	1010412	
42610	1010415	
42610	1010416	
42610	1010417	
42610	1010420	
42610	1010423	
42610	1010424	
42610	1010427	
42610	1010441	
42610	1010445	
42610	1010446	
42610	1010449	
42610	1010456	
42610	1010457	
42610	1010458	
42610	1010459	
42610	1010461	
42610	1010462	
42610	1010471	
42610	1010475	
42610	1010478	
42610	1010484	
42610	1010486	
42610	1010497	
42610	1010504	
42610	1010509	
42610	1010511	
42610	1010515	
42610	1010518	
42610	1010520	
42610	1010526	
42610	1010528	
42610	1010532	
42610	1010534	
42610	1010540	
42610	1010542	
42610	1010550	
42610	1010562	
42610	1010564	
42610	1010572	
42610	1010573	
42610	1010575	
42610	1010580	
42610	1010582	
42610	1010587	
42610	1010607	
42610	1010616	
42610	1010619	
42610	1010625	
42610	1010626	
42610	1010627	
42610	1010630	
42610	1010638	
42610	1010641	
42610	1010644	
42610	1010650	
42610	1010653	
42610	1010654	
42610	1010655	
42610	1010659	
42610	1010661	
42610	1010663	
42610	1010671	
42610	1010676	
42610	1010689	
42610	1010690	
42610	1010693	
42610	1010700	
42610	1010705	
42610	1010707	
42610	1010708	
42610	1010710	
42610	1010719	
42610	1010720	
42610	1010734	
42610	1010737	
42610	1010739	
42610	1010742	
42610	1010744	
42610	1010745	
42610	1010748	
42610	1010758	
42610	1010759	
42610	1010765	
42610	1010769	
42610	1010771	
42610	1010779	
42610	1010780	
42610	1010786	
42610	1010788	
42610	1010790	
42610	1010806	
42610	1010810	
42610	1010812	
42610	1010819	
42610	1010823	
42610	1010827	
42610	1010829	
42610	1010843	
42610	1010845	
42610	1010849	
42610	1010852	
42610	1010855	
42610	1010856	
42610	1010864	
42610	1010869	
42610	1010875	
42610	1010877	
42610	1010884	
42610	1010889	
42610	1010907	
42610	1010914	
42610	1010918	
42610	1010919	
42610	1010921	
42610	1010923	
42610	1010929	
42610	1010931	
42610	1010933	
42610	1010939	
42610	1010940	
42610	1010944	
42610	1010945	
42610	1010947	
42610	1010949	
42610	1010951	
42610	1010955	
42610	1010958	
42610	1010959	
42610	1010964	
42610	1010974	
42610	1010975	
42610	1010978	
42610	1010982	
42610	1010984	
42610	1010985	
42610	1010987	
42610	1010988	
42610	1010990	
