55791	1049552	
42248	1049552	
358277	1049552	
392713	1049552	
464607	1049552	
492301	1049552	
749263	1049552	
749306	1049552	
1030646	1049552	
1049552	1092435	
1049552	1146531	
1049552	1162623	
1049552	1171380	
1049552	1174659	
1049552	1190384	
1049552	1195143	
1049552	1255857	
1049552	1276098	
1049552	1293274	
1049552	1306454	
1049552	1319555	
1049552	1344356	
1049552	1345057	
1049552	1378338	
1049552	1389457	
1049552	1481025	
1049552	1522610	
1049552	1524182	
1049552	1525323	
1049552	1612737	
1049552	1617879	
1049552	1630186	
1049552	1656184	
1049552	1662574	
1049552	1663702	
1049552	1671547	
1049552	1671629	
1049552	1726127	
1049552	1729623	
1049552	1774415	
1049552	1778035	
1049552	1831320	
1049552	1831542	
1049552	1833353	
1049552	1838848	
1049552	1842936	
1049552	2108475	
1049552	2109507	
1049552	2115150	
1049552	2115153	
1049552	2115154	
1049552	2115156	
1049552	2115159	
1049552	2115161	
1049552	2115162	
1049552	2115163	
1049552	2115165	
1049552	2115166	
1049552	2115168	
1049552	2115169	
1049552	2115172	
1049552	2115173	
1049552	2115175	
1049552	2115176	
1049552	2115177	
1049552	2115178	
1049552	2115185	
1049552	2115188	
1049552	2115190	
1049552	2115192	
1049552	2115196	
1049552	2115197	
1049552	2115199	
1049552	2115200	
1049552	2115202	
1049552	2115203	
1049552	2115204	
1049552	2115205	
1049552	2115207	
1049552	2115208	
1049552	2115209	
1049552	2115210	
1049552	2115211	
1049552	2115213	
1049552	2115214	
1049552	2115215	
1049552	2115216	
1049552	2115217	
1049552	2115220	
1049552	2115221	
1049552	2115229	
1049552	2115231	
1049552	2115235	
1049552	2115237	
1049552	2115239	
1049552	2115242	
1049552	2115243	
1049552	2115244	
1049552	2115247	
1049552	2115248	
1049552	2115250	
1049552	2115251	
1049552	2115252	
1049552	2115253	
1049552	2115256	
1049552	2115258	
1049552	2115260	
1049552	2115261	
1049552	2115263	
1049552	2115264	
1049552	2115265	
1049552	2115267	
1049552	2115268	
1049552	2115270	
1049552	2115271	
1049552	2115273	
1049552	2115275	
1049552	2115278	
1049552	2115279	
1049552	2115280	
1049552	2115281	
1049552	2115282	
1049552	2115283	
1049552	2115290	
1049552	2115292	
1049552	2115293	
1049552	2115294	
1049552	2115295	
1049552	2115298	
1049552	2115304	
1049552	2115305	
1049552	2115306	
1049552	2115307	
1049552	2115308	
1049552	2115311	
1049552	2115313	
1049552	2115314	
1049552	2115317	
1049552	2115318	
1049552	2115319	
1049552	2115320	
1049552	2115322	
1049552	2115325	
1049552	2115327	
1049552	2115329	
1049552	2115330	
1049552	2115331	
1049552	2115332	
1049552	2115333	
1049552	2115334	
1049552	2115337	
1049552	2115338	
1049552	2115339	
1049552	2115341	
1049552	2115344	
1049552	2115345	
1049552	2115346	
1049552	2115347	
1049552	2115348	
1049552	2115352	
1049552	2115364	
1049552	2115366	
1049552	2115367	
1049552	2115371	
1049552	2115376	
1049552	2115380	
1049552	2115382	
1049552	2115386	
1049552	2115388	
1049552	2115392	
1049552	2115394	
1049552	2602865	
1049552	2822065	
8679	392713	
691	55791	
692	42248	
6808	42248	
11389	492301	
8123	42248	
8123	358277	
11071	464607	
24983	749263	
24983	749306	
26778	492301	
42540	1293274	
42610	1146531	
42610	1306454	
42713	358277	
42713	2115331	
43296	358277	
43296	1190384	
43296	1524182	
43296	1525323	
55791	492301	
55791	749263	
55791	1030646	
55791	1059697	
55791	1092435	
55791	1146531	
55791	1162623	
55791	1195143	
55791	1255857	
55791	1314037	
55791	1344356	
55791	1345057	
55791	1358862	
55791	1377013	
55791	1424916	
55791	1450522	
55791	1514729	
55791	1520500	
55791	1525323	
55791	1565456	
55791	1598867	
55791	1611472	
55791	1636488	
55791	1663702	
55791	1671543	
55791	1671563	
55791	1696379	
55791	1759973	
55791	1774415	
55791	1831542	
55791	1842936	
55791	2058262	
55791	2108475	
55791	2109507	
55791	2115150	
55791	2115151	
55791	2115152	
55791	2115153	
55791	2115154	
55791	2115155	
55791	2115156	
55791	2115157	
55791	2115158	
55791	2115159	
55791	2115160	
55791	2115161	
55791	2115162	
55791	2115163	
55791	2115164	
55791	2115165	
55791	2115166	
55791	2115167	
55791	2115168	
55791	2115169	
55791	2115170	
55791	2115171	
55791	2115172	
55791	2115173	
55791	2115174	
55791	2115175	
55791	2115176	
55791	2115177	
55791	2115178	
55791	2115179	
55791	2115180	
55791	2115181	
55791	2115182	
55791	2115183	
55791	2115184	
55791	2115185	
55791	2115186	
55791	2115187	
55791	2115188	
55791	2115189	
55791	2115190	
55791	2115191	
55791	2115192	
55791	2115193	
55791	2115194	
55791	2115195	
55791	2115196	
55791	2115197	
55791	2115198	
55791	2115199	
55791	2115200	
55791	2115201	
55791	2115202	
55791	2115203	
55791	2115204	
55791	2115205	
55791	2115206	
55791	2115207	
55791	2115208	
55791	2115209	
55791	2115210	
55791	2115211	
55791	2115212	
55791	2115213	
55791	2115214	
55791	2115215	
55791	2115216	
55791	2115217	
55791	2115218	
55791	2115219	
55791	2115220	
55791	2115221	
55791	2115222	
55791	2115223	
55791	2115224	
55791	2115225	
55791	2115226	
55791	2115227	
55791	2115228	
55791	2115229	
55791	2115230	
55791	2115231	
55791	2115232	
55791	2115233	
55791	2115234	
55791	2115235	
55791	2115236	
55791	2115237	
55791	2115238	
55791	2115239	
55791	2115240	
55791	2115241	
55791	2115242	
55791	2115243	
55791	2115244	
55791	2115245	
55791	2115246	
55791	2115247	
55791	2115248	
55791	2115249	
55791	2115250	
55791	2115251	
55791	2115252	
55791	2115253	
55791	2115254	
55791	2115255	
55791	2115256	
55791	2115257	
55791	2115258	
55791	2115259	
55791	2115260	
55791	2115261	
55791	2115262	
55791	2115263	
55791	2115264	
55791	2115265	
55791	2115266	
55791	2115267	
55791	2115268	
55791	2115269	
55791	2115270	
55791	2115271	
55791	2115272	
55791	2115273	
55791	2115274	
55791	2115275	
55791	2115276	
55791	2115277	
55791	2115278	
55791	2115279	
55791	2115280	
55791	2115281	
55791	2115282	
55791	2115283	
55791	2115284	
55791	2115285	
55791	2115286	
55791	2115287	
55791	2115288	
55791	2115289	
55791	2115290	
55791	2115291	
55791	2115292	
55791	2115293	
55791	2115294	
55791	2115295	
55791	2115296	
55791	2115297	
55791	2115298	
55791	2115299	
55791	2115300	
55791	2115301	
55791	2115302	
55791	2115303	
55791	2115304	
55791	2115305	
55791	2115306	
55791	2115307	
55791	2115308	
55791	2115309	
55791	2115310	
55791	2115311	
55791	2115312	
55791	2115313	
55791	2115314	
55791	2115315	
55791	2115316	
55791	2115317	
55791	2115318	
55791	2115319	
55791	2115320	
55791	2115321	
55791	2115322	
55791	2115323	
55791	2115324	
55791	2115325	
55791	2115326	
55791	2115327	
55791	2115328	
55791	2115329	
55791	2115330	
55791	2115331	
55791	2115332	
55791	2115333	
55791	2115334	
55791	2115335	
55791	2115336	
55791	2115337	
55791	2115338	
55791	2115339	
55791	2115340	
55791	2115341	
55791	2115342	
55791	2115343	
55791	2115344	
55791	2115345	
55791	2115346	
55791	2115347	
55791	2115348	
55791	2115350	
55791	2115352	
55791	2115355	
55791	2115357	
55791	2115359	
55791	2115363	
55791	2115364	
55791	2115366	
55791	2115367	
55791	2115369	
55791	2115370	
55791	2115371	
55791	2115373	
55791	2115376	
55791	2115378	
55791	2115380	
55791	2115381	
55791	2115382	
55791	2115384	
55791	2115386	
55791	2115388	
55791	2115390	
55791	2115392	
55791	2115394	
55791	2115396	
55791	2115398	
55791	2115400	
55829	2108475	
55841	2108475	
55895	358277	
55904	358277	
55904	1831320	
55939	358277	
55966	358277	
55972	2108475	
55972	2109507	
42154	42248	
42157	42248	
42159	42248	
42160	42248	
42164	42248	
42169	1092435	
42176	42248	
42179	42248	
42182	42248	
42182	1030646	
42183	42248	
42189	42248	
42192	358277	
42194	42248	
42195	42248	
42195	358277	
42197	42248	
42201	42248	
42214	42248	
42217	42248	
42231	42248	
42241	42248	
42248	42251	
42248	42280	
42248	42282	
42248	42284	
42248	42291	
42248	42308	
42248	42309	
42248	42316	
42248	42325	
42248	42326	
42248	42338	
42248	42340	
42248	42342	
42248	42343	
42248	42346	
42248	42358	
42248	42372	
42248	42381	
42248	42383	
42248	42384	
42248	42385	
42248	42392	
42248	42393	
42248	42394	
42248	42396	
42248	42398	
42248	42401	
42248	42402	
42248	42412	
42248	42416	
42248	42419	
42248	42421	
42248	42422	
42248	42424	
42248	42428	
42248	42429	
42248	42431	
42248	42441	
42248	42446	
42248	42448	
42248	42451	
42248	42453	
42248	42480	
42248	42506	
42248	42507	
42248	42512	
42248	42514	
42248	42516	
42248	42528	
42248	42532	
42248	42540	
42248	42550	
42248	42552	
42248	42553	
42248	42561	
42248	42565	
42248	42572	
42248	42573	
42248	42582	
42248	42588	
42248	42589	
42248	42590	
42248	42593	
42248	42596	
42248	42597	
42248	42604	
42248	42607	
42248	42610	
42248	42615	
42248	42616	
42248	42620	
42248	42621	
42248	42622	
42248	42623	
42248	42626	
42248	42627	
42248	42628	
42248	42629	
42248	42630	
42248	42631	
42248	42636	
42248	42643	
42248	42645	
42248	42652	
42248	42655	
42248	42663	
42248	42672	
42248	42678	
42248	42685	
42248	42699	
42248	42705	
42248	42707	
42248	42713	
42248	42717	
42248	42726	
42248	42736	
42248	42759	
42248	42760	
42248	42774	
42248	42778	
42248	42779	
42248	42789	
42248	42808	
42248	42820	
42248	42824	
42248	42827	
42248	42829	
42248	42840	
42248	42849	
42248	42864	
42248	42878	
42248	42879	
42248	42885	
42248	42897	
42248	42902	
42248	42910	
42248	42911	
42248	42916	
42248	42922	
42248	42925	
42248	42928	
42248	42938	
42248	42939	
42248	42950	
42248	42953	
42248	42963	
42248	42964	
42248	42970	
42248	42976	
42248	42977	
42248	42986	
42248	42996	
42248	43014	
42248	43027	
42248	43030	
42248	43031	
42248	43053	
42248	43062	
42248	43091	
42248	43095	
42248	43099	
42248	43105	
42248	43114	
42248	43118	
42248	43126	
42248	43133	
42248	43134	
42248	43141	
42248	43143	
42248	43146	
42248	43152	
42248	43164	
42248	43168	
42248	43172	
42248	43173	
42248	43182	
42248	43184	
42248	43192	
42248	43195	
42248	43204	
42248	43209	
42248	43217	
42248	43221	
42248	43225	
42248	43229	
42248	43231	
42248	43232	
42248	43233	
42248	43245	
42248	43248	
42248	43257	
42248	43267	
42248	43275	
42248	43286	
42248	43293	
42248	43302	
42248	43304	
42248	43305	
42248	43307	
42248	43324	
42248	43340	
42248	43345	
42248	43349	
42248	43357	
42248	43360	
42248	43367	
42248	43369	
42248	43372	
42248	43373	
42248	43386	
42248	43394	
42248	43395	
42248	43410	
42248	43411	
42248	43417	
42248	43421	
42248	43427	
42248	43429	
42248	43430	
42248	43431	
42248	43432	
42248	43437	
42248	43441	
42248	43446	
42248	43456	
42248	43457	
42248	43462	
42248	43463	
42248	43464	
42248	43466	
42248	43481	
42248	43492	
42248	43493	
42248	43495	
42248	43497	
42248	43503	
42248	43504	
42248	43505	
42248	43506	
42248	43512	
42248	43515	
42248	43516	
42248	43525	
42248	43528	
42248	43535	
42248	43538	
42248	43541	
42248	43548	
42248	43550	
42248	43558	
42248	43597	
42248	43604	
42248	43608	
42248	43611	
42248	43616	
42248	43637	
42248	43640	
42248	43641	
42248	43643	
42248	43646	
42248	43650	
42248	43651	
42248	43654	
42248	43660	
42248	43666	
42248	43667	
42248	43680	
42248	43681	
42248	43685	
42248	43687	
42248	43693	
42248	43705	
42248	43707	
42248	43712	
42248	43718	
42248	43724	
42248	43728	
42248	43746	
42248	43750	
42248	43752	
42248	43760	
42248	43765	
42248	43766	
42248	43767	
42248	43768	
42248	43769	
42248	43771	
42248	43774	
42248	43778	
42248	43785	
42248	43799	
42248	43800	
42248	43805	
42248	43806	
42248	43809	
42248	43813	
42248	43814	
42248	43822	
42248	43825	
42248	43828	
42248	43837	
42248	43840	
42248	43850	
42248	43872	
42248	43874	
42248	43875	
42248	43882	
42248	43888	
42248	43890	
42248	43894	
42248	43898	
42248	43899	
42248	43902	
42248	43913	
42248	43917	
42248	43919	
42248	43922	
42248	43924	
42248	43929	
42248	43941	
42248	43943	
42248	43947	
42248	43951	
42248	43953	
42248	43959	
42248	43960	
42248	43961	
42248	43972	
42248	43976	
42248	43977	
42248	43978	
42248	43979	
42248	43982	
42248	43990	
42248	43998	
42248	43999	
42248	44001	
42248	44013	
42248	44022	
42248	44023	
42248	44035	
42248	44039	
42248	44049	
42248	44060	
42248	44063	
42248	44072	
42248	44077	
42248	44079	
42248	44080	
42248	44081	
42248	44082	
42248	44083	
42248	44095	
42248	44106	
42248	44107	
42248	44108	
42248	44112	
42248	44115	
42248	44137	
42248	44144	
42248	44146	
42248	44166	
42248	44168	
42248	44170	
42248	44178	
42248	44182	
42248	44190	
42248	44197	
42248	44199	
42248	44200	
42248	44206	
42248	44208	
42248	44209	
42248	44214	
42248	44237	
42248	44254	
42248	44259	
42248	44261	
42248	44273	
42248	44279	
42248	44288	
42248	44296	
42248	46318	
42248	46365	
42248	46436	
42248	51977	
42248	51980	
42248	51982	
42248	52266	
42248	55793	
42248	55880	
42248	55939	
42248	55955	
42248	56000	
42248	59381	
42248	64239	
42248	71777	
42248	78863	
42248	87213	
42248	90502	
42248	95061	
42248	95150	
42248	108841	
42248	108928	
42248	108960	
42248	195648	
42248	195727	
42248	200424	
42248	229551	
42248	229926	
42248	229984	
42248	230154	
42248	230169	
42248	243822	
42248	246338	
42248	247682	
42248	247912	
42248	247930	
42248	248094	
42248	248586	
42248	248638	
42248	248643	
42248	248674	
42248	248699	
42248	248724	
42248	248751	
42248	248767	
42248	248774	
42248	248775	
42248	248828	
42248	248880	
42248	248945	
42248	248956	
42248	248959	
42248	248984	
42248	248994	
42248	248999	
42248	249006	
42248	249029	
42248	249053	
42248	249071	
42248	249090	
42248	249094	
42248	249111	
42248	249211	
42248	249236	
42248	249240	
42248	249253	
42248	249300	
42248	249324	
42248	249362	
42248	249391	
42248	249400	
42248	249403	
42248	249436	
42248	249450	
42248	249469	
42248	249481	
42248	249482	
42248	249494	
42248	249503	
42248	249519	
42248	249525	
42248	249528	
42248	249538	
42248	249572	
42248	249573	
42248	249599	
42248	249670	
42248	266440	
42248	278765	
42248	278769	
42248	286329	
42248	296093	
42248	298216	
42248	301048	
42248	306779	
42248	306823	
42248	306952	
42248	306993	
42248	307021	
42248	307023	
42248	307038	
42248	307089	
42248	307106	
42248	307122	
42248	307163	
42248	307222	
42248	307224	
42248	307328	
42248	307338	
42248	307339	
42248	307360	
42248	307376	
42248	307408	
42248	307421	
42248	307427	
42248	307434	
42248	307446	
42248	307452	
42248	307460	
42248	307466	
42248	307471	
42248	307474	
42248	307496	
42248	307499	
42248	307583	
42248	307597	
42248	307602	
42248	307603	
42248	307621	
42248	307643	
42248	307664	
42248	307676	
42248	331420	
42248	340941	
42248	343015	
42248	346748	
42248	346749	
42248	346752	
42248	346764	
42248	346798	
42248	347169	
42248	347341	
42248	347469	
42248	347560	
42248	348246	
42248	348466	
42248	348550	
42248	349122	
42248	349761	
42248	349938	
42248	350670	
42248	350762	
42248	350970	
42248	351586	
42248	351644	
42248	351804	
42248	351976	
42248	352439	
42248	352453	
42248	352468	
42248	353295	
42248	353299	
42248	353342	
42248	353422	
42248	353683	
42248	353700	
42248	353701	
42248	353704	
42248	353712	
42248	353718	
42248	353722	
42248	353768	
42248	353782	
42248	353792	
42248	353795	
42248	353846	
42248	353853	
42248	353867	
42248	353875	
42248	353883	
42248	353885	
42248	353896	
42248	353903	
42248	353907	
42248	353911	
42248	353912	
42248	353916	
42248	353936	
42248	353982	
42248	353988	
42248	353989	
42248	353991	
42248	354007	
42248	354066	
42248	354071	
42248	354090	
42248	354093	
42248	354096	
42248	354102	
42248	354107	
42248	354139	
42248	354151	
42248	354162	
42248	354168	
42248	354172	
42248	354191	
42248	354193	
42248	354202	
42248	354207	
42248	354243	
42248	354265	
42248	354280	
42248	354319	
42248	354337	
42248	354339	
42248	354345	
42248	354347	
42248	354349	
42248	354364	
42248	354367	
42248	354368	
42248	354377	
42248	354381	
42248	354401	
42248	354422	
42248	354423	
42248	354425	
42248	354432	
42248	354449	
42248	354464	
42248	354498	
42248	354511	
42248	354516	
42248	354520	
42248	354532	
42248	354545	
42248	354564	
42248	354566	
42248	354570	
42248	354578	
42248	354607	
42248	354612	
42248	354617	
42248	354633	
42248	354634	
42248	354665	
42248	354672	
42248	354701	
42248	354704	
42248	354705	
42248	354723	
42248	354752	
42248	354771	
42248	354780	
42248	354829	
42248	354844	
42248	354852	
42248	354854	
42248	354863	
42248	354869	
42248	354873	
42248	354887	
42248	354902	
42248	354912	
42248	354921	
42248	354931	
42248	354978	
42248	354995	
42248	355000	
42248	355066	
42248	355074	
42248	355075	
42248	355076	
42248	355086	
42248	355088	
42248	355125	
42248	355141	
42248	355154	
42248	355166	
42248	355181	
42248	355191	
42248	355216	
42248	355231	
42248	355258	
42248	355284	
42248	355322	
42248	355338	
42248	355351	
42248	355388	
42248	355403	
42248	355405	
42248	355412	
42248	355422	
42248	355434	
42248	355472	
42248	355483	
42248	355496	
42248	355519	
42248	355524	
42248	355530	
42248	355531	
42248	355534	
42248	355536	
42248	355538	
42248	355544	
42248	355564	
42248	355570	
42248	355572	
42248	355579	
42248	355587	
42248	355653	
42248	355663	
42248	355698	
42248	355703	
42248	355710	
42248	355726	
42248	355742	
42248	355746	
42248	355753	
42248	355770	
42248	355772	
42248	355775	
42248	355787	
42248	355795	
42248	355815	
42248	355820	
42248	355835	
42248	355845	
42248	355854	
42248	355880	
42248	355887	
42248	355894	
42248	355913	
42248	355932	
42248	355960	
42248	355961	
42248	355968	
42248	355987	
42248	355993	
42248	356022	
42248	356028	
42248	356034	
42248	356046	
42248	356054	
42248	356073	
42248	356090	
42248	356115	
42248	356155	
42248	356196	
42248	356218	
42248	356227	
42248	356244	
42248	356258	
42248	356263	
42248	356295	
42248	356307	
42248	356309	
42248	356335	
42248	356364	
42248	356423	
42248	356440	
42248	356493	
42248	356526	
42248	356530	
42248	356531	
42248	356559	
42248	356578	
42248	356584	
42248	356611	
42248	356615	
42248	356633	
42248	356634	
42248	356643	
42248	356655	
42248	356656	
42248	356658	
42248	356687	
42248	356690	
42248	356700	
42248	356715	
42248	356728	
42248	356764	
42248	356784	
42248	356785	
42248	356793	
42248	356819	
42248	356845	
42248	356880	
42248	356910	
42248	356913	
42248	356919	
42248	356941	
42248	356950	
42248	356961	
42248	356966	
42248	356970	
42248	356985	
42248	356995	
42248	357017	
42248	357104	
42248	357133	
42248	357150	
42248	357153	
42248	357157	
42248	357162	
42248	357173	
42248	357194	
42248	357197	
42248	357207	
42248	357216	
42248	357238	
42248	357241	
42248	357263	
42248	357278	
42248	357293	
42248	357299	
42248	357337	
42248	357340	
42248	357345	
42248	357348	
42248	357359	
42248	357401	
42248	357403	
42248	357418	
42248	357501	
42248	357504	
42248	357507	
42248	357508	
42248	357529	
42248	357537	
42248	357561	
42248	357575	
42248	357588	
42248	357621	
42248	357634	
42248	357661	
42248	357668	
42248	357699	
42248	357711	
42248	357730	
42248	357743	
42248	357747	
42248	357757	
42248	357782	
42248	357795	
42248	357797	
42248	357803	
42248	357863	
42248	357879	
42248	357882	
42248	357899	
42248	357914	
42248	357935	
42248	357958	
42248	357968	
42248	357977	
42248	357980	
42248	357999	
42248	358003	
42248	358039	
42248	358057	
42248	358058	
42248	358059	
42248	358069	
42248	358072	
42248	358075	
42248	358089	
42248	358092	
42248	358119	
42248	358124	
42248	358140	
42248	358142	
42248	358147	
42248	358148	
42248	358161	
42248	358165	
42248	358171	
42248	358182	
42248	358220	
42248	358248	
42248	358254	
42248	358257	
42248	358266	
42248	358270	
42248	358298	
42248	358317	
42248	358319	
42248	358337	
42248	358342	
42248	358345	
42248	358351	
42248	358360	
42248	358363	
42248	358368	
42248	358388	
42248	358398	
42248	358403	
42248	358404	
42248	358418	
42248	358427	
42248	358438	
42248	358499	
42248	358524	
42248	358543	
42248	358549	
42248	358566	
42248	358576	
42248	358609	
42248	358633	
42248	358640	
42248	358686	
42248	358699	
42248	358706	
42248	358721	
42248	358728	
42248	358735	
42248	358752	
42248	358758	
42248	358766	
42248	358776	
42248	358779	
42248	358783	
42248	358794	
42248	358832	
42248	358834	
42248	358838	
42248	358842	
42248	358843	
42248	358852	
42248	358862	
42248	358873	
42248	358874	
42248	358895	
42248	358919	
42248	358933	
42248	358948	
42248	358974	
42248	358980	
42248	358986	
42248	358994	
42248	359003	
42248	359008	
42248	359059	
42248	359066	
42248	359076	
42248	359079	
42248	359095	
42248	359124	
42248	359141	
42248	359142	
42248	359153	
42248	359156	
42248	359163	
42248	359166	
42248	359248	
42248	359272	
42248	359277	
42248	359313	
42248	359355	
42248	359374	
42248	359399	
42248	359424	
42248	359430	
42248	359449	
42248	359451	
42248	359479	
42248	359488	
42248	359503	
42248	359511	
42248	359521	
42248	359538	
42248	359539	
42248	359560	
42248	359566	
42248	359573	
42248	359581	
42248	359589	
42248	359592	
42248	359593	
42248	359594	
42248	359595	
42248	359597	
42248	359598	
42248	359599	
42248	359607	
42248	359609	
42248	359612	
42248	359618	
42248	359619	
42248	359635	
42248	359637	
42248	359643	
42248	359667	
42248	359683	
42248	359690	
42248	359697	
42248	359700	
42248	359753	
42248	359754	
42248	359761	
42248	359787	
42248	359796	
42248	359823	
42248	359839	
42248	359843	
42248	359860	
42248	359861	
42248	359862	
42248	359865	
42248	359869	
42248	359889	
42248	359890	
42248	359895	
42248	359914	
42248	359920	
42248	359924	
42248	359932	
42248	359936	
42248	359938	
42248	359953	
42248	359977	
42248	359988	
42248	359990	
42248	359993	
42248	360011	
42248	360041	
42248	360059	
42248	360087	
42248	360100	
42248	360121	
42248	360134	
42248	360157	
42248	360184	
42248	360201	
42248	360207	
42248	360208	
42248	360234	
42248	360236	
42248	360238	
42248	360248	
42248	360280	
42248	360304	
42248	360310	
42248	360320	
42248	360332	
42248	360355	
42248	360367	
42248	360390	
42248	360392	
42248	360400	
42248	360424	
42248	360433	
42248	360452	
42248	360454	
42248	360455	
42248	360463	
42248	360464	
42248	360469	
42248	360476	
42248	360497	
42248	360501	
42248	360505	
42248	360529	
42248	360546	
42248	360563	
42248	360596	
42248	360601	
42248	360624	
42248	360627	
42248	360629	
42248	360639	
42248	360644	
42248	360648	
42248	360654	
42248	360660	
42248	360676	
42248	360687	
42248	360703	
42248	360707	
42248	360717	
42248	360730	
42248	360746	
42248	360748	
42248	360751	
42248	360771	
42248	360782	
42248	360789	
42248	360797	
42248	360823	
42248	360826	
42248	360842	
42248	360848	
42248	360859	
42248	360875	
42248	360907	
42248	360924	
42248	360926	
42248	360928	
42248	360934	
42248	360945	
42248	360956	
42248	360959	
42248	360964	
42248	360969	
42248	360975	
42248	361028	
42248	361054	
42248	361056	
42248	361060	
42248	361063	
42248	361079	
42248	361082	
42248	361095	
42248	361109	
42248	361119	
42248	361126	
42248	361131	
42248	361137	
42248	361149	
42248	361151	
42248	361165	
42248	361178	
42248	361180	
42248	361181	
42248	361221	
42248	361257	
42248	361272	
42248	361285	
42248	361286	
42248	361287	
42248	361292	
42248	361321	
42248	361323	
42248	361352	
42248	361382	
42248	361408	
42248	361411	
42248	361414	
42248	361417	
42248	361427	
42248	361430	
42248	361432	
42248	361445	
42248	361453	
42248	361462	
42248	361472	
42248	361488	
42248	361493	
42248	361526	
42248	361534	
42248	361537	
42248	361544	
42248	361555	
42248	361569	
42248	361571	
42248	361583	
42248	361592	
42248	361601	
42248	361608	
42248	361648	
42248	361649	
42248	361664	
42248	361696	
42248	361697	
42248	361714	
42248	361747	
42248	361754	
42248	361758	
42248	361767	
42248	361778	
42248	361780	
42248	361793	
42248	361800	
42248	361808	
42248	361813	
42248	361827	
42248	361849	
42248	361851	
42248	361855	
42248	361867	
42248	361874	
42248	361879	
42248	361880	
42248	361906	
42248	361917	
42248	361934	
42248	361945	
42248	361979	
42248	361993	
42248	361996	
42248	361999	
42248	362063	
42248	362067	
42248	362074	
42248	362080	
42248	362085	
42248	362108	
42248	362131	
42248	362132	
42248	362151	
42248	362168	
42248	362174	
42248	362186	
42248	362200	
42248	362209	
42248	362212	
42248	362236	
42248	362287	
42248	362291	
42248	362296	
42248	362298	
42248	362311	
42248	362322	
42248	362325	
42248	362330	
42248	362335	
42248	362337	
42248	362360	
42248	362362	
42248	362378	
42248	362380	
42248	362397	
42248	362405	
42248	362418	
42248	362421	
42248	362436	
42248	362469	
42248	362474	
42248	362478	
42248	362480	
42248	362483	
42248	362498	
42248	362500	
42248	362511	
42248	362513	
42248	362516	
42248	362524	
42248	362554	
42248	362569	
42248	362586	
42248	362593	
42248	362602	
42248	362616	
42248	362625	
42248	362630	
42248	362635	
42248	362662	
42248	362667	
42248	362718	
42248	362731	
42248	362734	
42248	362737	
42248	362738	
42248	362740	
42248	362751	
42248	362755	
42248	362767	
42248	362772	
42248	362777	
42248	362785	
42248	362790	
42248	362792	
42248	362817	
42248	362820	
42248	362824	
42248	362838	
42248	362854	
42248	362860	
42248	362864	
42248	362865	
42248	362866	
42248	362888	
42248	362930	
42248	362947	
42248	362962	
42248	362979	
42248	362994	
42248	363040	
42248	363069	
42248	363073	
42248	363090	
42248	363113	
42248	363114	
42248	363133	
42248	363145	
42248	363153	
42248	363162	
42248	363191	
42248	363193	
42248	363207	
42248	363225	
42248	363246	
42248	363277	
42248	363315	
42248	363327	
42248	363331	
42248	363346	
42248	363374	
42248	363378	
42248	363381	
42248	363390	
42248	363411	
42248	363426	
42248	363451	
42248	363472	
42248	363490	
42248	363493	
42248	363498	
42248	363500	
42248	363503	
42248	363520	
42248	363521	
42248	363529	
42248	363536	
42248	363543	
42248	363545	
42248	363547	
42248	363571	
42248	363577	
42248	363587	
42248	363599	
42248	363604	
42248	363613	
42248	363618	
42248	363622	
42248	363644	
42248	363646	
42248	363661	
42248	363670	
42248	363677	
42248	363688	
42248	363689	
42248	363691	
42248	363704	
42248	363706	
42248	363707	
42248	363732	
42248	363738	
42248	363765	
42248	363773	
42248	363787	
42248	363795	
42248	363796	
42248	363802	
42248	363803	
42248	363815	
42248	363834	
42248	363865	
42248	363930	
42248	363937	
42248	363948	
42248	363951	
42248	363992	
42248	363997	
42248	364088	
42248	364107	
42248	364140	
42248	364184	
42248	364193	
42248	364202	
42248	364262	
42248	364268	
42248	364281	
42248	364291	
42248	364301	
42248	364312	
42248	364313	
42248	364316	
42248	364318	
42248	364324	
42248	364328	
42248	364337	
42248	364392	
42248	364413	
42248	364419	
42248	364504	
42248	364528	
42248	364531	
42248	364544	
42248	364568	
42248	364570	
42248	364580	
42248	364604	
42248	364623	
42248	364627	
42248	364631	
42248	364634	
42248	364639	
42248	364643	
42248	364677	
42248	364692	
42248	364707	
42248	364759	
42248	364770	
42248	364772	
42248	364802	
42248	364827	
42248	364857	
42248	364861	
42248	364875	
42248	364877	
42248	364890	
42248	364932	
42248	364953	
42248	364964	
42248	364972	
42248	364983	
42248	364996	
42248	365005	
42248	365006	
42248	365014	
42248	365023	
42248	365091	
42248	365114	
42248	365132	
42248	365396	
42248	365595	
42248	365610	
42248	367291	
42248	367992	
42248	369886	
42248	371602	
42248	371642	
42248	371989	
42248	373243	
42248	377664	
42248	377741	
42248	381158	
42248	392266	
42248	414501	
42248	422591	
42248	427490	
42248	429194	
42248	429239	
42248	439827	
42248	439848	
42248	439894	
42248	439929	
42248	439949	
42248	440001	
42248	440003	
42248	446105	
42248	446417	
42248	446487	
42248	446524	
42248	453326	
42248	455435	
42248	456805	
42248	457110	
42248	458113	
42248	459835	
42248	460497	
42248	461148	
42248	461164	
42248	461428	
42248	462634	
42248	463076	
42248	463595	
42248	464021	
42248	464645	
42248	464681	
42248	464754	
42248	465011	
42248	465057	
42248	465068	
42248	465090	
42248	465096	
42248	465129	
42248	465139	
42248	465165	
42248	465302	
42248	465544	
42248	466352	
42248	467127	
42248	467163	
42248	467193	
42248	467444	
42248	467486	
42248	468320	
42248	468386	
42248	468393	
42248	468460	
42248	468500	
42248	468560	
42248	468575	
42248	468723	
42248	468847	
42248	468880	
42248	470113	
42248	470182	
42248	470329	
42248	470528	
42248	470534	
42248	470595	
42248	470603	
42248	470816	
42248	470950	
42248	471298	
42248	471402	
42248	471618	
42248	471650	
42248	471689	
42248	471701	
42248	471720	
42248	471829	
42248	471843	
42248	471913	
42248	471946	
42248	471957	
42248	472012	
42248	472017	
42248	472036	
42248	472053	
42248	472062	
42248	472093	
42248	472561	
42248	472574	
42248	472584	
42248	473555	
42248	473609	
42248	473748	
42248	473907	
42248	474054	
42248	474098	
42248	474445	
42248	474595	
42248	475005	
42248	475457	
42248	476177	
42248	476253	
42248	476472	
42248	477378	
42248	479806	
42248	479876	
42248	480873	
42248	481151	
42248	482414	
42248	482492	
42248	483497	
42248	487052	
42248	487113	
42248	487150	
42248	488496	
42248	492383	
42248	492401	
42248	497375	
42248	502709	
42248	516007	
42248	533033	
42248	533065	
42248	533112	
42248	533131	
42248	533136	
42248	533227	
42248	533245	
42248	533287	
42248	533311	
42248	534038	
42248	534090	
42248	534189	
42248	534195	
42248	534223	
42248	534292	
42248	560082	
42248	560420	
42248	560583	
42248	572963	
42248	578363	
42248	580466	
42248	598758	
42248	601071	
42248	602617	
42248	610789	
42248	623679	
42248	635636	
42248	642966	
42248	657562	
42248	658034	
42248	668084	
42248	668278	
42248	668387	
42248	668650	
42248	672244	
42248	675576	
42248	676440	
42248	676507	
42248	692930	
42248	695636	
42248	695651	
42248	698568	
42248	699307	
42248	699773	
42248	704232	
42248	704271	
42248	710498	
42248	714701	
42248	717923	
42248	722744	
42248	722781	
42248	722948	
42248	723016	
42248	723371	
42248	724958	
42248	725169	
42248	725624	
42248	726328	
42248	727448	
42248	728697	
42248	729775	
42248	729860	
42248	729903	
42248	730078	
42248	733032	
42248	733637	
42248	733640	
42248	733666	
42248	733677	
42248	734803	
42248	735016	
42248	748389	
42248	750592	
42248	759822	
42248	770094	
42248	770133	
42248	773616	
42248	775558	
42248	775593	
42248	778010	
42248	778825	
42248	779096	
42248	779312	
42248	779313	
42248	779320	
42248	779504	
42248	779534	
42248	779640	
42248	779890	
42248	779936	
42248	780085	
42248	783980	
42248	809247	
42248	811299	
42248	824985	
42248	825011	
42248	825051	
42248	829008	
42248	829039	
42248	830383	
42248	830493	
42248	831034	
42248	831144	
42248	831169	
42248	831235	
42248	831500	
42248	832250	
42248	836631	
42248	836764	
42248	836815	
42248	837056	
42248	837468	
42248	837572	
42248	837743	
42248	838018	
42248	838103	
42248	838227	
42248	838233	
42248	838448	
42248	838685	
42248	838740	
42248	838821	
42248	838934	
42248	839063	
42248	848671	
42248	852411	
42248	859162	
42248	863593	
42248	864418	
42248	864523	
42248	864604	
42248	864953	
42248	865158	
42248	879797	
42248	879831	
42248	883627	
42248	885831	
42248	888467	
42248	888732	
42248	888937	
42248	889019	
42248	889030	
42248	890295	
42248	893306	
42248	893484	
42248	899292	
42248	899764	
42248	899805	
42248	899828	
42248	909338	
42248	920189	
42248	926378	
42248	927300	
42248	933317	
42248	941983	
42248	944599	
42248	944609	
42248	954600	
42248	957621	
42248	957866	
42248	966807	
42248	968518	
42248	970002	
42248	970035	
42248	970036	
42248	970145	
42248	970844	
42248	973624	
42248	975985	
42248	976159	
42248	976478	
42248	976483	
42248	976511	
42248	977677	
42248	980393	
42248	980585	
42248	980739	
42248	980743	
42248	980745	
42248	980775	
42248	980799	
42248	985059	
42248	985062	
42248	985166	
42248	987362	
42248	987364	
42248	987367	
42248	987371	
42248	987388	
42248	987398	
42248	987402	
42248	987407	
42248	987417	
42248	987423	
42248	987429	
42248	987436	
42248	987438	
42248	987444	
42248	987446	
42248	987461	
42248	987463	
42248	987468	
42248	987471	
42248	987472	
42248	987474	
42248	987480	
42248	987489	
42248	987491	
42248	987496	
42248	987503	
42248	987512	
42248	987525	
42248	987539	
42248	987544	
42248	987547	
42248	987551	
42248	987554	
42248	987559	
42248	987564	
42248	987571	
42248	987573	
42248	987574	
42248	987575	
42248	987585	
42248	987593	
42248	987600	
42248	987610	
42248	987623	
42248	987624	
42248	987633	
42248	987641	
42248	987647	
42248	987653	
42248	987655	
42248	987657	
42248	987659	
42248	987660	
42248	987666	
42248	987668	
42248	987670	
42248	987672	
42248	987675	
42248	987678	
42248	987680	
42248	987681	
42248	987683	
42248	987690	
42248	987692	
42248	987694	
42248	987695	
42248	987706	
42248	987710	
42248	987715	
42248	987723	
42248	987725	
42248	987733	
42248	987734	
42248	987738	
42248	987757	
42248	987761	
42248	987769	
42248	987776	
42248	987777	
42248	987779	
42248	987783	
42248	987792	
42248	987793	
42248	987799	
42248	987800	
42248	987801	
42248	987803	
42248	987806	
42248	987807	
42248	987810	
42248	987816	
42248	987817	
42248	987819	
42248	987823	
42248	987827	
42248	987830	
42248	987832	
42248	987836	
42248	987842	
42248	987846	
42248	987847	
42248	987848	
42248	987849	
42248	987853	
42248	987855	
42248	987856	
42248	987871	
42248	987875	
42248	987877	
42248	987884	
42248	987886	
42248	987887	
42248	987889	
42248	987891	
42248	987892	
42248	987895	
42248	987898	
42248	987905	
42248	987907	
42248	987913	
42248	987927	
42248	987934	
42248	987939	
42248	987940	
42248	987941	
42248	987951	
42248	987952	
42248	987957	
42248	987958	
42248	987960	
42248	987962	
42248	987964	
42248	987981	
42248	987987	
42248	987992	
42248	987998	
42248	988001	
42248	988002	
42248	988004	
42248	988005	
42248	988014	
42248	988015	
42248	988019	
42248	988020	
42248	988022	
42248	988028	
42248	988034	
42248	988043	
42248	988046	
42248	988047	
42248	988051	
42248	988055	
42248	988074	
42248	988076	
42248	988080	
42248	988082	
42248	988083	
42248	988090	
42248	988091	
42248	988097	
42248	988102	
42248	988103	
42248	988112	
42248	988114	
42248	988116	
42248	988117	
42248	988118	
42248	988127	
42248	988131	
42248	988133	
42248	988135	
42248	988140	
42248	988141	
42248	988144	
42248	988154	
42248	988155	
42248	988157	
42248	988159	
42248	988163	
42248	988164	
42248	988165	
42248	988175	
42248	988177	
42248	988179	
42248	988181	
42248	988188	
42248	988198	
42248	988199	
42248	988201	
42248	988202	
42248	988214	
42248	988219	
42248	988220	
42248	988221	
42248	988224	
42248	988228	
42248	988234	
42248	988249	
42248	988251	
42248	988252	
42248	988255	
42248	988256	
42248	988260	
42248	988261	
42248	988266	
42248	988276	
42248	988279	
42248	988280	
42248	988285	
42248	988287	
42248	988288	
42248	988292	
42248	988294	
42248	988298	
42248	988300	
42248	988301	
42248	988302	
42248	988304	
42248	988306	
42248	988318	
42248	988471	
42248	988474	
42248	989004	
42248	989007	
42248	989013	
42248	989019	
42248	989043	
42248	989060	
42248	989088	
42248	989104	
42248	989113	
42248	989118	
42248	989126	
42248	989139	
42248	989164	
42248	989172	
42248	989190	
42248	989194	
42248	989198	
42248	989202	
42248	989206	
42248	989212	
42248	989222	
42248	989225	
42248	989226	
42248	989263	
42248	989265	
42248	989276	
42248	989280	
42248	989282	
42248	989288	
42248	989290	
42248	989301	
42248	989303	
42248	989312	
42248	989317	
42248	989324	
42248	989332	
42248	989335	
42248	989349	
42248	989381	
42248	989382	
42248	989383	
42248	989389	
42248	989390	
42248	989393	
42248	989394	
42248	989398	
42248	989404	
42248	989557	
42248	990347	
42248	990373	
42248	990458	
42248	990483	
42248	990484	
42248	990493	
42248	990500	
42248	990516	
42248	990746	
42248	990787	
42248	990846	
42248	990868	
42248	990891	
42248	991308	
42248	991383	
42248	991508	
42248	991542	
42248	991546	
42248	991630	
42248	991750	
42248	991762	
42248	991779	
42248	991786	
42248	991789	
42248	991794	
42248	991825	
42248	991853	
42248	991856	
42248	991860	
42248	991868	
42248	991872	
42248	991914	
42248	991971	
42248	992093	
42248	992114	
42248	992128	
42248	992129	
42248	992132	
42248	992134	
42248	992334	
42248	992367	
42248	992375	
42248	992388	
42248	992390	
42248	992396	
42248	992407	
42248	992428	
42248	992440	
42248	992445	
42248	992468	
42248	992479	
42248	992505	
42248	992599	
42248	992600	
42248	992613	
42248	992632	
42248	992656	
42248	992660	
42248	992724	
42248	992727	
42248	992754	
42248	992763	
42248	992773	
42248	992777	
42248	992783	
42248	992809	
42248	992836	
42248	992852	
42248	992864	
42248	992867	
42248	992879	
42248	992891	
42248	992905	
42248	993232	
42248	993505	
42248	993796	
42248	993913	
42248	994177	
42248	994178	
42248	994206	
42248	994215	
42248	994250	
42248	994368	
42248	994381	
42248	994384	
42248	994397	
42248	994412	
42248	994439	
42248	994441	
42248	994496	
42248	994497	
42248	994546	
42248	994558	
42248	994568	
42248	994615	
42248	994629	
42248	994656	
42248	994665	
42248	994667	
42248	994745	
42248	994750	
42248	994754	
42248	994783	
42248	994792	
42248	994810	
42248	994852	
42248	994865	
42248	994868	
42248	994872	
42248	994877	
42248	994881	
42248	994893	
42248	994909	
42248	994924	
42248	994929	
42248	994958	
42248	994959	
42248	994973	
42248	994980	
42248	994986	
42248	994999	
42248	995006	
42248	995008	
42248	995010	
42248	995040	
42248	995043	
42248	995046	
42248	995054	
42248	995055	
42248	995061	
42248	995064	
42248	995084	
42248	995086	
42248	995091	
42248	995092	
42248	995095	
42248	995118	
42248	995145	
42248	995152	
42248	995198	
42248	995206	
42248	995323	
42248	995337	
42248	995386	
42248	995499	
42248	995573	
42248	995726	
42248	995745	
42248	995785	
42248	995788	
42248	995793	
42248	995806	
42248	995807	
42248	995816	
42248	995817	
42248	995839	
42248	995841	
42248	995844	
42248	995857	
42248	995884	
42248	995897	
42248	995920	
42248	995924	
42248	995930	
42248	995956	
42248	995969	
42248	995970	
42248	995972	
42248	995975	
42248	995977	
42248	995985	
42248	995990	
42248	995996	
42248	995999	
42248	996017	
42248	996021	
42248	996028	
42248	996033	
42248	996034	
42248	996041	
42248	996046	
42248	996048	
42248	996050	
42248	996053	
42248	996061	
42248	996070	
42248	996074	
42248	996082	
42248	996091	
42248	996092	
42248	996100	
42248	996105	
42248	996111	
42248	996113	
42248	996116	
42248	996124	
42248	996131	
42248	996133	
42248	996144	
42248	997471	
42248	997486	
42248	997581	
42248	997725	
42248	997734	
42248	997745	
42248	997750	
42248	997837	
42248	997847	
42248	997880	
42248	997897	
42248	997907	
42248	997917	
42248	997929	
42248	997943	
42248	997966	
42248	997984	
42248	998045	
42248	998061	
42248	998069	
42248	998073	
42248	998074	
42248	998103	
42248	998121	
42248	998123	
42248	998127	
42248	998193	
42248	998220	
42248	998221	
42248	998227	
42248	998230	
42248	998243	
42248	998246	
42248	998256	
42248	998259	
42248	998261	
42248	998268	
42248	998274	
42248	998285	
42248	998286	
42248	998289	
42248	998290	
42248	998293	
42248	998294	
42248	998305	
42248	998313	
42248	998316	
42248	998317	
42248	998321	
42248	998323	
42248	998335	
42248	998338	
42248	998340	
42248	998344	
42248	998351	
42248	998360	
42248	998361	
42248	998379	
42248	998381	
42248	998382	
42248	998383	
42248	998385	
42248	998389	
42248	998402	
42248	998403	
42248	998414	
42248	998415	
42248	998416	
42248	998423	
42248	998428	
42248	998433	
42248	998446	
42248	998449	
42248	998450	
42248	998451	
42248	998457	
42248	998463	
42248	998474	
42248	998478	
42248	998483	
42248	998497	
42248	998500	
42248	998501	
42248	998502	
42248	998504	
42248	998509	
42248	998517	
42248	998526	
42248	998527	
42248	998530	
42248	998531	
42248	998535	
42248	998538	
42248	998540	
42248	998541	
42248	998543	
42248	998544	
42248	998556	
42248	998557	
42248	998558	
42248	998561	
42248	998567	
42248	998568	
42248	998574	
42248	998576	
42248	998577	
42248	998585	
42248	998589	
42248	998591	
42248	998592	
42248	998594	
42248	998598	
42248	998599	
42248	998600	
42248	998601	
42248	998604	
42248	998605	
42248	998606	
42248	998607	
42248	998609	
42248	998611	
42248	998613	
42248	998619	
42248	998623	
42248	998627	
42248	998628	
42248	998631	
42248	998640	
42248	998644	
42248	998645	
42248	998646	
42248	998650	
42248	998761	
42248	998868	
42248	999030	
42248	999047	
42248	999072	
42248	999119	
42248	999139	
42248	999223	
42248	999250	
42248	999443	
42248	999501	
42248	999524	
42248	999540	
42248	999546	
42248	999578	
42248	999594	
42248	999596	
42248	999599	
42248	999603	
42248	999612	
42248	999615	
42248	999973	
42248	1000191	
42248	1000270	
42248	1000279	
42248	1000280	
42248	1000286	
42248	1000301	
42248	1000312	
42248	1000320	
42248	1000340	
42248	1000354	
42248	1000355	
42248	1000417	
42248	1000421	
42248	1000444	
42248	1000524	
42248	1000527	
42248	1000545	
42248	1000556	
42248	1000561	
42248	1000600	
42248	1000601	
42248	1000603	
42248	1000648	
42248	1000694	
42248	1000735	
42248	1000740	
42248	1000745	
42248	1000771	
42248	1000778	
42248	1000784	
42248	1000794	
42248	1000795	
42248	1000826	
42248	1000831	
42248	1000833	
42248	1000840	
42248	1000850	
42248	1000914	
42248	1000916	
42248	1000917	
42248	1000936	
42248	1000943	
42248	1000974	
42248	1000977	
42248	1000986	
42248	1000987	
42248	1000995	
42248	1001132	
42248	1001148	
42248	1001157	
42248	1001186	
42248	1001192	
42248	1001227	
42248	1001234	
42248	1001249	
42248	1001268	
42248	1001275	
42248	1001283	
42248	1001285	
42248	1001288	
42248	1001341	
42248	1001347	
42248	1001371	
42248	1001981	
42248	1002021	
42248	1002023	
42248	1002034	
42248	1002039	
42248	1002042	
42248	1002043	
42248	1002059	
42248	1002062	
42248	1002068	
42248	1002074	
42248	1002075	
42248	1002077	
42248	1002080	
42248	1002081	
42248	1002092	
42248	1002104	
42248	1002132	
42248	1002153	
42248	1002166	
42248	1002170	
42248	1002181	
42248	1002182	
42248	1002184	
42248	1002187	
42248	1002190	
42248	1002194	
42248	1002203	
42248	1002210	
42248	1002222	
42248	1002224	
42248	1002229	
42248	1002231	
42248	1002232	
42248	1002238	
42248	1002243	
42248	1002245	
42248	1002246	
42248	1002256	
42248	1002258	
42248	1002264	
42248	1002271	
42248	1002279	
42248	1002287	
42248	1002289	
42248	1002295	
42248	1002301	
42248	1002308	
42248	1002314	
42248	1002326	
42248	1002328	
42248	1002330	
42248	1002342	
42248	1002347	
42248	1002362	
42248	1002363	
42248	1002364	
42248	1002377	
42248	1002380	
42248	1002386	
42248	1002388	
42248	1002393	
42248	1002404	
42248	1002415	
42248	1002438	
42248	1002441	
42248	1002444	
42248	1002453	
42248	1002457	
42248	1002460	
42248	1002479	
42248	1002485	
42248	1002488	
42248	1002495	
42248	1002503	
42248	1002504	
42248	1002507	
42248	1002510	
42248	1002519	
42248	1002521	
42248	1002525	
42248	1002539	
42248	1002548	
42248	1002642	
42248	1003166	
42248	1003181	
42248	1003381	
42248	1003529	
42248	1003541	
42248	1003543	
42248	1003557	
42248	1003574	
42248	1003585	
42248	1003622	
42248	1003627	
42248	1003639	
42248	1003643	
42248	1003662	
42248	1003670	
42248	1003673	
42248	1003676	
42248	1003681	
42248	1003694	
42248	1003696	
42248	1003703	
42248	1003969	
42248	1003988	
42248	1003994	
42248	1004006	
42248	1004007	
42248	1004012	
42248	1004042	
42248	1004046	
42248	1004050	
42248	1004053	
42248	1004063	
42248	1004071	
42248	1004084	
42248	1004090	
42248	1004101	
42248	1004107	
42248	1004113	
42248	1004122	
42248	1004124	
42248	1004135	
42248	1004137	
42248	1004142	
42248	1004151	
42248	1004158	
42248	1004171	
42248	1004173	
42248	1004181	
42248	1004204	
42248	1004205	
42248	1004213	
42248	1004220	
42248	1004242	
42248	1004275	
42248	1004279	
42248	1004283	
42248	1004285	
42248	1004289	
42248	1004294	
42248	1004299	
42248	1004303	
42248	1004333	
42248	1004335	
42248	1004345	
42248	1004379	
42248	1004390	
42248	1004394	
42248	1004398	
42248	1004402	
42248	1004405	
42248	1004407	
42248	1004423	
42248	1004425	
42248	1004427	
42248	1004437	
42248	1004440	
42248	1004449	
42248	1004457	
42248	1004458	
42248	1004459	
42248	1004463	
42248	1004470	
42248	1004479	
42248	1004495	
42248	1004507	
42248	1004509	
42248	1004517	
42248	1004520	
42248	1004523	
42248	1004526	
42248	1004531	
42248	1004561	
42248	1004567	
42248	1004592	
42248	1004597	
42248	1004613	
42248	1004614	
42248	1004616	
42248	1004618	
42248	1004619	
42248	1004625	
42248	1004633	
42248	1004638	
42248	1004639	
42248	1004643	
42248	1004667	
42248	1004676	
42248	1004687	
42248	1004688	
42248	1004691	
42248	1004700	
42248	1004714	
42248	1004724	
42248	1004732	
42248	1004735	
42248	1004741	
42248	1004743	
42248	1004751	
42248	1004774	
42248	1004777	
42248	1004782	
42248	1004786	
42248	1004790	
42248	1004791	
42248	1004800	
42248	1004810	
42248	1004826	
42248	1004832	
42248	1004849	
42248	1004854	
42248	1004858	
42248	1004860	
42248	1004865	
42248	1004869	
42248	1004873	
42248	1004891	
42248	1004896	
42248	1004903	
42248	1004905	
42248	1004910	
42248	1004914	
42248	1004916	
42248	1004920	
42248	1004926	
42248	1004932	
42248	1004933	
42248	1004954	
42248	1004965	
42248	1004970	
42248	1004979	
42248	1004982	
42248	1004983	
42248	1004991	
42248	1004999	
42248	1005007	
42248	1005009	
42248	1005010	
42248	1005012	
42248	1005019	
42248	1005028	
42248	1005036	
42248	1005038	
42248	1005040	
42248	1005045	
42248	1005047	
42248	1005054	
42248	1005064	
42248	1005076	
42248	1005107	
42248	1005117	
42248	1005121	
42248	1005122	
42248	1005123	
42248	1005124	
42248	1005127	
42248	1005139	
42248	1005143	
42248	1005144	
42248	1005150	
42248	1005157	
42248	1005158	
42248	1005159	
42248	1005167	
42248	1005175	
42248	1005179	
42248	1005184	
42248	1005192	
42248	1005228	
42248	1005229	
42248	1005230	
42248	1005239	
42248	1005240	
42248	1005242	
42248	1005243	
42248	1005247	
42248	1005279	
42248	1005280	
42248	1005283	
42248	1005285	
42248	1005288	
42248	1005291	
42248	1005298	
42248	1005300	
42248	1005302	
42248	1005317	
42248	1005323	
42248	1005330	
42248	1005335	
42248	1005343	
42248	1005348	
42248	1005361	
42248	1005364	
42248	1005365	
42248	1005369	
42248	1005372	
42248	1005373	
42248	1005374	
42248	1005375	
42248	1005376	
42248	1005378	
42248	1005382	
42248	1005386	
42248	1005399	
42248	1005424	
42248	1005429	
42248	1005439	
42248	1005441	
42248	1005444	
42248	1005445	
42248	1005448	
42248	1005451	
42248	1005453	
42248	1005464	
42248	1005474	
42248	1005479	
42248	1005498	
42248	1005502	
42248	1005511	
42248	1005519	
42248	1005526	
42248	1005884	
42248	1005902	
42248	1005905	
42248	1005911	
42248	1005913	
42248	1005930	
42248	1005964	
42248	1006000	
42248	1006013	
42248	1006041	
42248	1006083	
42248	1006169	
42248	1006175	
42248	1006187	
42248	1006204	
42248	1006213	
42248	1006228	
42248	1006253	
42248	1006290	
42248	1006296	
42248	1006303	
42248	1006314	
42248	1006319	
42248	1006342	
42248	1006365	
42248	1006409	
42248	1006455	
42248	1006471	
42248	1006481	
42248	1006499	
42248	1006515	
42248	1006549	
42248	1006628	
42248	1006667	
42248	1006699	
42248	1006751	
42248	1006760	
42248	1006761	
42248	1006784	
42248	1006807	
42248	1006880	
42248	1006901	
42248	1006941	
42248	1006952	
42248	1006965	
42248	1006980	
42248	1007027	
42248	1007028	
42248	1007052	
42248	1007053	
42248	1007082	
42248	1007089	
42248	1007103	
42248	1007106	
42248	1007127	
42248	1007137	
42248	1007183	
42248	1007224	
42248	1007262	
42248	1007297	
42248	1007319	
42248	1007324	
42248	1007333	
42248	1007336	
42248	1007346	
42248	1007356	
42248	1007370	
42248	1007382	
42248	1007383	
42248	1007386	
42248	1007397	
42248	1007400	
42248	1007405	
42248	1007414	
42248	1007415	
42248	1007417	
42248	1007424	
42248	1007427	
42248	1007438	
42248	1007443	
42248	1007445	
42248	1007452	
42248	1007537	
42248	1007539	
42248	1007540	
42248	1007587	
42248	1007597	
42248	1007626	
42248	1007629	
42248	1007642	
42248	1007649	
42248	1007657	
42248	1007658	
42248	1007659	
42248	1007674	
42248	1007825	
42248	1007868	
42248	1007898	
42248	1007900	
42248	1007905	
42248	1007935	
42248	1008037	
42248	1008067	
42248	1008076	
42248	1008095	
42248	1008112	
42248	1008128	
42248	1008134	
42248	1008173	
42248	1008189	
42248	1008234	
42248	1008243	
42248	1008268	
42248	1008291	
42248	1008296	
42248	1008387	
42248	1008445	
42248	1008476	
42248	1008478	
42248	1008513	
42248	1008523	
42248	1008553	
42248	1008569	
42248	1008576	
42248	1008623	
42248	1008650	
42248	1008749	
42248	1008773	
42248	1008774	
42248	1008927	
42248	1008931	
42248	1008944	
42248	1008946	
42248	1008966	
42248	1009002	
42248	1009016	
42248	1009065	
42248	1009066	
42248	1009080	
42248	1009103	
42248	1009105	
42248	1009144	
42248	1009161	
42248	1009183	
42248	1009217	
42248	1009225	
42248	1009229	
42248	1009256	
42248	1009274	
42248	1009277	
42248	1009312	
42248	1009324	
42248	1009328	
42248	1009333	
42248	1009337	
42248	1009385	
42248	1009434	
42248	1009439	
42248	1009456	
42248	1009474	
42248	1009498	
42248	1009509	
42248	1009513	
42248	1009520	
42248	1009529	
42248	1009562	
42248	1009601	
42248	1009618	
42248	1009632	
42248	1009649	
42248	1009672	
42248	1009727	
42248	1009785	
42248	1009794	
42248	1009825	
42248	1009844	
42248	1009896	
42248	1010010	
42248	1010050	
42248	1010081	
42248	1010102	
42248	1010170	
42248	1010174	
42248	1010189	
42248	1010225	
42248	1010235	
42248	1010237	
42248	1010239	
42248	1010259	
42248	1010283	
42248	1010294	
42248	1010303	
42248	1010366	
42248	1010385	
42248	1010482	
42248	1010530	
42248	1010545	
42248	1010594	
42248	1010619	
42248	1010633	
42248	1010638	
42248	1010644	
42248	1010657	
42248	1010669	
42248	1010671	
42248	1010699	
42248	1010825	
42248	1010827	
42248	1010835	
42248	1010864	
42248	1010872	
42248	1010939	
42248	1010965	
42248	1010994	
42248	1010998	
42248	1011018	
42248	1011037	
42248	1011046	
42248	1011058	
42248	1011067	
42248	1011127	
42248	1011129	
42248	1011164	
42248	1011240	
42248	1011254	
42248	1011286	
42248	1011328	
42248	1011329	
42248	1011340	
42248	1011355	
42248	1011466	
42248	1011499	
42248	1011500	
42248	1011505	
42248	1011550	
42248	1011597	
42248	1011676	
42248	1011696	
42248	1011767	
42248	1011772	
42248	1011776	
42248	1011783	
42248	1011792	
42248	1011832	
42248	1011861	
42248	1011908	
42248	1011930	
42248	1011960	
42248	1011973	
42248	1011988	
42248	1012008	
42248	1012082	
42248	1012085	
42248	1012115	
42248	1012123	
42248	1012126	
42248	1012128	
42248	1012150	
42248	1012155	
42248	1012208	
42248	1012237	
42248	1012247	
42248	1012278	
42248	1012282	
42248	1012355	
42248	1012387	
42248	1012418	
42248	1012462	
42248	1012505	
42248	1012507	
42248	1012512	
42248	1012549	
42248	1012556	
42248	1012588	
42248	1012653	
42248	1012663	
42248	1012691	
42248	1012697	
42248	1012742	
42248	1012748	
42248	1012753	
42248	1012754	
42248	1012771	
42248	1012776	
42248	1012805	
42248	1012863	
42248	1012882	
42248	1012902	
42248	1012915	
42248	1012921	
42248	1012928	
42248	1012967	
42248	1013005	
42248	1013014	
42248	1013024	
42248	1013043	
42248	1013050	
42248	1013083	
42248	1013098	
42248	1013102	
42248	1013111	
42248	1013121	
42248	1013128	
42248	1013129	
42248	1013159	
42248	1013166	
42248	1013178	
42248	1013194	
42248	1013233	
42248	1013244	
42248	1013254	
42248	1013257	
42248	1013286	
42248	1013302	
42248	1013338	
42248	1013352	
42248	1013358	
42248	1013362	
42248	1013369	
42248	1013382	
42248	1013398	
42248	1013401	
42248	1013412	
42248	1013417	
42248	1013428	
42248	1013434	
42248	1013437	
42248	1013477	
42248	1013481	
42248	1013501	
42248	1013525	
42248	1013543	
42248	1013551	
42248	1013569	
42248	1013576	
42248	1013577	
42248	1013582	
42248	1013603	
42248	1013617	
42248	1013626	
42248	1013639	
42248	1013666	
42248	1013677	
42248	1013680	
42248	1013696	
42248	1013712	
42248	1013718	
42248	1013751	
42248	1013767	
42248	1013774	
42248	1013780	
42248	1013809	
42248	1013834	
42248	1013846	
42248	1013855	
42248	1013871	
42248	1013877	
42248	1013880	
42248	1013921	
42248	1013932	
42248	1013950	
42248	1013958	
42248	1013964	
42248	1013982	
42248	1013987	
42248	1013993	
42248	1014008	
42248	1014031	
42248	1014033	
42248	1014034	
42248	1014044	
42248	1014054	
42248	1014057	
42248	1014078	
42248	1014079	
42248	1014087	
42248	1014093	
42248	1014096	
42248	1014098	
42248	1014099	
42248	1014103	
42248	1014108	
42248	1014129	
42248	1014133	
42248	1014142	
42248	1014145	
42248	1014164	
42248	1014170	
42248	1014171	
42248	1014174	
42248	1014176	
42248	1014183	
42248	1014190	
42248	1014201	
42248	1014208	
42248	1014210	
42248	1014220	
42248	1014222	
42248	1014230	
42248	1014236	
42248	1014238	
42248	1014249	
42248	1014251	
42248	1014262	
42248	1014285	
42248	1014304	
42248	1014316	
42248	1014319	
42248	1014336	
42248	1014342	
42248	1014356	
42248	1014369	
42248	1014384	
42248	1014386	
42248	1014387	
42248	1014391	
42248	1014393	
42248	1014413	
42248	1014429	
42248	1014435	
42248	1014445	
42248	1014454	
42248	1014500	
42248	1014516	
42248	1014588	
42248	1014619	
42248	1014643	
42248	1014654	
42248	1014657	
42248	1014663	
42248	1014664	
42248	1014684	
42248	1014724	
42248	1014742	
42248	1014749	
42248	1014756	
42248	1014762	
42248	1014794	
42248	1014804	
42248	1014813	
42248	1014826	
42248	1014838	
42248	1014843	
42248	1014871	
42248	1014889	
42248	1014900	
42248	1014904	
42248	1014909	
42248	1014918	
42248	1014950	
42248	1014965	
42248	1014984	
42248	1015007	
42248	1015008	
42248	1015024	
42248	1015025	
42248	1015045	
42248	1015048	
42248	1015112	
42248	1015130	
42248	1015139	
42248	1015145	
42248	1015164	
42248	1015187	
42248	1015190	
42248	1015191	
42248	1015198	
42248	1015206	
42248	1015272	
42248	1015284	
42248	1015286	
42248	1015328	
42248	1015342	
42248	1015344	
42248	1015354	
42248	1015383	
42248	1015391	
42248	1015420	
42248	1015424	
42248	1015445	
42248	1015468	
42248	1015477	
42248	1015491	
42248	1015499	
42248	1015524	
42248	1015543	
42248	1015567	
42248	1015573	
42248	1015575	
42248	1015584	
42248	1015585	
42248	1015612	
42248	1015646	
42248	1015650	
42248	1015665	
42248	1015666	
42248	1015668	
42248	1015708	
42248	1015802	
42248	1015810	
42248	1015820	
42248	1015847	
42248	1015853	
42248	1015866	
42248	1015895	
42248	1015896	
42248	1015899	
42248	1015926	
42248	1015942	
42248	1015953	
42248	1015954	
42248	1015982	
42248	1015996	
42248	1016003	
42248	1016008	
42248	1016016	
42248	1016029	
42248	1016042	
42248	1016098	
42248	1016125	
42248	1016137	
42248	1016144	
42248	1016159	
42248	1016194	
42248	1016208	
42248	1016214	
42248	1016222	
42248	1016224	
42248	1016226	
42248	1016236	
42248	1016240	
42248	1016243	
42248	1016279	
42248	1016285	
42248	1016289	
42248	1016297	
42248	1016314	
42248	1016323	
42248	1016330	
42248	1016348	
42248	1016379	
42248	1016380	
42248	1016397	
42248	1016398	
42248	1016401	
42248	1016403	
42248	1016416	
42248	1016444	
42248	1016467	
42248	1016471	
42248	1016498	
42248	1016516	
42248	1016520	
42248	1016541	
42248	1016544	
42248	1016554	
42248	1016556	
42248	1016559	
42248	1016568	
42248	1016579	
42248	1016592	
42248	1016593	
42248	1016597	
42248	1016609	
42248	1016613	
42248	1016634	
42248	1016693	
42248	1016756	
42248	1016776	
42248	1016781	
42248	1016795	
42248	1017236	
42248	1017264	
42248	1017320	
42248	1017322	
42248	1017350	
42248	1017556	
42248	1017625	
42248	1017698	
42248	1017718	
42248	1017859	
42248	1017991	
42248	1018202	
42248	1018218	
42248	1018224	
42248	1018240	
42248	1018243	
42248	1018253	
42248	1018273	
42248	1018320	
42248	1018389	
42248	1018398	
42248	1018414	
42248	1018415	
42248	1018426	
42248	1018434	
42248	1018439	
42248	1018448	
42248	1018452	
42248	1018454	
42248	1018465	
42248	1018469	
42248	1018479	
42248	1018489	
42248	1018500	
42248	1018502	
42248	1018512	
42248	1018520	
42248	1018522	
42248	1018529	
42248	1018531	
42248	1018534	
42248	1018550	
42248	1018553	
42248	1018558	
42248	1018572	
42248	1018579	
42248	1018591	
42248	1018601	
42248	1018603	
42248	1018619	
42248	1018647	
42248	1018648	
42248	1018665	
42248	1018676	
42248	1018678	
42248	1018683	
42248	1018687	
42248	1018694	
42248	1018697	
42248	1018701	
42248	1018705	
42248	1018708	
42248	1018709	
42248	1018719	
42248	1018725	
42248	1018727	
42248	1018728	
42248	1018737	
42248	1018748	
42248	1018753	
42248	1018763	
42248	1018765	
42248	1018767	
42248	1018768	
42248	1018773	
42248	1018783	
42248	1018789	
42248	1018792	
42248	1018793	
42248	1018821	
42248	1018830	
42248	1018835	
42248	1018838	
42248	1018840	
42248	1018854	
42248	1018857	
42248	1018865	
42248	1018929	
42248	1018942	
42248	1018968	
42248	1018969	
42248	1018973	
42248	1019005	
42248	1019025	
42248	1019039	
42248	1019041	
42248	1019049	
42248	1019056	
42248	1019058	
42248	1019063	
42248	1019065	
42248	1019067	
42248	1019069	
42248	1019071	
42248	1019087	
42248	1019089	
42248	1019107	
42248	1019110	
42248	1019136	
42248	1019145	
42248	1019148	
42248	1019153	
42248	1019164	
42248	1019172	
42248	1019184	
42248	1019207	
42248	1019210	
42248	1019222	
42248	1019230	
42248	1019233	
42248	1019241	
42248	1019250	
42248	1019262	
42248	1019267	
42248	1019277	
42248	1019286	
42248	1019303	
42248	1019323	
42248	1019329	
42248	1019343	
42248	1019348	
42248	1019352	
42248	1019360	
42248	1019361	
42248	1019365	
42248	1019376	
42248	1019378	
42248	1019382	
42248	1019394	
42248	1019396	
42248	1019401	
42248	1019411	
42248	1019412	
42248	1019415	
42248	1019421	
42248	1019435	
42248	1019483	
42248	1019484	
42248	1019492	
42248	1019500	
42248	1019502	
42248	1019520	
42248	1019527	
42248	1019531	
42248	1019532	
42248	1019543	
42248	1019545	
42248	1019566	
42248	1019579	
42248	1019582	
42248	1019583	
42248	1019605	
42248	1019615	
42248	1019637	
42248	1019644	
42248	1019650	
42248	1019657	
42248	1019661	
42248	1019687	
42248	1019693	
42248	1019696	
42248	1019718	
42248	1019732	
42248	1019733	
42248	1019736	
42248	1019749	
42248	1019759	
42248	1019762	
42248	1019783	
42248	1019785	
42248	1019797	
42248	1019804	
42248	1019808	
42248	1019832	
42248	1019834	
42248	1019835	
42248	1019842	
42248	1019866	
42248	1019883	
42248	1019890	
42248	1019899	
42248	1019914	
42248	1019922	
42248	1019923	
42248	1019924	
42248	1019928	
42248	1019939	
42248	1019945	
42248	1019950	
42248	1019967	
42248	1019969	
42248	1019983	
42248	1019997	
42248	1020015	
42248	1020021	
42248	1020022	
42248	1020024	
42248	1020030	
42248	1020048	
42248	1020049	
42248	1020108	
42248	1020113	
42248	1020116	
42248	1020117	
42248	1020121	
42248	1020123	
42248	1020142	
42248	1020145	
42248	1020154	
42248	1020165	
42248	1020171	
42248	1020182	
42248	1020184	
42248	1020196	
42248	1020197	
42248	1020216	
42248	1020240	
42248	1020241	
42248	1020244	
42248	1020250	
42248	1020281	
42248	1020282	
42248	1020286	
42248	1020287	
42248	1020298	
42248	1020299	
42248	1020303	
42248	1020336	
42248	1020340	
42248	1020351	
42248	1020353	
42248	1020365	
42248	1020368	
42248	1020381	
42248	1020382	
42248	1020389	
42248	1020392	
42248	1020395	
42248	1020396	
42248	1020397	
42248	1020415	
42248	1020419	
42248	1020422	
42248	1020425	
42248	1020426	
42248	1020440	
42248	1020452	
42248	1020459	
42248	1020461	
42248	1020465	
42248	1020467	
42248	1020492	
42248	1020502	
42248	1020509	
42248	1020515	
42248	1020518	
42248	1020522	
42248	1020528	
42248	1020531	
42248	1020534	
42248	1020547	
42248	1020549	
42248	1020554	
42248	1020558	
42248	1020562	
42248	1020564	
42248	1020566	
42248	1020569	
42248	1020582	
42248	1020590	
42248	1020591	
42248	1020592	
42248	1020594	
42248	1020597	
42248	1020600	
42248	1020602	
42248	1020603	
42248	1020605	
42248	1020608	
42248	1020617	
42248	1020625	
42248	1020651	
42248	1020664	
42248	1020672	
42248	1020684	
42248	1020689	
42248	1020693	
42248	1020694	
42248	1020696	
42248	1020699	
42248	1020709	
42248	1020711	
42248	1020715	
42248	1020716	
42248	1020730	
42248	1020739	
42248	1020748	
42248	1020756	
42248	1020761	
42248	1020767	
42248	1020778	
42248	1020782	
42248	1020786	
42248	1020794	
42248	1020806	
42248	1020816	
42248	1020821	
42248	1020833	
42248	1020843	
42248	1020847	
42248	1020871	
42248	1020877	
42248	1020878	
42248	1020887	
42248	1020893	
42248	1020904	
42248	1020917	
42248	1020920	
42248	1020933	
42248	1020936	
42248	1021011	
42248	1021055	
42248	1021084	
42248	1021111	
42248	1021117	
42248	1021134	
42248	1021160	
42248	1021195	
42248	1021206	
42248	1021219	
42248	1021223	
42248	1021225	
42248	1021227	
42248	1021248	
42248	1021250	
42248	1021280	
42248	1021304	
42248	1021319	
42248	1021340	
42248	1021410	
42248	1021435	
42248	1021466	
42248	1021478	
42248	1021604	
42248	1021614	
42248	1021655	
42248	1021660	
42248	1021681	
42248	1021699	
42248	1021708	
42248	1021710	
42248	1021718	
42248	1021750	
42248	1021754	
42248	1021773	
42248	1021782	
42248	1021792	
42248	1021796	
42248	1021799	
42248	1021804	
42248	1021807	
42248	1021813	
42248	1021846	
42248	1021867	
42248	1021871	
42248	1021873	
42248	1021880	
42248	1021901	
42248	1021940	
42248	1021942	
42248	1021998	
42248	1022044	
42248	1022055	
42248	1022057	
42248	1022060	
42248	1022061	
42248	1022065	
42248	1022070	
42248	1022087	
42248	1022109	
42248	1022135	
42248	1022163	
42248	1022170	
42248	1022171	
42248	1022177	
42248	1022192	
42248	1022264	
42248	1022395	
42248	1022397	
42248	1022407	
42248	1022442	
42248	1022449	
42248	1022454	
42248	1022458	
42248	1022487	
42248	1022550	
42248	1022589	
42248	1022605	
42248	1022623	
42248	1022637	
42248	1022640	
42248	1022651	
42248	1022661	
42248	1022662	
42248	1022760	
42248	1022773	
42248	1022782	
42248	1022785	
42248	1022799	
42248	1022834	
42248	1022839	
42248	1022851	
42248	1022852	
42248	1022853	
42248	1022860	
42248	1022861	
42248	1022882	
42248	1022899	
42248	1022915	
42248	1022931	
42248	1022967	
42248	1022996	
42248	1023024	
42248	1023031	
42248	1023102	
42248	1023151	
42248	1023162	
42248	1023169	
42248	1023182	
42248	1023198	
42248	1023232	
42248	1023239	
42248	1023240	
42248	1023284	
42248	1023286	
42248	1023288	
42248	1023297	
42248	1023305	
42248	1023321	
42248	1023334	
42248	1023339	
42248	1023351	
42248	1023357	
42248	1023368	
42248	1023371	
42248	1023389	
42248	1023422	
42248	1023423	
42248	1023424	
42248	1023455	
42248	1023467	
42248	1023472	
42248	1023490	
42248	1023504	
42248	1023506	
42248	1023510	
42248	1023517	
42248	1023538	
42248	1023543	
42248	1023577	
42248	1023590	
42248	1023595	
42248	1023645	
42248	1023650	
42248	1023656	
42248	1023666	
42248	1023692	
42248	1023702	
42248	1023710	
42248	1023712	
42248	1023717	
42248	1023726	
42248	1023858	
42248	1023903	
42248	1024020	
42248	1024025	
42248	1024028	
42248	1024036	
42248	1024037	
42248	1024079	
42248	1024138	
42248	1024141	
42248	1024156	
42248	1024160	
42248	1024168	
42248	1024178	
42248	1024202	
42248	1024239	
42248	1024242	
42248	1024247	
42248	1024267	
42248	1024276	
42248	1024300	
42248	1024307	
42248	1024312	
42248	1024325	
42248	1024326	
42248	1024366	
42248	1024430	
42248	1024514	
42248	1024589	
42248	1024772	
42248	1024810	
42248	1024822	
42248	1024845	
42248	1024880	
42248	1024967	
42248	1025004	
42248	1025009	
42248	1025033	
42248	1025076	
42248	1025169	
42248	1025187	
42248	1025239	
42248	1025280	
42248	1025325	
42248	1025396	
42248	1025438	
42248	1025499	
42248	1025594	
42248	1025639	
42248	1025688	
42248	1025783	
42248	1025843	
42248	1025873	
42248	1026023	
42248	1026046	
42248	1026097	
42248	1026125	
42248	1026144	
42248	1026258	
42248	1026302	
42248	1026361	
42248	1026395	
42248	1026441	
42248	1026486	
42248	1026693	
42248	1026736	
42248	1026851	
42248	1026871	
42248	1026901	
42248	1026928	
42248	1026939	
42248	1026978	
42248	1027031	
42248	1027141	
42248	1027335	
42248	1027346	
42248	1027350	
42248	1027361	
42248	1027374	
42248	1027408	
42248	1027420	
42248	1027437	
42248	1027540	
42248	1027564	
42248	1027567	
42248	1027575	
42248	1027638	
42248	1027660	
42248	1027661	
42248	1027671	
42248	1027693	
42248	1027718	
42248	1027735	
42248	1027765	
42248	1027786	
42248	1027799	
42248	1027808	
42248	1027821	
42248	1027858	
42248	1027874	
42248	1027877	
42248	1027969	
42248	1028030	
42248	1028063	
42248	1028064	
42248	1028136	
42248	1028235	
42248	1028269	
42248	1028313	
42248	1028354	
42248	1028356	
42248	1028360	
42248	1028430	
42248	1028501	
42248	1028529	
42248	1028571	
42248	1028584	
42248	1028626	
42248	1028745	
42248	1028758	
42248	1028820	
42248	1028850	
42248	1028871	
42248	1028920	
42248	1029018	
42248	1029036	
42248	1029112	
42248	1029123	
42248	1029262	
42248	1029331	
42248	1029425	
42248	1029456	
42248	1029523	
42248	1029536	
42248	1029643	
42248	1029823	
42248	1029843	
42248	1029845	
42248	1029884	
42248	1029928	
42248	1029948	
42248	1029951	
42248	1029962	
42248	1030051	
42248	1030283	
42248	1030372	
42248	1030440	
42248	1030465	
42248	1030544	
42248	1030623	
42248	1030751	
42248	1030763	
42248	1030820	
42248	1030943	
42248	1030963	
42248	1030983	
42248	1031030	
42248	1031243	
42248	1031245	
42248	1031304	
42248	1031338	
42248	1031357	
42248	1031379	
42248	1031388	
42248	1031450	
42248	1031463	
42248	1031486	
42248	1031570	
42248	1031571	
42248	1031590	
42248	1031642	
42248	1031832	
42248	1031902	
42248	1031966	
42248	1032132	
42248	1032134	
42248	1032171	
42248	1032219	
42248	1032314	
42248	1032316	
42248	1032337	
42248	1032369	
42248	1032394	
42248	1032432	
42248	1032548	
42248	1032577	
42248	1032593	
42248	1032631	
42248	1032804	
42248	1032816	
42248	1032829	
42248	1032863	
42248	1032880	
42248	1032962	
42248	1032975	
42248	1033068	
42248	1033070	
42248	1033083	
42248	1033104	
42248	1033119	
42248	1033140	
42248	1033238	
42248	1033247	
42248	1033250	
42248	1033268	
42248	1033269	
42248	1033316	
42248	1033358	
42248	1033372	
42248	1033388	
42248	1033405	
42248	1033422	
42248	1033444	
42248	1033453	
42248	1033460	
42248	1033470	
42248	1033473	
42248	1033491	
42248	1033511	
42248	1033565	
42248	1033611	
42248	1033629	
42248	1033662	
42248	1033671	
42248	1033695	
42248	1033700	
42248	1033786	
42248	1033802	
42248	1033812	
42248	1033891	
42248	1033894	
42248	1033982	
42248	1034058	
42248	1034060	
42248	1034067	
42248	1034072	
42248	1034218	
42248	1034232	
42248	1034288	
42248	1034318	
42248	1034332	
42248	1034341	
42248	1034361	
42248	1034369	
42248	1034413	
42248	1034416	
42248	1034437	
42248	1034518	
42248	1034547	
42248	1034549	
42248	1034565	
42248	1034569	
42248	1034587	
42248	1034624	
42248	1034647	
42248	1034684	
42248	1034720	
42248	1034721	
42248	1034752	
42248	1034782	
42248	1034801	
42248	1034821	
42248	1034888	
42248	1034929	
42248	1034967	
42248	1035072	
42248	1035087	
42248	1035137	
42248	1035375	
42248	1035381	
42248	1035434	
42248	1035582	
42248	1035607	
42248	1035673	
42248	1035702	
42248	1035721	
42248	1035757	
42248	1035758	
42248	1035820	
42248	1035939	
42248	1035957	
42248	1035965	
42248	1035975	
42248	1035979	
42248	1035993	
42248	1036006	
42248	1036053	
42248	1036089	
42248	1036141	
42248	1036143	
42248	1036157	
42248	1036184	
42248	1036202	
42248	1036239	
42248	1036260	
42248	1036321	
42248	1036355	
42248	1036416	
42248	1036451	
42248	1036456	
42248	1036485	
42248	1036492	
42248	1036497	
42248	1036612	
42248	1036643	
42248	1036796	
42248	1037142	
42248	1037182	
42248	1037185	
42248	1037199	
42248	1037210	
42248	1037213	
42248	1037218	
42248	1037270	
42248	1037293	
42248	1037327	
42248	1037376	
42248	1037386	
42248	1037400	
42248	1037404	
42248	1037423	
42248	1037447	
42248	1037479	
42248	1037494	
42248	1037502	
42248	1037505	
42248	1037508	
42248	1037514	
42248	1037520	
42248	1037526	
42248	1037590	
42248	1037592	
42248	1037690	
42248	1037697	
42248	1037808	
42248	1037824	
42248	1037826	
42248	1037833	
42248	1037904	
42248	1037912	
42248	1038057	
42248	1038312	
42248	1038487	
42248	1038553	
42248	1038705	
42248	1038717	
42248	1038724	
42248	1038784	
42248	1038808	
42248	1038884	
42248	1038929	
42248	1038989	
42248	1039005	
42248	1039042	
42248	1039071	
42248	1039121	
42248	1039350	
42248	1039361	
42248	1039373	
42248	1039383	
42248	1039395	
42248	1039435	
42248	1039436	
42248	1039478	
42248	1039485	
42248	1039487	
42248	1039492	
42248	1039507	
42248	1039557	
42248	1039559	
42248	1039566	
42248	1039578	
42248	1039586	
42248	1039593	
42248	1039601	
42248	1039628	
42248	1039629	
42248	1039633	
42248	1039637	
42248	1039638	
42248	1039642	
42248	1039651	
42248	1039659	
42248	1039680	
42248	1039695	
42248	1039709	
42248	1039729	
42248	1039739	
42248	1039783	
42248	1039793	
42248	1039871	
42248	1039947	
42248	1040003	
42248	1040030	
42248	1040045	
42248	1040052	
42248	1040066	
42248	1040076	
42248	1040097	
42248	1040107	
42248	1040118	
42248	1040138	
42248	1040168	
42248	1040225	
42248	1040232	
42248	1040287	
42248	1040348	
42248	1040459	
42248	1040514	
42248	1040526	
42248	1040557	
42248	1040577	
42248	1040594	
42248	1040651	
42248	1040721	
42248	1040735	
42248	1040791	
42248	1040795	
42248	1040813	
42248	1040977	
42248	1041001	
42248	1041064	
42248	1041090	
42248	1041092	
42248	1041117	
42248	1041135	
42248	1041164	
42248	1041171	
42248	1041179	
42248	1041185	
42248	1041195	
42248	1041213	
42248	1041217	
42248	1041223	
42248	1041250	
42248	1041251	
42248	1041282	
42248	1041291	
42248	1041307	
42248	1041315	
42248	1041318	
42248	1041328	
42248	1041329	
42248	1041337	
42248	1041345	
42248	1041356	
42248	1041359	
42248	1041363	
42248	1041368	
42248	1041369	
42248	1041372	
42248	1041383	
42248	1041395	
42248	1041408	
42248	1041409	
42248	1041440	
42248	1041474	
42248	1041477	
42248	1041482	
42248	1041492	
42248	1041501	
42248	1041510	
42248	1041515	
42248	1041519	
42248	1041521	
42248	1041522	
42248	1041523	
42248	1041527	
42248	1041578	
42248	1041590	
42248	1041627	
42248	1041655	
42248	1041663	
42248	1041678	
42248	1041700	
42248	1041701	
42248	1041718	
42248	1041779	
42248	1041783	
42248	1041813	
42248	1041840	
42248	1041845	
42248	1041848	
42248	1041866	
42248	1041872	
42248	1041889	
42248	1041894	
42248	1041896	
42248	1041907	
42248	1041910	
42248	1041912	
42248	1041926	
42248	1041941	
42248	1041952	
42248	1041955	
42248	1041963	
42248	1041974	
42248	1041978	
42248	1041979	
42248	1041983	
42248	1041995	
42248	1042002	
42248	1042004	
42248	1042028	
42248	1042031	
42248	1042066	
42248	1042089	
42248	1042097	
42248	1042177	
42248	1042187	
42248	1042194	
42248	1042198	
42248	1042249	
42248	1042268	
42248	1042278	
42248	1042308	
42248	1042329	
42248	1042346	
42248	1042355	
42248	1042385	
42248	1042422	
42248	1042444	
42248	1042445	
42248	1042472	
42248	1042488	
42248	1042510	
42248	1042520	
42248	1042533	
42248	1042542	
42248	1042783	
42248	1042785	
42248	1042791	
42248	1042903	
42248	1042971	
42248	1042994	
42248	1043047	
42248	1043056	
42248	1043092	
42248	1043146	
42248	1043228	
42248	1043249	
42248	1043254	
42248	1043255	
42248	1043257	
42248	1043259	
42248	1043262	
42248	1043263	
42248	1043265	
42248	1043266	
42248	1043268	
42248	1043269	
42248	1043271	
42248	1043273	
42248	1043275	
42248	1043277	
42248	1043278	
42248	1043280	
42248	1043281	
42248	1043282	
42248	1043283	
42248	1043285	
42248	1043287	
42248	1043288	
42248	1043289	
42248	1043291	
42248	1043293	
42248	1043294	
42248	1043296	
42248	1043298	
42248	1043300	
42248	1043301	
42248	1043304	
42248	1043306	
42248	1043309	
42248	1043310	
42248	1043311	
42248	1043313	
42248	1043315	
42248	1043316	
42248	1043318	
42248	1043320	
42248	1043322	
42248	1043323	
42248	1043324	
42248	1043326	
42248	1043328	
42248	1043329	
42248	1043332	
42248	1043333	
42248	1043335	
42248	1043337	
42248	1043338	
42248	1043340	
42248	1043342	
42248	1043344	
42248	1043346	
42248	1043347	
42248	1043348	
42248	1043349	
42248	1043351	
42248	1043353	
42248	1043356	
42248	1043358	
42248	1043360	
42248	1043362	
42248	1043364	
42248	1043365	
42248	1043366	
42248	1043369	
42248	1043370	
42248	1043373	
42248	1043375	
42248	1043377	
42248	1043378	
42248	1043379	
42248	1043380	
42248	1043383	
42248	1043385	
42248	1043387	
42248	1043388	
42248	1043389	
42248	1043392	
42248	1043394	
42248	1043396	
42248	1043398	
42248	1043400	
42248	1043402	
42248	1043404	
42248	1043406	
42248	1043408	
42248	1043409	
42248	1043412	
42248	1043413	
42248	1043415	
42248	1043417	
42248	1043419	
42248	1043422	
42248	1043424	
42248	1043425	
42248	1043427	
42248	1043429	
42248	1043431	
42248	1043433	
42248	1043435	
42248	1043436	
42248	1043437	
42248	1043439	
42248	1043440	
42248	1043442	
42248	1043444	
42248	1043446	
42248	1043447	
42248	1043449	
42248	1043451	
42248	1043452	
42248	1043453	
42248	1043454	
42248	1043455	
42248	1043456	
42248	1043459	
42248	1043462	
42248	1043464	
42248	1043465	
42248	1043466	
42248	1043468	
42248	1043469	
42248	1043470	
42248	1043472	
42248	1043473	
42248	1043474	
42248	1043475	
42248	1043477	
42248	1043478	
42248	1043479	
42248	1043480	
42248	1043481	
42248	1043484	
42248	1043485	
42248	1043486	
42248	1043487	
42248	1043488	
42248	1043489	
42248	1043491	
42248	1043493	
42248	1043494	
42248	1043496	
42248	1043498	
42248	1043499	
42248	1043501	
42248	1043502	
42248	1043503	
42248	1043504	
42248	1043506	
42248	1043507	
42248	1043508	
42248	1043509	
42248	1043511	
42248	1043513	
42248	1043515	
42248	1043516	
42248	1043518	
42248	1043519	
42248	1043520	
42248	1043521	
42248	1043522	
42248	1043524	
42248	1043525	
42248	1043527	
42248	1043529	
42248	1043531	
42248	1043532	
42248	1043534	
42248	1043536	
42248	1043537	
42248	1043538	
42248	1043540	
42248	1043541	
42248	1043542	
42248	1043544	
42248	1043545	
42248	1043547	
42248	1043549	
42248	1043550	
42248	1043552	
42248	1043553	
42248	1043554	
42248	1043556	
42248	1043558	
42248	1043561	
42248	1043563	
42248	1043564	
42248	1043566	
42248	1043568	
42248	1043569	
42248	1043571	
42248	1043573	
42248	1043574	
42248	1043577	
42248	1043578	
42248	1043581	
42248	1043582	
42248	1043584	
42248	1043587	
42248	1043588	
42248	1043591	
42248	1043593	
42248	1043594	
42248	1043595	
42248	1043596	
42248	1043598	
42248	1043600	
42248	1043601	
42248	1043602	
42248	1043603	
42248	1043604	
42248	1043606	
42248	1043607	
42248	1043609	
42248	1043611	
42248	1043613	
42248	1043615	
42248	1043616	
42248	1043618	
42248	1043620	
42248	1043621	
42248	1043622	
42248	1043623	
42248	1043624	
42248	1043626	
42248	1043628	
42248	1043629	
42248	1043631	
42248	1043633	
42248	1043634	
42248	1043636	
42248	1043637	
42248	1043639	
42248	1043640	
42248	1043641	
42248	1043642	
42248	1043644	
42248	1043645	
42248	1043646	
42248	1043648	
42248	1043649	
42248	1043650	
42248	1043651	
42248	1043653	
42248	1043655	
42248	1043657	
42248	1043659	
42248	1043660	
42248	1043662	
42248	1043663	
42248	1043664	
42248	1043665	
42248	1043667	
42248	1043668	
42248	1043670	
42248	1043671	
42248	1043672	
42248	1043675	
42248	1043676	
42248	1043678	
42248	1043679	
42248	1043682	
42248	1043684	
42248	1043685	
42248	1043687	
42248	1043689	
42248	1043691	
42248	1043693	
42248	1043695	
42248	1043697	
42248	1043699	
42248	1043701	
42248	1043702	
42248	1043703	
42248	1043704	
42248	1043705	
42248	1043707	
42248	1043709	
42248	1043711	
42248	1043713	
42248	1043715	
42248	1043716	
42248	1043717	
42248	1043718	
42248	1043721	
42248	1043723	
42248	1043725	
42248	1043726	
42248	1043728	
42248	1043730	
42248	1043732	
42248	1043734	
42248	1043736	
42248	1043738	
42248	1043739	
42248	1043741	
42248	1043743	
42248	1043744	
42248	1043745	
42248	1043746	
42248	1043748	
42248	1043750	
42248	1043751	
42248	1043752	
42248	1043753	
42248	1043754	
42248	1043755	
42248	1043756	
42248	1043757	
42248	1043759	
42248	1043761	
42248	1043762	
42248	1043764	
42248	1043766	
42248	1043768	
42248	1043769	
42248	1043770	
42248	1043771	
42248	1043772	
42248	1043773	
42248	1043774	
42248	1043776	
42248	1043778	
42248	1043780	
42248	1043781	
42248	1043784	
42248	1043785	
42248	1043787	
42248	1043788	
42248	1043789	
42248	1043791	
42248	1043793	
42248	1043794	
42248	1043796	
42248	1043798	
42248	1043801	
42248	1043803	
42248	1043805	
42248	1043806	
42248	1043808	
42248	1043810	
42248	1043812	
42248	1043814	
42248	1043815	
42248	1043816	
42248	1043818	
42248	1043819	
42248	1043820	
42248	1043821	
42248	1043823	
42248	1043824	
42248	1043825	
42248	1043826	
42248	1043827	
42248	1043828	
42248	1043830	
42248	1043831	
42248	1043834	
42248	1043835	
42248	1043837	
42248	1043838	
42248	1043840	
42248	1043841	
42248	1043844	
42248	1043845	
42248	1043847	
42248	1043848	
42248	1043849	
42248	1043851	
