42236	1050748	
1018421	1050748	
1028348	1050748	
1029563	1050748	
1050377	1050748	
1050419	1050748	
1050439	1050748	
1050489	1050748	
1050525	1050748	
1050531	1050748	
1050602	1050748	
1050623	1050748	
1050664	1050748	
1050669	1050748	
1050684	1050748	
1050717	1050748	
1050748	1050783	
1050748	1050830	
1050748	1050888	
1050748	1050895	
1050748	1050901	
1050748	1050918	
1050748	1051028	
1050748	1051044	
1050748	1051094	
1050748	1051111	
1050748	1051524	
1050748	1051651	
1050748	1051672	
1050748	1051737	
1050748	1051806	
1050748	1051881	
1050748	1051914	
1050748	1051971	
1050748	1051974	
1050748	1052106	
1050748	1052125	
1050748	1052199	
1050748	1052231	
1050748	1052318	
1050748	1052324	
1050748	1052358	
1050748	1052384	
1050748	1052483	
1050748	1052505	
1050748	1052508	
1050748	1052511	
1050748	1052653	
1050748	1052683	
1050748	1052718	
1050748	1052741	
1050748	1052760	
1050748	1052778	
1050748	1052807	
1050748	1052836	
1050748	1052855	
1050748	1052874	
1050748	1052888	
1050748	1052910	
1050748	1052934	
1050748	1052956	
1050748	1052963	
1050748	1052994	
1050748	1052996	
1050748	1052999	
1050748	1053004	
1050748	1053007	
1050748	1053019	
1050748	1053024	
1050748	1053049	
1050748	1053087	
1050748	1053095	
1050748	1053103	
1050748	1053142	
1050748	1053149	
1050748	1053160	
1050748	1053167	
1050748	1053221	
1050748	1053229	
1050748	1053230	
1050748	1053239	
1050748	1053250	
1050748	1053312	
1050748	1053326	
1050748	1053386	
1050748	1053427	
1050748	1053434	
1050748	1053452	
1050748	1053474	
1050748	1053514	
1050748	1053548	
1050748	1053572	
1050748	1053592	
1050748	1053610	
1050748	1053637	
1050748	1053740	
1050748	1053747	
1050748	1053781	
1050748	1053788	
1050748	1053801	
1050748	1053808	
1050748	1053813	
1050748	1053825	
1050748	1053842	
1050748	1053865	
1050748	1053869	
1050748	1053980	
1050748	1053996	
1050748	1054042	
1050748	1054044	
1050748	1054063	
1050748	1054065	
1050748	1054068	
1050748	1054141	
1050748	1054152	
1050748	1054216	
1050748	1054225	
1050748	1054307	
1050748	1054345	
1050748	1054359	
1050748	1054379	
1050748	1054381	
1050748	1054480	
1050748	1054526	
1050748	1054542	
1050748	1054548	
1050748	1054568	
1050748	1054614	
1050748	1054657	
1050748	1054675	
1050748	1054694	
1050748	1054699	
1050748	1054705	
1050748	1054718	
1050748	1054741	
1050748	1054837	
1050748	1054854	
1050748	1054893	
1050748	1054938	
1050748	1055034	
1050748	1055039	
1050748	1055043	
1050748	1055046	
1050748	1055062	
1050748	1055077	
1050748	1055084	
1050748	1055089	
1050748	1055226	
1050748	1055242	
1050748	1055247	
1050748	1055250	
1050748	1055274	
1050748	1055280	
1050748	1055285	
1050748	1055334	
1050748	1055346	
1050748	1055403	
1050748	1055427	
1050748	1055484	
1050748	1055530	
1050748	1055534	
1050748	1055539	
1050748	1055550	
1050748	1055600	
1050748	1055604	
1050748	1055610	
1050748	1055613	
1050748	1055624	
1050748	1055637	
1050748	1055645	
1050748	1055685	
1050748	1055708	
1050748	1055710	
1050748	1055737	
1050748	1055746	
1050748	1055754	
1050748	1055761	
1050748	1055786	
1050748	1055805	
1050748	1055812	
1050748	1055866	
1050748	1055889	
1050748	1055994	
1050748	1056015	
1050748	1056109	
1050748	1056208	
1050748	1056216	
1050748	1056218	
1050748	1056221	
1050748	1056228	
1050748	1056248	
1050748	1056277	
1050748	1056309	
1050748	1056322	
1050748	1056365	
1050748	1056387	
1050748	1056399	
1050748	1056445	
1050748	1056461	
1050748	1056469	
1050748	1056571	
1050748	1056595	
1050748	1056622	
1050748	1056628	
1050748	1056691	
1050748	1070980	
1050748	1133369	
1050748	1297463	
1050748	1315140	
1050748	1409948	
1050748	1451828	
1050748	1452134	
1050748	1525063	
1050748	1545223	
1050748	1577933	
1050748	1636888	
1050748	1638204	
1050748	1767831	
1050748	1851144	
1050748	1877403	
1050748	1941537	
1050748	2028976	
1050748	2383101	
1050748	2383165	
1050748	2383188	
1050748	2502632	
1050748	2509232	
1050748	2556477	
1050748	2664233	
1050748	2861014	
1050748	2861105	
1050748	3065873	
1037817	1050748	
692	42236	
42610	1018421	
42610	1053149	
46429	1941537	
45337	1055034	
43031	1018421	
43031	1028348	
43031	1029563	
43296	1577933	
55939	1018421	
55966	1028348	
42157	42236	
42182	1018421	
42182	1028348	
42182	1029563	
42192	1028348	
42195	1018421	
42195	1055624	
42214	42236	
42214	1018421	
42214	1070980	
42221	42236	
42224	42236	
42224	1055046	
42226	42236	
42236	42241	
42236	42245	
42236	42267	
42236	42279	
42236	42284	
42236	42291	
42236	42306	
42236	42323	
42236	42343	
42236	42360	
42236	42388	
42236	42394	
42236	42412	
42236	42436	
42236	42437	
42236	42446	
42236	42471	
42236	42480	
42236	42485	
42236	42488	
42236	42504	
42236	42514	
42236	42530	
42236	42550	
42236	42579	
42236	42583	
42236	42596	
42236	42610	
42236	42632	
42236	42634	
42236	42643	
42236	42652	
42236	42657	
42236	42665	
42236	42690	
42236	42732	
42236	42742	
42236	42776	
42236	42800	
42236	42807	
42236	42809	
42236	42824	
42236	42827	
42236	42835	
42236	42849	
42236	42854	
42236	42878	
42236	42895	
42236	42915	
42236	42922	
42236	42971	
42236	42977	
42236	42982	
42236	43024	
42236	43031	
42236	43051	
42236	43058	
42236	43085	
42236	43091	
42236	43095	
42236	43097	
42236	43105	
42236	43106	
42236	43118	
42236	43126	
42236	43128	
42236	43131	
42236	43147	
42236	43162	
42236	43163	
42236	43168	
42236	43180	
42236	43204	
42236	43207	
42236	43208	
42236	43210	
42236	43211	
42236	43219	
42236	43240	
42236	43246	
42236	43257	
42236	43279	
42236	43296	
42236	43315	
42236	43326	
42236	43353	
42236	43354	
42236	43367	
42236	43387	
42236	43412	
42236	43414	
42236	43425	
42236	43432	
42236	43441	
42236	43468	
42236	43480	
42236	43484	
42236	43499	
42236	43521	
42236	43586	
42236	43603	
42236	43608	
42236	43643	
42236	43646	
42236	43716	
42236	43718	
42236	43723	
42236	43728	
42236	43763	
42236	43774	
42236	43796	
42236	43805	
42236	43817	
42236	43902	
42236	43910	
42236	43919	
42236	43924	
42236	43988	
42236	44023	
42236	44052	
42236	44081	
42236	44090	
42236	44102	
42236	44195	
42236	44250	
42236	44280	
42236	51985	
42236	55778	
42236	55939	
42236	55991	
42236	65385	
42236	71942	
42236	81315	
42236	248577	
42236	248583	
42236	248599	
42236	248620	
42236	248838	
42236	248945	
42236	248980	
42236	249071	
42236	249113	
42236	249301	
42236	249503	
42236	289655	
42236	307017	
42236	307338	
42236	329369	
42236	353662	
42236	353717	
42236	353783	
42236	353845	
42236	353890	
42236	353955	
42236	354055	
42236	354218	
42236	354538	
42236	354602	
42236	354748	
42236	354772	
42236	354773	
42236	354781	
42236	354787	
42236	354844	
42236	354893	
42236	355011	
42236	355017	
42236	355032	
42236	355108	
42236	355118	
42236	355177	
42236	355206	
42236	355308	
42236	355597	
42236	355629	
42236	355824	
42236	355880	
42236	355900	
42236	355940	
42236	355987	
42236	356090	
42236	356227	
42236	356230	
42236	356265	
42236	356296	
42236	356309	
42236	356395	
42236	356504	
42236	356549	
42236	356560	
42236	356707	
42236	356712	
42236	356849	
42236	356944	
42236	356972	
42236	357008	
42236	357095	
42236	357148	
42236	357201	
42236	357408	
42236	357438	
42236	357470	
42236	357535	
42236	357589	
42236	357738	
42236	357763	
42236	357809	
42236	358156	
42236	358226	
42236	358412	
42236	358507	
42236	358720	
42236	358775	
42236	358816	
42236	358826	
42236	358834	
42236	358845	
42236	358860	
42236	358945	
42236	358998	
42236	359151	
42236	359169	
42236	359264	
42236	359299	
42236	359306	
42236	359372	
42236	359449	
42236	359513	
42236	359652	
42236	359719	
42236	359743	
42236	359796	
42236	359845	
42236	359911	
42236	359922	
42236	359968	
42236	359979	
42236	360018	
42236	360087	
42236	360643	
42236	360744	
42236	361046	
42236	361173	
42236	361180	
42236	361276	
42236	361391	
42236	361524	
42236	361568	
42236	361634	
42236	361990	
42236	362082	
42236	362277	
42236	362285	
42236	362355	
42236	362579	
42236	362593	
42236	363107	
42236	363148	
42236	363205	
42236	363607	
42236	363767	
42236	364229	
42236	364363	
42236	364804	
42236	365062	
42236	367347	
42236	371662	
42236	377664	
42236	457609	
42236	460426	
42236	467089	
42236	467196	
42236	467234	
42236	468575	
42236	468930	
42236	470361	
42236	470482	
42236	471001	
42236	471882	
42236	471899	
42236	472017	
42236	474215	
42236	474388	
42236	474635	
42236	476101	
42236	476118	
42236	476129	
42236	476253	
42236	476294	
42236	476432	
42236	476439	
42236	478933	
42236	497095	
42236	497127	
42236	497357	
42236	533251	
42236	533786	
42236	534182	
42236	534193	
42236	534267	
42236	676507	
42236	714701	
42236	722734	
42236	733661	
42236	735516	
42236	748408	
42236	775308	
42236	780284	
42236	794809	
42236	805337	
42236	829008	
42236	838465	
42236	879820	
42236	893293	
42236	893409	
42236	898160	
42236	898163	
42236	902702	
42236	911830	
42236	936508	
42236	943991	
42236	970559	
42236	973237	
42236	976230	
42236	980678	
42236	987400	
42236	987455	
42236	987516	
42236	987525	
42236	987545	
42236	987558	
42236	987618	
42236	987707	
42236	987717	
42236	987739	
42236	987745	
42236	987775	
42236	987810	
42236	987877	
42236	987881	
42236	987928	
42236	988483	
42236	988579	
42236	988917	
42236	988959	
42236	988985	
42236	989043	
42236	989066	
42236	989073	
42236	989084	
42236	989085	
42236	989092	
42236	989094	
42236	989127	
42236	989130	
42236	989138	
42236	989150	
42236	989155	
42236	989168	
42236	989173	
42236	989326	
42236	989361	
42236	989392	
42236	990319	
42236	990347	
42236	990500	
42236	990725	
42236	990862	
42236	990869	
42236	990871	
42236	990879	
42236	990918	
42236	990931	
42236	990939	
42236	990962	
42236	990977	
42236	990978	
42236	991009	
42236	991123	
42236	991143	
42236	991174	
42236	991195	
42236	991227	
42236	991254	
42236	991299	
42236	991311	
42236	991344	
42236	991469	
42236	991493	
42236	991521	
42236	991547	
42236	991581	
42236	991658	
42236	991767	
42236	991798	
42236	991847	
42236	991943	
42236	992197	
42236	992202	
42236	992297	
42236	992305	
42236	992312	
42236	992329	
42236	992345	
42236	992358	
42236	992390	
42236	992428	
42236	992464	
42236	992487	
42236	992505	
42236	992538	
42236	992637	
42236	992646	
42236	992700	
42236	992763	
42236	992799	
42236	994013	
42236	994481	
42236	994561	
42236	995252	
42236	995293	
42236	995294	
42236	995332	
42236	995357	
42236	995373	
42236	995414	
42236	995418	
42236	995446	
42236	995468	
42236	995503	
42236	995572	
42236	995579	
42236	995617	
42236	995619	
42236	995629	
42236	995661	
42236	995666	
42236	995674	
42236	995677	
42236	995683	
42236	995697	
42236	995745	
42236	995850	
42236	995858	
42236	997668	
42236	997742	
42236	998284	
42236	998331	
42236	998351	
42236	998868	
42236	999131	
42236	999132	
42236	999325	
42236	999341	
42236	999359	
42236	999402	
42236	999510	
42236	999519	
42236	999538	
42236	999673	
42236	1000297	
42236	1000602	
42236	1000740	
42236	1001223	
42236	1001369	
42236	1001535	
42236	1002205	
42236	1002208	
42236	1002249	
42236	1002275	
42236	1002394	
42236	1002550	
42236	1002567	
42236	1002578	
42236	1002679	
42236	1002713	
42236	1002726	
42236	1002735	
42236	1002743	
42236	1002763	
42236	1003008	
42236	1003014	
42236	1003032	
42236	1003133	
42236	1003195	
42236	1003197	
42236	1003230	
42236	1003250	
42236	1003270	
42236	1003272	
42236	1003302	
42236	1003306	
42236	1003328	
42236	1003338	
42236	1003364	
42236	1003378	
42236	1003385	
42236	1003386	
42236	1003402	
42236	1003441	
42236	1004144	
42236	1004227	
42236	1004450	
42236	1004621	
42236	1004682	
42236	1004848	
42236	1005963	
42236	1005995	
42236	1006012	
42236	1006027	
42236	1006046	
42236	1006095	
42236	1006119	
42236	1006198	
42236	1006226	
42236	1006257	
42236	1006259	
42236	1006394	
42236	1006507	
42236	1006542	
42236	1006560	
42236	1006609	
42236	1006622	
42236	1006720	
42236	1006730	
42236	1006806	
42236	1006913	
42236	1006923	
42236	1007367	
42236	1007416	
42236	1007669	
42236	1007692	
42236	1007714	
42236	1007749	
42236	1007779	
42236	1007920	
42236	1008013	
42236	1008090	
42236	1008124	
42236	1008146	
42236	1008262	
42236	1008301	
42236	1008314	
42236	1008358	
42236	1008373	
42236	1008428	
42236	1008609	
42236	1008792	
42236	1008881	
42236	1008887	
42236	1008910	
42236	1008962	
42236	1008964	
42236	1008976	
42236	1008997	
42236	1009022	
42236	1009026	
42236	1009066	
42236	1009105	
42236	1009157	
42236	1009279	
42236	1009392	
42236	1009399	
42236	1009550	
42236	1009680	
42236	1009754	
42236	1009758	
42236	1009843	
42236	1009983	
42236	1009997	
42236	1010046	
42236	1010059	
42236	1010134	
42236	1010273	
42236	1010304	
42236	1010415	
42236	1010567	
42236	1010569	
42236	1010600	
42236	1010610	
42236	1010639	
42236	1010654	
42236	1010910	
42236	1011022	
42236	1011057	
42236	1011092	
42236	1011335	
42236	1011566	
42236	1011824	
42236	1011916	
42236	1012014	
42236	1012164	
42236	1012365	
42236	1012387	
42236	1012519	
42236	1012551	
42236	1013069	
42236	1013363	
42236	1013514	
42236	1013641	
42236	1013683	
42236	1013686	
42236	1013699	
42236	1013762	
42236	1014011	
42236	1014014	
42236	1014069	
42236	1014180	
42236	1014203	
42236	1014264	
42236	1014325	
42236	1014353	
42236	1014471	
42236	1014516	
42236	1014520	
42236	1014575	
42236	1014701	
42236	1014743	
42236	1014792	
42236	1014821	
42236	1014847	
42236	1014922	
42236	1015142	
42236	1015365	
42236	1015403	
42236	1015613	
42236	1015631	
42236	1015645	
42236	1015775	
42236	1015779	
42236	1015798	
42236	1016096	
42236	1016144	
42236	1016267	
42236	1016476	
42236	1016502	
42236	1016625	
42236	1016630	
42236	1017020	
42236	1017203	
42236	1017264	
42236	1018240	
42236	1018421	
42236	1018623	
42236	1019021	
42236	1019027	
42236	1019111	
42236	1019119	
42236	1019161	
42236	1019252	
42236	1019436	
42236	1019600	
42236	1019633	
42236	1019646	
42236	1019649	
42236	1019780	
42236	1020043	
42236	1020175	
42236	1020252	
42236	1020322	
42236	1020386	
42236	1020448	
42236	1020495	
42236	1020554	
42236	1020752	
42236	1020780	
42236	1021026	
42236	1021166	
42236	1021956	
42236	1022347	
42236	1023568	
42236	1023581	
42236	1023738	
42236	1023790	
42236	1023841	
42236	1023869	
42236	1024079	
42236	1024242	
42236	1024291	
42236	1024518	
42236	1024568	
42236	1024574	
42236	1024682	
42236	1024684	
42236	1024748	
42236	1024796	
42236	1024809	
42236	1024835	
42236	1024865	
42236	1024904	
42236	1024938	
42236	1025007	
42236	1025072	
42236	1025216	
42236	1025280	
42236	1025285	
42236	1025356	
42236	1025464	
42236	1025482	
42236	1025499	
42236	1025564	
42236	1025579	
42236	1025580	
42236	1025585	
42236	1025703	
42236	1025779	
42236	1025891	
42236	1025919	
42236	1025925	
42236	1026053	
42236	1026168	
42236	1026209	
42236	1026675	
42236	1026731	
42236	1026852	
42236	1026895	
42236	1027245	
42236	1027434	
42236	1027499	
42236	1027691	
42236	1027779	
42236	1027789	
42236	1027927	
42236	1027977	
42236	1028095	
42236	1028106	
42236	1028183	
42236	1028340	
42236	1028348	
42236	1028394	
42236	1028429	
42236	1028491	
42236	1028508	
42236	1028578	
42236	1028602	
42236	1028813	
42236	1028819	
42236	1028888	
42236	1028897	
42236	1028932	
42236	1029093	
42236	1029150	
42236	1029195	
42236	1029242	
42236	1029334	
42236	1029563	
42236	1029626	
42236	1029645	
42236	1029814	
42236	1029823	
42236	1029870	
42236	1029880	
42236	1029899	
42236	1030047	
42236	1030127	
42236	1030131	
42236	1030174	
42236	1030273	
42236	1030393	
42236	1030407	
42236	1030576	
42236	1030914	
42236	1030949	
42236	1031008	
42236	1031650	
42236	1031714	
42236	1031879	
42236	1031911	
42236	1032113	
42236	1032120	
42236	1032238	
42236	1032316	
42236	1032325	
42236	1032408	
42236	1032586	
42236	1032621	
42236	1032772	
42236	1032925	
42236	1033268	
42236	1033523	
42236	1033572	
42236	1033596	
42236	1033651	
42236	1033660	
42236	1033696	
42236	1033743	
42236	1033791	
42236	1033893	
42236	1034420	
42236	1034618	
42236	1034660	
42236	1034681	
42236	1034718	
42236	1034757	
42236	1034807	
42236	1034813	
42236	1034866	
42236	1034944	
42236	1034983	
42236	1035015	
42236	1035031	
42236	1035032	
42236	1035044	
42236	1035076	
42236	1035127	
42236	1035196	
42236	1035246	
42236	1035255	
42236	1035267	
42236	1035334	
42236	1035352	
42236	1035358	
42236	1035386	
42236	1035418	
42236	1035423	
42236	1035534	
42236	1035535	
42236	1035551	
42236	1035594	
42236	1035661	
42236	1035698	
42236	1035725	
42236	1035727	
42236	1035730	
42236	1035741	
42236	1035747	
42236	1035774	
42236	1035783	
42236	1035788	
42236	1035896	
42236	1035908	
42236	1035985	
42236	1036150	
42236	1036204	
42236	1036213	
42236	1036239	
42236	1036259	
42236	1036276	
42236	1036291	
42236	1036297	
42236	1036300	
42236	1036318	
42236	1036334	
42236	1036351	
42236	1036401	
42236	1036551	
42236	1036602	
42236	1036604	
42236	1036618	
42236	1036619	
42236	1036640	
42236	1036647	
42236	1036650	
42236	1036654	
42236	1036719	
42236	1036840	
42236	1036841	
42236	1036863	
42236	1036883	
42236	1036899	
42236	1036920	
42236	1036928	
42236	1036962	
42236	1037035	
42236	1037053	
42236	1037333	
42236	1037548	
42236	1037619	
42236	1037657	
42236	1037665	
42236	1037680	
42236	1037746	
42236	1037748	
42236	1037777	
42236	1037780	
42236	1037803	
42236	1037843	
42236	1037846	
42236	1037855	
42236	1037864	
42236	1037872	
42236	1037884	
42236	1037920	
42236	1037928	
42236	1037931	
42236	1037937	
42236	1037941	
42236	1037954	
42236	1037969	
42236	1037986	
42236	1037993	
42236	1037996	
42236	1038009	
42236	1038012	
42236	1038014	
42236	1038015	
42236	1038071	
42236	1038076	
42236	1038078	
42236	1038097	
42236	1038103	
42236	1038119	
42236	1038124	
42236	1038134	
42236	1038139	
42236	1038174	
42236	1038197	
42236	1038217	
42236	1038257	
42236	1038280	
42236	1038290	
42236	1038296	
42236	1038325	
42236	1038342	
42236	1038356	
42236	1038375	
42236	1038384	
42236	1038386	
42236	1038395	
42236	1038408	
42236	1038414	
42236	1038422	
42236	1038451	
42236	1038452	
42236	1038512	
42236	1038529	
42236	1038542	
42236	1038555	
42236	1038612	
42236	1038621	
42236	1038995	
42236	1039251	
42236	1039292	
42236	1039323	
42236	1039374	
42236	1039468	
42236	1039477	
42236	1039524	
42236	1039538	
42236	1039596	
42236	1039670	
42236	1039997	
42236	1040061	
42236	1040172	
42236	1040238	
42236	1040251	
42236	1040660	
42236	1040676	
42236	1040923	
42236	1041067	
42236	1041103	
42236	1041245	
42236	1041251	
42236	1041298	
42236	1041374	
42236	1041419	
42236	1042282	
42236	1042661	
42236	1042697	
42236	1042726	
42236	1042810	
42236	1042816	
42236	1042819	
42236	1042822	
42236	1042866	
42236	1042875	
42236	1042923	
42236	1042942	
42236	1042957	
42236	1042980	
42236	1042984	
42236	1043012	
42236	1043020	
42236	1043027	
42236	1043093	
42236	1043107	
42236	1043125	
42236	1043173	
42236	1043229	
42236	1043230	
42236	1043234	
42236	1043319	
42236	1043345	
42236	1043459	
42236	1043521	
42236	1043572	
42236	1043749	
42236	1043915	
42236	1043920	
42236	1044033	
42236	1044274	
42236	1045056	
42236	1045857	
42236	1046044	
42236	1046117	
42236	1046211	
42236	1046410	
42236	1046627	
42236	1047160	
42236	1047202	
42236	1047206	
42236	1047229	
42236	1047255	
42236	1047281	
42236	1047394	
42236	1047403	
42236	1047427	
42236	1047432	
42236	1047482	
42236	1047500	
42236	1047522	
42236	1047524	
42236	1047644	
42236	1047726	
42236	1047768	
42236	1047840	
42236	1047863	
42236	1047886	
42236	1047911	
42236	1047931	
42236	1047954	
42236	1047984	
42236	1048013	
42236	1048015	
42236	1048018	
42236	1048031	
42236	1048047	
42236	1048122	
42236	1048159	
42236	1048361	
42236	1048737	
42236	1048845	
42236	1048994	
42236	1049576	
42236	1050339	
42236	1050342	
42236	1050344	
42236	1050345	
42236	1050349	
42236	1050351	
42236	1050353	
42236	1050355	
42236	1050356	
42236	1050358	
42236	1050359	
42236	1050360	
42236	1050362	
42236	1050364	
42236	1050366	
42236	1050368	
42236	1050370	
42236	1050372	
42236	1050374	
42236	1050375	
42236	1050377	
42236	1050379	
42236	1050381	
42236	1050383	
42236	1050385	
42236	1050386	
42236	1050389	
42236	1050390	
42236	1050393	
42236	1050396	
42236	1050398	
42236	1050400	
42236	1050402	
42236	1050404	
42236	1050405	
42236	1050407	
42236	1050409	
42236	1050411	
42236	1050412	
42236	1050414	
42236	1050416	
42236	1050417	
42236	1050419	
42236	1050421	
42236	1050423	
42236	1050425	
42236	1050427	
42236	1050430	
42236	1050433	
42236	1050434	
42236	1050436	
42236	1050439	
42236	1050441	
42236	1050443	
42236	1050445	
42236	1050448	
42236	1050449	
42236	1050452	
42236	1050455	
42236	1050457	
42236	1050458	
42236	1050460	
42236	1050463	
42236	1050465	
42236	1050466	
42236	1050467	
42236	1050469	
42236	1050470	
42236	1050472	
42236	1050473	
42236	1050475	
42236	1050477	
42236	1050479	
42236	1050480	
42236	1050482	
42236	1050484	
42236	1050486	
42236	1050488	
42236	1050489	
42236	1050491	
42236	1050492	
42236	1050494	
42236	1050496	
42236	1050498	
42236	1050499	
42236	1050501	
42236	1050503	
42236	1050505	
42236	1050507	
42236	1050508	
42236	1050510	
42236	1050512	
42236	1050514	
42236	1050516	
42236	1050518	
42236	1050520	
42236	1050522	
42236	1050524	
42236	1050525	
42236	1050527	
42236	1050529	
42236	1050531	
42236	1050533	
42236	1050535	
42236	1050537	
42236	1050541	
42236	1050543	
42236	1050546	
42236	1050547	
42236	1050549	
42236	1050552	
42236	1050554	
42236	1050556	
42236	1050558	
42236	1050560	
42236	1050562	
42236	1050564	
42236	1050566	
42236	1050568	
42236	1050569	
42236	1050571	
42236	1050572	
42236	1050574	
42236	1050576	
42236	1050578	
42236	1050580	
42236	1050582	
42236	1050584	
42236	1050588	
42236	1050590	
42236	1050592	
42236	1050593	
42236	1050595	
42236	1050597	
42236	1050600	
42236	1050602	
42236	1050603	
42236	1050606	
42236	1050607	
42236	1050609	
42236	1050611	
42236	1050613	
42236	1050616	
42236	1050619	
42236	1050621	
42236	1050622	
42236	1050623	
42236	1050625	
42236	1050628	
42236	1050629	
42236	1050631	
42236	1050633	
42236	1050635	
42236	1050637	
42236	1050638	
42236	1050640	
42236	1050643	
42236	1050645	
42236	1050647	
42236	1050648	
42236	1050650	
42236	1050652	
42236	1050654	
42236	1050656	
42236	1050658	
42236	1050660	
42236	1050662	
42236	1050664	
42236	1050666	
42236	1050668	
42236	1050669	
42236	1050671	
42236	1050672	
42236	1050674	
42236	1050676	
42236	1050678	
42236	1050680	
42236	1050681	
42236	1050684	
42236	1050686	
42236	1050689	
42236	1050691	
42236	1050693	
42236	1050696	
42236	1050697	
42236	1050698	
42236	1050702	
42236	1050704	
42236	1050706	
42236	1050708	
42236	1050709	
42236	1050711	
42236	1050714	
42236	1050717	
42236	1050719	
42236	1050721	
42236	1050723	
42236	1050726	
42236	1050728	
42236	1050730	
42236	1050732	
42236	1050734	
42236	1050735	
42236	1050737	
42236	1050739	
42236	1050741	
42236	1050745	
42236	1050746	
42236	1050750	
42236	1050752	
42236	1050753	
42236	1050755	
42236	1050757	
42236	1050759	
42236	1050760	
42236	1050762	
42236	1050765	
42236	1050767	
42236	1050769	
42236	1050771	
42236	1050773	
42236	1050775	
42236	1050776	
42236	1050778	
42236	1050780	
42236	1050783	
42236	1050785	
42236	1050787	
42236	1050790	
42236	1050792	
42236	1050794	
42236	1050796	
42236	1050798	
42236	1050800	
42236	1050801	
42236	1050803	
42236	1050806	
42236	1050807	
42236	1050809	
42236	1050811	
42236	1050812	
42236	1050814	
42236	1050816	
42236	1050818	
42236	1050820	
42236	1050822	
42236	1050824	
42236	1050826	
42236	1050827	
42236	1050828	
42236	1050830	
42236	1050832	
42236	1050834	
42236	1050836	
42236	1050838	
42236	1050840	
42236	1050842	
42236	1050844	
42236	1050846	
42236	1050848	
42236	1050850	
42236	1050852	
42236	1050854	
42236	1050856	
42236	1050857	
42236	1050860	
42236	1050862	
42236	1050864	
42236	1050865	
42236	1050867	
42236	1050869	
42236	1050871	
42236	1050873	
42236	1050875	
42236	1050877	
42236	1050878	
42236	1050880	
42236	1050881	
42236	1050883	
42236	1050884	
42236	1050886	
42236	1050888	
42236	1050891	
42236	1050893	
42236	1050895	
42236	1050897	
42236	1050899	
42236	1050901	
42236	1050902	
42236	1050905	
42236	1050906	
42236	1050908	
42236	1050910	
42236	1050912	
42236	1050914	
42236	1050916	
42236	1050918	
42236	1050920	
42236	1050921	
42236	1050924	
42236	1050926	
42236	1050928	
42236	1050930	
42236	1050931	
42236	1050932	
42236	1050934	
42236	1050936	
42236	1050937	
42236	1050939	
42236	1050943	
42236	1050944	
42236	1050946	
42236	1050949	
42236	1050952	
42236	1050955	
42236	1050957	
42236	1050960	
42236	1050963	
42236	1050968	
42236	1050971	
42236	1050973	
42236	1050976	
42236	1050980	
42236	1050983	
42236	1050987	
42236	1050989	
42236	1050990	
42236	1050993	
42236	1050996	
42236	1050999	
42236	1051001	
42236	1051004	
42236	1051006	
42236	1051008	
42236	1051011	
42236	1051014	
42236	1051015	
42236	1051020	
42236	1051022	
42236	1051025	
42236	1051028	
42236	1051034	
42236	1051037	
42236	1051041	
42236	1051044	
42236	1051047	
42236	1051050	
42236	1051053	
42236	1051056	
42236	1051060	
42236	1051064	
42236	1051067	
42236	1051070	
42236	1051073	
42236	1051078	
42236	1051081	
42236	1051083	
42236	1051085	
42236	1051089	
42236	1051092	
42236	1051094	
42236	1051097	
42236	1051100	
42236	1051105	
42236	1051107	
42236	1051111	
42236	1051114	
42236	1051119	
42236	1051122	
42236	1051125	
42236	1051128	
42236	1051130	
42236	1051134	
42236	1051138	
42236	1051141	
42236	1051144	
42236	1051146	
42236	1051149	
42236	1051151	
42236	1051153	
42236	1051156	
42236	1051158	
42236	1051161	
42236	1051164	
42236	1051167	
42236	1051171	
42236	1051174	
42236	1051177	
42236	1051180	
42236	1051183	
42236	1051186	
42236	1051189	
42236	1051193	
42236	1051195	
42236	1051198	
42236	1051202	
42236	1051205	
42236	1051210	
42236	1051213	
42236	1051216	
42236	1051219	
42236	1051222	
42236	1051227	
42236	1051230	
42236	1051233	
42236	1051236	
42236	1051241	
42236	1051242	
42236	1051247	
42236	1051250	
42236	1051255	
42236	1051256	
42236	1051261	
42236	1051263	
42236	1051265	
42236	1051268	
42236	1051270	
42236	1051272	
42236	1051273	
42236	1051276	
42236	1051282	
42236	1051285	
42236	1051293	
42236	1051295	
42236	1051300	
42236	1051306	
42236	1051309	
42236	1051314	
42236	1051320	
42236	1051335	
42236	1051338	
42236	1051342	
42236	1051345	
42236	1051353	
42236	1051361	
42236	1051364	
42236	1051368	
42236	1051371	
42236	1051376	
42236	1051378	
42236	1051381	
42236	1051386	
42236	1051391	
42236	1051398	
42236	1051404	
42236	1051411	
42236	1051420	
42236	1051425	
42236	1051430	
42236	1051435	
42236	1051440	
42236	1051446	
42236	1051450	
42236	1051454	
42236	1051463	
42236	1051467	
42236	1051472	
42236	1051478	
42236	1051483	
42236	1051488	
42236	1051495	
42236	1051501	
42236	1051505	
42236	1051515	
42236	1051522	
42236	1051524	
42236	1051531	
42236	1051536	
42236	1051541	
42236	1051545	
42236	1051549	
42236	1051552	
42236	1051556	
42236	1051561	
42236	1051564	
42236	1051569	
42236	1051575	
42236	1051581	
42236	1051587	
42236	1051591	
42236	1051596	
42236	1051600	
42236	1051604	
42236	1051608	
42236	1051611	
42236	1051618	
42236	1051623	
42236	1051628	
42236	1051632	
42236	1051639	
42236	1051643	
42236	1051646	
42236	1051651	
42236	1051656	
42236	1051661	
42236	1051664	
42236	1051667	
42236	1051672	
42236	1051679	
42236	1051684	
42236	1051689	
42236	1051692	
42236	1051697	
42236	1051701	
42236	1051710	
42236	1051712	
42236	1051717	
42236	1051722	
42236	1051725	
42236	1051732	
42236	1051737	
42236	1051741	
42236	1051746	
42236	1051750	
42236	1051758	
42236	1051761	
42236	1051766	
42236	1051771	
42236	1051775	
42236	1051777	
42236	1051780	
42236	1051784	
42236	1051789	
42236	1051794	
42236	1051798	
42236	1051802	
42236	1051806	
42236	1051811	
42236	1051814	
42236	1051817	
42236	1051820	
42236	1051824	
42236	1051829	
42236	1051833	
42236	1051837	
42236	1051839	
42236	1051843	
42236	1051846	
42236	1051851	
42236	1051855	
42236	1051858	
42236	1051861	
42236	1051865	
42236	1051868	
42236	1051870	
42236	1051873	
42236	1051877	
42236	1051881	
42236	1051885	
42236	1051890	
42236	1051893	
42236	1051896	
42236	1051899	
42236	1051902	
42236	1051906	
42236	1051910	
42236	1051914	
42236	1051918	
42236	1051922	
42236	1051928	
42236	1051932	
42236	1051935	
42236	1051939	
42236	1051943	
42236	1051947	
42236	1051950	
42236	1051956	
42236	1051962	
42236	1051966	
42236	1051971	
42236	1051974	
42236	1051979	
42236	1051982	
42236	1051985	
42236	1051988	
42236	1051993	
42236	1051996	
42236	1051999	
42236	1052003	
42236	1052008	
42236	1052011	
42236	1052017	
42236	1052021	
42236	1052026	
42236	1052029	
42236	1052032	
42236	1052035	
42236	1052040	
42236	1052044	
42236	1052048	
42236	1052051	
42236	1052056	
42236	1052061	
42236	1052064	
42236	1052066	
42236	1052072	
42236	1052078	
42236	1052082	
42236	1052086	
42236	1052091	
42236	1052093	
42236	1052097	
42236	1052102	
42236	1052106	
42236	1052109	
42236	1052113	
42236	1052117	
42236	1052121	
42236	1052125	
42236	1052129	
42236	1052136	
42236	1052139	
42236	1052143	
42236	1052147	
42236	1052150	
42236	1052153	
42236	1052157	
42236	1052163	
42236	1052167	
42236	1052170	
42236	1052173	
42236	1052178	
42236	1052183	
42236	1052187	
42236	1052189	
42236	1052193	
42236	1052195	
42236	1052199	
42236	1052204	
42236	1052207	
42236	1052211	
42236	1052213	
42236	1052218	
42236	1052222	
42236	1052227	
42236	1052231	
42236	1052234	
42236	1052238	
42236	1052242	
42236	1052245	
42236	1052250	
42236	1052257	
42236	1052261	
42236	1052265	
42236	1052271	
42236	1052276	
42236	1052280	
42236	1052283	
42236	1052286	
42236	1052289	
42236	1052293	
42236	1052296	
42236	1052299	
42236	1052303	
42236	1052307	
42236	1052311	
42236	1052318	
42236	1052324	
42236	1052327	
42236	1052331	
42236	1052335	
42236	1052339	
42236	1052342	
42236	1052344	
42236	1052350	
42236	1052358	
42236	1052360	
42236	1052367	
42236	1052372	
42236	1052376	
42236	1052378	
42236	1052384	
42236	1052386	
42236	1052393	
42236	1052398	
42236	1052401	
42236	1052407	
42236	1052411	
42236	1052416	
42236	1052423	
42236	1052426	
42236	1052431	
42236	1052437	
42236	1052440	
42236	1052444	
42236	1052446	
42236	1052449	
42236	1052452	
42236	1052455	
42236	1052458	
42236	1052459	
42236	1052463	
42236	1052465	
42236	1052468	
42236	1052470	
42236	1052472	
42236	1052475	
42236	1052478	
42236	1052480	
42236	1052483	
42236	1052486	
42236	1052490	
42236	1052493	
42236	1052496	
42236	1052499	
42236	1052502	
42236	1052505	
42236	1052508	
42236	1052511	
42236	1052513	
42236	1052516	
42236	1052519	
42236	1052521	
42236	1052524	
42236	1052527	
42236	1052528	
42236	1052531	
42236	1052533	
42236	1052536	
42236	1052539	
42236	1052542	
42236	1052543	
42236	1052548	
42236	1052550	
42236	1052553	
42236	1052556	
42236	1052558	
42236	1052562	
42236	1052565	
42236	1052567	
42236	1052570	
42236	1052573	
42236	1052576	
42236	1052580	
42236	1052582	
42236	1052587	
42236	1052589	
42236	1052592	
42236	1052595	
42236	1052597	
42236	1052600	
42236	1052603	
42236	1052607	
42236	1052610	
42236	1052613	
42236	1052615	
42236	1052617	
42236	1052620	
42236	1052623	
42236	1052627	
42236	1052629	
42236	1052633	
42236	1052636	
42236	1052639	
42236	1052643	
42236	1052646	
42236	1052649	
42236	1052653	
42236	1052656	
42236	1052660	
42236	1052663	
42236	1052666	
42236	1052669	
42236	1052671	
42236	1052675	
42236	1052677	
42236	1052682	
42236	1052683	
42236	1052686	
42236	1052688	
42236	1052690	
42236	1052693	
42236	1052695	
42236	1052697	
42236	1052699	
42236	1052704	
42236	1052706	
42236	1052710	
42236	1052713	
42236	1052716	
42236	1052718	
42236	1052723	
42236	1052726	
42236	1052729	
42236	1052731	
42236	1052735	
42236	1052738	
42236	1052741	
42236	1052744	
42236	1052748	
42236	1052750	
42236	1052753	
42236	1052756	
42236	1052760	
42236	1052763	
42236	1052765	
42236	1052768	
42236	1052771	
42236	1052774	
42236	1052778	
42236	1052782	
42236	1052786	
42236	1052788	
42236	1052789	
42236	1052792	
42236	1052795	
42236	1052797	
42236	1052800	
42236	1052803	
42236	1052805	
42236	1052807	
42236	1052809	
42236	1052813	
42236	1052815	
42236	1052817	
42236	1052820	
42236	1052823	
42236	1052827	
42236	1052829	
42236	1052832	
42236	1052836	
42236	1052837	
42236	1052838	
42236	1052841	
42236	1052844	
42236	1052847	
42236	1052850	
42236	1052853	
42236	1052855	
42236	1052857	
42236	1052860	
42236	1052862	
42236	1052864	
42236	1052866	
42236	1052868	
42236	1052872	
42236	1052874	
42236	1052878	
42236	1052880	
42236	1052882	
42236	1052885	
42236	1052886	
42236	1052888	
42236	1052889	
42236	1052891	
42236	1052892	
42236	1052893	
42236	1052894	
42236	1052896	
42236	1052898	
42236	1052899	
42236	1052901	
42236	1052904	
42236	1052906	
42236	1052908	
42236	1052910	
42236	1052912	
42236	1052913	
42236	1052915	
42236	1052917	
42236	1052919	
42236	1052921	
42236	1052923	
42236	1052925	
42236	1052927	
42236	1052929	
42236	1052931	
42236	1052932	
42236	1052934	
42236	1052936	
42236	1052938	
42236	1052939	
42236	1052941	
42236	1052943	
42236	1052945	
42236	1052947	
42236	1052949	
42236	1052950	
42236	1052953	
42236	1052954	
42236	1052956	
42236	1052958	
42236	1052960	
42236	1052962	
42236	1052963	
42236	1052965	
42236	1052967	
42236	1052969	
42236	1052971	
42236	1052973	
42236	1052975	
42236	1052977	
42236	1052979	
42236	1052981	
42236	1052983	
42236	1052985	
42236	1052986	
42236	1052988	
42236	1052990	
42236	1052992	
42236	1052994	
42236	1052996	
42236	1052998	
42236	1052999	
42236	1053000	
42236	1053002	
42236	1053004	
42236	1053005	
42236	1053007	
42236	1053009	
42236	1053011	
42236	1053013	
42236	1053014	
42236	1053015	
42236	1053018	
42236	1053019	
42236	1053021	
42236	1053023	
42236	1053024	
42236	1053025	
42236	1053027	
42236	1053029	
42236	1053031	
42236	1053033	
42236	1053035	
42236	1053037	
42236	1053039	
42236	1053040	
42236	1053042	
42236	1053044	
42236	1053046	
42236	1053047	
42236	1053049	
42236	1053051	
42236	1053053	
42236	1053055	
42236	1053056	
42236	1053059	
42236	1053061	
42236	1053062	
42236	1053064	
42236	1053066	
42236	1053068	
42236	1053069	
42236	1053072	
42236	1053074	
42236	1053076	
42236	1053078	
42236	1053080	
42236	1053081	
42236	1053082	
42236	1053083	
42236	1053084	
42236	1053086	
42236	1053087	
42236	1053089	
42236	1053090	
42236	1053091	
42236	1053093	
42236	1053095	
42236	1053097	
42236	1053099	
42236	1053101	
42236	1053103	
42236	1053105	
42236	1053107	
42236	1053109	
42236	1053111	
42236	1053113	
42236	1053116	
42236	1053118	
42236	1053119	
42236	1053121	
42236	1053123	
42236	1053125	
42236	1053127	
42236	1053129	
42236	1053130	
42236	1053132	
42236	1053134	
42236	1053136	
42236	1053138	
42236	1053140	
42236	1053142	
42236	1053143	
42236	1053145	
42236	1053147	
42236	1053149	
42236	1053152	
42236	1053153	
42236	1053156	
42236	1053158	
42236	1053160	
42236	1053161	
42236	1053162	
42236	1053163	
42236	1053165	
42236	1053167	
42236	1053169	
42236	1053170	
42236	1053172	
42236	1053174	
42236	1053176	
42236	1053177	
42236	1053178	
42236	1053180	
42236	1053182	
42236	1053184	
42236	1053186	
42236	1053189	
42236	1053190	
42236	1053191	
42236	1053193	
42236	1053195	
42236	1053197	
42236	1053199	
42236	1053201	
42236	1053203	
42236	1053205	
42236	1053207	
42236	1053209	
42236	1053210	
42236	1053212	
42236	1053215	
42236	1053217	
42236	1053219	
42236	1053221	
42236	1053223	
42236	1053224	
42236	1053226	
42236	1053229	
42236	1053230	
42236	1053232	
42236	1053235	
42236	1053236	
42236	1053238	
42236	1053239	
42236	1053241	
42236	1053243	
42236	1053244	
42236	1053246	
42236	1053247	
42236	1053250	
42236	1053252	
42236	1053254	
42236	1053255	
42236	1053258	
42236	1053260	
42236	1053262	
42236	1053264	
42236	1053267	
42236	1053270	
42236	1053271	
42236	1053273	
42236	1053275	
42236	1053276	
42236	1053278	
42236	1053280	
42236	1053282	
42236	1053284	
42236	1053286	
42236	1053288	
42236	1053289	
42236	1053291	
42236	1053293	
42236	1053294	
42236	1053296	
42236	1053298	
42236	1053300	
42236	1053302	
42236	1053304	
42236	1053307	
42236	1053309	
42236	1053311	
42236	1053312	
42236	1053313	
42236	1053315	
42236	1053317	
42236	1053319	
42236	1053321	
42236	1053324	
42236	1053326	
42236	1053328	
42236	1053329	
42236	1053331	
42236	1053333	
42236	1053335	
42236	1053337	
42236	1053339	
42236	1053341	
42236	1053343	
42236	1053346	
42236	1053348	
42236	1053350	
42236	1053352	
42236	1053354	
42236	1053357	
42236	1053359	
42236	1053361	
42236	1053363	
42236	1053366	
42236	1053368	
42236	1053370	
42236	1053371	
42236	1053373	
42236	1053376	
42236	1053377	
42236	1053378	
42236	1053380	
42236	1053382	
42236	1053384	
42236	1053386	
42236	1053388	
42236	1053390	
42236	1053393	
42236	1053395	
42236	1053398	
42236	1053399	
42236	1053401	
42236	1053403	
42236	1053405	
42236	1053406	
42236	1053408	
42236	1053410	
42236	1053412	
42236	1053415	
42236	1053416	
42236	1053419	
42236	1053421	
42236	1053422	
42236	1053424	
42236	1053425	
42236	1053427	
42236	1053429	
42236	1053431	
42236	1053433	
42236	1053434	
42236	1053436	
42236	1053438	
42236	1053440	
42236	1053442	
42236	1053443	
42236	1053444	
42236	1053446	
42236	1053448	
42236	1053449	
42236	1053451	
42236	1053452	
42236	1053454	
42236	1053456	
42236	1053459	
42236	1053461	
42236	1053463	
42236	1053465	
42236	1053467	
42236	1053469	
42236	1053470	
42236	1053472	
42236	1053473	
42236	1053474	
42236	1053476	
42236	1053479	
42236	1053481	
42236	1053483	
42236	1053486	
42236	1053487	
42236	1053490	
42236	1053492	
42236	1053494	
42236	1053496	
42236	1053498	
42236	1053499	
42236	1053501	
42236	1053502	
42236	1053504	
42236	1053505	
42236	1053507	
42236	1053509	
42236	1053510	
42236	1053512	
42236	1053514	
42236	1053516	
42236	1053518	
42236	1053520	
42236	1053522	
42236	1053523	
42236	1053526	
42236	1053527	
42236	1053528	
42236	1053531	
42236	1053533	
42236	1053535	
42236	1053539	
42236	1053541	
42236	1053543	
42236	1053545	
42236	1053546	
42236	1053547	
42236	1053548	
42236	1053549	
42236	1053551	
42236	1053554	
42236	1053555	
42236	1053557	
42236	1053559	
42236	1053561	
42236	1053562	
42236	1053563	
42236	1053564	
42236	1053566	
42236	1053568	
42236	1053572	
42236	1053574	
42236	1053575	
42236	1053576	
42236	1053578	
42236	1053580	
42236	1053582	
42236	1053584	
42236	1053586	
42236	1053588	
42236	1053590	
42236	1053592	
42236	1053594	
42236	1053596	
42236	1053597	
42236	1053599	
42236	1053601	
42236	1053603	
42236	1053605	
42236	1053607	
42236	1053609	
42236	1053610	
42236	1053613	
42236	1053614	
42236	1053616	
42236	1053618	
42236	1053620	
42236	1053622	
42236	1053624	
42236	1053627	
42236	1053629	
42236	1053631	
42236	1053633	
42236	1053635	
42236	1053637	
42236	1053639	
42236	1053640	
42236	1053641	
42236	1053643	
42236	1053645	
42236	1053647	
42236	1053649	
42236	1053651	
42236	1053652	
42236	1053654	
42236	1053656	
42236	1053658	
42236	1053660	
42236	1053661	
42236	1053663	
42236	1053666	
42236	1053668	
42236	1053669	
42236	1053671	
42236	1053674	
42236	1053676	
42236	1053678	
42236	1053679	
42236	1053681	
42236	1053683	
42236	1053684	
42236	1053687	
42236	1053688	
42236	1053690	
42236	1053692	
42236	1053694	
42236	1053695	
42236	1053697	
42236	1053699	
42236	1053701	
42236	1053703	
42236	1053705	
42236	1053707	
42236	1053709	
42236	1053711	
42236	1053712	
42236	1053714	
42236	1053716	
42236	1053718	
42236	1053720	
42236	1053722	
42236	1053724	
42236	1053726	
42236	1053728	
42236	1053730	
42236	1053731	
42236	1053733	
42236	1053734	
42236	1053736	
42236	1053738	
42236	1053740	
42236	1053742	
42236	1053743	
42236	1053745	
42236	1053747	
42236	1053748	
42236	1053750	
42236	1053752	
42236	1053755	
42236	1053757	
42236	1053758	
42236	1053761	
42236	1053763	
42236	1053765	
42236	1053766	
42236	1053768	
42236	1053771	
42236	1053773	
42236	1053775	
42236	1053778	
42236	1053779	
42236	1053781	
42236	1053782	
42236	1053784	
42236	1053786	
42236	1053788	
42236	1053790	
42236	1053791	
42236	1053793	
42236	1053795	
42236	1053797	
42236	1053798	
42236	1053800	
42236	1053801	
42236	1053803	
42236	1053805	
42236	1053808	
42236	1053809	
42236	1053811	
42236	1053813	
42236	1053815	
42236	1053817	
42236	1053819	
42236	1053821	
42236	1053823	
42236	1053825	
42236	1053827	
42236	1053829	
42236	1053830	
42236	1053833	
42236	1053835	
42236	1053836	
42236	1053838	
42236	1053840	
42236	1053842	
42236	1053843	
42236	1053846	
42236	1053848	
42236	1053851	
42236	1053853	
42236	1053855	
42236	1053857	
42236	1053858	
42236	1053860	
42236	1053861	
42236	1053863	
42236	1053865	
42236	1053867	
42236	1053869	
42236	1053871	
42236	1053873	
42236	1053875	
42236	1053878	
42236	1053880	
42236	1053882	
42236	1053884	
42236	1053886	
42236	1053888	
42236	1053890	
42236	1053892	
42236	1053894	
42236	1053896	
42236	1053898	
42236	1053900	
42236	1053902	
42236	1053904	
42236	1053907	
42236	1053908	
42236	1053910	
42236	1053912	
42236	1053914	
42236	1053916	
42236	1053917	
42236	1053921	
42236	1053923	
42236	1053924	
42236	1053926	
42236	1053929	
42236	1053931	
42236	1053933	
42236	1053935	
42236	1053938	
42236	1053940	
42236	1053942	
42236	1053945	
42236	1053946	
42236	1053948	
42236	1053949	
42236	1053951	
42236	1053952	
42236	1053953	
42236	1053955	
42236	1053957	
42236	1053959	
42236	1053963	
42236	1053965	
42236	1053967	
42236	1053969	
42236	1053972	
42236	1053974	
42236	1053976	
42236	1053978	
42236	1053980	
42236	1053982	
42236	1053984	
42236	1053986	
42236	1053988	
42236	1053990	
42236	1053992	
42236	1053994	
42236	1053996	
42236	1053998	
42236	1054000	
42236	1054003	
42236	1054005	
42236	1054006	
42236	1054007	
42236	1054009	
42236	1054011	
42236	1054012	
42236	1054013	
42236	1054015	
42236	1054017	
42236	1054019	
42236	1054021	
42236	1054024	
42236	1054025	
42236	1054026	
42236	1054029	
42236	1054030	
42236	1054032	
42236	1054034	
42236	1054036	
42236	1054038	
42236	1054040	
42236	1054042	
42236	1054044	
42236	1054046	
42236	1054048	
42236	1054050	
42236	1054052	
42236	1054053	
42236	1054055	
42236	1054057	
42236	1054058	
42236	1054060	
42236	1054062	
42236	1054063	
42236	1054065	
42236	1054066	
42236	1054068	
42236	1054071	
42236	1054072	
42236	1054074	
42236	1054076	
42236	1054078	
42236	1054079	
42236	1054082	
42236	1054084	
42236	1054086	
42236	1054089	
42236	1054091	
42236	1054093	
42236	1054095	
42236	1054097	
42236	1054100	
42236	1054102	
42236	1054104	
42236	1054106	
42236	1054109	
42236	1054110	
42236	1054112	
42236	1054114	
42236	1054116	
42236	1054118	
42236	1054120	
42236	1054121	
42236	1054123	
42236	1054125	
42236	1054127	
42236	1054129	
42236	1054130	
42236	1054132	
42236	1054134	
42236	1054137	
42236	1054139	
42236	1054141	
42236	1054143	
42236	1054144	
42236	1054145	
42236	1054147	
42236	1054148	
42236	1054150	
42236	1054152	
42236	1054154	
42236	1054156	
42236	1054158	
42236	1054161	
42236	1054163	
42236	1054165	
42236	1054167	
42236	1054169	
42236	1054171	
42236	1054174	
42236	1054176	
42236	1054178	
42236	1054181	
42236	1054183	
42236	1054185	
42236	1054187	
42236	1054189	
42236	1054190	
42236	1054191	
42236	1054193	
42236	1054195	
42236	1054196	
42236	1054198	
42236	1054199	
42236	1054201	
42236	1054203	
42236	1054204	
42236	1054206	
42236	1054208	
42236	1054210	
42236	1054212	
42236	1054214	
42236	1054216	
42236	1054217	
42236	1054220	
42236	1054222	
42236	1054224	
42236	1054225	
42236	1054227	
42236	1054229	
42236	1054231	
42236	1054233	
42236	1054235	
42236	1054237	
42236	1054239	
42236	1054241	
42236	1054243	
42236	1054245	
42236	1054247	
42236	1054249	
42236	1054251	
42236	1054253	
42236	1054256	
42236	1054257	
42236	1054259	
42236	1054260	
42236	1054262	
42236	1054264	
42236	1054266	
42236	1054268	
42236	1054269	
42236	1054270	
42236	1054273	
42236	1054274	
42236	1054277	
42236	1054279	
42236	1054281	
42236	1054283	
42236	1054285	
42236	1054287	
42236	1054289	
42236	1054291	
42236	1054293	
42236	1054294	
42236	1054297	
42236	1054298	
42236	1054300	
42236	1054303	
42236	1054304	
42236	1054305	
42236	1054307	
42236	1054309	
42236	1054311	
42236	1054314	
42236	1054316	
42236	1054319	
42236	1054321	
42236	1054323	
42236	1054326	
42236	1054329	
42236	1054331	
42236	1054333	
42236	1054336	
42236	1054338	
42236	1054340	
42236	1054342	
42236	1054345	
42236	1054346	
42236	1054348	
42236	1054351	
42236	1054353	
42236	1054355	
42236	1054357	
42236	1054359	
42236	1054361	
42236	1054363	
42236	1054364	
42236	1054365	
42236	1054372	
42236	1054375	
42236	1054379	
42236	1054380	
42236	1054381	
42236	1054383	
42236	1054384	
42236	1054385	
42236	1054387	
42236	1054389	
42236	1054390	
42236	1054394	
42236	1054396	
42236	1054398	
42236	1054400	
42236	1054402	
42236	1054404	
42236	1054406	
42236	1054407	
42236	1054410	
42236	1054411	
42236	1054413	
42236	1054415	
42236	1054417	
42236	1054419	
42236	1054423	
42236	1054425	
42236	1054427	
42236	1054429	
42236	1054432	
42236	1054434	
42236	1054436	
42236	1054439	
42236	1054441	
42236	1054442	
42236	1054444	
42236	1054446	
42236	1054448	
42236	1054450	
42236	1054452	
42236	1054454	
42236	1054456	
42236	1054458	
42236	1054460	
42236	1054462	
42236	1054465	
42236	1054467	
42236	1054469	
42236	1054471	
42236	1054473	
42236	1054474	
42236	1054477	
42236	1054478	
42236	1054480	
42236	1054482	
42236	1054484	
42236	1054486	
42236	1054488	
42236	1054491	
42236	1054494	
42236	1054495	
42236	1054497	
42236	1054498	
42236	1054501	
42236	1054503	
42236	1054505	
42236	1054506	
42236	1054508	
42236	1054509	
42236	1054511	
42236	1054512	
42236	1054513	
42236	1054514	
42236	1054516	
42236	1054517	
42236	1054519	
42236	1054521	
42236	1054523	
42236	1054524	
42236	1054526	
42236	1054528	
42236	1054530	
42236	1054532	
42236	1054534	
42236	1054536	
42236	1054538	
42236	1054540	
42236	1054542	
42236	1054543	
42236	1054545	
42236	1054547	
42236	1054548	
42236	1054550	
42236	1054551	
42236	1054553	
42236	1054555	
42236	1054556	
42236	1054558	
42236	1054560	
42236	1054562	
42236	1054565	
42236	1054568	
42236	1054570	
42236	1054573	
42236	1054574	
42236	1054576	
42236	1054577	
42236	1054579	
42236	1054581	
42236	1054583	
42236	1054584	
42236	1054586	
42236	1054588	
42236	1054590	
42236	1054592	
42236	1054593	
42236	1054595	
42236	1054597	
42236	1054599	
42236	1054601	
42236	1054603	
42236	1054606	
42236	1054608	
42236	1054610	
42236	1054612	
42236	1054614	
42236	1054615	
42236	1054617	
42236	1054618	
42236	1054620	
42236	1054622	
42236	1054623	
42236	1054624	
42236	1054626	
42236	1054628	
42236	1054630	
42236	1054632	
42236	1054634	
42236	1054636	
42236	1054638	
42236	1054639	
42236	1054641	
42236	1054643	
42236	1054645	
42236	1054647	
42236	1054649	
42236	1054652	
42236	1054654	
42236	1054656	
42236	1054657	
42236	1054659	
42236	1054661	
42236	1054663	
42236	1054664	
42236	1054666	
42236	1054667	
42236	1054669	
42236	1054672	
42236	1054675	
42236	1054677	
42236	1054679	
42236	1054681	
42236	1054683	
42236	1054685	
42236	1054687	
42236	1054689	
42236	1054691	
42236	1054692	
42236	1054694	
42236	1054696	
42236	1054698	
42236	1054699	
42236	1054701	
42236	1054703	
42236	1054705	
42236	1054707	
42236	1054709	
42236	1054711	
42236	1054713	
42236	1054715	
42236	1054716	
42236	1054718	
42236	1054720	
42236	1054722	
42236	1054724	
42236	1054725	
42236	1054727	
42236	1054729	
42236	1054731	
42236	1054733	
42236	1054735	
42236	1054737	
42236	1054739	
42236	1054741	
42236	1054742	
42236	1054743	
42236	1054744	
42236	1054746	
42236	1054747	
42236	1054749	
42236	1054751	
42236	1054753	
42236	1054755	
42236	1054757	
42236	1054758	
42236	1054760	
42236	1054762	
42236	1054765	
42236	1054767	
42236	1054769	
42236	1054771	
42236	1054773	
42236	1054775	
42236	1054777	
42236	1054779	
42236	1054781	
42236	1054783	
42236	1054785	
42236	1054788	
42236	1054789	
42236	1054790	
42236	1054792	
42236	1054794	
42236	1054796	
42236	1054798	
42236	1054799	
42236	1054801	
42236	1054803	
42236	1054805	
42236	1054807	
42236	1054809	
42236	1054811	
42236	1054813	
42236	1054815	
42236	1054817	
42236	1054819	
42236	1054821	
42236	1054823	
42236	1054825	
42236	1054827	
42236	1054828	
42236	1054830	
42236	1054833	
42236	1054834	
42236	1054836	
42236	1054837	
42236	1054840	
42236	1054842	
42236	1054844	
42236	1054846	
42236	1054848	
42236	1054850	
42236	1054852	
42236	1054853	
42236	1054854	
42236	1054856	
42236	1054858	
42236	1054859	
42236	1054861	
42236	1054862	
42236	1054864	
42236	1054865	
42236	1054866	
42236	1054869	
42236	1054870	
42236	1054872	
42236	1054874	
42236	1054876	
42236	1054878	
42236	1054880	
42236	1054882	
42236	1054884	
42236	1054886	
42236	1054888	
42236	1054889	
42236	1054890	
42236	1054891	
42236	1054893	
42236	1054894	
42236	1054896	
42236	1054898	
42236	1054901	
42236	1054902	
42236	1054904	
42236	1054906	
42236	1054908	
42236	1054910	
42236	1054911	
42236	1054913	
42236	1054914	
42236	1054916	
42236	1054919	
42236	1054920	
42236	1054921	
42236	1054923	
42236	1054924	
42236	1054927	
42236	1054929	
42236	1054931	
42236	1054933	
42236	1054935	
42236	1054936	
42236	1054938	
42236	1054940	
42236	1054941	
42236	1054943	
42236	1054944	
42236	1054946	
42236	1054947	
42236	1054950	
42236	1054952	
42236	1054954	
42236	1054956	
42236	1054958	
42236	1054960	
42236	1054961	
42236	1054964	
42236	1054966	
42236	1054967	
42236	1054969	
42236	1054972	
42236	1054974	
42236	1054976	
42236	1054978	
42236	1054980	
42236	1054982	
42236	1054984	
42236	1054986	
42236	1054988	
42236	1054990	
42236	1054992	
42236	1054993	
42236	1054994	
42236	1054996	
42236	1054998	
42236	1055001	
42236	1055003	
42236	1055005	
42236	1055007	
42236	1055010	
42236	1055011	
42236	1055014	
42236	1055015	
42236	1055017	
42236	1055021	
42236	1055023	
42236	1055025	
42236	1055026	
42236	1055028	
42236	1055030	
42236	1055032	
42236	1055034	
42236	1055036	
42236	1055037	
42236	1055039	
42236	1055041	
42236	1055043	
42236	1055045	
42236	1055046	
42236	1055047	
42236	1055049	
42236	1055051	
42236	1055053	
42236	1055056	
42236	1055058	
42236	1055059	
42236	1055060	
42236	1055062	
42236	1055064	
42236	1055066	
42236	1055069	
42236	1055071	
42236	1055073	
42236	1055075	
42236	1055077	
42236	1055078	
42236	1055080	
42236	1055084	
42236	1055085	
42236	1055087	
42236	1055089	
42236	1055091	
42236	1055092	
42236	1055094	
42236	1055096	
42236	1055098	
42236	1055100	
42236	1055102	
42236	1055103	
42236	1055105	
42236	1055107	
42236	1055110	
42236	1055111	
42236	1055114	
42236	1055117	
42236	1055119	
42236	1055120	
42236	1055122	
42236	1055124	
42236	1055126	
42236	1055128	
42236	1055129	
42236	1055130	
42236	1055131	
42236	1055133	
42236	1055135	
42236	1055136	
42236	1055138	
42236	1055139	
42236	1055142	
42236	1055143	
42236	1055144	
42236	1055146	
42236	1055148	
42236	1055150	
42236	1055152	
42236	1055153	
42236	1055155	
42236	1055156	
42236	1055158	
42236	1055160	
42236	1055162	
42236	1055164	
42236	1055165	
42236	1055167	
42236	1055169	
42236	1055171	
42236	1055173	
42236	1055175	
42236	1055176	
42236	1055178	
42236	1055181	
42236	1055183	
42236	1055185	
42236	1055187	
42236	1055189	
42236	1055190	
42236	1055191	
42236	1055193	
42236	1055196	
42236	1055199	
42236	1055202	
42236	1055204	
42236	1055206	
42236	1055208	
42236	1055210	
42236	1055212	
42236	1055214	
42236	1055217	
42236	1055218	
42236	1055221	
42236	1055223	
42236	1055224	
42236	1055226	
42236	1055228	
42236	1055229	
42236	1055231	
42236	1055233	
42236	1055235	
42236	1055236	
42236	1055238	
42236	1055239	
42236	1055240	
42236	1055242	
42236	1055245	
42236	1055247	
42236	1055248	
42236	1055250	
42236	1055252	
42236	1055255	
42236	1055257	
42236	1055258	
42236	1055260	
42236	1055262	
42236	1055264	
42236	1055266	
42236	1055267	
42236	1055268	
42236	1055270	
42236	1055272	
42236	1055274	
42236	1055275	
42236	1055277	
42236	1055278	
42236	1055280	
42236	1055282	
42236	1055283	
42236	1055285	
42236	1055287	
42236	1055288	
42236	1055290	
42236	1055292	
42236	1055293	
42236	1055294	
42236	1055296	
42236	1055297	
42236	1055299	
42236	1055301	
42236	1055303	
42236	1055304	
42236	1055306	
42236	1055307	
42236	1055309	
42236	1055310	
42236	1055312	
42236	1055314	
42236	1055316	
42236	1055317	
42236	1055319	
42236	1055322	
42236	1055324	
42236	1055326	
42236	1055329	
42236	1055331	
42236	1055332	
42236	1055334	
42236	1055336	
42236	1055338	
42236	1055339	
42236	1055341	
42236	1055343	
42236	1055344	
42236	1055346	
42236	1055347	
42236	1055349	
42236	1055351	
42236	1055353	
42236	1055355	
42236	1055356	
42236	1055358	
42236	1055360	
42236	1055362	
42236	1055364	
42236	1055366	
42236	1055368	
42236	1055369	
42236	1055373	
42236	1055375	
42236	1055377	
42236	1055379	
42236	1055381	
42236	1055383	
42236	1055385	
42236	1055387	
42236	1055389	
42236	1055390	
42236	1055393	
42236	1055394	
42236	1055396	
42236	1055397	
42236	1055400	
42236	1055402	
42236	1055403	
42236	1055406	
42236	1055408	
42236	1055410	
42236	1055412	
42236	1055415	
42236	1055417	
42236	1055418	
42236	1055420	
42236	1055422	
42236	1055424	
42236	1055425	
42236	1055427	
42236	1055429	
42236	1055431	
42236	1055432	
42236	1055434	
42236	1055436	
42236	1055438	
42236	1055440	
42236	1055442	
42236	1055444	
42236	1055446	
42236	1055447	
42236	1055449	
42236	1055451	
42236	1055454	
42236	1055456	
42236	1055457	
42236	1055459	
42236	1055461	
42236	1055462	
42236	1055464	
42236	1055465	
42236	1055467	
42236	1055470	
42236	1055472	
42236	1055473	
42236	1055475	
42236	1055477	
42236	1055479	
42236	1055482	
42236	1055484	
42236	1055486	
42236	1055488	
42236	1055490	
42236	1055492	
42236	1055495	
42236	1055497	
42236	1055499	
42236	1055500	
42236	1055502	
42236	1055504	
42236	1055506	
42236	1055508	
42236	1055510	
42236	1055511	
42236	1055513	
42236	1055515	
42236	1055518	
42236	1055520	
42236	1055522	
42236	1055524	
42236	1055526	
42236	1055528	
42236	1055530	
42236	1055532	
42236	1055534	
42236	1055536	
42236	1055539	
42236	1055541	
42236	1055542	
42236	1055544	
42236	1055546	
42236	1055548	
42236	1055550	
42236	1055551	
42236	1055553	
42236	1055555	
42236	1055556	
42236	1055558	
42236	1055560	
42236	1055562	
42236	1055564	
42236	1055566	
42236	1055568	
42236	1055570	
42236	1055572	
42236	1055574	
42236	1055576	
42236	1055578	
42236	1055579	
42236	1055581	
42236	1055582	
42236	1055584	
42236	1055585	
42236	1055587	
42236	1055589	
42236	1055590	
42236	1055592	
42236	1055594	
42236	1055596	
42236	1055597	
42236	1055600	
42236	1055602	
42236	1055604	
42236	1055606	
42236	1055608	
42236	1055610	
42236	1055611	
42236	1055613	
42236	1055615	
42236	1055618	
42236	1055620	
42236	1055622	
42236	1055624	
42236	1055625	
42236	1055626	
42236	1055628	
42236	1055630	
42236	1055631	
42236	1055633	
42236	1055635	
42236	1055637	
42236	1055640	
42236	1055642	
42236	1055645	
42236	1055648	
42236	1055650	
42236	1055652	
42236	1055654	
42236	1055656	
42236	1055658	
42236	1055659	
42236	1055663	
42236	1055665	
42236	1055667	
42236	1055669	
42236	1055671	
42236	1055674	
42236	1055676	
42236	1055677	
42236	1055679	
42236	1055681	
42236	1055683	
42236	1055685	
42236	1055686	
42236	1055688	
42236	1055689	
42236	1055691	
42236	1055693	
42236	1055695	
42236	1055697	
42236	1055699	
42236	1055701	
42236	1055702	
42236	1055704	
42236	1055705	
42236	1055707	
42236	1055708	
42236	1055710	
42236	1055712	
42236	1055714	
42236	1055715	
42236	1055717	
42236	1055719	
42236	1055721	
42236	1055723	
42236	1055725	
42236	1055728	
42236	1055731	
42236	1055733	
42236	1055735	
42236	1055737	
42236	1055738	
42236	1055740	
42236	1055741	
42236	1055743	
42236	1055744	
42236	1055746	
42236	1055747	
42236	1055749	
42236	1055752	
42236	1055753	
42236	1055754	
42236	1055756	
42236	1055758	
42236	1055760	
42236	1055761	
42236	1055763	
42236	1055765	
42236	1055767	
42236	1055768	
42236	1055771	
42236	1055773	
42236	1055775	
42236	1055777	
42236	1055779	
42236	1055780	
42236	1055782	
42236	1055784	
42236	1055786	
42236	1055787	
42236	1055789	
42236	1055792	
42236	1055794	
42236	1055796	
42236	1055798	
42236	1055799	
42236	1055801	
42236	1055803	
42236	1055805	
42236	1055807	
42236	1055808	
42236	1055810	
42236	1055812	
42236	1055814	
42236	1055817	
42236	1055819	
42236	1055821	
42236	1055823	
42236	1055825	
42236	1055827	
42236	1055829	
42236	1055831	
42236	1055833	
42236	1055836	
42236	1055837	
42236	1055839	
42236	1055841	
42236	1055842	
42236	1055844	
42236	1055846	
42236	1055847	
42236	1055849	
42236	1055851	
42236	1055853	
42236	1055854	
42236	1055856	
42236	1055857	
42236	1055859	
42236	1055862	
42236	1055863	
42236	1055865	
42236	1055866	
42236	1055869	
42236	1055870	
42236	1055872	
42236	1055874	
42236	1055875	
42236	1055877	
42236	1055879	
42236	1055881	
42236	1055883	
42236	1055885	
42236	1055887	
42236	1055889	
42236	1055891	
42236	1055893	
42236	1055896	
42236	1055897	
42236	1055898	
42236	1055900	
42236	1055902	
42236	1055905	
42236	1055907	
42236	1055908	
42236	1055910	
42236	1055912	
42236	1055913	
42236	1055915	
42236	1055917	
42236	1055919	
42236	1055921	
42236	1055925	
42236	1055927	
42236	1055928	
42236	1055930	
42236	1055932	
42236	1055934	
42236	1055935	
42236	1055936	
42236	1055938	
42236	1055940	
42236	1055943	
42236	1055945	
42236	1055947	
42236	1055949	
42236	1055950	
42236	1055952	
42236	1055954	
42236	1055956	
42236	1055958	
42236	1055960	
42236	1055961	
42236	1055963	
42236	1055965	
42236	1055966	
42236	1055967	
42236	1055968	
42236	1055969	
42236	1055970	
42236	1055972	
42236	1055974	
42236	1055976	
42236	1055978	
42236	1055980	
42236	1055982	
42236	1055984	
42236	1055986	
42236	1055988	
42236	1055990	
42236	1055992	
42236	1055994	
42236	1055995	
42236	1055997	
42236	1055999	
42236	1056001	
42236	1056003	
42236	1056004	
42236	1056006	
42236	1056008	
42236	1056010	
42236	1056012	
42236	1056014	
42236	1056015	
42236	1056018	
42236	1056020	
42236	1056022	
42236	1056024	
42236	1056026	
42236	1056028	
42236	1056030	
42236	1056032	
42236	1056034	
42236	1056035	
42236	1056036	
42236	1056038	
42236	1056039	
42236	1056041	
42236	1056043	
42236	1056045	
42236	1056047	
42236	1056049	
42236	1056052	
42236	1056054	
42236	1056056	
42236	1056058	
42236	1056060	
42236	1056061	
42236	1056063	
42236	1056065	
42236	1056068	
42236	1056070	
42236	1056072	
42236	1056074	
42236	1056075	
42236	1056076	
42236	1056079	
42236	1056080	
42236	1056082	
42236	1056083	
42236	1056085	
42236	1056088	
42236	1056090	
42236	1056092	
42236	1056094	
42236	1056096	
42236	1056097	
42236	1056099	
42236	1056101	
42236	1056103	
42236	1056105	
42236	1056107	
42236	1056109	
42236	1056111	
42236	1056112	
42236	1056115	
42236	1056117	
42236	1056119	
42236	1056121	
42236	1056123	
42236	1056125	
42236	1056126	
42236	1056128	
42236	1056129	
42236	1056131	
42236	1056133	
42236	1056135	
42236	1056136	
42236	1056138	
42236	1056139	
42236	1056141	
42236	1056144	
42236	1056146	
42236	1056147	
42236	1056149	
42236	1056151	
42236	1056152	
42236	1056154	
42236	1056156	
42236	1056158	
42236	1056160	
42236	1056162	
42236	1056163	
42236	1056165	
42236	1056166	
42236	1056168	
42236	1056169	
42236	1056171	
42236	1056173	
42236	1056174	
42236	1056176	
42236	1056178	
42236	1056181	
42236	1056183	
42236	1056184	
42236	1056186	
42236	1056188	
42236	1056190	
42236	1056192	
42236	1056194	
42236	1056196	
42236	1056197	
42236	1056199	
42236	1056201	
42236	1056203	
42236	1056205	
42236	1056207	
42236	1056208	
42236	1056210	
42236	1056212	
42236	1056213	
42236	1056216	
42236	1056218	
42236	1056219	
42236	1056221	
42236	1056224	
42236	1056226	
42236	1056228	
42236	1056230	
42236	1056231	
42236	1056232	
42236	1056234	
42236	1056236	
42236	1056237	
42236	1056239	
42236	1056241	
42236	1056242	
42236	1056244	
42236	1056246	
42236	1056248	
42236	1056250	
42236	1056252	
42236	1056254	
42236	1056256	
42236	1056257	
42236	1056259	
42236	1056261	
42236	1056263	
42236	1056265	
42236	1056267	
42236	1056269	
42236	1056271	
42236	1056273	
42236	1056275	
42236	1056277	
42236	1056279	
42236	1056281	
42236	1056283	
42236	1056285	
42236	1056287	
42236	1056290	
42236	1056292	
42236	1056294	
42236	1056295	
42236	1056297	
42236	1056299	
42236	1056301	
42236	1056302	
42236	1056304	
42236	1056305	
42236	1056307	
42236	1056309	
42236	1056311	
42236	1056312	
42236	1056314	
42236	1056316	
42236	1056317	
42236	1056319	
42236	1056321	
42236	1056322	
42236	1056324	
42236	1056326	
42236	1056328	
42236	1056330	
42236	1056332	
42236	1056333	
42236	1056336	
42236	1056338	
42236	1056339	
42236	1056341	
42236	1056343	
42236	1056344	
42236	1056346	
42236	1056348	
42236	1056350	
42236	1056352	
42236	1056354	
42236	1056355	
42236	1056357	
42236	1056359	
42236	1056360	
42236	1056362	
42236	1056363	
42236	1056365	
42236	1056368	
42236	1056370	
42236	1056371	
42236	1056373	
42236	1056375	
42236	1056378	
42236	1056379	
42236	1056381	
42236	1056383	
42236	1056385	
42236	1056387	
42236	1056389	
42236	1056391	
42236	1056392	
42236	1056394	
42236	1056397	
42236	1056399	
42236	1056401	
42236	1056403	
42236	1056404	
42236	1056406	
42236	1056408	
42236	1056410	
42236	1056412	
42236	1056413	
42236	1056415	
42236	1056417	
42236	1056420	
42236	1056422	
42236	1056424	
42236	1056426	
42236	1056428	
42236	1056430	
42236	1056432	
42236	1056434	
42236	1056436	
42236	1056437	
42236	1056439	
42236	1056441	
42236	1056442	
42236	1056444	
42236	1056445	
42236	1056447	
42236	1056450	
42236	1056452	
42236	1056453	
42236	1056455	
42236	1056459	
42236	1056461	
42236	1056463	
42236	1056464	
42236	1056466	
42236	1056467	
42236	1056469	
42236	1056471	
42236	1056472	
42236	1056474	
42236	1056476	
42236	1056477	
42236	1056479	
42236	1056480	
42236	1056482	
42236	1056483	
42236	1056486	
42236	1056488	
42236	1056490	
42236	1056493	
42236	1056495	
42236	1056497	
42236	1056499	
42236	1056500	
42236	1056502	
42236	1056503	
42236	1056505	
42236	1056507	
42236	1056509	
42236	1056511	
42236	1056513	
42236	1056514	
42236	1056516	
42236	1056518	
42236	1056520	
42236	1056521	
42236	1056523	
42236	1056525	
42236	1056527	
42236	1056529	
42236	1056530	
42236	1056532	
42236	1056534	
42236	1056536	
42236	1056537	
42236	1056539	
42236	1056542	
42236	1056544	
42236	1056546	
42236	1056548	
42236	1056550	
42236	1056552	
42236	1056554	
42236	1056556	
42236	1056558	
42236	1056560	
42236	1056561	
42236	1056562	
42236	1056565	
42236	1056566	
42236	1056567	
42236	1056569	
42236	1056571	
42236	1056573	
42236	1056575	
42236	1056577	
42236	1056579	
42236	1056581	
42236	1056582	
42236	1056584	
42236	1056586	
42236	1056588	
42236	1056590	
42236	1056592	
42236	1056593	
42236	1056595	
42236	1056597	
42236	1056600	
42236	1056602	
42236	1056604	
42236	1056605	
42236	1056607	
42236	1056609	
42236	1056611	
42236	1056612	
42236	1056613	
42236	1056614	
42236	1056616	
42236	1056618	
42236	1056620	
42236	1056622	
42236	1056624	
42236	1056626	
42236	1056628	
42236	1056629	
42236	1056632	
42236	1056634	
42236	1056635	
42236	1056637	
42236	1056639	
42236	1056640	
42236	1056641	
42236	1056643	
42236	1056644	
42236	1056646	
42236	1056648	
42236	1056650	
42236	1056651	
42236	1056652	
42236	1056654	
42236	1056656	
42236	1056658	
42236	1056660	
42236	1056662	
42236	1056664	
42236	1056666	
42236	1056667	
42236	1056668	
42236	1056670	
42236	1056673	
42236	1056674	
42236	1056675	
42236	1056677	
42236	1056679	
42236	1056681	
42236	1056683	
42236	1056685	
42236	1056687	
42236	1056688	
42236	1056689	
42236	1056691	
42236	1056693	
42236	1056695	
42236	1056696	
42236	1056697	
42236	1056699	
42236	1056701	
42236	1056703	
42236	1056705	
42236	1056706	
42236	1056708	
42236	1056711	
42236	1056713	
42236	1056715	
42236	1056717	
42236	1056718	
42236	1056720	
42236	1056721	
42236	1056723	
42236	1056725	
42236	1056726	
42236	1056728	
42236	1056730	
42236	1056731	
42236	1056733	
42236	1056734	
42236	1056736	
42236	1056737	
42236	1056739	
42236	1056740	
42236	1056742	
42236	1056744	
42236	1056746	
42236	1056748	
42236	1056750	
42236	1056751	
42236	1056754	
42236	1056756	
42236	1056758	
42236	1056759	
42236	1056761	
42236	1056763	
42236	1056766	
42236	1056767	
42236	1056769	
42236	1056770	
42236	1056772	
42236	1056774	
42236	1056776	
42236	1056778	
42236	1056780	
42236	1056783	
42236	1056784	
42236	1056786	
42236	1056788	
42236	1056790	
42236	1056792	
42236	1056794	
42236	1056795	
42236	1056796	
42236	1056798	
42236	1056800	
42236	1056802	
42236	1056803	
42236	1056805	
42236	1056807	
42236	1056809	
42236	1056811	
42236	1056812	
42236	1056814	
42236	1056815	
42236	1056816	
42236	1056817	
42236	1056819	
42236	1056821	
42236	1056822	
42236	1056823	
42236	1056825	
42236	1056826	
42236	1056828	
42236	1056830	
42236	1056832	
42236	1056834	
42236	1056835	
42236	1056837	
42236	1056839	
42236	1061081	
42236	1070981	
42236	1071337	
42236	1082179	
42236	1088519	
42236	1088635	
42236	1091750	
42236	1092815	
42236	1095848	
42236	1104938	
42236	1105079	
42236	1109062	
42236	1151481	
42236	1182120	
42236	1229772	
42236	1277567	
42236	1287645	
42236	1306424	
42236	1386229	
42236	1443574	
42236	1519952	
42236	1783755	
42236	2502632	
42241	1018421	
42245	1037817	
42263	1070980	
42277	1037817	
42279	1070980	
42282	1028348	
42291	1018421	
42291	1028348	
42309	1133369	
42315	1018421	
42323	1037817	
42343	1018421	
42343	1028348	
42371	1052324	
42429	1054044	
42446	1028348	
42480	1070980	
42496	1052778	
42496	1054854	
42507	1018421	
42507	1055624	
42525	1053788	
42528	1051974	
42530	1037817	
42550	1053230	
42562	1052778	
42629	1052807	
42637	1070980	
42643	1028348	
42645	1028348	
42652	1056309	
42652	1315140	
42712	1018421	
42712	1029563	
42725	1297463	
42742	1052106	
42808	1018421	
42808	1055624	
42808	1070980	
42824	1018421	
42827	1018421	
42827	1070980	
42859	1525063	
42864	1018421	
42864	1029563	
42869	1409948	
42884	1451828	
42884	1452134	
42889	1070980	
42916	1018421	
42965	1018421	
43000	1018421	
43070	1545223	
43085	1018421	
43085	1029563	
43105	1018421	
43105	1070980	
43133	1018421	
43134	1018421	
43134	1070980	
43168	1577933	
43192	1052778	
43195	1051806	
43206	1054568	
43225	1028348	
43229	1029563	
43231	1018421	
43256	1055624	
43262	1018421	
43358	1636888	
43358	1638204	
43411	1029563	
43430	1018421	
43430	1028348	
43430	1070980	
43432	1070980	
43457	1018421	
43457	1029563	
43457	1070980	
43468	1070980	
43608	1018421	
43608	1029563	
43613	1028348	
43613	1054480	
43728	1018421	
43766	1054152	
43844	1053149	
43893	1577933	
43902	1070980	
43903	1051737	
43903	1767831	
43907	1018421	
43907	1029563	
43910	1070980	
43919	1018421	
43953	1018421	
43972	1037817	
43988	1018421	
43994	1851144	
44052	1052505	
44052	1054938	
44052	1056445	
44052	1877403	
44072	1018421	
44072	1028348	
44072	1029563	
44081	1018421	
44081	1028348	
44084	1052778	
44115	1028348	
44166	1018421	
44190	1018421	
44241	1028348	
51985	2028976	
57302	1636888	
65385	1053024	
65385	1053160	
71777	1053149	
74946	2383101	
74946	2383165	
74946	2383188	
83501	1055624	
83501	2502632	
83566	1577933	
83566	2383101	
83566	2383188	
83566	2509232	
81197	1053221	
81212	1053221	
86457	2556477	
99139	1051914	
95058	2664233	
116298	1636888	
122846	2861014	
122846	2861105	
164397	3065873	
166236	1050901	
166292	1053149	
182231	1055034	
191703	1055610	
194380	1767831	
195555	1050901	
195603	1636888	
193652	1051737	
224142	1052511	
229759	1452134	
230005	1051971	
230158	1051094	
233721	1053221	
258777	1018421	
258777	1055624	
247704	1053452	
248094	1028348	
248094	1056309	
248519	1053149	
248620	1941537	
248708	1053149	
248785	1051914	
248945	1636888	
248989	1941537	
249436	1018421	
249436	1028348	
249436	1029563	
249436	1941537	
249595	1028348	
249597	1018421	
249597	1055624	
253865	1577933	
282719	1050377	
301261	1054042	
306933	2028976	
306963	1028348	
307010	1037817	
307017	1029563	
307027	1056445	
307027	1070980	
307097	1050377	
307097	1055786	
307382	1577933	
334918	1545223	
343095	1050531	
346872	1070980	
347927	1037817	
353762	1052106	
353762	1052741	
353762	1056216	
353762	1056277	
354087	1052778	
354361	1054854	
354399	1018421	
354411	1052778	
354481	1018421	
354592	1018421	
354773	1070980	
354867	1052778	
354876	1070980	
355408	1070980	
355704	1545223	
355935	1018421	
355935	1055624	
355957	1037817	
356090	1037817	
356123	1052741	
356123	1056399	
356239	1018421	
356296	1018421	
356389	1577933	
356473	1070980	
356520	1052855	
356584	1029563	
356712	1070980	
356864	1053149	
356947	1037817	
356995	1638204	
357232	1055334	
357373	1037817	
357564	1638204	
357841	1018421	
357849	1056571	
357913	1053004	
357927	1070980	
358035	1029563	
358444	1037817	
358775	1053149	
359010	1052318	
359010	1052934	
359065	1052505	
359065	1053149	
359299	1037817	
359659	1037817	
359968	1070980	
360020	2861105	
360423	1636888	
360437	1051651	
360437	1052106	
360608	1052324	
360751	1055043	
361218	1070980	
361823	1070980	
361917	1052778	
362074	1050377	
362305	1451828	
362355	1018421	
362355	1051651	
362419	1052741	
362507	1070980	
363080	1018421	
363271	1052855	
363491	1070980	
363826	1018421	
363826	1029563	
363826	1051651	
363826	1052106	
363826	1053103	
363869	1053149	
363888	1070980	
363946	1029563	
364107	1052778	
364117	1055737	
364167	1037817	
364194	1051651	
364194	1052106	
377664	1018421	
377687	1037817	
377729	1052934	
373241	1050901	
371869	1018421	
371989	1052324	
371989	1070980	
389001	1545223	
436753	1053221	
462480	1050377	
462480	1051111	
462480	1452134	
446911	1028348	
445956	1055889	
446295	1053740	
446350	1052231	
446350	1070980	
454737	3065873	
454877	1028348	
454952	1577933	
451568	1055708	
472733	1028348	
472733	1052807	
478628	1452134	
478925	1636888	
478949	1054568	
479048	1452134	
479151	1451828	
479359	1054042	
479431	1054042	
479431	1451828	
457588	1050901	
457642	1053149	
457695	1050901	
457697	1050901	
457769	1053004	
459839	1050783	
458211	1050901	
467055	1050901	
470155	1037817	
470212	1050901	
471379	1050901	
471498	1050901	
471498	1053452	
471681	1054568	
471745	1053160	
471783	1053004	
471861	1050901	
471967	1636888	
472077	1052778	
459811	1053004	
459919	1053004	
460092	1053004	
460165	1767831	
460169	1451828	
460500	1052996	
460610	1636888	
460624	1054216	
460660	1052505	
464425	1050901	
464482	1050901	
464489	1037817	
464596	1050901	
464629	1050901	
464658	1051806	
464660	1055034	
464660	1545223	
464730	1055889	
464760	1050901	
464801	1050901	
465009	1053004	
464024	1050901	
465668	2028976	
463774	1052741	
474417	1051881	
461479	1054225	
461648	1545223	
461717	2383101	
461807	1018421	
475005	1018421	
477080	2861014	
482069	1051974	
477834	1052384	
468998	1028348	
476110	1050664	
476110	1053007	
476110	1054837	
476110	1055685	
476144	1054152	
476155	1050602	
476241	1055034	
476247	1018421	
476285	1053004	
476300	1050377	
476387	1028348	
476444	1055737	
476472	1050377	
478458	1636888	
470157	1050901	
470183	1050901	
470337	1054044	
470337	1055034	
470660	1050901	
470725	1050901	
473496	1050901	
473523	1050901	
473631	1050901	
473631	1053004	
473699	1050901	
475149	1545223	
475301	1051094	
475301	1054699	
475301	1056595	
475380	2861105	
475503	1055624	
469571	1052778	
472170	1053004	
472380	1070980	
497384	1315140	
473189	1054854	
478222	1055737	
486833	1052778	
486841	1052778	
486873	1545223	
486898	2383165	
486903	1545223	
486911	1545223	
486913	2383165	
487035	1055403	
487036	1545223	
487053	1052778	
487057	1052778	
487059	1767831	
487068	1052778	
487118	1052778	
487118	1054568	
466975	1051881	
467020	1053004	
467081	1053572	
467245	1053004	
467252	1055624	
467346	1070980	
467352	1028348	
467480	1053004	
468393	1028348	
468474	1052778	
468560	1056309	
468778	1028348	
484985	1052807	
485531	1050901	
505598	1052934	
507242	2861105	
507626	1053004	
510331	1051914	
510296	1054854	
512329	1054568	
515558	1050419	
533735	1018421	
533769	1029563	
533794	1054480	
533884	1055046	
533909	1028348	
534138	1053637	
534184	1028348	
534189	1051651	
534189	1052106	
534235	1037817	
534261	2028976	
534290	1577933	
534945	1028348	
557779	1018421	
557844	1052106	
560504	1409948	
560512	1050669	
560515	2861105	
579560	1941537	
602675	2861105	
606475	1053019	
610736	1545223	
611013	2383101	
616334	1050525	
616334	1052384	
630666	1053004	
630666	1056628	
637552	1053221	
650075	1051914	
650075	1053149	
649142	2861105	
662172	1054694	
666631	1053004	
675544	1451828	
675559	1052778	
685724	1051914	
710467	1451828	
710471	1545223	
701348	1054657	
701348	1577933	
701348	2509232	
695831	1545223	
698596	1315140	
712957	1577933	
711106	1545223	
714701	1029563	
726353	1053548	
726373	1051914	
724945	2861014	
725083	1052653	
725526	1636888	
725534	1452134	
725540	1545223	
725556	1037817	
730705	1055889	
730280	1577933	
735129	1052318	
735143	1941537	
734666	1577933	
734667	1050901	
744733	1053221	
748479	1054854	
748479	1055708	
752089	1037817	
749392	1052778	
761054	1055046	
761090	1054063	
775208	2383101	
775551	1051914	
775810	1054854	
775893	1051914	
777079	1545223	
778017	1051914	
778533	1056445	
778806	1051914	
778905	1053149	
779534	1052505	
779817	1055043	
780529	1052511	
789447	1050684	
780814	1052511	
789829	1052934	
800898	1545223	
799890	1054854	
799890	1055708	
795943	1052778	
795943	1055403	
796397	1767831	
796474	1051111	
806260	1055786	
806265	1545223	
806272	1545223	
806300	1053049	
806376	1545223	
806379	1452134	
806404	1055786	
806430	1545223	
806435	1545223	
806442	1545223	
806491	1545223	
806496	1545223	
806499	1452134	
806507	1050531	
806509	1545223	
806534	1545223	
806535	1545223	
806603	1052511	
806612	1545223	
806616	1545223	
806641	1054893	
806657	1545223	
806692	1545223	
806696	1055786	
806696	1545223	
806707	1052778	
806734	1545223	
806826	1050531	
806826	1051028	
806828	1051737	
806833	1545223	
815043	1051914	
819782	1638204	
820182	1054568	
831324	1767831	
831715	1545223	
833094	1050531	
833094	1051737	
836774	1051524	
836845	1877403	
837216	1053004	
837409	1051094	
837486	1636888	
838139	1545223	
856201	1053427	
864324	1056015	
864561	1545223	
859933	1053049	
859949	1053049	
879531	1054893	
879797	1052874	
882363	1054854	
898035	1070980	
898041	1070980	
898060	1054480	
898099	1070980	
889744	1053312	
889744	1941537	
890011	1050623	
890114	1053019	
890198	1315140	
890198	1452134	
890487	1577933	
890487	2383101	
890487	2383188	
890621	1055645	
890621	2383101	
892996	1051914	
893209	1070980	
893218	1636888	
893260	1055624	
893424	1052505	
893452	1053019	
893534	1052505	
899889	1051971	
918338	1545223	
928167	1636888	
928462	1050489	
937583	1053149	
943228	1054694	
955461	1452134	
962376	1767831	
966718	1054065	
966718	1055242	
966718	1055889	
966718	1056628	
969772	1037817	
970333	1052384	
970333	1055624	
970333	1577933	
970318	1050717	
970318	1054548	
970344	1050489	
970344	1053007	
970344	1054141	
970382	1037817	
970483	1315140	
970662	1050901	
973537	1052874	
973537	1054216	
973537	2383165	
973605	1054216	
973648	1054216	
980375	1050901	
980397	1636888	
980626	1053019	
980956	1054568	
987576	1052778	
987618	1052778	
990319	1029563	
990319	1055624	
998761	1029563	
1006507	1037817	
1023148	1055624	
997742	1053221	
1018494	1053149	
987799	1053149	
988302	1052106	
998343	1018421	
998521	1052505	
998627	1053149	
998647	1055077	
987537	1050602	
987537	1052718	
987847	1545223	
987927	1052855	
987927	1055645	
988203	1018421	
989199	1018421	
1038120	1050439	
1052064	1052324	
1119699	2383165	
992637	1018421	
999339	2028976	
999539	1028348	
999591	1028348	
999606	1055737	
1002195	1018421	
1013012	1028348	
1025329	1028348	
992799	1018421	
1007749	1018421	
1041100	1052778	
1001132	1054044	
1013405	1053149	
1037218	1056309	
1068754	1638204	
1069046	1070980	
1005587	1056445	
1005745	1545223	
990495	1018421	
990500	1018421	
990500	1028348	
990500	1029563	
990557	1029563	
994284	1577933	
994384	1055737	
994644	1053808	
995028	1055043	
991501	1070980	
992156	1018421	
992312	1055046	
992348	1052963	
992599	1941537	
992818	1052807	
998784	1070980	
999593	1029563	
999593	1051651	
999593	1053149	
999593	1054854	
999654	1052324	
1001371	1029563	
1002539	1055034	
1004123	1054893	
1004779	1054044	
1005963	1018421	
1006196	1052778	
1006404	1070980	
1006551	1052106	
1006598	1037817	
1006629	1055624	
1006972	1054568	
1007159	1941537	
1007663	1941537	
1007684	1052324	
1007803	1037817	
1007806	1018421	
1007883	1018421	
1007924	1037817	
1008146	1018421	
1008228	1052934	
1008303	1050439	
1008303	1054854	
1008312	1051044	
1008312	1052511	
1008312	1054379	
1008515	1052505	
1008687	1051914	
1008695	1053149	
1008803	1051914	
1009048	1053095	
1009115	1051914	
1009143	1018421	
1009188	1018421	
1009298	1053007	
1009434	1029563	
1009542	1037817	
1009562	1018421	
1009562	1052231	
1009750	1050888	
1009839	1037817	
1010052	1941537	
1010111	1941537	
1010374	1051914	
1010560	1050888	
1010742	1054854	
1011101	1545223	
1011178	1052934	
1011352	1051914	
1011369	1070980	
1011374	1053808	
1011407	1053149	
1011514	1051914	
1011844	1052106	
1011939	1941537	
1012090	1545223	
1012365	1018421	
1012482	1054044	
1012554	1054854	
1012588	1029563	
1012683	1018421	
1012683	1029563	
1013007	1053149	
1013024	1029563	
991971	1055737	
999618	1028348	
999649	1028348	
999715	1028348	
1002404	1052511	
1023790	1037817	
1024391	1052956	
1024553	1053149	
1024567	1054568	
1024603	1053788	
1024606	1054568	
1024748	1070980	
1024889	1053149	
1024890	1053250	
1024921	1037817	
1024921	1054568	
1024964	1052106	
1025189	1053049	
1025499	1052324	
1025607	1050623	
1025679	1053149	
1025789	1051028	
1026938	1050901	
1027103	1051974	
1027935	1056015	
1028128	1054379	
1028371	1052778	
1028748	1052778	
1029044	3065873	
1029190	1037817	
1029292	1050377	
1029292	1050531	
1029292	1052106	
1029292	1053004	
1029292	1053024	
1029902	1941537	
1030151	1052910	
1031871	1055613	
1031879	1052778	
1032369	1055624	
1032678	1054614	
1033071	1941537	
1033115	1055403	
1033259	1056628	
986987	1050439	
989104	1052778	
1003988	1052778	
1037407	1055889	
1037411	1051651	
991873	1029563	
1022421	1070980	
1022570	1070980	
1022620	1315140	
1003387	1051974	
1003398	1070980	
998799	1055610	
998848	1545223	
999121	1028348	
989077	1056628	
989138	1052324	
997776	1070980	
1015612	1037817	
1016416	1029563	
1019942	1055737	
1021993	1055737	
1022163	1051806	
1030623	1056571	
1032501	1050888	
1040706	1053149	
1040782	1055737	
1042223	1052324	
1043928	1055737	
1058383	1070980	
1242950	1315140	
1259301	1577933	
1261446	2383101	
999924	1053869	
1092692	1451828	
1017085	1053149	
1021844	1054044	
988917	1018421	
988959	1018421	
1114821	1638204	
1050234	1051914	
1231614	1409948	
1231652	1636888	
1232114	2861105	
990746	1051914	
990850	1070980	
990977	1037817	
991339	1053572	
991339	1054854	
991504	1018421	
991747	1055708	
991880	1037817	
1048031	1070980	
1018421	1018945	
1018421	1019309	
1018421	1019388	
1018421	1019433	
1018421	1019898	
1018421	1019959	
1018421	1020311	
1018421	1020672	
1018421	1020775	
1018421	1021223	
1018421	1028341	
1018421	1028348	
1018421	1029563	
1018421	1033422	
1018421	1034450	
1018421	1037076	
1018421	1037797	
1018421	1037817	
1018421	1038244	
1018421	1038408	
1018421	1042041	
1018421	1047605	
1018421	1048124	
1018421	1048159	
1018421	1048186	
1018421	1050370	
1018421	1050377	
1018421	1050411	
1018421	1050419	
1018421	1050439	
1018421	1050525	
1018421	1050602	
1018421	1050623	
1018421	1050664	
1018421	1050669	
1018421	1050775	
1018421	1050783	
1018421	1050828	
1018421	1050895	
1018421	1050901	
1018421	1050918	
1018421	1051094	
1018421	1051111	
1018421	1051524	
1018421	1051651	
1018421	1051806	
1018421	1051881	
1018421	1051914	
1018421	1051974	
1018421	1052026	
1018421	1052106	
1018421	1052125	
1018421	1052199	
1018421	1052242	
1018421	1052318	
1018421	1052324	
1018421	1052327	
1018421	1052358	
1018421	1052378	
1018421	1052384	
1018421	1052483	
1018421	1052505	
1018421	1052508	
1018421	1052511	
1018421	1052592	
1018421	1052597	
1018421	1052639	
1018421	1052653	
1018421	1052683	
1018421	1052718	
1018421	1052741	
1018421	1052778	
1018421	1052797	
1018421	1052807	
1018421	1052836	
1018421	1052838	
1018421	1052855	
1018421	1052874	
1018421	1052908	
1018421	1052910	
1018421	1052956	
1018421	1052963	
1018421	1052969	
1018421	1052994	
1018421	1052996	
1018421	1053004	
1018421	1053007	
1018421	1053019	
1018421	1053024	
1018421	1053062	
1018421	1053087	
1018421	1053103	
1018421	1053149	
1018421	1053160	
1018421	1053167	
1018421	1053221	
1018421	1053230	
1018421	1053312	
1018421	1053386	
1018421	1053427	
1018421	1053434	
1018421	1053469	
1018421	1053548	
1018421	1053572	
1018421	1053580	
1018421	1053637	
1018421	1053743	
1018421	1053747	
1018421	1053788	
1018421	1053801	
1018421	1053813	
1018421	1053842	
1018421	1053869	
1018421	1053980	
1018421	1053996	
1018421	1054044	
1018421	1054063	
1018421	1054065	
1018421	1054070	
1018421	1054141	
1018421	1054152	
1018421	1054206	
1018421	1054225	
1018421	1054307	
1018421	1054345	
1018421	1054381	
1018421	1054432	
1018421	1054542	
1018421	1054568	
1018421	1054634	
1018421	1054694	
1018421	1054699	
1018421	1054718	
1018421	1054724	
1018421	1054741	
1018421	1054837	
1018421	1054854	
1018421	1054893	
1018421	1054938	
1018421	1055034	
1018421	1055036	
1018421	1055039	
1018421	1055043	
1018421	1055047	
1018421	1055062	
1018421	1055071	
1018421	1055084	
1018421	1055117	
1018421	1055126	
1018421	1055242	
1018421	1055250	
1018421	1055257	
1018421	1055274	
1018421	1055280	
1018421	1055285	
1018421	1055349	
1018421	1055403	
1018421	1055427	
1018421	1055484	
1018421	1055530	
1018421	1055532	
1018421	1055534	
1018421	1055600	
1018421	1055613	
1018421	1055624	
1018421	1055628	
1018421	1055637	
1018421	1055645	
1018421	1055674	
1018421	1055708	
1018421	1055719	
1018421	1055737	
1018421	1055754	
1018421	1055779	
1018421	1055786	
1018421	1055812	
1018421	1055866	
1018421	1055889	
1018421	1055994	
1018421	1056003	
1018421	1056015	
1018421	1056109	
1018421	1056146	
1018421	1056158	
1018421	1056176	
1018421	1056208	
1018421	1056254	
1018421	1056259	
1018421	1056277	
1018421	1056322	
1018421	1056365	
1018421	1056387	
1018421	1056399	
1018421	1056461	
1018421	1056467	
1018421	1056469	
1018421	1056493	
1018421	1056595	
1018421	1056691	
1018421	1056748	
1018421	1056756	
1018421	1056769	
1018421	1056822	
1018421	1056826	
1018421	1057000	
1018421	1057153	
1018421	1059134	
1018421	1059243	
1018421	1060797	
1018421	1069880	
1018421	1070980	
1018421	1071415	
1018421	1077292	
1018421	1077301	
1018421	1077350	
1018421	1077463	
1018421	1077779	
1018421	1088955	
1018421	1090334	
1018421	1097017	
1018421	1101886	
1018421	1112755	
1018421	1117431	
1018421	1122428	
1018421	1135116	
1018421	1141714	
1018421	1142332	
1018421	1143173	
1018421	1144239	
1018421	1144350	
1018421	1145293	
1018421	1151135	
1018421	1151856	
1018421	1155969	
1018421	1168910	
1018421	1176886	
1018421	1194279	
1018421	1194312	
1018421	1194499	
1018421	1214727	
1018421	1216465	
1018421	1219198	
1018421	1227016	
1018421	1227292	
1018421	1228561	
1018421	1229580	
1018421	1230783	
1018421	1249585	
1018421	1254363	
1018421	1260606	
1018421	1275172	
1018421	1275293	
1018421	1279474	
1018421	1285559	
1018421	1286851	
1018421	1295717	
1018421	1301883	
1018421	1301884	
1018421	1302476	
1018421	1302915	
1018421	1304995	
1018421	1306096	
1018421	1307385	
1018421	1308512	
1018421	1308641	
1018421	1308827	
1018421	1309607	
1018421	1311322	
1018421	1317994	
1018421	1320368	
1018421	1321714	
1018421	1325037	
1018421	1330229	
1018421	1334046	
1018421	1346847	
1018421	1359932	
1018421	1373744	
1018421	1375716	
1018421	1375763	
1018421	1380395	
1018421	1381857	
1018421	1413296	
1018421	1447596	
1018421	1448136	
1018421	1464345	
1018421	1466556	
1018421	1490071	
1018421	1549120	
1018421	1550712	
1018421	1608660	
1018421	1628828	
1018421	1633312	
1018421	1647845	
1018421	1653087	
1018421	1677000	
1018421	1689990	
1018421	1722474	
1018421	1733410	
1018421	1737732	
1018421	1739546	
1018421	1824619	
1018421	1859467	
1018421	1860694	
1018421	1877403	
1018421	1941537	
1018421	2116106	
1018421	2473003	
1018421	2502632	
1018421	2535594	
1018421	2550559	
1018421	2556477	
1018421	2662788	
1018421	3023978	
1023113	1053592	
1026185	1052910	
1026185	1053740	
1026185	1055484	
1026467	1037817	
1026581	1052855	
1026799	1545223	
1028139	1051044	
1028139	1051914	
1028139	1577933	
1028168	1051914	
1028348	1028777	
1028348	1029563	
1028348	1030390	
1028348	1032687	
1028348	1033282	
1028348	1050370	
1028348	1050377	
1028348	1050439	
1028348	1050525	
1028348	1050531	
1028348	1050602	
1028348	1050623	
1028348	1050664	
1028348	1050669	
1028348	1050783	
1028348	1050830	
1028348	1051028	
1028348	1051044	
1028348	1051094	
1028348	1051524	
1028348	1051651	
1028348	1051737	
1028348	1051914	
1028348	1051971	
1028348	1051974	
1028348	1052026	
1028348	1052106	
1028348	1052125	
1028348	1052199	
1028348	1052242	
1028348	1052324	
1028348	1052358	
1028348	1052378	
1028348	1052384	
1028348	1052483	
1028348	1052505	
1028348	1052592	
1028348	1052683	
1028348	1052718	
1028348	1052760	
1028348	1052778	
1028348	1052807	
1028348	1052855	
1028348	1052874	
1028348	1052888	
1028348	1052908	
1028348	1052910	
1028348	1052934	
1028348	1052956	
1028348	1052996	
1028348	1053004	
1028348	1053024	
1028348	1053049	
1028348	1053062	
1028348	1053087	
1028348	1053103	
1028348	1053149	
1028348	1053160	
1028348	1053167	
1028348	1053221	
1028348	1053300	
1028348	1053312	
1028348	1053339	
1028348	1053386	
1028348	1053427	
1028348	1053514	
1028348	1053548	
1028348	1053572	
1028348	1053580	
1028348	1053592	
1028348	1053637	
1028348	1053728	
1028348	1053747	
1028348	1053788	
1028348	1053801	
1028348	1053813	
1028348	1053842	
1028348	1053865	
1028348	1053996	
1028348	1054042	
1028348	1054044	
1028348	1054063	
1028348	1054065	
1028348	1054141	
1028348	1054152	
1028348	1054314	
1028348	1054345	
1028348	1054432	
1028348	1054526	
1028348	1054568	
1028348	1054675	
1028348	1054694	
1028348	1054699	
1028348	1054718	
1028348	1054837	
1028348	1054854	
1028348	1054893	
1028348	1054938	
1028348	1054947	
1028348	1055034	
1028348	1055036	
1028348	1055039	
1028348	1055043	
1028348	1055046	
1028348	1055047	
1028348	1055062	
1028348	1055247	
1028348	1055250	
1028348	1055274	
1028348	1055280	
1028348	1055285	
1028348	1055334	
1028348	1055403	
1028348	1055484	
1028348	1055530	
1028348	1055532	
1028348	1055534	
1028348	1055550	
1028348	1055600	
1028348	1055604	
1028348	1055624	
1028348	1055645	
1028348	1055708	
1028348	1055710	
1028348	1055719	
1028348	1055746	
1028348	1055767	
1028348	1055786	
1028348	1055805	
1028348	1055812	
1028348	1055866	
1028348	1055994	
1028348	1056015	
1028348	1056101	
1028348	1056109	
1028348	1056221	
1028348	1056277	
1028348	1056309	
1028348	1056387	
1028348	1056399	
1028348	1056595	
1028348	1056639	
1028348	1056691	
1028348	1056748	
1028348	1056805	
1028348	1056821	
1028348	1056822	
1028348	1056828	
1028348	1070980	
1028348	1092975	
1028348	1107884	
1028348	1111320	
1028348	1215172	
1028348	1229866	
1028348	1275781	
1028348	1304609	
1028348	1349376	
1028348	1396058	
1028348	1574576	
1028348	1613952	
1028348	1708252	
1028348	1744223	
1028348	1785597	
1028348	1787975	
1028348	1873794	
1028348	1877359	
1028348	1941537	
1028348	2087548	
1028348	2089293	
1028348	2262310	
1028348	2441955	
1028348	2502632	
1028348	2556477	
1028348	2846568	
1028511	1052807	
1028803	1029563	
1029138	1056628	
1029563	1037249	
1029563	1037817	
1029563	1039549	
1029563	1040782	
1029563	1041627	
1029563	1042006	
1029563	1043089	
1029563	1043223	
1029563	1043765	
1029563	1044004	
1029563	1050370	
1029563	1050377	
1029563	1050419	
1029563	1050439	
1029563	1050489	
1029563	1050525	
1029563	1050531	
1029563	1050602	
1029563	1050623	
1029563	1050664	
1029563	1050669	
1029563	1050684	
1029563	1050717	
1029563	1050783	
1029563	1050830	
1029563	1050895	
1029563	1050901	
1029563	1050918	
1029563	1051044	
1029563	1051094	
1029563	1051111	
1029563	1051524	
1029563	1051651	
1029563	1051737	
1029563	1051806	
1029563	1051881	
1029563	1051914	
1029563	1051971	
1029563	1051974	
1029563	1052026	
1029563	1052106	
1029563	1052125	
1029563	1052289	
1029563	1052318	
1029563	1052358	
1029563	1052375	
1029563	1052384	
1029563	1052483	
1029563	1052505	
1029563	1052511	
1029563	1052653	
1029563	1052683	
1029563	1052718	
1029563	1052741	
1029563	1052807	
1029563	1052836	
1029563	1052838	
1029563	1052855	
1029563	1052874	
1029563	1052888	
1029563	1052908	
1029563	1052910	
1029563	1052956	
1029563	1052994	
1029563	1052996	
1029563	1052999	
1029563	1053004	
1029563	1053007	
1029563	1053024	
1029563	1053049	
1029563	1053062	
1029563	1053103	
1029563	1053149	
1029563	1053160	
1029563	1053167	
1029563	1053221	
1029563	1053300	
1029563	1053312	
1029563	1053339	
1029563	1053427	
1029563	1053434	
1029563	1053548	
1029563	1053580	
1029563	1053637	
1029563	1053747	
1029563	1053788	
1029563	1053801	
1029563	1053865	
1029563	1053869	
1029563	1053996	
1029563	1054044	
1029563	1054063	
1029563	1054065	
1029563	1054141	
1029563	1054152	
1029563	1054216	
1029563	1054225	
1029563	1054259	
1029563	1054307	
1029563	1054314	
1029563	1054345	
1029563	1054381	
1029563	1054432	
1029563	1054568	
1029563	1054614	
1029563	1054675	
1029563	1054694	
1029563	1054699	
1029563	1054705	
1029563	1054718	
1029563	1054724	
1029563	1054741	
1029563	1054854	
1029563	1054893	
1029563	1054938	
1029563	1054947	
1029563	1055034	
1029563	1055039	
1029563	1055043	
1029563	1055047	
1029563	1055062	
1029563	1055084	
1029563	1055226	
1029563	1055242	
1029563	1055250	
1029563	1055274	
1029563	1055280	
1029563	1055285	
1029563	1055334	
1029563	1055346	
1029563	1055403	
1029563	1055484	
1029563	1055530	
1029563	1055534	
1029563	1055539	
1029563	1055550	
1029563	1055600	
1029563	1055604	
1029563	1055613	
1029563	1055624	
1029563	1055628	
1029563	1055645	
1029563	1055667	
1029563	1055674	
1029563	1055708	
1029563	1055719	
1029563	1055737	
1029563	1055746	
1029563	1055754	
1029563	1055767	
1029563	1055786	
1029563	1055805	
1029563	1055812	
1029563	1055889	
1029563	1055913	
1029563	1055994	
1029563	1056015	
1029563	1056101	
1029563	1056146	
1029563	1056208	
1029563	1056259	
1029563	1056277	
1029563	1056309	
1029563	1056387	
1029563	1056399	
1029563	1056467	
1029563	1056469	
1029563	1056493	
1029563	1056571	
1029563	1056595	
1029563	1056639	
1029563	1056691	
1029563	1056748	
1029563	1056756	
1029563	1056769	
1029563	1056803	
1029563	1056822	
1029563	1056828	
1029563	1057153	
1029563	1069880	
1029563	1070754	
1029563	1070980	
1029563	1071415	
1029563	1078858	
1029563	1084239	
1029563	1091029	
1029563	1091292	
1029563	1094912	
1029563	1095048	
1029563	1118688	
1029563	1134574	
1029563	1137216	
1029563	1144350	
1029563	1153078	
1029563	1163455	
1029563	1164474	
1029563	1168910	
1029563	1169763	
1029563	1182768	
1029563	1190596	
1029563	1210339	
1029563	1229866	
1029563	1231039	
1029563	1241098	
1029563	1244160	
1029563	1250235	
1029563	1259983	
1029563	1268022	
1029563	1286828	
1029563	1301883	
1029563	1314975	
1029563	1336296	
1029563	1363108	
1029563	1371705	
1029563	1410959	
1029563	1432815	
1029563	1449532	
1029563	1475627	
1029563	1549120	
1029563	1567082	
1029563	1597826	
1029563	1613887	
1029563	1628828	
1029563	1660134	
1029563	1738446	
1029563	1799181	
1029563	1851315	
1029563	1873376	
1029563	1877359	
1029563	1880208	
1029563	1941537	
1029563	2136892	
1029563	2502632	
1029563	2596082	
1029563	2662788	
1029563	2664233	
1029823	1070980	
1031774	1056628	
1032577	1070980	
1032692	1636888	
1032925	1070980	
1033260	1051094	
1033260	1051111	
1033260	1054699	
1033260	1055786	
1033260	1056595	
1009207	1070980	
1018624	1037817	
1021909	1053572	
1022194	1056309	
1004318	1029563	
1004318	1051651	
1004318	1052718	
1013524	1051651	
1015926	1018421	
1019883	1636888	
1034314	1577933	
1040182	1452134	
1042425	1052778	
1123599	1452134	
1124067	1577933	
989056	1070980	
989222	1029563	
989265	1018421	
989394	1029563	
989407	1052778	
992876	1053149	
992914	1052874	
1034718	1070980	
1055368	1070980	
1055624	1055637	
1055624	1055674	
1055624	1055708	
1055624	1055737	
1055624	1055754	
1055624	1055779	
1055624	1055786	
1055624	1055805	
1055624	1055812	
1055624	1055866	
1055624	1055889	
1055624	1056015	
1055624	1056109	
1055624	1056208	
1055624	1056228	
1055624	1056248	
1055624	1056254	
1055624	1056259	
1055624	1056322	
1055624	1056365	
1055624	1056387	
1055624	1056392	
1055624	1056399	
1055624	1056467	
1055624	1056469	
1055624	1056493	
1055624	1056595	
1055624	1056628	
1055624	1056691	
1055624	1056742	
1055624	1056803	
1055624	1056821	
1055624	1056822	
1055624	1056826	
1055624	1056828	
1055624	1067523	
1055624	1069880	
1055624	1089619	
1055624	1112755	
1055624	1121454	
1055624	1133369	
1055624	1138077	
1055624	1155765	
1055624	1161164	
1055624	1219991	
1055624	1220555	
1055624	1247140	
1055624	1287401	
1055624	1301509	
1055624	1319638	
1055624	1376160	
1055624	1396058	
1055624	1417779	
1055624	1440229	
1055624	1452134	
1055624	1540677	
1055624	1594330	
1055624	1618614	
1055624	1632330	
1055624	1647845	
1055624	1657518	
1055624	1733568	
1055624	1741539	
1055624	1766086	
1055624	1797612	
1055624	1877359	
1055624	1878207	
1055624	1878517	
1055624	1941537	
1055624	2083229	
1055624	2116746	
1055624	2174566	
1055624	2263822	
1055624	2502632	
1055624	2556477	
1055624	2583502	
1055624	2664233	
1055624	2665798	
1055624	2739851	
1055624	2774469	
1055624	3065873	
1211257	1577933	
1211257	2509232	
994086	1053004	
1102799	2861014	
1102900	2861105	
1052071	1070980	
995363	1053049	
995363	1054042	
995403	1037817	
995674	1018421	
996850	1297463	
997619	1051651	
1004428	1029563	
1017862	1029563	
1039323	1051914	
1053743	1070980	
1054630	1070980	
1070980	1076589	
1070980	1076609	
1070980	1076723	
1070980	1076738	
1070980	1076743	
1070980	1076982	
1070980	1077007	
1070980	1077045	
1070980	1077087	
1070980	1077108	
1070980	1077222	
1070980	1077250	
1070980	1077276	
1070980	1077277	
