42431	1130255	
42433	1130255	
42596	1130255	
42663	1130255	
43030	1130255	
43049	1130255	
43477	1130255	
43844	1130255	
43902	1130255	
248708	1130255	
248891	1130255	
249006	1130255	
360643	1130255	
455101	1130255	
476129	1130255	
729652	1130255	
734094	1130255	
830978	1130255	
864333	1130255	
987559	1130255	
987821	1130255	
999686	1130255	
1064557	1130255	
994876	1130255	
1011057	1130255	
1011280	1130255	
1012497	1130255	
1024897	1130255	
1028777	1130255	
1037570	1130255	
999252	1130255	
1073022	1130255	
997576	1130255	
1047358	1130255	
999448	1130255	
1118940	1130255	
1014403	1130255	
1064172	1130255	
1064474	1130255	
1130255	1130843	
1130255	1173495	
1130255	1181965	
1130255	1182209	
1130255	1185976	
1130255	1195807	
1130255	1210446	
1130255	1210714	
1130255	1216891	
1130255	1222739	
1130255	1239310	
1130255	1246015	
1130255	1284818	
1130255	1292876	
1130255	1299472	
1130255	1300214	
1130255	1318023	
1130255	1370433	
1130255	1388224	
1130255	1389299	
1130255	1394217	
1130255	1395150	
1130255	1395193	
1130255	1407279	
1130255	1442225	
1130255	1494078	
1130255	1518297	
1130255	1520378	
1130255	1537800	
1130255	1543759	
1130255	1568370	
1130255	1574846	
1130255	1578645	
1130255	1578653	
1130255	1578657	
1130255	1578660	
1130255	1578661	
1130255	1578663	
1130255	1578667	
1130255	1578668	
1130255	1578670	
1130255	1578672	
1130255	1578675	
1130255	1578679	
1130255	1578683	
1130255	1578687	
1130255	1578690	
1130255	1578691	
1130255	1578692	
1130255	1578695	
1130255	1578697	
1130255	1578699	
1130255	1578702	
1130255	1578706	
1130255	1578708	
1130255	1578709	
1130255	1578715	
1130255	1578716	
1130255	1578717	
1130255	1578719	
1130255	1578720	
1130255	1578722	
1130255	1578724	
1130255	1578725	
1130255	1578730	
1130255	1578731	
1130255	1578741	
1130255	1578744	
1130255	1578748	
1130255	1578749	
1130255	1578753	
1130255	1578755	
1130255	1578758	
1130255	1578760	
1130255	1578764	
1130255	1578771	
1130255	1578779	
1130255	1578782	
1130255	1578783	
1130255	1578786	
1130255	1578814	
1130255	1578818	
1130255	1578820	
1130255	1578824	
1130255	1578826	
1130255	1578828	
1130255	1578834	
1130255	1578837	
1130255	1578849	
1130255	1578878	
1130255	1578890	
1130255	1579411	
1130255	1596014	
1130255	1636467	
1130255	1679725	
1130255	1686674	
1130255	1694818	
1130255	1730523	
1130255	1731913	
1130255	1733886	
1130255	1743115	
1130255	1743419	
1130255	1743500	
1130255	1743760	
1130255	1753161	
1130255	1771394	
1130255	1776303	
1130255	1778450	
1130255	1788393	
1130255	1795576	
1130255	1818895	
1130255	1822190	
1130255	1835135	
1130255	1883259	
1130255	2034022	
1130255	2096103	
1130255	2105086	
1130255	2132294	
1130255	2132391	
1130255	2465041	
1130255	2465156	
1130255	2593160	
1130255	2639329	
1130255	2652991	
1130255	2656128	
1130255	2656851	
1130255	2656941	
1130255	2728394	
1130255	2736429	
1130255	2765056	
1130255	2992068	
1130255	2992116	
1130255	2992118	
1130255	2992125	
1130255	2992128	
1130255	2992132	
1130255	2992133	
1130255	2992139	
1130255	2992143	
1130255	2992144	
1130255	2992163	
1130255	2992179	
1130255	2992191	
1130255	2992196	
1130255	2992199	
1130255	2992202	
1130255	2992205	
1130255	2992209	
1130255	2992214	
1130255	2992215	
1130255	2992216	
1130255	2992225	
1130255	2992248	
1130255	2992273	
1130255	2992282	
1130255	2992291	
1130255	2992300	
1130255	2992323	
1130255	2992329	
1130255	2992353	
1130255	2992362	
1130255	2992388	
1130255	2992399	
1130255	2992407	
1130255	2992417	
1130255	2992450	
1130255	2992528	
1130255	2992543	
4857	42431	
4857	248708	
4857	248891	
4857	249006	
692	42431	
692	42433	
692	42596	
692	42663	
692	43030	
692	43049	
692	43477	
692	43844	
692	43902	
700	42431	
12345	249006	
8123	43049	
8123	360643	
8175	42596	
8177	42596	
10931	455101	
11066	42596	
11101	42431	
11101	42433	
11101	43477	
11101	43844	
11101	43902	
11101	476129	
11111	42663	
11117	42431	
11117	43902	
23496	729652	
23507	734094	
32622	864333	
30635	830978	
41532	42431	
42396	42596	
42396	43049	
42396	1494078	
42540	42596	
42540	42663	
42540	43844	
42540	43902	
42540	248708	
42540	249006	
42540	1011280	
42540	1024897	
42540	1292876	
42610	42663	
42610	43049	
42610	43477	
42610	43844	
42610	43902	
42610	248708	
42610	249006	
42610	360643	
42610	476129	
42610	987559	
42610	1011280	
42610	1299472	
42610	1300214	
42610	1537800	
44198	1679725	
46316	1822190	
46429	999252	
46432	249006	
46432	360643	
46436	249006	
46440	248891	
46441	999686	
46453	249006	
46468	1578672	
44795	1883259	
44808	999252	
44862	1679725	
42713	248891	
42713	476129	
42713	1028777	
42713	1047358	
42713	1578702	
42713	1578722	
42713	2765056	
43031	43049	
43031	43902	
43031	248891	
43031	249006	
43031	476129	
43031	999686	
43031	1011280	
43031	1014403	
43031	1028777	
43031	1047358	
43031	1370433	
43031	1596014	
43296	43902	
43296	248708	
43296	249006	
43296	360643	
43296	1011280	
43296	1024897	
43296	1292876	
43296	1537800	
55683	1073022	
55693	1011280	
55718	1011057	
55753	999252	
55757	360643	
55760	1011057	
55792	1064557	
55792	2105086	
55794	2096103	
55798	1011057	
55863	1011057	
55904	249006	
55904	360643	
55904	987559	
55904	1024897	
55904	1028777	
55904	1239310	
55909	999252	
55939	249006	
55939	476129	
55966	997576	
55966	1024897	
55966	1028777	
55966	1047358	
55966	1246015	
55966	1578771	
55968	2132294	
55968	2132391	
55991	248708	
55991	249006	
55991	360643	
55991	476129	
55999	249006	
42134	42596	
42134	360643	
42135	42596	
42135	360643	
42136	42663	
42138	43477	
42139	42596	
42139	360643	
42139	987559	
42139	987821	
42140	42596	
42140	360643	
42140	987559	
42140	987821	
42142	42596	
42142	360643	
42144	42431	
42144	43030	
42144	43049	
42144	43477	
42144	43902	
42144	999686	
42146	42431	
42146	248708	
42146	249006	
42148	1064557	
42151	42431	
42151	42663	
42151	43844	
42152	994876	
42154	42431	
42154	42433	
42154	42596	
42154	42663	
42154	43030	
42154	43049	
42154	43477	
42154	43844	
42154	43902	
42154	248708	
42154	249006	
42154	360643	
42154	476129	
42154	987559	
42154	999686	
42154	1011057	
42154	1011280	
42154	1012497	
42154	1073022	
42154	1216891	
42157	42431	
42157	42433	
42157	42596	
42157	42663	
42157	43030	
42157	43049	
42157	43477	
42157	43844	
42157	43902	
42157	248708	
42157	360643	
42157	476129	
42157	999686	
42157	1011057	
42157	1011280	
42157	1024897	
42157	1028777	
42159	42431	
42159	42663	
42159	43049	
42159	43477	
42159	43902	
42159	987559	
42159	1037570	
42160	42431	
42160	42596	
42160	42663	
42160	43049	
42160	987559	
42164	42431	
42164	42663	
42164	43049	
42164	43477	
42164	999252	
42165	42663	
42165	43902	
42166	42431	
42166	248708	
42167	999686	
42169	42431	
42169	42596	
42169	43902	
42169	249006	
42170	42431	
42171	999686	
42176	42431	
42176	999686	
42179	42431	
42179	42663	
42179	43477	
42179	248708	
42180	42431	
42180	42433	
42180	43030	
42180	43902	
42180	248708	
42180	476129	
42180	999686	
42182	42596	
42182	249006	
42183	42431	
42183	42596	
42183	42663	
42183	43049	
42183	43477	
42185	42431	
42185	42596	
42185	43030	
42185	43049	
42185	987559	
42185	999686	
42188	42431	
42188	999686	
42189	42431	
42189	999686	
42190	999686	
42192	42431	
42192	360643	
42192	476129	
42192	999686	
42192	1011280	
42193	42431	
42194	42431	
42194	43049	
42194	43477	
42194	43844	
42194	248708	
42194	249006	
42194	476129	
42194	987559	
42195	42431	
42195	42596	
42195	42663	
42195	43049	
42195	360643	
42195	476129	
42197	42431	
42197	42433	
42197	42663	
42197	43477	
42197	43902	
42197	248891	
42197	476129	
42197	999686	
42197	1012497	
42197	1073022	
42201	42431	
42201	42596	
42201	42663	
42201	43902	
42201	248708	
42201	476129	
42201	1011057	
42202	42596	
42203	42596	
42205	248708	
42205	360643	
42205	999686	
42207	43902	
42213	997576	
42214	42663	
42214	43477	
42214	43844	
42214	249006	
42214	476129	
42214	1047358	
42217	42663	
42217	999686	
42221	43844	
42221	1047358	
42224	42431	
42224	42663	
42224	43844	
42224	248708	
42224	249006	
42225	43902	
42226	42596	
42226	43902	
42226	249006	
42226	360643	
42226	476129	
42228	1011280	
42231	42431	
42231	42433	
42231	42663	
42231	43049	
42231	43477	
42231	43902	
42231	248708	
42231	476129	
42231	999448	
42231	999686	
42235	43902	
42236	42596	
42236	43902	
42236	360643	
42236	476129	
42236	1011057	
42237	43477	
42237	249006	
42237	1047358	
42238	42431	
42238	43902	
42238	476129	
42238	999686	
42239	42663	
42239	999686	
42240	476129	
42240	999686	
42240	1118940	
42241	42596	
42241	42663	
42241	43902	
42241	249006	
42241	360643	
42243	43902	
42245	42431	
42245	43902	
42245	248708	
42247	43902	
42248	42431	
42248	42596	
42248	42663	
42248	43030	
42248	43902	
42248	249006	
42248	987559	
42251	43477	
42252	42596	
42255	42663	
42257	42663	
42257	43030	
42257	43844	
42257	43902	
42257	999686	
42257	1024897	
42263	43902	
42263	248708	
42267	42596	
42268	42663	
42268	43030	
42269	42431	
42269	42663	
42273	42596	
42273	43902	
42275	42431	
42275	42663	
42276	43844	
42277	43902	
42277	1011057	
42278	43844	
42279	42431	
42279	42663	
42279	43844	
42282	42431	
42282	42596	
42282	43477	
42282	43902	
42282	248891	
42282	360643	
42282	476129	
42282	1011280	
42283	1014403	
42284	42431	
42284	42596	
42284	42663	
42284	43477	
42284	43844	
42284	249006	
42284	360643	
42284	1011057	
42286	43844	
42286	249006	
42286	987559	
42287	42431	
42289	42663	
42291	42596	
42291	42663	
42291	43902	
42291	248891	
42291	249006	
42291	360643	
42291	999686	
42291	1011280	
42294	43902	
42294	248708	
42294	1073022	
42297	43049	
42300	248708	
42302	42596	
42304	43030	
42304	43902	
42305	42431	
42305	42663	
42305	43477	
42305	43902	
42305	999252	
42306	42431	
42306	43902	
42308	42431	
42308	42663	
42309	42431	
42309	42596	
42309	42663	
42309	43049	
42309	43477	
42309	43844	
42309	43902	
42309	249006	
42309	360643	
42309	1011057	
42311	43902	
42313	42431	
42313	42663	
42315	360643	
42315	987559	
42316	42596	
42316	42663	
42316	1388224	
42317	1182209	
42320	43902	
42321	42596	
42321	360643	
42322	42431	
42322	42596	
42322	42663	
42322	249006	
42322	987559	
42323	43902	
42324	42431	
42324	42433	
42324	42596	
42324	42663	
42324	43902	
42324	248708	
42325	42431	
42325	42596	
42325	42663	
42325	43049	
42325	43477	
42325	43844	
42325	248708	
42325	987559	
42330	42596	
42330	43844	
42330	249006	
42330	360643	
42330	987559	
42333	999686	
42338	42431	
42338	43902	
42338	248708	
42338	999686	
42340	42433	
42340	43030	
42340	43902	
42340	999686	
42340	1011057	
42343	42431	
42343	42596	
42343	42663	
42343	476129	
42343	999686	
42343	1028777	
42344	42596	
42344	43477	
42344	43844	
42344	43902	
42344	248708	
42346	42431	
42346	42596	
42346	43477	
42346	249006	
42346	360643	
42346	987559	
42346	987821	
42348	42596	
42351	248708	
42351	476129	
42354	43902	
42358	42431	
42358	999686	
42361	42431	
42361	42663	
42362	42596	
42363	42596	
42364	43902	
42364	1064172	
42364	1064474	
42365	42431	
42365	999686	
42368	42596	
42371	43049	
42371	43902	
42372	42431	
42372	42433	
42372	42663	
42372	43902	
42372	248708	
42372	476129	
42372	999686	
42372	1011057	
42372	1012497	
42374	42433	
42374	42596	
42374	43477	
42374	43844	
42374	43902	
42374	248708	
42378	42596	
42378	43844	
42378	43902	
42378	249006	
42378	360643	
42378	987559	
42379	42596	
42380	42431	
42380	42433	
42380	42663	
42380	43477	
42380	43844	
42380	43902	
42380	248708	
42380	248891	
42380	476129	
42380	987559	
42380	999686	
42380	1011057	
42380	1012497	
42380	1073022	
42381	42596	
42381	42663	
42381	43030	
42381	43844	
42381	43902	
42381	248708	
42383	42431	
42383	42433	
42383	42596	
42383	42663	
42383	43049	
42383	43477	
42383	43844	
42383	43902	
42383	248891	
42383	476129	
42383	987559	
42383	1011057	
42383	1012497	
42383	1073022	
42384	42431	
42384	42433	
42384	249006	
42385	42431	
42385	42663	
42385	43049	
42385	43477	
42385	248708	
42390	43902	
42390	1011057	
42391	42431	
42391	42663	
42391	43049	
42391	248708	
42392	42596	
42392	249006	
42392	360643	
42393	42431	
42393	42663	
42393	43477	
42393	999686	
42394	42431	
42394	42596	
42394	42663	
42394	43049	
42394	43902	
42397	43902	
42398	43902	
42398	248708	
42398	1011057	
42398	1012497	
42401	42596	
42401	249006	
42402	42431	
42402	42663	
42402	43049	
42402	43477	
42404	42663	
42409	43902	
42412	42431	
42412	42596	
42412	42663	
42412	43049	
42412	43477	
42412	248708	
42416	42431	
42416	43477	
42419	43049	
42421	42431	
42421	42596	
42421	249006	
42421	360643	
42421	987559	
42422	42663	
42423	42596	
42423	43902	
42423	249006	
42423	360643	
42424	42431	
42424	43030	
42424	999686	
42426	42431	
42428	42431	
42428	42433	
42428	42596	
42428	43844	
42428	43902	
42428	249006	
42428	360643	
42428	987559	
42428	997576	
42428	999686	
42428	1011280	
42428	1028777	
42429	42596	
42429	42663	
42429	360643	
42429	987559	
42429	997576	
42431	42432	
42431	42436	
42431	42437	
42431	42448	
42431	42451	
42431	42469	
42431	42475	
42431	42480	
42431	42493	
42431	42498	
42431	42506	
42431	42512	
42431	42514	
42431	42516	
42431	42519	
42431	42521	
42431	42530	
42431	42531	
42431	42535	
42431	42540	
42431	42546	
42431	42550	
42431	42552	
42431	42553	
42431	42556	
42431	42563	
42431	42565	
42431	42572	
42431	42575	
42431	42582	
42431	42589	
42431	42590	
42431	42593	
42431	42596	
42431	42604	
42431	42608	
42431	42610	
42431	42616	
42431	42620	
42431	42621	
42431	42640	
42431	42643	
42431	42645	
42431	42652	
42431	42657	
42431	42659	
42431	42661	
42431	42663	
42431	42664	
42431	42667	
42431	42670	
42431	42672	
42431	42678	
42431	42684	
42431	42691	
42431	42706	
42431	42707	
42431	42710	
42431	42713	
42431	42717	
42431	42721	
42431	42723	
42431	42739	
42431	42745	
42431	42750	
42431	42754	
42431	42758	
42431	42759	
42431	42760	
42431	42774	
42431	42779	
42431	42807	
42431	42808	
42431	42819	
42431	42824	
42431	42827	
42431	42829	
42431	42830	
42431	42836	
42431	42840	
42431	42849	
42431	42850	
42431	42854	
42431	42867	
42431	42869	
42431	42870	
42431	42877	
42431	42878	
42431	42879	
42431	42885	
42431	42893	
42431	42897	
42431	42910	
42431	42911	
42431	42922	
42431	42925	
42431	42932	
42431	42938	
42431	42939	
42431	42950	
42431	42953	
42431	42962	
42431	42964	
42431	42967	
42431	42970	
42431	42973	
42431	42976	
42431	42977	
42431	42986	
42431	42993	
42431	43000	
42431	43003	
42431	43027	
42431	43031	
42431	43032	
42431	43033	
42431	43035	
42431	43049	
42431	43050	
42431	43053	
42431	43062	
42431	43066	
42431	43076	
42431	43077	
42431	43085	
42431	43095	
42431	43097	
42431	43098	
42431	43099	
42431	43114	
42431	43115	
42431	43126	
42431	43129	
42431	43131	
42431	43133	
42431	43146	
42431	43152	
42431	43156	
42431	43168	
42431	43177	
42431	43184	
42431	43190	
42431	43192	
42431	43204	
42431	43206	
42431	43208	
42431	43209	
42431	43217	
42431	43221	
42431	43223	
42431	43226	
42431	43227	
42431	43228	
42431	43231	
42431	43232	
42431	43248	
42431	43256	
42431	43257	
42431	43274	
42431	43275	
42431	43286	
42431	43293	
42431	43302	
42431	43304	
42431	43305	
42431	43307	
42431	43324	
42431	43328	
42431	43329	
42431	43340	
42431	43341	
42431	43345	
42431	43349	
42431	43351	
42431	43353	
42431	43354	
42431	43360	
42431	43365	
42431	43367	
42431	43369	
42431	43377	
42431	43380	
42431	43382	
42431	43388	
42431	43390	
42431	43394	
42431	43395	
42431	43404	
42431	43411	
42431	43416	
42431	43417	
42431	43420	
42431	43423	
42431	43424	
42431	43425	
42431	43427	
42431	43429	
42431	43430	
42431	43437	
42431	43440	
42431	43441	
42431	43446	
42431	43447	
42431	43456	
42431	43463	
42431	43466	
42431	43477	
42431	43495	
42431	43497	
42431	43501	
42431	43505	
42431	43506	
42431	43509	
42431	43512	
42431	43516	
42431	43524	
42431	43528	
42431	43538	
42431	43541	
42431	43545	
42431	43553	
42431	43563	
42431	43578	
42431	43586	
42431	43588	
42431	43589	
42431	43591	
42431	43606	
42431	43608	
42431	43611	
42431	43612	
42431	43627	
42431	43631	
42431	43643	
42431	43644	
42431	43650	
42431	43659	
42431	43666	
42431	43667	
42431	43675	
42431	43681	
42431	43687	
42431	43693	
42431	43707	
42431	43712	
42431	43716	
42431	43724	
42431	43750	
42431	43752	
42431	43763	
42431	43767	
42431	43771	
42431	43774	
42431	43777	
42431	43799	
42431	43800	
42431	43802	
42431	43805	
42431	43806	
42431	43821	
42431	43822	
42431	43823	
42431	43827	
42431	43839	
42431	43843	
42431	43845	
42431	43847	
42431	43850	
42431	43851	
42431	43867	
42431	43869	
42431	43872	
42431	43874	
42431	43886	
42431	43888	
42431	43890	
42431	43894	
42431	43899	
42431	43901	
42431	43909	
42431	43910	
42431	43919	
42431	43922	
42431	43923	
42431	43924	
42431	43929	
42431	43930	
42431	43935	
42431	43941	
42431	43947	
42431	43954	
42431	43959	
42431	43960	
42431	43961	
42431	43972	
42431	43976	
42431	43979	
42431	43984	
42431	43998	
42431	43999	
42431	44004	
42431	44009	
42431	44022	
42431	44023	
42431	44029	
42431	44035	
42431	44039	
42431	44040	
42431	44044	
42431	44052	
42431	44053	
42431	44059	
42431	44060	
42431	44066	
42431	44080	
42431	44084	
42431	44093	
42431	44094	
42431	44106	
42431	44108	
42431	44112	
42431	44118	
42431	44129	
42431	44130	
42431	44144	
42431	44149	
42431	44170	
42431	44187	
42431	44189	
42431	44199	
42431	44209	
42431	44212	
42431	44214	
42431	44220	
42431	44233	
42431	44236	
42431	44238	
42431	44239	
42431	44241	
42431	44252	
42431	44273	
42431	44277	
42431	44279	
42431	44297	
42431	46432	
42431	46441	
42431	46456	
42431	51977	
42431	51979	
42431	51982	
42431	51985	
42431	51987	
42431	55753	
42431	55755	
42431	55778	
42431	55792	
42431	55895	
42431	55955	
42431	55960	
42431	55966	
42431	56481	
42431	57449	
42431	57453	
42431	63300	
42431	64239	
42431	66211	
42431	71942	
42431	81312	
42431	82220	
42431	90826	
42431	95061	
42431	95079	
42431	95120	
42431	95138	
42431	108928	
42431	108944	
42431	108958	
42431	119082	
42431	128338	
42431	149540	
42431	166300	
42431	166369	
42431	173661	
42431	173718	
42431	180568	
42431	182116	
42431	182412	
42431	182468	
42431	183355	
42431	183376	
42431	184446	
42431	185348	
42431	195483	
42431	195495	
42431	195648	
42431	195699	
42431	195727	
42431	197201	
42431	200424	
42431	210049	
42431	213302	
42431	218657	
42431	219384	
42431	224070	
42431	228518	
42431	229329	
42431	230048	
42431	230081	
42431	230154	
42431	230169	
42431	230170	
42431	230542	
42431	243693	
42431	243808	
42431	244502	
42431	245445	
42431	246338	
42431	247945	
42431	248068	
42431	248094	
42431	248175	
42431	248295	
42431	248328	
42431	248353	
42431	248473	
42431	248512	
42431	248552	
42431	248577	
42431	248585	
42431	248586	
42431	248592	
42431	248595	
42431	248599	
42431	248611	
42431	248612	
42431	248613	
42431	248616	
42431	248648	
42431	248650	
42431	248654	
42431	248658	
42431	248666	
42431	248674	
42431	248691	
42431	248709	
42431	248712	
42431	248714	
42431	248723	
42431	248724	
42431	248747	
42431	248748	
42431	248751	
42431	248765	
42431	248771	
42431	248774	
42431	248775	
42431	248786	
42431	248792	
42431	248793	
42431	248796	
42431	248801	
42431	248803	
42431	248805	
42431	248807	
42431	248810	
42431	248814	
42431	248828	
42431	248834	
42431	248835	
42431	248837	
42431	248858	
42431	248866	
42431	248869	
42431	248870	
42431	248872	
42431	248877	
42431	248878	
42431	248880	
42431	248888	
42431	248890	
42431	248898	
42431	248918	
42431	248924	
42431	248929	
42431	248933	
42431	248934	
42431	248941	
42431	248943	
42431	248945	
42431	248950	
42431	248955	
42431	248957	
42431	248959	
42431	248969	
42431	248972	
42431	248977	
42431	248989	
42431	248992	
42431	248997	
42431	248999	
42431	249006	
42431	249024	
42431	249025	
42431	249035	
42431	249036	
42431	249038	
42431	249041	
42431	249047	
42431	249048	
42431	249051	
42431	249052	
42431	249056	
42431	249058	
42431	249059	
42431	249060	
42431	249061	
42431	249066	
42431	249070	
42431	249071	
42431	249091	
42431	249092	
42431	249094	
42431	249103	
42431	249104	
42431	249111	
42431	249113	
42431	249130	
42431	249138	
42431	249145	
42431	249149	
42431	249152	
42431	249161	
42431	249168	
42431	249169	
42431	249171	
42431	249174	
42431	249176	
42431	249178	
42431	249180	
42431	249188	
42431	249196	
42431	249199	
42431	249207	
42431	249209	
42431	249211	
42431	249217	
42431	249219	
42431	249222	
42431	249232	
42431	249236	
42431	249240	
42431	249244	
42431	249247	
42431	249249	
42431	249258	
42431	249261	
42431	249268	
42431	249274	
42431	249281	
42431	249282	
42431	249283	
42431	249291	
42431	249300	
42431	249303	
42431	249305	
42431	249306	
42431	249324	
42431	249328	
42431	249330	
42431	249333	
42431	249336	
42431	249341	
42431	249352	
42431	249355	
42431	249358	
42431	249362	
42431	249366	
42431	249368	
42431	249370	
42431	249372	
42431	249377	
42431	249399	
42431	249400	
42431	249402	
42431	249403	
42431	249405	
42431	249414	
42431	249426	
42431	249427	
42431	249433	
42431	249438	
42431	249440	
42431	249441	
42431	249447	
42431	249448	
42431	249450	
42431	249452	
42431	249456	
42431	249459	
42431	249460	
42431	249466	
42431	249481	
42431	249483	
42431	249488	
42431	249490	
42431	249491	
42431	249494	
42431	249495	
42431	249499	
42431	249503	
42431	249510	
42431	249519	
42431	249525	
42431	249528	
42431	249530	
42431	249541	
42431	249556	
42431	249562	
42431	249564	
42431	249566	
42431	249567	
42431	249573	
42431	249590	
42431	249593	
42431	249594	
42431	249595	
42431	249599	
42431	249610	
42431	249625	
42431	249636	
42431	249639	
42431	249684	
42431	249685	
42431	267186	
42431	278769	
42431	286329	
42431	295806	
42431	297710	
42431	298216	
42431	301048	
42431	301224	
42431	306779	
42431	306805	
42431	306832	
42431	306834	
42431	306849	
42431	306850	
42431	306851	
42431	306890	
42431	306933	
42431	306963	
42431	306993	
42431	307004	
42431	307017	
42431	307020	
42431	307042	
42431	307089	
42431	307132	
42431	307145	
42431	307152	
42431	307190	
42431	307222	
42431	307250	
42431	307274	
42431	307295	
42431	307308	
42431	307320	
42431	307338	
42431	307344	
42431	307360	
42431	307377	
42431	307402	
42431	307417	
42431	307419	
42431	307421	
42431	307436	
42431	307444	
42431	307446	
42431	307450	
42431	307451	
42431	307452	
42431	307464	
42431	307478	
42431	307487	
42431	307498	
42431	307505	
42431	307508	
42431	307526	
42431	307543	
42431	307559	
42431	307573	
42431	307597	
42431	307602	
42431	307603	
42431	307605	
42431	307621	
42431	307647	
42431	307672	
42431	325470	
42431	327450	
42431	331420	
42431	346748	
42431	346749	
42431	346762	
42431	346764	
42431	346766	
42431	346782	
42431	346784	
42431	346797	
42431	347216	
42431	347382	
42431	347469	
42431	347491	
42431	347560	
42431	347677	
42431	347817	
42431	347836	
42431	347902	
42431	348022	
42431	348054	
42431	348127	
42431	348246	
42431	348416	
42431	348419	
42431	348426	
42431	348466	
42431	348550	
42431	348994	
42431	349122	
42431	349190	
42431	349761	
42431	350723	
42431	350747	
42431	350762	
42431	350993	
42431	351287	
42431	351595	
42431	352112	
42431	352117	
42431	352147	
42431	352408	
42431	352439	
42431	352468	
42431	352709	
42431	352824	
42431	353081	
42431	353299	
42431	353422	
42431	353553	
42431	353649	
42431	353653	
42431	353654	
42431	353662	
42431	353683	
42431	353694	
42431	353704	
42431	353718	
42431	353725	
42431	353727	
42431	353738	
42431	353744	
42431	353758	
42431	353766	
42431	353784	
42431	353792	
42431	353793	
42431	353803	
42431	353813	
42431	353817	
42431	353824	
42431	353827	
42431	353831	
42431	353846	
42431	353850	
42431	353855	
42431	353887	
42431	353895	
42431	353896	
42431	353902	
42431	353907	
42431	353938	
42431	353941	
42431	353969	
42431	353970	
42431	353973	
42431	353976	
42431	354001	
42431	354012	
42431	354015	
42431	354016	
42431	354025	
42431	354048	
42431	354052	
42431	354055	
42431	354066	
42431	354069	
42431	354087	
42431	354090	
42431	354100	
42431	354107	
42431	354112	
42431	354115	
42431	354118	
42431	354123	
42431	354132	
42431	354135	
42431	354137	
42431	354139	
42431	354151	
42431	354157	
42431	354163	
42431	354165	
42431	354167	
42431	354168	
42431	354172	
42431	354176	
42431	354181	
42431	354183	
42431	354184	
42431	354193	
42431	354194	
42431	354195	
42431	354202	
42431	354203	
42431	354207	
42431	354208	
42431	354211	
42431	354221	
42431	354233	
42431	354235	
42431	354242	
42431	354244	
42431	354266	
42431	354272	
42431	354273	
42431	354281	
42431	354284	
42431	354286	
42431	354287	
42431	354299	
42431	354302	
42431	354306	
42431	354319	
42431	354323	
42431	354331	
42431	354334	
42431	354335	
42431	354337	
42431	354338	
42431	354344	
42431	354345	
42431	354360	
42431	354363	
42431	354367	
42431	354376	
42431	354378	
42431	354380	
42431	354381	
42431	354388	
42431	354399	
42431	354401	
42431	354411	
42431	354414	
42431	354429	
42431	354439	
42431	354445	
42431	354449	
42431	354451	
42431	354461	
42431	354464	
42431	354466	
42431	354475	
42431	354484	
42431	354494	
42431	354498	
42431	354511	
42431	354513	
42431	354516	
42431	354518	
42431	354520	
42431	354532	
42431	354545	
42431	354552	
42431	354555	
42431	354578	
42431	354581	
42431	354605	
42431	354610	
42431	354612	
42431	354623	
42431	354639	
42431	354640	
42431	354658	
42431	354675	
42431	354687	
42431	354690	
42431	354701	
42431	354702	
42431	354703	
42431	354705	
42431	354710	
42431	354711	
42431	354714	
42431	354716	
42431	354723	
42431	354727	
42431	354729	
42431	354735	
42431	354737	
42431	354747	
42431	354752	
42431	354756	
42431	354758	
42431	354759	
42431	354766	
42431	354771	
42431	354772	
42431	354783	
42431	354792	
42431	354799	
42431	354814	
42431	354816	
42431	354829	
42431	354830	
42431	354836	
42431	354841	
42431	354844	
42431	354847	
42431	354848	
42431	354853	
42431	354859	
42431	354860	
42431	354886	
42431	354893	
42431	354899	
42431	354900	
42431	354903	
42431	354909	
42431	354913	
42431	354915	
42431	354918	
42431	354931	
42431	354935	
42431	354937	
42431	354938	
42431	354939	
42431	354951	
42431	354955	
42431	354965	
42431	354968	
42431	354976	
42431	354992	
42431	354998	
42431	354999	
42431	355000	
42431	355020	
42431	355022	
42431	355028	
42431	355031	
42431	355033	
42431	355034	
42431	355036	
42431	355046	
42431	355055	
42431	355069	
42431	355076	
42431	355078	
42431	355082	
42431	355086	
42431	355087	
42431	355088	
42431	355092	
42431	355104	
42431	355106	
42431	355111	
42431	355114	
42431	355115	
42431	355119	
42431	355126	
42431	355129	
42431	355132	
42431	355136	
42431	355142	
42431	355147	
42431	355166	
42431	355167	
42431	355177	
42431	355180	
42431	355181	
42431	355191	
42431	355193	
42431	355200	
42431	355203	
42431	355206	
42431	355239	
42431	355257	
42431	355267	
42431	355285	
42431	355296	
42431	355303	
42431	355306	
42431	355310	
42431	355325	
42431	355334	
42431	355337	
42431	355341	
42431	355343	
42431	355350	
42431	355351	
42431	355360	
42431	355362	
42431	355366	
42431	355376	
42431	355385	
42431	355397	
42431	355403	
42431	355408	
42431	355410	
42431	355412	
42431	355434	
42431	355436	
42431	355447	
42431	355451	
42431	355459	
42431	355466	
42431	355472	
42431	355473	
42431	355476	
42431	355524	
42431	355527	
42431	355528	
42431	355537	
42431	355541	
42431	355542	
42431	355546	
42431	355552	
42431	355573	
42431	355575	
42431	355581	
42431	355594	
42431	355597	
42431	355603	
42431	355606	
42431	355611	
42431	355614	
42431	355622	
42431	355625	
42431	355642	
42431	355648	
42431	355654	
42431	355657	
42431	355681	
42431	355689	
42431	355694	
42431	355696	
42431	355698	
42431	355706	
42431	355708	
42431	355712	
42431	355713	
42431	355742	
42431	355751	
42431	355763	
42431	355768	
42431	355770	
42431	355795	
42431	355815	
42431	355818	
42431	355819	
42431	355820	
42431	355827	
42431	355828	
42431	355834	
42431	355839	
42431	355842	
42431	355843	
42431	355847	
42431	355852	
42431	355856	
42431	355865	
42431	355880	
42431	355881	
42431	355882	
42431	355887	
42431	355892	
42431	355913	
42431	355919	
42431	355931	
42431	355939	
42431	355960	
42431	355961	
42431	355975	
42431	355986	
42431	355988	
42431	355996	
42431	356001	
42431	356003	
42431	356004	
42431	356021	
42431	356025	
42431	356030	
42431	356039	
42431	356053	
42431	356065	
42431	356072	
42431	356073	
42431	356076	
42431	356082	
42431	356083	
42431	356098	
42431	356104	
42431	356115	
42431	356117	
42431	356150	
42431	356153	
42431	356155	
42431	356158	
42431	356161	
42431	356169	
42431	356170	
42431	356184	
42431	356188	
42431	356209	
42431	356217	
42431	356222	
42431	356227	
42431	356231	
42431	356232	
42431	356238	
42431	356249	
42431	356258	
42431	356273	
42431	356290	
42431	356292	
42431	356296	
42431	356300	
42431	356307	
42431	356312	
42431	356322	
42431	356328	
42431	356329	
42431	356340	
42431	356343	
42431	356368	
42431	356371	
42431	356388	
42431	356396	
42431	356404	
42431	356410	
42431	356411	
42431	356424	
42431	356426	
42431	356433	
42431	356440	
42431	356442	
42431	356445	
42431	356451	
42431	356463	
42431	356471	
42431	356475	
42431	356477	
42431	356479	
42431	356493	
42431	356495	
42431	356500	
42431	356520	
42431	356524	
42431	356530	
42431	356531	
42431	356537	
42431	356538	
42431	356541	
42431	356559	
42431	356568	
42431	356578	
42431	356582	
42431	356583	
42431	356584	
42431	356588	
42431	356592	
42431	356596	
42431	356598	
42431	356603	
42431	356611	
42431	356613	
42431	356627	
42431	356641	
42431	356653	
42431	356665	
42431	356666	
42431	356677	
42431	356685	
42431	356687	
42431	356705	
42431	356717	
42431	356719	
42431	356730	
42431	356743	
42431	356744	
42431	356751	
42431	356752	
42431	356758	
42431	356764	
42431	356777	
42431	356782	
42431	356808	
42431	356810	
42431	356852	
42431	356864	
42431	356870	
42431	356871	
42431	356875	
42431	356880	
42431	356882	
42431	356906	
42431	356908	
42431	356909	
42431	356913	
42431	356918	
42431	356927	
42431	356938	
42431	356941	
42431	356970	
42431	356973	
42431	356996	
42431	356997	
42431	357006	
42431	357017	
42431	357018	
42431	357036	
42431	357040	
42431	357044	
42431	357060	
42431	357061	
42431	357075	
42431	357076	
42431	357083	
42431	357095	
42431	357098	
42431	357104	
42431	357107	
42431	357112	
42431	357126	
42431	357130	
42431	357132	
42431	357135	
42431	357142	
42431	357145	
42431	357150	
42431	357163	
42431	357165	
42431	357178	
42431	357179	
42431	357182	
42431	357193	
42431	357194	
42431	357197	
42431	357199	
42431	357201	
42431	357207	
42431	357214	
42431	357238	
42431	357241	
42431	357242	
42431	357254	
42431	357263	
42431	357268	
42431	357276	
42431	357279	
42431	357285	
42431	357287	
42431	357291	
42431	357293	
42431	357299	
42431	357302	
42431	357310	
42431	357311	
42431	357322	
42431	357327	
42431	357351	
42431	357356	
42431	357358	
42431	357360	
42431	357362	
42431	357367	
42431	357368	
42431	357369	
42431	357370	
42431	357401	
42431	357404	
42431	357406	
42431	357410	
42431	357411	
42431	357418	
42431	357438	
42431	357440	
42431	357448	
42431	357462	
42431	357464	
42431	357478	
42431	357490	
42431	357492	
42431	357501	
42431	357504	
42431	357506	
42431	357509	
42431	357510	
42431	357516	
42431	357518	
42431	357519	
42431	357520	
42431	357529	
42431	357538	
42431	357544	
42431	357549	
42431	357565	
42431	357568	
42431	357569	
42431	357571	
42431	357589	
42431	357608	
42431	357620	
42431	357624	
42431	357627	
42431	357635	
42431	357641	
42431	357649	
42431	357661	
42431	357668	
42431	357676	
42431	357680	
42431	357681	
42431	357684	
42431	357696	
42431	357698	
42431	357707	
42431	357711	
42431	357733	
42431	357743	
42431	357745	
42431	357749	
42431	357750	
42431	357758	
42431	357781	
42431	357785	
42431	357797	
42431	357827	
42431	357844	
42431	357866	
42431	357868	
42431	357879	
42431	357882	
42431	357885	
42431	357891	
42431	357901	
42431	357912	
42431	357914	
42431	357923	
42431	357931	
42431	357938	
42431	357949	
42431	357979	
42431	357993	
42431	357996	
42431	357999	
42431	358016	
42431	358020	
42431	358021	
42431	358024	
42431	358026	
42431	358031	
42431	358034	
42431	358038	
42431	358045	
42431	358057	
42431	358058	
42431	358069	
42431	358072	
42431	358075	
42431	358079	
42431	358089	
42431	358090	
42431	358092	
42431	358109	
42431	358119	
42431	358124	
42431	358134	
42431	358147	
42431	358157	
42431	358158	
42431	358160	
42431	358162	
42431	358171	
42431	358176	
42431	358190	
42431	358191	
42431	358192	
42431	358206	
42431	358213	
42431	358219	
42431	358222	
42431	358230	
42431	358231	
42431	358248	
42431	358258	
42431	358270	
42431	358274	
42431	358279	
42431	358283	
42431	358294	
42431	358300	
42431	358303	
42431	358307	
42431	358312	
42431	358318	
42431	358324	
42431	358325	
42431	358330	
42431	358342	
42431	358349	
42431	358356	
42431	358360	
42431	358363	
42431	358366	
42431	358368	
42431	358382	
42431	358386	
42431	358398	
42431	358399	
42431	358404	
42431	358406	
42431	358409	
42431	358414	
42431	358416	
42431	358419	
42431	358431	
42431	358438	
42431	358460	
42431	358462	
42431	358463	
42431	358465	
42431	358471	
42431	358477	
42431	358478	
42431	358481	
42431	358488	
42431	358498	
42431	358508	
42431	358515	
42431	358526	
42431	358533	
42431	358534	
42431	358535	
42431	358543	
42431	358560	
42431	358571	
42431	358580	
42431	358581	
42431	358583	
42431	358591	
42431	358592	
42431	358597	
42431	358602	
42431	358609	
42431	358612	
42431	358619	
42431	358622	
42431	358633	
42431	358646	
42431	358652	
42431	358675	
42431	358676	
42431	358678	
42431	358699	
42431	358701	
42431	358708	
42431	358710	
42431	358711	
42431	358725	
42431	358727	
42431	358737	
42431	358738	
42431	358742	
42431	358752	
42431	358763	
42431	358766	
42431	358773	
42431	358775	
42431	358776	
42431	358779	
42431	358801	
42431	358809	
42431	358816	
42431	358822	
42431	358829	
42431	358834	
42431	358837	
42431	358843	
42431	358845	
42431	358852	
42431	358862	
42431	358866	
42431	358891	
42431	358899	
42431	358907	
42431	358910	
42431	358920	
42431	358924	
42431	358937	
42431	358938	
42431	358942	
42431	358949	
42431	358961	
42431	358962	
42431	358976	
42431	358977	
42431	358984	
42431	358986	
42431	358990	
42431	359008	
42431	359010	
42431	359011	
42431	359016	
42431	359017	
42431	359018	
42431	359030	
42431	359042	
42431	359047	
42431	359048	
42431	359059	
42431	359077	
42431	359097	
42431	359119	
42431	359125	
42431	359129	
42431	359134	
42431	359140	
42431	359142	
42431	359156	
42431	359157	
42431	359161	
42431	359162	
42431	359166	
42431	359173	
42431	359181	
42431	359183	
42431	359212	
42431	359213	
42431	359218	
42431	359221	
42431	359237	
42431	359238	
42431	359240	
42431	359242	
42431	359244	
42431	359264	
42431	359269	
42431	359272	
42431	359277	
42431	359278	
42431	359296	
42431	359301	
42431	359308	
42431	359309	
42431	359313	
42431	359322	
42431	359326	
42431	359334	
42431	359342	
42431	359347	
42431	359355	
42431	359360	
42431	359370	
42431	359380	
42431	359384	
42431	359413	
42431	359426	
42431	359429	
42431	359430	
42431	359449	
42431	359461	
42431	359462	
42431	359471	
42431	359479	
42431	359482	
42431	359488	
42431	359503	
42431	359506	
42431	359514	
42431	359537	
42431	359542	
42431	359544	
42431	359552	
42431	359566	
42431	359568	
42431	359573	
42431	359575	
42431	359576	
42431	359581	
42431	359589	
42431	359592	
42431	359593	
42431	359595	
42431	359609	
42431	359613	
42431	359615	
42431	359619	
42431	359626	
42431	359633	
42431	359634	
42431	359635	
42431	359637	
42431	359638	
42431	359640	
42431	359641	
42431	359642	
42431	359646	
42431	359656	
42431	359661	
42431	359671	
42431	359687	
42431	359689	
42431	359690	
42431	359696	
42431	359703	
42431	359705	
42431	359709	
42431	359712	
42431	359716	
42431	359719	
42431	359728	
42431	359735	
42431	359747	
42431	359754	
42431	359757	
42431	359769	
42431	359770	
42431	359771	
42431	359772	
42431	359781	
42431	359787	
42431	359793	
42431	359796	
42431	359799	
42431	359807	
42431	359813	
42431	359817	
42431	359821	
42431	359823	
42431	359828	
42431	359832	
42431	359833	
42431	359839	
42431	359844	
42431	359845	
42431	359852	
42431	359860	
42431	359861	
42431	359862	
42431	359869	
42431	359871	
42431	359878	
42431	359881	
42431	359884	
42431	359887	
42431	359891	
42431	359907	
42431	359918	
42431	359919	
42431	359920	
42431	359930	
42431	359933	
42431	359938	
42431	359946	
42431	359947	
42431	359950	
42431	359958	
42431	359962	
42431	359963	
42431	359977	
42431	359979	
42431	359980	
42431	359985	
42431	359990	
42431	359993	
42431	360018	
42431	360026	
42431	360028	
42431	360032	
42431	360057	
42431	360058	
42431	360066	
42431	360087	
42431	360104	
42431	360107	
42431	360121	
42431	360126	
42431	360132	
42431	360134	
42431	360145	
42431	360147	
42431	360150	
42431	360151	
42431	360152	
42431	360157	
42431	360162	
42431	360168	
42431	360194	
42431	360201	
42431	360212	
42431	360238	
42431	360252	
42431	360273	
42431	360275	
42431	360277	
42431	360280	
42431	360281	
42431	360293	
42431	360294	
42431	360299	
42431	360303	
42431	360314	
42431	360316	
42431	360331	
42431	360332	
42431	360336	
42431	360342	
42431	360357	
42431	360360	
42431	360364	
42431	360367	
42431	360372	
42431	360389	
42431	360392	
42431	360395	
42431	360400	
42431	360406	
42431	360408	
42431	360415	
42431	360421	
42431	360423	
42431	360433	
42431	360434	
42431	360445	
42431	360452	
42431	360454	
42431	360463	
42431	360481	
42431	360483	
42431	360496	
42431	360497	
42431	360504	
42431	360512	
42431	360517	
42431	360525	
42431	360526	
42431	360529	
42431	360543	
42431	360551	
42431	360564	
42431	360568	
42431	360572	
42431	360590	
42431	360594	
42431	360600	
42431	360624	
42431	360629	
42431	360633	
42431	360639	
42431	360643	
42431	360651	
42431	360653	
42431	360654	
42431	360660	
42431	360662	
42431	360676	
42431	360682	
42431	360698	
42431	360703	
42431	360707	
42431	360714	
42431	360717	
42431	360718	
42431	360725	
42431	360730	
42431	360746	
42431	360748	
42431	360771	
42431	360786	
42431	360797	
42431	360801	
42431	360805	
42431	360817	
42431	360823	
42431	360825	
42431	360826	
42431	360831	
42431	360833	
42431	360835	
42431	360842	
42431	360846	
42431	360850	
42431	360855	
42431	360858	
42431	360859	
42431	360860	
42431	360870	
42431	360896	
42431	360898	
42431	360906	
42431	360908	
42431	360911	
42431	360913	
42431	360924	
42431	360929	
42431	360934	
42431	360938	
42431	360940	
42431	360943	
42431	360944	
42431	360952	
42431	360955	
42431	360956	
42431	360959	
42431	360961	
42431	360963	
42431	360964	
42431	360969	
42431	360978	
42431	360984	
42431	360985	
42431	360995	
42431	361002	
42431	361003	
42431	361005	
42431	361017	
42431	361028	
42431	361031	
42431	361037	
42431	361038	
42431	361046	
42431	361047	
42431	361053	
42431	361054	
42431	361056	
42431	361060	
42431	361063	
42431	361064	
42431	361070	
42431	361073	
42431	361074	
42431	361088	
42431	361099	
42431	361109	
42431	361131	
42431	361132	
42431	361138	
42431	361140	
42431	361148	
42431	361149	
42431	361152	
42431	361166	
42431	361170	
42431	361171	
42431	361178	
42431	361180	
42431	361184	
42431	361186	
42431	361199	
42431	361219	
42431	361221	
42431	361225	
42431	361234	
42431	361257	
42431	361274	
42431	361279	
42431	361282	
42431	361285	
42431	361307	
42431	361319	
42431	361321	
42431	361323	
42431	361324	
42431	361339	
42431	361354	
42431	361364	
42431	361376	
42431	361378	
42431	361384	
42431	361408	
42431	361415	
42431	361419	
42431	361427	
42431	361428	
42431	361433	
42431	361436	
42431	361445	
42431	361450	
42431	361453	
42431	361455	
42431	361460	
42431	361462	
42431	361472	
42431	361473	
42431	361481	
42431	361493	
42431	361509	
42431	361526	
42431	361534	
42431	361537	
42431	361542	
42431	361544	
42431	361552	
42431	361556	
42431	361592	
42431	361593	
42431	361596	
42431	361601	
42431	361604	
42431	361617	
42431	361618	
42431	361622	
42431	361626	
42431	361632	
42431	361636	
42431	361641	
42431	361645	
42431	361648	
42431	361650	
42431	361655	
42431	361664	
42431	361675	
42431	361683	
42431	361696	
42431	361697	
42431	361715	
42431	361725	
42431	361738	
42431	361746	
42431	361747	
42431	361749	
42431	361750	
42431	361761	
42431	361772	
42431	361780	
42431	361786	
42431	361795	
42431	361800	
42431	361810	
42431	361816	
42431	361819	
42431	361823	
42431	361839	
42431	361843	
42431	361847	
42431	361851	
42431	361864	
42431	361865	
42431	361867	
42431	361877	
42431	361880	
42431	361889	
42431	361901	
42431	361903	
42431	361906	
42431	361910	
42431	361911	
42431	361914	
42431	361918	
42431	361925	
42431	361928	
42431	361934	
42431	361945	
42431	361962	
42431	361975	
42431	361979	
42431	361983	
42431	361990	
42431	361993	
42431	361994	
42431	362001	
42431	362002	
42431	362016	
42431	362025	
42431	362041	
42431	362054	
42431	362056	
42431	362062	
42431	362074	
42431	362077	
42431	362080	
42431	362084	
42431	362087	
42431	362102	
42431	362106	
42431	362115	
42431	362120	
42431	362125	
42431	362152	
42431	362171	
42431	362176	
42431	362193	
42431	362197	
42431	362202	
42431	362214	
42431	362221	
42431	362240	
42431	362241	
42431	362243	
42431	362247	
42431	362266	
42431	362276	
42431	362285	
42431	362296	
42431	362298	
42431	362307	
42431	362310	
42431	362312	
42431	362316	
42431	362317	
42431	362322	
42431	362323	
42431	362324	
42431	362329	
42431	362330	
42431	362332	
42431	362335	
42431	362337	
42431	362350	
42431	362355	
42431	362357	
42431	362388	
42431	362390	
42431	362394	
42431	362397	
42431	362402	
42431	362407	
42431	362421	
42431	362428	
42431	362429	
42431	362436	
42431	362459	
42431	362463	
42431	362464	
42431	362466	
42431	362470	
42431	362476	
42431	362478	
42431	362480	
42431	362483	
42431	362493	
42431	362507	
42431	362509	
42431	362517	
42431	362519	
42431	362524	
42431	362552	
42431	362573	
42431	362578	
42431	362580	
42431	362582	
42431	362586	
42431	362593	
42431	362602	
42431	362607	
42431	362608	
42431	362618	
42431	362623	
42431	362625	
42431	362629	
42431	362634	
42431	362642	
42431	362644	
42431	362679	
42431	362681	
42431	362682	
42431	362689	
42431	362701	
42431	362731	
42431	362734	
42431	362735	
42431	362737	
42431	362739	
42431	362742	
42431	362743	
42431	362744	
42431	362750	
42431	362756	
42431	362776	
42431	362777	
42431	362788	
42431	362794	
42431	362808	
42431	362817	
42431	362820	
42431	362824	
42431	362828	
42431	362829	
42431	362845	
42431	362846	
42431	362847	
42431	362860	
42431	362863	
42431	362873	
42431	362887	
42431	362888	
42431	362892	
42431	362895	
42431	362903	
42431	362910	
42431	362913	
42431	362927	
42431	362935	
42431	362944	
42431	362946	
42431	362955	
42431	362962	
42431	362968	
42431	362970	
42431	362979	
42431	362986	
42431	362989	
42431	363004	
42431	363008	
42431	363012	
42431	363020	
42431	363024	
42431	363028	
42431	363040	
42431	363053	
42431	363061	
42431	363073	
42431	363077	
42431	363079	
42431	363081	
42431	363087	
42431	363090	
42431	363094	
42431	363100	
42431	363103	
42431	363105	
42431	363113	
42431	363114	
42431	363122	
42431	363145	
42431	363148	
42431	363153	
42431	363162	
42431	363169	
42431	363182	
42431	363186	
42431	363190	
42431	363191	
42431	363193	
42431	363207	
42431	363209	
42431	363216	
42431	363218	
42431	363224	
42431	363225	
42431	363241	
42431	363247	
42431	363262	
42431	363282	
42431	363294	
42431	363296	
42431	363298	
42431	363310	
42431	363322	
42431	363327	
42431	363335	
42431	363343	
42431	363356	
42431	363362	
42431	363369	
42431	363374	
42431	363381	
42431	363384	
42431	363385	
42431	363390	
42431	363396	
42431	363410	
42431	363411	
42431	363422	
42431	363426	
42431	363430	
42431	363440	
42431	363442	
42431	363444	
42431	363451	
42431	363460	
42431	363472	
42431	363486	
42431	363488	
42431	363492	
42431	363493	
42431	363495	
42431	363501	
42431	363502	
42431	363503	
42431	363529	
42431	363543	
42431	363563	
42431	363569	
42431	363586	
42431	363587	
42431	363593	
42431	363603	
42431	363604	
42431	363606	
42431	363607	
42431	363613	
42431	363618	
42431	363620	
42431	363622	
42431	363624	
42431	363629	
42431	363638	
42431	363644	
42431	363668	
42431	363674	
42431	363689	
42431	363693	
42431	363706	
42431	363707	
42431	363709	
42431	363715	
42431	363717	
42431	363718	
42431	363727	
42431	363738	
42431	363741	
42431	363746	
42431	363747	
42431	363770	
42431	363775	
42431	363786	
42431	363792	
42431	363799	
42431	363815	
42431	363820	
42431	363826	
42431	363833	
42431	363846	
42431	363882	
42431	363887	
42431	363888	
42431	363890	
42431	363894	
42431	363896	
42431	363911	
42431	363913	
42431	363921	
42431	363922	
42431	363930	
42431	363935	
42431	363944	
42431	363951	
42431	363978	
42431	363990	
42431	364076	
42431	364081	
42431	364101	
42431	364110	
42431	364117	
42431	364122	
42431	364127	
42431	364184	
42431	364193	
42431	364201	
42431	364202	
42431	364203	
42431	364206	
42431	364215	
42431	364222	
42431	364226	
42431	364229	
42431	364268	
42431	364271	
42431	364278	
42431	364281	
42431	364291	
42431	364294	
42431	364313	
42431	364318	
42431	364326	
42431	364328	
42431	364369	
42431	364384	
42431	364429	
42431	364432	
42431	364433	
42431	364452	
42431	364453	
42431	364478	
42431	364499	
42431	364502	
42431	364504	
42431	364528	
42431	364531	
42431	364537	
42431	364558	
42431	364568	
42431	364572	
42431	364577	
42431	364578	
42431	364580	
42431	364586	
42431	364590	
42431	364600	
42431	364604	
42431	364627	
42431	364637	
42431	364639	
42431	364666	
42431	364705	
42431	364707	
42431	364715	
42431	364717	
42431	364722	
42431	364729	
42431	364731	
42431	364756	
42431	364759	
42431	364773	
42431	364774	
42431	364776	
42431	364806	
42431	364808	
42431	364827	
42431	364848	
42431	364856	
42431	364867	
42431	364871	
42431	364876	
42431	364886	
42431	364909	
42431	364911	
42431	364936	
42431	364941	
42431	364953	
42431	364985	
42431	365005	
42431	365014	
42431	365036	
42431	365062	
42431	365076	
42431	365087	
42431	365112	
42431	365122	
42431	365126	
42431	365132	
42431	365401	
42431	367282	
42431	371683	
42431	371825	
42431	371990	
42431	373253	
42431	373259	
42431	373273	
42431	374243	
42431	375856	
42431	375977	
42431	376022	
42431	376739	
42431	377283	
42431	377285	
42431	377286	
42431	377289	
42431	377294	
42431	377295	
42431	377298	
42431	377299	
42431	377300	
42431	377302	
42431	377303	
42431	377305	
42431	377306	
42431	377307	
42431	377310	
42431	377311	
42431	377312	
42431	377314	
42431	377315	
42431	377316	
42431	377317	
42431	377318	
42431	377319	
42431	377320	
42431	377321	
42431	377325	
42431	377326	
42431	377327	
42431	377328	
42431	377330	
42431	377331	
42431	377334	
42431	377335	
42431	377337	
42431	377338	
42431	377339	
42431	377340	
42431	377341	
42431	377342	
42431	377344	
42431	377345	
42431	377347	
42431	377348	
42431	377349	
42431	377350	
42431	377352	
42431	377353	
42431	377355	
42431	377356	
42431	377357	
42431	377358	
42431	377361	
42431	377362	
42431	377363	
42431	377364	
42431	377365	
42431	377367	
42431	377368	
42431	377370	
42431	377371	
42431	377372	
42431	377373	
42431	377374	
42431	377375	
42431	377377	
42431	377378	
42431	377379	
42431	377381	
42431	377382	
42431	377384	
42431	377385	
42431	377386	
42431	377387	
42431	377388	
42431	377389	
42431	377391	
42431	377392	
42431	377393	
42431	377394	
42431	377395	
42431	377396	
42431	377397	
42431	377399	
42431	377400	
42431	377402	
42431	377403	
42431	377404	
42431	377405	
42431	377408	
42431	377409	
42431	377410	
42431	377413	
42431	377414	
42431	377415	
42431	377416	
42431	377419	
42431	377420	
42431	377421	
42431	377424	
42431	377425	
42431	377426	
42431	377427	
42431	377428	
42431	377431	
42431	377433	
42431	377434	
42431	377436	
42431	377437	
42431	377438	
42431	377439	
42431	377440	
42431	377441	
42431	377442	
42431	377443	
42431	377445	
42431	377449	
42431	377450	
42431	377451	
42431	377452	
42431	377453	
42431	377454	
42431	377458	
42431	377460	
42431	377461	
42431	377462	
42431	377463	
42431	377466	
42431	377470	
42431	377473	
42431	377474	
42431	377475	
42431	377477	
42431	377478	
42431	377485	
42431	377490	
42431	377491	
42431	377492	
42431	377493	
42431	377494	
42431	377496	
42431	377498	
42431	377500	
42431	377502	
42431	377504	
42431	377505	
42431	377512	
42431	377514	
42431	377519	
42431	377520	
42431	377524	
42431	377525	
42431	377531	
42431	377534	
42431	377537	
42431	377546	
42431	377547	
42431	377549	
42431	377550	
42431	377552	
42431	377557	
42431	377560	
42431	377562	
42431	377565	
42431	377569	
42431	377572	
42431	377573	
42431	377574	
42431	377576	
42431	377577	
42431	377579	
42431	377580	
42431	377582	
42431	377583	
42431	377584	
42431	377586	
42431	377587	
42431	377590	
42431	377592	
42431	377593	
42431	377594	
42431	377595	
42431	377596	
42431	377597	
42431	377598	
42431	377599	
42431	377600	
42431	377601	
42431	377603	
42431	377604	
42431	377606	
42431	377608	
42431	377609	
42431	377610	
42431	377611	
42431	377612	
42431	377614	
42431	377615	
42431	377624	
42431	377627	
42431	377628	
42431	377630	
42431	377631	
42431	377632	
42431	377633	
42431	377635	
42431	377637	
42431	377638	
42431	377642	
42431	377644	
42431	377647	
42431	377648	
42431	377650	
42431	377651	
42431	377657	
42431	377662	
42431	377667	
42431	377668	
42431	377669	
42431	377670	
42431	377671	
42431	377672	
42431	377674	
42431	377675	
42431	377676	
42431	377678	
42431	377679	
42431	377680	
42431	377681	
42431	377682	
42431	377683	
42431	377685	
42431	377689	
42431	377692	
42431	377693	
42431	377694	
42431	377696	
42431	377697	
42431	377698	
42431	377699	
42431	377700	
42431	377701	
42431	377702	
42431	377703	
42431	377704	
42431	377705	
42431	377707	
42431	377708	
42431	377709	
42431	377710	
42431	377712	
42431	377714	
42431	377717	
42431	377718	
42431	377719	
42431	377720	
42431	377723	
42431	377724	
42431	377726	
42431	377727	
42431	377728	
42431	377729	
42431	377732	
42431	377733	
42431	377740	
42431	377741	
42431	377743	
42431	377745	
42431	377748	
42431	377750	
42431	377753	
42431	377759	
42431	377760	
42431	377761	
42431	377763	
42431	377765	
42431	377766	
42431	377768	
42431	377771	
42431	377772	
42431	377776	
42431	377815	
42431	377828	
42431	377838	
42431	377896	
42431	377908	
42431	377928	
42431	377931	
42431	377954	
42431	377958	
42431	377969	
42431	377982	
42431	377993	
42431	381158	
42431	384349	
42431	384383	
42431	388542	
42431	392634	
42431	392753	
42431	393006	
42431	394452	
42431	429154	
42431	429192	
42431	429194	
42431	439848	
42431	439888	
42431	439896	
42431	439955	
42431	439998	
42431	440001	
42431	440003	
42431	442363	
42431	442507	
42431	446143	
42431	446175	
42431	446300	
42431	446374	
42431	446417	
42431	446487	
42431	446525	
42431	450213	
42431	450271	
42431	451355	
42431	451479	
42431	453059	
42431	453377	
42431	453494	
42431	454791	
42431	454965	
42431	455481	
42431	456804	
42431	456805	
42431	457043	
42431	457622	
42431	457720	
42431	457803	
42431	458202	
42431	458535	
42431	458617	
42431	459287	
42431	460090	
42431	460476	
42431	460497	
42431	460723	
42431	460898	
42431	461147	
42431	461213	
42431	461547	
42431	461758	
42431	461778	
42431	461873	
42431	461901	
42431	462091	
42431	462144	
42431	462662	
42431	463015	
42431	463473	
42431	464265	
42431	464645	
42431	464658	
42431	464695	
42431	464826	
42431	464831	
42431	465016	
42431	465055	
42431	465108	
42431	465150	
42431	465162	
42431	465185	
42431	465626	
42431	466352	
42431	467014	
42431	467049	
42431	467069	
42431	467354	
42431	467379	
42431	467385	
42431	467444	
42431	467448	
42431	467810	
42431	468286	
42431	468320	
42431	468371	
42431	468383	
42431	468393	
42431	468482	
42431	468486	
42431	468508	
42431	468509	
42431	468514	
42431	468575	
42431	468583	
42431	468739	
42431	468778	
42431	468796	
42431	468799	
42431	468820	
42431	468851	
42431	468888	
42431	468905	
42431	468921	
42431	468950	
42431	468974	
42431	468978	
42431	468998	
42431	469078	
42431	469098	
42431	470284	
42431	470543	
42431	470603	
42431	470821	
42431	471058	
42431	471139	
42431	471197	
42431	471220	
42431	471434	
42431	471618	
42431	471625	
42431	471670	
42431	471839	
42431	471841	
42431	471887	
42431	471903	
42431	471920	
42431	471942	
42431	471949	
42431	471957	
42431	471985	
42431	472012	
42431	472016	
42431	472053	
42431	472054	
42431	472064	
42431	472185	
42431	472200	
42431	472301	
42431	472314	
42431	472558	
42431	472574	
42431	472733	
42431	473513	
42431	473746	
42431	473771	
42431	474077	
42431	474469	
42431	474475	
42431	474595	
42431	474715	
42431	474782	
42431	474917	
42431	475487	
42431	476118	
42431	476129	
42431	476134	
42431	476144	
42431	476387	
42431	476390	
42431	476421	
42431	476472	
42431	476485	
42431	476496	
42431	476747	
42431	477293	
42431	478714	
42431	478870	
42431	478965	
42431	479263	
42431	479318	
42431	479358	
42431	480719	
42431	480805	
42431	480839	
42431	480916	
42431	480946	
42431	481148	
42431	481296	
42431	481330	
42431	481396	
42431	482018	
42431	482047	
42431	482253	
42431	482269	
42431	485573	
42431	487034	
42431	487061	
42431	487122	
42431	487150	
42431	492170	
42431	492352	
42431	497254	
42431	497329	
42431	497330	
42431	497381	
42431	497392	
42431	497867	
42431	509779	
42431	510194	
42431	513148	
42431	523889	
42431	526549	
42431	532973	
42431	533046	
42431	533065	
42431	533104	
42431	533128	
42431	533133	
42431	533171	
42431	533179	
42431	533199	
42431	533209	
42431	533220	
42431	533230	
42431	533232	
42431	533279	
42431	533292	
42431	533305	
42431	533766	
42431	533780	
42431	533783	
42431	533850	
42431	533909	
42431	533965	
42431	533978	
42431	534016	
42431	534050	
42431	534082	
42431	534089	
42431	534090	
42431	534158	
42431	534182	
42431	534184	
42431	534191	
42431	534193	
42431	534214	
42431	534222	
42431	534223	
42431	534229	
42431	534246	
42431	534248	
42431	534276	
42431	545157	
42431	554960	
42431	557566	
42431	557602	
42431	557632	
42431	557675	
42431	557688	
42431	557689	
42431	557702	
42431	557751	
42431	557810	
42431	557814	
42431	557844	
42431	560156	
42431	560167	
42431	560197	
42431	560217	
42431	560240	
42431	560262	
42431	560271	
42431	560296	
42431	560364	
42431	560456	
42431	560458	
42431	560583	
42431	560621	
42431	561212	
42431	569112	
42431	578485	
42431	578498	
42431	580466	
42431	598973	
42431	604372	
42431	610870	
42431	610936	
42431	630732	
42431	641888	
42431	642221	
42431	642252	
42431	642361	
42431	642366	
42431	642609	
42431	642966	
42431	648374	
42431	648948	
42431	658034	
42431	668147	
42431	668212	
42431	668278	
42431	668314	
42431	668437	
42431	668441	
42431	668466	
42431	668617	
42431	668642	
42431	668672	
42431	673845	
42431	675206	
42431	676767	
42431	676772	
42431	680747	
42431	689002	
42431	698388	
42431	698547	
42431	698599	
42431	699752	
42431	712934	
42431	714701	
42431	722351	
42431	722807	
42431	725011	
42431	725102	
42431	725116	
42431	725218	
42431	725284	
42431	725465	
42431	725515	
42431	725552	
42431	725583	
42431	725586	
42431	725624	
42431	726378	
42431	726399	
42431	727558	
42431	727579	
42431	729013	
42431	729860	
42431	729863	
42431	729898	
42431	729903	
42431	730065	
42431	730078	
42431	730091	
42431	730367	
42431	730387	
42431	730389	
42431	730767	
42431	730880	
42431	733129	
42431	733624	
42431	733637	
42431	733645	
42431	733670	
42431	733689	
42431	733728	
42431	734879	
42431	734942	
42431	734974	
42431	735008	
42431	735018	
42431	741753	
42431	745342	
42431	748370	
42431	748389	
42431	748401	
42431	748403	
42431	748424	
42431	748463	
42431	748470	
42431	749392	
42431	750592	
42431	754194	
42431	756116	
42431	770094	
42431	770133	
42431	775323	
42431	775366	
42431	775681	
42431	775720	
42431	775778	
42431	775906	
42431	777816	
42431	777996	
42431	778135	
42431	778504	
42431	778675	
42431	778726	
42431	778823	
42431	778840	
42431	778870	
42431	779096	
42431	779102	
42431	779129	
42431	779142	
42431	779586	
42431	779932	
42431	780053	
42431	780085	
42431	780284	
42431	780908	
42431	782296	
42431	783906	
42431	783967	
42431	783988	
42431	783990	
42431	786212	
42431	789340	
42431	789788	
42431	789858	
42431	799890	
42431	806282	
42431	806532	
42431	806596	
42431	806681	
42431	806798	
42431	807283	
42431	819314	
42431	821860	
42431	822704	
42431	824875	
42431	824886	
42431	825027	
42431	831163	
42431	831190	
42431	831226	
42431	831248	
42431	831310	
42431	831328	
42431	831495	
42431	831523	
42431	831612	
42431	831925	
42431	831929	
42431	831937	
42431	833078	
42431	836621	
42431	836709	
42431	836786	
42431	836840	
42431	836927	
42431	836937	
42431	836969	
42431	837044	
42431	837120	
42431	837124	
42431	837182	
42431	837185	
42431	837251	
42431	837254	
42431	837295	
42431	837298	
42431	837316	
42431	837377	
42431	837421	
42431	837425	
42431	837680	
42431	837777	
42431	837824	
42431	837912	
42431	838009	
42431	838067	
42431	838097	
42431	838102	
42431	838140	
42431	838174	
42431	838217	
42431	838227	
42431	838233	
42431	838408	
42431	838533	
42431	838565	
42431	838574	
42431	838798	
42431	838858	
42431	839063	
42431	848257	
42431	859174	
42431	860034	
42431	861323	
42431	861731	
42431	862361	
42431	864319	
42431	864453	
42431	864472	
42431	864511	
42431	864654	
42431	864661	
42431	864761	
42431	870246	
42431	872441	
42431	879628	
42431	879781	
42431	879797	
42431	879827	
42431	879857	
42431	879867	
42431	881114	
42431	882671	
42431	888406	
42431	888692	
42431	888915	
42431	889019	
42431	889030	
42431	890109	
42431	890268	
42431	890416	
42431	893303	
42431	893311	
42431	893700	
42431	897011	
42431	899889	
42431	899899	
42431	899914	
42431	900145	
42431	900195	
42431	909175	
42431	909225	
42431	909338	
42431	922884	
42431	926302	
42431	927234	
42431	931928	
42431	935049	
42431	939137	
42431	942198	
42431	942266	
42431	943996	
42431	944424	
42431	944609	
42431	945585	
42431	945944	
42431	950549	
42431	950591	
42431	958473	
42431	962102	
42431	963739	
42431	966806	
42431	966807	
42431	969378	
42431	969872	
42431	970002	
42431	970035	
42431	970036	
42431	970188	
42431	970443	
42431	970502	
42431	970615	
42431	970781	
42431	971091	
42431	973295	
42431	975398	
42431	975400	
42431	976219	
42431	976256	
42431	976403	
42431	976478	
42431	976490	
42431	976511	
42431	978404	
42431	980255	
42431	980730	
42431	980778	
42431	980866	
42431	981156	
42431	984583	
42431	985015	
42431	985166	
42431	985209	
42431	985292	
42431	986966	
42431	987003	
42431	987032	
42431	987164	
42431	987364	
42431	987365	
42431	987367	
42431	987371	
42431	987374	
42431	987378	
42431	987383	
42431	987384	
42431	987388	
42431	987390	
42431	987399	
42431	987404	
42431	987411	
42431	987412	
42431	987415	
42431	987417	
42431	987423	
42431	987433	
42431	987436	
42431	987438	
42431	987439	
42431	987452	
42431	987458	
42431	987461	
42431	987467	
42431	987468	
42431	987470	
42431	987471	
42431	987472	
42431	987475	
42431	987479	
42431	987489	
42431	987496	
42431	987498	
42431	987501	
42431	987502	
42431	987505	
42431	987506	
42431	987510	
42431	987512	
42431	987514	
42431	987516	
42431	987517	
42431	987519	
42431	987524	
42431	987525	
42431	987529	
42431	987531	
42431	987533	
42431	987535	
42431	987536	
42431	987537	
42431	987539	
42431	987543	
42431	987546	
42431	987547	
42431	987549	
42431	987553	
42431	987559	
42431	987560	
42431	987561	
42431	987564	
42431	987571	
42431	987574	
42431	987575	
42431	987582	
42431	987583	
42431	987585	
42431	987595	
42431	987597	
42431	987600	
42431	987602	
42431	987603	
42431	987608	
42431	987613	
42431	987614	
42431	987615	
42431	987619	
42431	987620	
42431	987623	
42431	987627	
42431	987630	
42431	987632	
42431	987633	
42431	987636	
42431	987638	
42431	987639	
42431	987640	
42431	987642	
42431	987643	
42431	987652	
42431	987653	
42431	987663	
42431	987668	
42431	987673	
42431	987675	
42431	987678	
42431	987681	
42431	987684	
42431	987690	
42431	987691	
42431	987692	
42431	987694	
42431	987695	
42431	987696	
42431	987706	
42431	987708	
42431	987709	
42431	987710	
42431	987712	
42431	987713	
42431	987716	
42431	987718	
42431	987720	
42431	987724	
42431	987727	
42431	987728	
42431	987733	
42431	987734	
42431	987736	
42431	987738	
42431	987741	
42431	987742	
42431	987744	
42431	987748	
42431	987751	
42431	987754	
42431	987755	
42431	987759	
42431	987760	
42431	987761	
42431	987767	
42431	987768	
42431	987771	
42431	987776	
42431	987777	
42431	987779	
42431	987782	
42431	987785	
42431	987787	
42431	987789	
42431	987791	
42431	987792	
42431	987793	
42431	987794	
42431	987795	
42431	987798	
42431	987801	
42431	987802	
42431	987803	
42431	987804	
42431	987807	
42431	987808	
42431	987809	
42431	987810	
42431	987811	
42431	987813	
42431	987819	
42431	987822	
42431	987823	
42431	987825	
42431	987826	
42431	987827	
42431	987828	
42431	987830	
42431	987832	
42431	987835	
42431	987836	
42431	987837	
42431	987838	
42431	987841	
42431	987843	
42431	987844	
42431	987848	
42431	987849	
42431	987850	
42431	987853	
42431	987854	
42431	987858	
42431	987859	
42431	987861	
42431	987862	
42431	987863	
42431	987865	
42431	987871	
42431	987874	
42431	987876	
42431	987878	
42431	987879	
42431	987880	
42431	987881	
42431	987882	
42431	987884	
42431	987885	
42431	987888	
42431	987889	
42431	987890	
42431	987892	
42431	987895	
42431	987896	
42431	987899	
42431	987900	
42431	987906	
42431	987907	
42431	987908	
42431	987909	
42431	987910	
42431	987913	
42431	987914	
42431	987915	
42431	987917	
42431	987922	
42431	987923	
42431	987924	
42431	987925	
42431	987926	
42431	987927	
42431	987928	
42431	987929	
42431	987931	
42431	987933	
42431	987934	
42431	987937	
42431	987938	
42431	987940	
42431	987941	
42431	987944	
42431	987945	
42431	987947	
42431	987950	
42431	987952	
42431	987954	
42431	987956	
42431	987957	
42431	987958	
42431	987959	
42431	987960	
42431	987966	
42431	987967	
42431	987970	
42431	987974	
42431	987977	
42431	987978	
42431	987980	
42431	987981	
42431	987982	
42431	987983	
42431	987984	
42431	987985	
42431	987989	
42431	987990	
42431	987994	
42431	987995	
42431	987996	
42431	987997	
42431	988003	
42431	988013	
42431	988015	
42431	988017	
42431	988020	
42431	988022	
42431	988024	
42431	988027	
42431	988029	
42431	988031	
42431	988032	
42431	988033	
42431	988035	
42431	988036	
42431	988038	
42431	988043	
42431	988044	
42431	988045	
42431	988046	
42431	988050	
42431	988051	
42431	988052	
42431	988056	
42431	988057	
42431	988058	
42431	988062	
42431	988063	
42431	988066	
42431	988069	
42431	988070	
42431	988071	
42431	988074	
42431	988075	
42431	988077	
42431	988079	
42431	988080	
42431	988081	
42431	988083	
42431	988084	
42431	988085	
42431	988088	
42431	988089	
42431	988092	
42431	988097	
42431	988098	
42431	988100	
42431	988101	
42431	988110	
42431	988112	
42431	988113	
42431	988114	
42431	988116	
42431	988117	
42431	988118	
42431	988122	
42431	988125	
42431	988128	
42431	988129	
42431	988130	
42431	988132	
42431	988135	
42431	988136	
42431	988137	
42431	988138	
42431	988139	
42431	988142	
42431	988143	
42431	988146	
42431	988147	
42431	988148	
42431	988151	
42431	988153	
42431	988157	
42431	988160	
42431	988163	
42431	988167	
42431	988173	
42431	988179	
42431	988180	
42431	988181	
42431	988182	
42431	988183	
42431	988186	
42431	988188	
42431	988189	
42431	988191	
42431	988193	
42431	988197	
42431	988198	
42431	988199	
42431	988200	
42431	988204	
42431	988205	
42431	988206	
42431	988208	
42431	988216	
42431	988218	
42431	988220	
42431	988221	
42431	988223	
42431	988224	
42431	988226	
42431	988227	
42431	988228	
42431	988229	
42431	988231	
42431	988234	
42431	988242	
42431	988246	
42431	988248	
42431	988249	
42431	988251	
42431	988255	
42431	988270	
42431	988272	
42431	988276	
42431	988277	
42431	988279	
42431	988280	
42431	988285	
42431	988287	
42431	988288	
42431	988292	
42431	988294	
42431	988295	
42431	988297	
42431	988298	
42431	988308	
42431	988309	
42431	988314	
42431	988315	
42431	988318	
42431	988453	
42431	988460	
42431	988471	
42431	988481	
42431	988983	
42431	989004	
42431	989042	
42431	989053	
42431	989054	
42431	989077	
42431	989079	
42431	989108	
42431	989118	
42431	989129	
42431	989130	
42431	989155	
42431	989168	
42431	989173	
42431	989181	
42431	989187	
42431	989188	
42431	989195	
42431	989199	
42431	989201	
42431	989202	
42431	989213	
42431	989216	
42431	989225	
42431	989226	
42431	989236	
42431	989243	
42431	989257	
42431	989272	
42431	989276	
42431	989281	
42431	989282	
42431	989286	
42431	989294	
42431	989305	
42431	989318	
42431	989321	
42431	989332	
42431	989334	
42431	989353	
42431	989354	
42431	989364	
42431	989369	
42431	989373	
42431	989379	
42431	989381	
42431	989388	
42431	989389	
42431	989393	
42431	989402	
42431	989414	
42431	989439	
42431	989476	
42431	989504	
42431	989833	
42431	989916	
42431	990231	
42431	990340	
42431	990350	
42431	990351	
42431	990366	
42431	990373	
42431	990446	
42431	990458	
42431	990484	
42431	990492	
42431	990553	
42431	990709	
42431	990736	
42431	990738	
42431	990739	
42431	990749	
42431	990761	
42431	990762	
42431	990787	
42431	990794	
42431	990801	
42431	990816	
42431	990834	
42431	990932	
42431	990946	
42431	990962	
42431	990964	
42431	990977	
42431	990981	
42431	991020	
42431	991026	
42431	991058	
42431	991099	
42431	991141	
42431	991143	
42431	991149	
42431	991152	
42431	991168	
42431	991187	
42431	991196	
42431	991214	
42431	991216	
42431	991222	
42431	991283	
42431	991289	
42431	991311	
42431	991322	
42431	991325	
42431	991334	
42431	991354	
42431	991411	
42431	991417	
42431	991438	
42431	991468	
42431	991472	
42431	991477	
42431	991520	
42431	991529	
42431	991563	
42431	991576	
42431	991611	
42431	991638	
42431	991649	
42431	991667	
42431	991709	
42431	991723	
42431	991735	
42431	991743	
42431	991750	
42431	991762	
42431	991766	
42431	991772	
42431	991779	
42431	991789	
42431	991825	
42431	991860	
42431	991865	
42431	991868	
42431	991914	
42431	992080	
42431	992083	
42431	992086	
42431	992089	
42431	992090	
42431	992091	
42431	992093	
42431	992105	
42431	992107	
42431	992109	
42431	992114	
42431	992115	
42431	992119	
42431	992121	
42431	992123	
42431	992128	
42431	992129	
42431	992130	
42431	992132	
42431	992133	
42431	992134	
42431	992135	
42431	992136	
42431	992138	
42431	992139	
42431	992141	
42431	992143	
42431	992144	
42431	992147	
42431	992149	
42431	992154	
42431	992156	
42431	992158	
42431	992163	
42431	992164	
42431	992165	
42431	992170	
42431	992174	
42431	992176	
42431	992179	
42431	992180	
42431	992181	
42431	992183	
42431	992185	
42431	992187	
42431	992189	
42431	992192	
42431	992193	
42431	992194	
42431	992196	
42431	992199	
42431	992202	
42431	992205	
42431	992208	
42431	992210	
42431	992212	
42431	992215	
42431	992219	
42431	992226	
42431	992227	
42431	992229	
42431	992230	
42431	992235	
42431	992240	
42431	992244	
42431	992245	
42431	992248	
42431	992254	
42431	992255	
42431	992258	
42431	992259	
42431	992262	
42431	992264	
42431	992266	
42431	992269	
42431	992272	
42431	992278	
42431	992280	
42431	992286	
42431	992290	
42431	992295	
42431	992296	
42431	992297	
42431	992303	
42431	992310	
42431	992312	
42431	992321	
42431	992325	
42431	992329	
42431	992330	
42431	992332	
42431	992334	
42431	992341	
42431	992351	
42431	992353	
42431	992355	
42431	992357	
42431	992358	
42431	992360	
42431	992362	
42431	992363	
42431	992364	
42431	992365	
42431	992366	
42431	992367	
42431	992368	
42431	992373	
42431	992375	
42431	992376	
42431	992377	
42431	992379	
42431	992381	
42431	992382	
42431	992384	
42431	992388	
42431	992389	
42431	992390	
42431	992392	
42431	992393	
42431	992395	
42431	992396	
42431	992402	
42431	992404	
42431	992406	
42431	992407	
42431	992409	
42431	992415	
42431	992416	
42431	992418	
42431	992421	
42431	992422	
42431	992423	
42431	992425	
42431	992426	
42431	992428	
42431	992431	
42431	992435	
42431	992436	
42431	992440	
42431	992441	
42431	992443	
42431	992444	
42431	992445	
42431	992446	
42431	992447	
42431	992456	
42431	992460	
42431	992467	
42431	992468	
42431	992469	
42431	992471	
42431	992472	
42431	992475	
42431	992476	
42431	992478	
42431	992479	
42431	992480	
42431	992488	
42431	992489	
42431	992491	
42431	992492	
42431	992494	
42431	992496	
42431	992497	
42431	992500	
42431	992502	
42431	992507	
42431	992511	
42431	992515	
42431	992518	
42431	992519	
42431	992524	
42431	992526	
42431	992530	
42431	992531	
42431	992532	
42431	992533	
42431	992534	
42431	992535	
42431	992542	
42431	992543	
42431	992544	
42431	992545	
42431	992549	
42431	992550	
42431	992555	
42431	992560	
42431	992561	
42431	992564	
42431	992566	
42431	992567	
42431	992570	
42431	992579	
42431	992586	
42431	992589	
42431	992590	
42431	992593	
42431	992595	
42431	992599	
42431	992600	
42431	992603	
42431	992608	
42431	992610	
42431	992612	
42431	992613	
42431	992614	
42431	992621	
42431	992623	
42431	992627	
42431	992632	
42431	992634	
42431	992643	
42431	992645	
42431	992646	
42431	992650	
42431	992652	
42431	992654	
42431	992656	
42431	992659	
42431	992660	
42431	992661	
42431	992667	
42431	992669	
42431	992672	
42431	992675	
42431	992676	
42431	992678	
42431	992686	
42431	992692	
42431	992696	
42431	992698	
42431	992700	
42431	992701	
42431	992704	
42431	992709	
42431	992710	
42431	992713	
42431	992724	
42431	992727	
42431	992730	
42431	992731	
42431	992733	
42431	992734	
42431	992736	
42431	992737	
42431	992738	
42431	992739	
42431	992745	
42431	992747	
42431	992748	
42431	992749	
42431	992753	
42431	992754	
42431	992762	
42431	992763	
42431	992764	
42431	992768	
42431	992770	
42431	992773	
42431	992774	
42431	992776	
42431	992777	
42431	992783	
42431	992791	
42431	992793	
42431	992797	
42431	992799	
42431	992801	
42431	992807	
42431	992809	
42431	992811	
42431	992819	
42431	992822	
42431	992823	
42431	992824	
42431	992827	
42431	992828	
42431	992829	
42431	992836	
42431	992837	
42431	992838	
42431	992840	
42431	992841	
42431	992843	
42431	992844	
42431	992846	
42431	992855	
42431	992857	
42431	992858	
42431	992864	
42431	992867	
42431	992869	
42431	992870	
42431	992879	
42431	992882	
42431	992889	
42431	992890	
42431	992891	
42431	992912	
42431	993240	
42431	993480	
42431	993551	
42431	993647	
42431	993796	
42431	994157	
42431	994177	
42431	994206	
42431	994231	
42431	994300	
42431	994362	
42431	994368	
42431	994381	
42431	994384	
42431	994397	
42431	994408	
42431	994441	
42431	994446	
42431	994465	
42431	994484	
42431	994489	
42431	994492	
42431	994497	
42431	994506	
42431	994546	
42431	994556	
42431	994558	
42431	994568	
42431	994596	
42431	994656	
42431	994725	
42431	994769	
42431	994813	
42431	994852	
42431	994855	
42431	994873	
42431	994877	
42431	994883	
42431	994888	
42431	994898	
42431	994905	
42431	994909	
42431	994933	
42431	994939	
42431	994942	
42431	994944	
42431	994957	
42431	994959	
42431	994962	
42431	994969	
42431	994973	
42431	994977	
42431	994980	
42431	994986	
42431	994995	
42431	995001	
42431	995004	
42431	995006	
42431	995008	
42431	995010	
42431	995011	
42431	995032	
42431	995038	
42431	995040	
42431	995046	
42431	995051	
42431	995054	
42431	995064	
42431	995085	
42431	995093	
42431	995097	
42431	995118	
42431	995124	
42431	995152	
42431	995160	
42431	995171	
42431	995192	
42431	995198	
42431	995201	
42431	995205	
42431	995316	
42431	995420	
42431	995432	
42431	995471	
42431	995513	
42431	995571	
42431	995575	
42431	995629	
42431	995648	
42431	995651	
42431	995685	
42431	995697	
42431	995698	
42431	995702	
42431	995726	
42431	995728	
42431	995735	
42431	995737	
42431	995745	
42431	995753	
42431	995756	
42431	995765	
42431	995784	
42431	995788	
42431	995798	
42431	995802	
42431	995805	
42431	995806	
42431	995808	
42431	995817	
42431	995829	
42431	995831	
42431	995845	
42431	995854	
42431	995855	
42431	995869	
42431	995878	
42431	995879	
42431	995880	
42431	995884	
42431	995897	
42431	995898	
42431	995901	
42431	995908	
42431	995919	
42431	995921	
42431	995930	
42431	995934	
42431	995937	
42431	995944	
42431	995956	
42431	995961	
42431	995970	
42431	995971	
42431	995974	
42431	995975	
42431	995976	
42431	995982	
42431	995985	
42431	995986	
42431	995991	
42431	995996	
42431	996000	
42431	996021	
42431	996025	
42431	996028	
42431	996033	
42431	996034	
42431	996038	
42431	996040	
42431	996047	
42431	996049	
42431	996050	
42431	996057	
42431	996060	
42431	996061	
42431	996070	
42431	996072	
42431	996074	
42431	996091	
42431	996100	
42431	996103	
42431	996109	
42431	996110	
42431	996115	
42431	996119	
42431	996128	
42431	996129	
42431	996133	
42431	996134	
42431	996139	
42431	996153	
42431	996154	
42431	996199	
42431	996231	
42431	996318	
42431	996386	
42431	996518	
42431	996536	
42431	996541	
42431	996624	
42431	996925	
42431	997227	
42431	997490	
42431	997499	
42431	997581	
42431	997604	
42431	997635	
42431	997665	
42431	997666	
42431	997738	
42431	997743	
42431	997750	
42431	997835	
42431	997847	
42431	997863	
42431	997897	
42431	997929	
42431	997984	
42431	998045	
42431	998061	
42431	998084	
42431	998087	
42431	998117	
42431	998123	
42431	998140	
42431	998224	
42431	998227	
42431	998231	
42431	998233	
42431	998235	
42431	998254	
42431	998255	
42431	998258	
42431	998259	
42431	998262	
42431	998264	
42431	998268	
42431	998274	
42431	998285	
42431	998289	
42431	998293	
42431	998298	
42431	998303	
42431	998304	
42431	998309	
42431	998310	
42431	998314	
42431	998322	
42431	998323	
42431	998326	
42431	998329	
42431	998331	
42431	998335	
42431	998340	
42431	998341	
42431	998343	
42431	998346	
42431	998351	
42431	998353	
42431	998354	
42431	998357	
42431	998361	
42431	998366	
42431	998370	
42431	998374	
42431	998378	
42431	998385	
42431	998386	
42431	998387	
42431	998390	
42431	998399	
42431	998402	
42431	998413	
42431	998428	
42431	998430	
42431	998450	
42431	998451	
42431	998452	
42431	998453	
42431	998463	
42431	998467	
42431	998468	
42431	998480	
42431	998483	
42431	998487	
42431	998516	
42431	998517	
42431	998520	
42431	998525	
42431	998538	
42431	998542	
42431	998549	
42431	998556	
42431	998572	
42431	998588	
42431	998592	
42431	998597	
42431	998606	
42431	998614	
42431	998623	
42431	998630	
42431	998632	
42431	998635	
42431	998638	
42431	998639	
42431	998649	
42431	998650	
42431	998690	
42431	998943	
42431	999145	
42431	999169	
42431	999186	
42431	999322	
42431	999336	
42431	999348	
42431	999353	
42431	999392	
42431	999405	
42431	999426	
42431	999436	
42431	999490	
42431	999539	
42431	999564	
42431	999567	
42431	999570	
42431	999578	
42431	999580	
42431	999581	
42431	999588	
42431	999591	
42431	999596	
42431	999599	
42431	999603	
42431	999605	
42431	999608	
42431	999612	
42431	999613	
42431	999615	
42431	999616	
42431	999618	
42431	999639	
42431	999649	
42431	999652	
42431	999653	
42431	999655	
42431	999666	
42431	999667	
42431	999681	
42431	999687	
42431	999691	
42431	999692	
42431	999698	
42431	999700	
42431	999715	
42431	999744	
42431	999755	
42431	999802	
42431	999820	
42431	999918	
42431	999921	
42431	999973	
42431	1000186	
42431	1000197	
42431	1000246	
42431	1000264	
42431	1000268	
42431	1000287	
42431	1000299	
42431	1000311	
42431	1000322	
42431	1000324	
42431	1000340	
42431	1000348	
42431	1000354	
42431	1000368	
42431	1000372	
42431	1000378	
42431	1000404	
42431	1000410	
42431	1000444	
42431	1000447	
42431	1000462	
42431	1000463	
42431	1000490	
42431	1000491	
42431	1000500	
42431	1000515	
42431	1000551	
42431	1000556	
42431	1000564	
42431	1000575	
42431	1000616	
42431	1000617	
42431	1000657	
42431	1000694	
42431	1000705	
42431	1000734	
42431	1000740	
42431	1000778	
42431	1000782	
42431	1000794	
42431	1000795	
42431	1000798	
42431	1000815	
42431	1000825	
42431	1000826	
42431	1000833	
42431	1000843	
42431	1000851	
42431	1000858	
42431	1000859	
42431	1000871	
42431	1000881	
42431	1000904	
42431	1000907	
42431	1000910	
42431	1000916	
42431	1000924	
42431	1000937	
42431	1000943	
42431	1000956	
42431	1000964	
42431	1000978	
42431	1000984	
42431	1000986	
42431	1001127	
42431	1001180	
42431	1001182	
42431	1001223	
42431	1001288	
42431	1001317	
42431	1001369	
42431	1001696	
42431	1001944	
42431	1001981	
42431	1002020	
42431	1002037	
42431	1002052	
42431	1002066	
42431	1002079	
42431	1002084	
42431	1002090	
42431	1002103	
42431	1002118	
42431	1002132	
42431	1002140	
42431	1002166	
42431	1002184	
42431	1002187	
42431	1002199	
42431	1002203	
42431	1002221	
42431	1002223	
42431	1002227	
42431	1002232	
42431	1002235	
42431	1002247	
42431	1002256	
42431	1002258	
42431	1002260	
42431	1002262	
42431	1002272	
42431	1002276	
42431	1002279	
42431	1002289	
42431	1002291	
42431	1002293	
42431	1002301	
42431	1002308	
42431	1002314	
42431	1002321	
42431	1002331	
42431	1002335	
42431	1002372	
42431	1002374	
42431	1002391	
42431	1002406	
42431	1002409	
42431	1002412	
42431	1002420	
42431	1002458	
42431	1002460	
42431	1002464	
42431	1002491	
42431	1002515	
42431	1002519	
42431	1002521	
42431	1002535	
42431	1002629	
42431	1002649	
42431	1002659	
42431	1002697	
42431	1002732	
42431	1002759	
42431	1002980	
42431	1002988	
42431	1003006	
42431	1003032	
42431	1003174	
42431	1003198	
42431	1003201	
42431	1003205	
42431	1003227	
42431	1003290	
42431	1003298	
42431	1003385	
42431	1003443	
42431	1003528	
42431	1003529	
42431	1003532	
42431	1003533	
42431	1003534	
42431	1003535	
42431	1003538	
42431	1003541	
42431	1003543	
42431	1003544	
42431	1003547	
42431	1003548	
42431	1003549	
42431	1003551	
42431	1003553	
42431	1003555	
42431	1003556	
42431	1003557	
42431	1003560	
42431	1003562	
42431	1003565	
42431	1003568	
42431	1003570	
42431	1003571	
42431	1003572	
42431	1003576	
42431	1003578	
42431	1003582	
42431	1003583	
42431	1003585	
42431	1003586	
42431	1003587	
42431	1003591	
42431	1003593	
42431	1003598	
42431	1003600	
42431	1003602	
42431	1003605	
42431	1003608	
42431	1003610	
42431	1003611	
42431	1003613	
42431	1003614	
42431	1003615	
42431	1003617	
42431	1003619	
42431	1003620	
42431	1003622	
42431	1003623	
42431	1003625	
42431	1003629	
42431	1003630	
42431	1003631	
42431	1003634	
42431	1003637	
42431	1003638	
42431	1003639	
42431	1003640	
42431	1003641	
42431	1003643	
42431	1003644	
42431	1003645	
42431	1003647	
42431	1003648	
42431	1003650	
42431	1003653	
