42504	1133478	
505913	1133478	
513314	1133478	
778149	1133478	
831494	1133478	
992747	1133478	
1038133	1133478	
1129955	1133478	
1018437	1133478	
1044128	1133478	
1133220	1133478	
1059805	1133478	
1060450	1133478	
1133473	1133478	
1133367	1133478	
1133334	1133478	
1133195	1133478	
1133199	1133478	
1133210	1133478	
1133243	1133478	
1133249	1133478	
1133255	1133478	
1133281	1133478	
1133316	1133478	
1133330	1133478	
1133341	1133478	
1133347	1133478	
1133350	1133478	
1133352	1133478	
1133359	1133478	
1133360	1133478	
1133365	1133478	
1133381	1133478	
1133385	1133478	
1133389	1133478	
1133415	1133478	
1133416	1133478	
1133426	1133478	
1133427	1133478	
1133429	1133478	
1133430	1133478	
1133446	1133478	
1133451	1133478	
1133453	1133478	
1133457	1133478	
1133478	1133483	
1133478	1133484	
1133478	1133495	
1133478	1133527	
1133478	1133534	
1133478	1133538	
1133478	1133544	
1133478	1133548	
1133478	1133550	
1133478	1133581	
1133478	1133584	
1133478	1133585	
1133478	1133586	
1133478	1133596	
1133478	1133598	
1133478	1133599	
1133478	1133600	
1133478	1133619	
1133478	1133620	
1133478	1133623	
1133478	1133646	
1133478	1134418	
1133478	1137580	
1133478	1137876	
1133478	1138090	
1133478	1170876	
1133478	1179024	
1133478	1180615	
1133478	1184322	
1133478	1194399	
1133478	1223992	
1133478	1230847	
1133478	1249444	
1133478	1251532	
1133478	1271798	
1133478	1302024	
1133478	1307972	
1133478	1308085	
1133478	1318375	
1133478	1326258	
1133478	1361048	
1133478	1361540	
1133478	1361752	
1133478	1369466	
1133478	1392180	
1133478	1404234	
1133478	1423211	
1133478	1474992	
1133478	1481790	
1133478	1482588	
1133478	1534801	
1133478	1549043	
1133478	1549108	
1133478	1577978	
1133478	1585200	
1133478	1593604	
1133478	1600793	
1133478	1624535	
1133478	1673255	
1133478	1694908	
1133478	1709294	
1133478	1742871	
1133478	1755692	
1133478	1761939	
1133478	1770207	
1133478	1788956	
1133478	1854217	
1133478	1865977	
1133478	1880166	
1133478	1946765	
1133478	2088526	
1133478	2137234	
1133478	2335012	
1133478	2512106	
1133478	2543202	
1133478	2554527	
1133478	2595236	
1133478	2599261	
1133478	2640440	
1133478	2670471	
1133478	2741261	
1133478	2776512	
1133478	2847375	
692	42504	
12292	513314	
12154	505913	
26778	778149	
30635	831494	
42540	992747	
42610	992747	
42610	1134418	
42610	1307972	
42610	1308085	
46316	1946765	
46424	1585200	
46453	1694908	
40964	2543202	
42713	1593604	
43031	1593604	
43296	992747	
43296	1624535	
55701	1788956	
55741	2088526	
55789	2137234	
55801	1018437	
55826	1481790	
55956	778149	
42154	992747	
42194	992747	
42211	1038133	
42219	1129955	
42226	992747	
42235	1179024	
42236	42504	
42237	42504	
42241	992747	
42241	1018437	
42245	1038133	
42248	1044128	
42252	1133220	
42252	1302024	
42274	1137580	
42274	1137876	
42274	1138090	
42284	992747	
42287	1059805	
42287	1060450	
42288	1326258	
42320	1184322	
42322	992747	
42381	1038133	
42423	1133473	
42428	505913	
42428	1134418	
42431	992747	
42431	1133367	
42453	42504	
42461	1170876	
42472	1133334	
42479	1134418	
42487	992747	
42490	992747	
42499	1404234	
42504	42583	
42504	42621	
42504	42630	
42504	42982	
42504	43106	
42504	43180	
42504	43210	
42504	43683	
42504	43919	
42504	44202	
42504	44224	
42504	44245	
42504	44250	
42504	329369	
42504	354055	
42504	356537	
42504	356853	
42504	356972	
42504	357095	
42504	363263	
42504	453254	
42504	474084	
42504	476247	
42504	689002	
42504	730344	
42504	778425	
42504	838932	
42504	865179	
42504	980387	
42504	989066	
42504	989155	
42504	991087	
42504	995373	
42504	995617	
42504	995716	
42504	1002760	
42504	1003369	
42504	1004144	
42504	1006863	
42504	1007399	
42504	1009696	
42504	1010119	
42504	1010427	
42504	1010810	
42504	1011973	
42504	1012115	
42504	1012464	
42504	1012551	
42504	1012680	
42504	1014701	
42504	1014792	
42504	1014922	
42504	1021917	
42504	1024291	
42504	1024534	
42504	1026711	
42504	1027010	
42504	1028491	
42504	1029114	
42504	1030437	
42504	1030477	
42504	1030769	
42504	1030949	
42504	1031879	
42504	1031941	
42504	1032146	
42504	1032937	
42504	1033844	
42504	1034522	
42504	1034866	
42504	1034944	
42504	1035235	
42504	1035246	
42504	1035386	
42504	1035412	
42504	1035418	
42504	1035419	
42504	1035462	
42504	1035487	
42504	1035815	
42504	1035822	
42504	1036278	
42504	1036322	
42504	1036647	
42504	1036654	
42504	1036969	
42504	1038133	
42504	1038170	
42504	1038184	
42504	1038356	
42504	1038540	
42504	1040660	
42504	1041452	
42504	1042875	
42504	1048318	
42504	1050584	
42504	1050678	
42504	1050812	
42504	1050821	
42504	1052150	
42504	1052527	
42504	1052891	
42504	1052932	
42504	1052960	
42504	1053018	
42504	1053119	
42504	1053498	
42504	1053590	
42504	1053639	
42504	1053687	
42504	1053731	
42504	1053784	
42504	1053988	
42504	1054174	
42504	1054185	
42504	1054357	
42504	1054383	
42504	1054385	
42504	1054618	
42504	1054656	
42504	1054746	
42504	1055053	
42504	1055071	
42504	1055164	
42504	1055206	
42504	1055212	
42504	1055283	
42504	1055297	
42504	1055336	
42504	1055566	
42504	1055589	
42504	1055857	
42504	1055870	
42504	1055875	
42504	1056190	
42504	1056406	
42504	1056548	
42504	1056614	
42504	1056746	
42504	1058366	
42504	1059129	
42504	1059267	
42504	1059470	
42504	1059536	
42504	1059593	
42504	1060299	
42504	1060332	
42504	1064447	
42504	1070490	
42504	1071107	
42504	1074913	
42504	1077888	
42504	1078459	
42504	1081111	
42504	1082291	
42504	1083058	
42504	1083413	
42504	1088591	
42504	1088763	
42504	1088848	
42504	1090652	
42504	1091929	
42504	1091992	
42504	1093173	
42504	1095879	
42504	1095903	
42504	1095950	
42504	1098341	
42504	1100223	
42504	1102577	
42504	1104308	
42504	1104319	
42504	1104590	
42504	1104669	
42504	1105112	
42504	1112600	
42504	1117164	
42504	1117435	
42504	1117584	
42504	1128998	
42504	1130989	
42504	1131570	
42504	1133195	
42504	1133196	
42504	1133198	
42504	1133199	
42504	1133200	
42504	1133202	
42504	1133204	
42504	1133206	
42504	1133209	
42504	1133210	
42504	1133211	
42504	1133212	
42504	1133214	
42504	1133215	
42504	1133217	
42504	1133218	
42504	1133220	
42504	1133223	
42504	1133225	
42504	1133226	
42504	1133227	
42504	1133228	
42504	1133229	
42504	1133230	
42504	1133231	
42504	1133233	
42504	1133235	
42504	1133236	
42504	1133238	
42504	1133239	
42504	1133241	
42504	1133243	
42504	1133245	
42504	1133246	
42504	1133247	
42504	1133249	
42504	1133251	
42504	1133252	
42504	1133254	
42504	1133255	
42504	1133256	
42504	1133257	
42504	1133259	
42504	1133261	
42504	1133262	
42504	1133264	
42504	1133265	
42504	1133266	
42504	1133267	
42504	1133269	
42504	1133271	
42504	1133272	
42504	1133274	
42504	1133276	
42504	1133278	
42504	1133281	
42504	1133282	
42504	1133285	
42504	1133287	
42504	1133289	
42504	1133290	
42504	1133292	
42504	1133294	
42504	1133296	
42504	1133298	
42504	1133299	
42504	1133302	
42504	1133304	
42504	1133305	
42504	1133306	
42504	1133307	
42504	1133309	
42504	1133310	
42504	1133312	
42504	1133313	
42504	1133315	
42504	1133316	
42504	1133318	
42504	1133319	
42504	1133320	
42504	1133322	
42504	1133323	
42504	1133325	
42504	1133327	
42504	1133330	
42504	1133331	
42504	1133333	
42504	1133334	
42504	1133336	
42504	1133338	
42504	1133339	
42504	1133341	
42504	1133342	
42504	1133344	
42504	1133345	
42504	1133347	
42504	1133349	
42504	1133350	
42504	1133352	
42504	1133356	
42504	1133357	
42504	1133359	
42504	1133360	
42504	1133362	
42504	1133363	
42504	1133365	
42504	1133366	
42504	1133367	
42504	1133368	
42504	1133370	
42504	1133373	
42504	1133375	
42504	1133376	
42504	1133378	
42504	1133379	
42504	1133380	
42504	1133381	
42504	1133383	
42504	1133385	
42504	1133386	
42504	1133387	
42504	1133389	
42504	1133391	
42504	1133394	
42504	1133396	
42504	1133399	
42504	1133400	
42504	1133402	
42504	1133404	
42504	1133406	
42504	1133407	
42504	1133408	
42504	1133409	
42504	1133410	
42504	1133412	
42504	1133413	
42504	1133415	
42504	1133416	
42504	1133420	
42504	1133422	
42504	1133424	
42504	1133426	
42504	1133427	
42504	1133429	
42504	1133430	
42504	1133432	
42504	1133434	
42504	1133436	
42504	1133437	
42504	1133440	
42504	1133441	
42504	1133443	
42504	1133444	
42504	1133446	
42504	1133447	
42504	1133449	
42504	1133451	
42504	1133453	
42504	1133456	
42504	1133457	
42504	1133458	
42504	1133460	
42504	1133462	
42504	1133463	
42504	1133466	
42504	1133468	
42504	1133469	
42504	1133470	
42504	1133471	
42504	1133473	
42504	1133475	
42504	1133476	
42504	1133477	
42504	1133480	
42504	1133482	
42504	1133483	
42504	1133484	
42504	1133486	
42504	1133488	
42504	1133490	
42504	1133492	
42504	1133493	
42504	1133495	
42504	1133497	
42504	1133499	
42504	1133500	
42504	1133503	
42504	1133505	
42504	1133507	
42504	1133509	
42504	1133511	
42504	1133512	
42504	1133513	
42504	1133515	
42504	1133517	
42504	1133519	
42504	1133521	
42504	1133523	
42504	1133525	
42504	1133527	
42504	1133529	
42504	1133530	
42504	1133532	
42504	1133534	
42504	1133536	
42504	1133538	
42504	1133541	
42504	1133542	
42504	1133544	
42504	1133546	
42504	1133548	
42504	1133550	
42504	1133553	
42504	1133555	
42504	1133557	
42504	1133559	
42504	1133560	
42504	1133562	
42504	1133564	
42504	1133566	
42504	1133569	
42504	1133570	
42504	1133573	
42504	1133576	
42504	1133578	
42504	1133579	
42504	1133580	
42504	1133581	
42504	1133582	
42504	1133583	
42504	1133584	
42504	1133585	
42504	1133586	
42504	1133587	
42504	1133588	
42504	1133589	
42504	1133590	
42504	1133591	
42504	1133592	
42504	1133593	
42504	1133594	
42504	1133595	
42504	1133596	
42504	1133597	
42504	1133598	
42504	1133599	
42504	1133600	
42504	1133601	
42504	1133602	
42504	1133603	
42504	1133604	
42504	1133605	
42504	1133606	
42504	1133607	
42504	1133608	
42504	1133609	
42504	1133610	
42504	1133611	
42504	1133612	
42504	1133613	
42504	1133614	
42504	1133615	
42504	1133616	
42504	1133617	
42504	1133618	
42504	1133619	
42504	1133620	
42504	1133621	
42504	1133622	
42504	1133623	
42504	1133624	
42504	1133625	
42504	1133626	
42504	1133627	
42504	1133628	
42504	1133629	
42504	1133630	
42504	1133631	
42504	1133632	
42504	1133633	
42504	1133634	
42504	1133635	
42504	1133636	
42504	1133637	
42504	1133638	
42504	1133639	
42504	1133640	
42504	1133641	
42504	1133642	
42504	1133643	
42504	1133644	
42504	1133645	
42504	1133646	
42504	1133647	
42504	1133648	
42504	1133649	
42504	1133650	
42504	1133651	
42504	1133652	
42504	1133653	
42504	1133654	
42504	1133655	
42504	1133656	
42504	1133657	
42504	1133658	
42505	1038133	
42528	1369466	
42530	992747	
42530	1230847	
42543	992747	
42555	992747	
42565	1180615	
42573	1249444	
42583	1194399	
42592	992747	
42604	992747	
42605	1038133	
42605	1184322	
42605	1223992	
42615	1184322	
42621	1194399	
42624	1251532	
42629	778149	
42631	1133548	
42640	992747	
42643	1271798	
42650	1318375	
42655	992747	
42663	1392180	
42672	1038133	
42673	1423211	
42689	1038133	
42734	1134418	
42754	1060450	
42794	1361540	
42808	992747	
42819	1361048	
42819	1361752	
42824	992747	
42827	1534801	
42829	1184322	
42836	1133281	
42865	992747	
42885	1038133	
42928	992747	
42951	1600793	
42977	992747	
42990	1534801	
43001	1369466	
43046	1133347	
43078	1474992	
43126	1134418	
43126	1481790	
43126	1482588	
43129	992747	
43133	1307972	
43143	1038133	
43156	778149	
43168	831494	
43168	1137876	
43168	1369466	
43168	1549108	
43168	1577978	
43174	1549043	
43174	1549108	
43182	1133347	
43184	1170876	
43190	992747	
43206	1585200	
43238	992747	
43256	992747	
43274	1585200	
43279	1038133	
43294	1694908	
43298	1369466	
43316	778149	
43316	1624535	
43349	1038133	
43349	1133347	
43357	1133347	
43358	1133334	
43358	1133527	
43360	1474992	
43367	992747	
43390	992747	
43412	992747	
43412	1134418	
43430	1133527	
43430	1770207	
43441	992747	
43445	1673255	
43457	992747	
43477	992747	
43480	1038133	
43514	992747	
43543	1534801	
43563	992747	
43573	1134418	
43577	1742871	
43606	992747	
43608	1038133	
43608	1534801	
43612	992747	
43613	505913	
43613	1593604	
43617	992747	
43643	1134418	
43649	1709294	
43654	992747	
43749	992747	
43749	1133347	
43749	1788956	
43755	1326258	
43765	992747	
43765	1549108	
43766	1755692	
43769	992747	
43778	992747	
43786	992747	
43788	1369466	
43825	1133347	
43827	1038133	
43830	992747	
43835	992747	
43837	1038133	
43840	992747	
43844	992747	
43870	992747	
43875	1038133	
43878	992747	
43898	1761939	
43899	992747	
43902	778149	
43919	992747	
43919	1534801	
44018	992747	
44052	1534801	
44052	1880166	
44053	992747	
44059	992747	
44064	1549108	
44081	992747	
44113	1865977	
44115	778149	
44115	1624535	
44210	992747	
44228	1184322	
44242	992747	
44258	992747	
44273	992747	
44282	992747	
44282	1854217	
44307	1044128	
51987	992747	
45428	1133646	
57591	1138090	
63117	1694908	
65385	1369466	
71315	2335012	
85756	1624535	
83770	2512106	
86466	2554527	
85894	2543202	
103712	2741261	
90502	1134418	
90502	1392180	
90502	2595236	
90502	2599261	
95063	1369466	
95115	2640440	
95124	2554527	
95227	2670471	
95281	1423211	
116298	831494	
108171	2776512	
117002	513314	
117648	1170876	
119082	2847375	
157684	2554527	
166297	1423211	
173574	505913	
173574	1369466	
184598	2554527	
182116	992747	
181926	1423211	
189451	1133220	
194431	831494	
194476	1423211	
195483	1230847	
195575	1137580	
195575	1137876	
195575	1302024	
195579	1134418	
195582	1138090	
195639	1326258	
195665	1137876	
195665	1600793	
195924	2640440	
207942	1369466	
217693	1369466	
218657	831494	
218689	1326258	
227659	1369466	
224057	1179024	
226375	1361540	
226375	1423211	
226375	1694908	
227023	1133527	
229310	1593604	
229386	1302024	
229387	1369466	
229395	1423211	
229396	1133646	
229435	1549108	
229441	1302024	
229458	1137876	
229458	1302024	
229458	1326258	
229467	1946765	
229468	1369466	
229498	1369466	
229608	1137876	
229614	1137876	
229656	1302024	
229656	1549108	
229670	1302024	
229741	1369466	
229756	1369466	
229778	1326258	
229794	1326258	
229841	1369466	
229849	505913	
229900	1369466	
229906	1326258	
229921	1137876	
229937	1482588	
230101	505913	
230141	1133195	
230146	1302024	
230193	1326258	
230214	505913	
247855	1361048	
247945	992747	
247973	1474992	
248080	1134418	
248086	1194399	
248094	992747	
248134	992747	
248650	1361752	
248708	992747	
248782	992747	
248782	1307972	
248807	505913	
248837	2554527	
248928	1133367	
248945	992747	
248945	1038133	
249186	992747	
249207	1369466	
249223	1137580	
249241	1133367	
249288	1361752	
249296	1549108	
249355	992747	
249399	1133220	
249436	992747	
249436	1534801	
249456	505913	
271494	1361540	
295644	513314	
295644	2776512	
295852	513314	
295852	2776512	
295892	1038133	
295935	1423211	
295973	1137580	
296025	513314	
296025	831494	
296025	2776512	
296094	1423211	
299758	2670471	
301261	505913	
301261	1593604	
301261	1673255	
306829	1133473	
306870	1249444	
306892	505913	
306963	1318375	
306963	1369466	
306963	1709294	
307042	2554527	
307254	1137876	
307338	1308085	
307338	1880166	
307344	1137876	
307344	1302024	
307350	1133538	
307351	1133538	
307390	1137876	
307477	1249444	
327361	2088526	
327450	1326258	
346762	1230847	
346804	1133347	
347491	1133195	
347792	1133646	
347882	2554527	
348633	1369466	
349041	1170876	
350762	1044128	
352442	513314	
353685	1038133	
353804	1038133	
353850	778149	
354001	1133220	
354031	1038133	
354074	1534801	
354094	1170876	
354123	1307972	
354244	1761939	
354312	2554527	
354386	1600793	
354494	1318375	
354496	992747	
354496	1326258	
354553	1534801	
354703	1170876	
354729	992747	
354859	1133347	
354862	1038133	
354863	1059805	
354889	505913	
355177	1326258	
355285	992747	
355289	1694908	
355313	1138090	
355366	992747	
355374	2776512	
355399	992747	
355424	1170876	
355555	1038133	
355558	992747	
355623	1038133	
355692	1194399	
355735	1038133	
355759	505913	
355793	1038133	
355801	1534801	
355893	1133347	
355988	992747	
356301	513314	
356329	1318375	
356406	1038133	
356454	1170876	
356584	1038133	
356702	1133538	
356702	1133550	
356864	992747	
356864	1326258	
356994	831494	
356994	1249444	
356994	2776512	
357060	1423211	
357066	2670471	
357327	1534801	
357363	1170876	
357406	1038133	
357707	2554527	
357849	1038133	
357973	513314	
358008	1302024	
358188	1138090	
358311	1038133	
358332	2554527	
358416	1038133	
358416	1133347	
358681	1038133	
358775	1038133	
358904	505913	
358915	1038133	
358915	1133619	
359154	1534801	
359166	1534801	
359285	992747	
359294	1184322	
359310	1179024	
359310	1865977	
359316	1133381	
359316	1133484	
359316	1133581	
359316	1133619	
359316	1180615	
359316	1361752	
359316	1392180	
359316	1423211	
359316	1755692	
359316	1854217	
359316	2335012	
359316	2512106	
359316	2599261	
359343	1593604	
359515	992747	
359593	1307972	
359637	1133367	
359919	1549108	
359980	831494	
360057	1133367	
360423	1133220	
360437	1038133	
360606	1770207	
360608	992747	
360608	1038133	
360652	1534801	
360665	513314	
360908	1194399	
360908	1392180	
360908	1423211	
360913	505913	
361055	1249444	
361083	1038133	
361138	2554527	
361171	1138090	
361171	1549108	
361219	992747	
361275	1271798	
361287	992747	
361287	1038133	
361473	1170876	
361530	1251532	
361530	1709294	
361530	1946765	
361537	992747	
361687	1423211	
361702	1534801	
362362	1133347	
362452	1133347	
362562	1534801	
362593	1038133	
362597	1600793	
362609	1361540	
362642	1038133	
362681	992747	
362720	1179024	
362720	1865977	
362782	1534801	
362808	1361752	
362853	1133347	
362944	1170876	
362969	1038133	
363029	2670471	
363207	1133347	
363265	1044128	
363355	1369466	
363372	1038133	
363493	1134418	
363541	1038133	
363731	1044128	
363916	1138090	
363937	1534801	
364033	1318375	
364609	1854217	
364756	992747	
364876	1361752	
375977	2554527	
376109	513314	
376160	2640440	
376883	1133220	
377458	1624535	
377636	1854217	
373228	1593604	
367279	831494	
367291	1481790	
367512	505913	
371453	1481790	
371628	1133367	
371716	1624535	
388990	1137580	
392612	505913	
392612	992747	
392612	1129955	
392612	1133220	
392612	1133385	
392612	1134418	
392612	1251532	
392612	1361540	
392612	1482588	
392612	1673255	
392612	1694908	
392612	1709294	
392612	1854217	
407138	1137876	
408085	1788956	
407873	1194399	
407873	1251532	
407873	1308085	
407873	1854217	
429190	505913	
436817	1137580	
439769	778149	
439778	1249444	
447268	1137580	
447268	1549108	
446676	1742871	
446938	505913	
467810	1326258	
467875	1170876	
467911	1423211	
445821	1369466	
445854	1133195	
445886	1133220	
445944	1326258	
446175	1038133	
446175	1133381	
446175	1709294	
446175	1742871	
446177	1133334	
446183	1369466	
446210	1133195	
446213	1133220	
446229	1137876	
446277	2776512	
446290	1044128	
446338	1137580	
446395	1137876	
446396	513314	
446396	831494	
446407	1184322	
446417	992747	
446547	1133334	
446547	1137580	
446547	1302024	
446572	1133220	
454884	1369466	
455045	1326258	
455215	2554527	
455324	1369466	
455459	992747	
451558	778149	
454438	1137580	
463034	1549108	
457305	2640440	
458290	505913	
475851	1392180	
453381	1423211	
453381	1481790	
457024	1138090	
457056	1302024	
457155	1133527	
459945	1137580	
459945	1369466	
461643	1481790	
471963	1137876	
471963	1302024	
477535	1302024	
478347	1018437	
478642	2543202	
478660	1302024	
478671	1326258	
478672	1133367	
478677	1302024	
478685	1302024	
478691	1326258	
478701	1326258	
478709	1137876	
478713	1137876	
478717	1318375	
478717	1326258	
478731	1137876	
478731	1302024	
478767	1742871	
478769	1133334	
478772	1369466	
478798	1788956	
478803	1137876	
478830	1184322	
478830	2640440	
478857	1137876	
478857	1302024	
478857	1577978	
478869	1302024	
478885	1946765	
478889	1137580	
478889	1137876	
478889	1318375	
478896	1137876	
478896	1577978	
478911	1482588	
478931	1369466	
478951	1318375	
479014	1137580	
479014	1302024	
479017	1302024	
479017	1369466	
479069	1709294	
479084	1302024	
479104	1137876	
479117	1302024	
479132	1302024	
479145	513314	
479149	1326258	
479155	778149	
479175	1318375	
479190	1302024	
479190	1369466	
479196	1326258	
479200	1326258	
479201	1170876	
479201	1326258	
479206	1326258	
479217	2543202	
479225	2543202	
479239	1326258	
479239	1577978	
479252	1302024	
479252	1549108	
479260	1137876	
479260	1369466	
479281	1600793	
479294	1326258	
479295	1302024	
479369	1326258	
479374	1137876	
479374	1170876	
479385	1326258	
479394	1137580	
479414	2543202	
479429	1302024	
479462	778149	
460476	1326258	
465627	1549108	
467057	1549108	
470758	1137876	
471486	1946765	
471645	1361752	
471748	1593604	
471748	1709294	
471750	1044128	
471814	1137580	
471830	1137580	
471851	1593604	
471946	1865977	
471997	831494	
459901	1369466	
459966	1170876	
459999	2137234	
460121	1302024	
460178	1742871	
460246	1326258	
460284	1318375	
460314	1600793	
460324	1481790	
460424	1600793	
460450	1326258	
460546	1133220	
460754	778149	
465263	2554527	
465302	1600793	
465544	1600793	
464585	1133416	
464585	1133427	
464585	1133483	
464585	1133527	
464585	1133600	
464585	1251532	
464585	1392180	
464593	1133347	
464709	1369466	
464795	1137580	
464825	2543202	
464873	1134418	
464909	1369466	
464971	1271798	
465111	2543202	
464021	1170876	
464025	1369466	
464026	1788956	
464149	1133255	
463678	2640440	
463728	2640440	
463905	505913	
463905	513314	
465987	1326258	
474145	1369466	
474350	1577978	
474529	1788956	
474591	1369466	
474654	1423211	
474685	1600793	
474778	513314	
461426	505913	
461509	1361540	
461511	1369466	
461538	1137876	
461538	1946765	
461585	1865977	
461666	505913	
461778	1133220	
461827	1326258	
461862	1482588	
461926	1137876	
462097	2335012	
459241	1133527	
459241	1369466	
460902	831494	
460912	1482588	
460944	1593604	
460978	2554527	
460993	1600793	
461115	2640440	
461164	1326258	
461289	831494	
461289	1423211	
461383	1133527	
461383	1369466	
458225	513314	
474911	1137876	
475005	1694908	
475021	1184322	
475104	1137876	
458841	513314	
459299	831494	
477162	1170876	
477240	1138090	
477378	778149	
477378	1624535	
462662	2554527	
476629	1585200	
476636	1585200	
476682	1585200	
476794	1585200	
482057	1369466	
483544	1600793	
483603	992747	
482767	2554527	
477906	778149	
477969	1137876	
476079	1302024	
476085	1302024	
476150	1549108	
476155	505913	
476155	1133334	
476155	1709294	
476155	1946765	
476157	1709294	
476157	1946765	
476177	992747	
476179	1133334	
476229	992747	
476231	1133334	
476247	992747	
476254	1302024	
476313	1788956	
476341	992747	
476379	992747	
476387	778149	
476387	1624535	
476395	1179024	
476397	1133334	
476413	778149	
476413	1624535	
476478	778149	
476478	992747	
476478	1624535	
476486	992747	
476496	505913	
476496	1624535	
479914	1137580	
478461	1137876	
469702	1326258	
470739	1369466	
473541	2741261	
473547	1170876	
473568	1369466	
473631	1137580	
473804	1673255	
473889	2088526	
473962	513314	
473962	831494	
474000	1179024	
474013	1137876	
474059	778149	
474084	1184322	
474112	778149	
475167	2640440	
475273	1133527	
475289	1184322	
475308	1788956	
475320	1133316	
475320	1133334	
475320	1133381	
475320	1133385	
475320	1133483	
475320	1133527	
475320	1251532	
475320	1308085	
475320	1392180	
475320	1482588	
475320	1577978	
475320	1593604	
475320	1673255	
475320	1709294	
475320	1755692	
475320	1761939	
475320	1946765	
475320	2512106	
475320	2599261	
475364	1133255	
475364	1133381	
475364	1133416	
475364	1133484	
475471	1137876	
475480	1137876	
475526	1133210	
475526	1133527	
475526	1946765	
469463	505913	
469544	1133220	
471135	778149	
471136	1249444	
471139	1170876	
471166	1138090	
471239	1133538	
472288	992747	
472411	1137876	
472568	513314	
497119	778149	
497205	1673255	
497239	1133381	
497321	1534801	
497363	778149	
497363	1624535	
497392	1133473	
497392	1133586	
473255	513314	
478217	1482588	
478257	513314	
480637	2335012	
480713	778149	
480895	1326258	
481498	1133544	
487034	1044128	
466943	1133367	
467029	1137876	
467029	1302024	
467074	1137580	
467074	1318375	
467074	1549108	
467102	1326258	
467144	1137876	
467144	1302024	
467167	2543202	
467278	1044128	
467307	1302024	
467321	1170876	
467352	1044128	
467381	2543202	
467388	1133195	
467412	1059805	
467429	1044128	
467510	1369466	
467561	1742871	
467564	778149	
482229	1059805	
477455	2640440	
468402	1600793	
468502	1302024	
468655	778149	
468691	1302024	
468778	1600793	
468933	1600793	
468950	992747	
469052	1600793	
485789	1577978	
484984	1326258	
485171	1133544	
492164	1593604	
492166	1482588	
492243	1133334	
492267	1133334	
498038	1133220	
505818	1133527	
505818	1134418	
505818	1392180	
505818	1423211	
505818	1482588	
505818	1673255	
505818	1694908	
505818	1709294	
505818	1854217	
505913	505914	
505913	526415	
505913	526456	
505913	526457	
505913	526460	
505913	526486	
505913	526509	
505913	533783	
505913	661610	
505913	668421	
505913	668438	
505913	730135	
505913	733051	
505913	744340	
505913	827443	
505913	899941	
505913	899962	
505913	927711	
505913	980306	
505913	990487	
505913	991504	
505913	992747	
505913	998688	
505913	998818	
505913	998834	
505913	999780	
505913	1007177	
505913	1008627	
505913	1012041	
505913	1016163	
505913	1024655	
505913	1024971	
505913	1029691	
505913	1032076	
505913	1035669	
505913	1036036	
505913	1065790	
505913	1067973	
505913	1072167	
505913	1072964	
505913	1083782	
505913	1089405	
505913	1089556	
505913	1107521	
505913	1118022	
505913	1122349	
505913	1129583	
505913	1129636	
505913	1129642	
505913	1129714	
505913	1130701	
505913	1131139	
505913	1133220	
505913	1133231	
505913	1133262	
505913	1133272	
505913	1133366	
505913	1133400	
505913	1133420	
505913	1133437	
505913	1133497	
505913	1133589	
505913	1133609	
505913	1135388	
505913	1145932	
505913	1157375	
505913	1166411	
505913	1169470	
505913	1171666	
505913	1174396	
505913	1190393	
505913	1191426	
505913	1192526	
505913	1202419	
505913	1206968	
505913	1211042	
505913	1211073	
505913	1211084	
505913	1212745	
505913	1216043	
505913	1216251	
505913	1220514	
505913	1220776	
505913	1229561	
505913	1231152	
505913	1237469	
505913	1238218	
505913	1249753	
505913	1267621	
505913	1270898	
505913	1271670	
505913	1273248	
505913	1277746	
505913	1278256	
505913	1278358	
505913	1278390	
505913	1280311	
505913	1284315	
505913	1301553	
505913	1302260	
505913	1303433	
505913	1307972	
505913	1316960	
505913	1317867	
505913	1321063	
505913	1325435	
505913	1328229	
505913	1330740	
505913	1334663	
505913	1338895	
505913	1348571	
505913	1348793	
505913	1361048	
505913	1361540	
505913	1361829	
505913	1363023	
505913	1363662	
505913	1365978	
505913	1367866	
505913	1368452	
505913	1387323	
505913	1388592	
505913	1391808	
505913	1395329	
505913	1395612	
505913	1412061	
505913	1423026	
505913	1423211	
505913	1428160	
505913	1442079	
505913	1442827	
505913	1443711	
505913	1443960	
505913	1449252	
505913	1465297	
505913	1482588	
505913	1484590	
505913	1484620	
505913	1486987	
505913	1490717	
505913	1493887	
505913	1499816	
505913	1514961	
505913	1520916	
505913	1521004	
505913	1525460	
505913	1530418	
505913	1560613	
505913	1561131	
505913	1564110	
505913	1564767	
505913	1579353	
505913	1585936	
505913	1594984	
505913	1602399	
505913	1615570	
505913	1625869	
505913	1628509	
505913	1644490	
505913	1656781	
505913	1666467	
505913	1668165	
505913	1668480	
505913	1671947	
505913	1673255	
505913	1683117	
505913	1685417	
505913	1688853	
505913	1694908	
505913	1700786	
505913	1707566	
505913	1707599	
505913	1718544	
505913	1725337	
505913	1728549	
505913	1737308	
505913	1740344	
505913	1741660	
505913	1741742	
505913	1761939	
505913	1772699	
505913	1773374	
505913	1780631	
505913	1802780	
505913	1809066	
505913	1810097	
505913	1821561	
505913	1821623	
505913	1825741	
505913	1837457	
505913	1849642	
505913	1850749	
505913	1854217	
505913	1865783	
505913	1868814	
505913	1870869	
505913	1872666	
505913	1874501	
505913	1882929	
505913	1905774	
505913	1910913	
505913	1911330	
505913	1937384	
505913	1939509	
505913	1939661	
505913	1943269	
505913	1950195	
505913	2070603	
505913	2078266	
505913	2102480	
505913	2124338	
505913	2139769	
505913	2141634	
505913	2142691	
505913	2143334	
505913	2146895	
505913	2175531	
505913	2175810	
505913	2234078	
505913	2264282	
505913	2306721	
505913	2342604	
505913	2379229	
505913	2427656	
505913	2428279	
505913	2429254	
505913	2498437	
505913	2499242	
505913	2502779	
505913	2517103	
505913	2525488	
505913	2549366	
505913	2560948	
505913	2572801	
505913	2593020	
505913	2603953	
505913	2626259	
505913	2627562	
505913	2643336	
505913	2646326	
505913	2654972	
505913	2658447	
505913	2660781	
505913	2663278	
505913	2663882	
505913	2666331	
505913	2668728	
505913	2669541	
505913	2680181	
505913	2680320	
505913	2683625	
505913	2686102	
505913	2686866	
505913	2739983	
505913	2740027	
505913	2742923	
505913	2745102	
505913	2812135	
505913	2839368	
505913	2884321	
505913	2884416	
505913	2910544	
505913	3023773	
505913	3056684	
505913	3057008	
505913	3066101	
505914	1129955	
505914	1133385	
505914	1133473	
505914	1180615	
505914	1361048	
505914	1361540	
505914	1482588	
505914	1673255	
505914	1694908	
505914	1755692	
505914	2741261	
505917	1133457	
505917	1133473	
505917	1133527	
505917	1133599	
505917	1133646	
505917	1180615	
505917	1194399	
505917	1307972	
505917	2137234	
506593	1361540	
513314	568007	
513314	568008	
513314	636045	
513314	754293	
513314	765793	
513314	831494	
513314	837312	
513314	864295	
513314	864460	
513314	871813	
513314	883562	
513314	883626	
513314	883634	
513314	883637	
513314	888853	
513314	904414	
513314	980538	
513314	988959	
513314	991154	
513314	998835	
513314	999442	
513314	1007586	
513314	1024708	
513314	1025537	
513314	1027746	
513314	1040468	
513314	1042136	
513314	1042865	
513314	1044102	
513314	1045743	
513314	1046557	
513314	1048702	
513314	1058775	
513314	1076173	
513314	1082741	
513314	1086738	
513314	1094158	
513314	1099838	
513314	1107515	
513314	1128463	
513314	1134403	
513314	1155491	
513314	1160058	
513314	1163006	
513314	1167005	
513314	1170231	
513314	1177729	
513314	1186643	
513314	1187344	
513314	1187621	
513314	1190346	
513314	1194273	
513314	1194753	
513314	1219492	
513314	1223512	
513314	1226235	
513314	1239893	
513314	1239960	
513314	1247449	
513314	1266874	
513314	1268302	
513314	1268344	
513314	1273255	
513314	1277980	
513314	1279590	
513314	1280149	
513314	1283139	
513314	1285507	
513314	1322930	
513314	1327955	
513314	1328401	
513314	1331855	
513314	1334110	
513314	1341580	
513314	1351079	
513314	1360504	
513314	1376771	
513314	1377007	
513314	1382273	
513314	1385541	
513314	1388790	
513314	1391165	
513314	1411721	
513314	1420305	
513314	1425023	
513314	1427699	
513314	1433406	
513314	1439187	
513314	1460712	
513314	1477885	
513314	1487014	
513314	1489381	
513314	1505908	
513314	1515053	
513314	1521497	
513314	1523847	
513314	1542292	
513314	1543469	
513314	1547005	
513314	1564471	
513314	1565018	
513314	1576261	
513314	1584846	
513314	1610132	
513314	1610366	
513314	1613017	
513314	1616049	
513314	1618959	
513314	1623671	
513314	1624541	
513314	1656336	
513314	1657845	
513314	1669475	
513314	1670420	
513314	1671657	
513314	1674469	
513314	1674725	
513314	1675455	
513314	1676232	
513314	1682497	
513314	1685758	
513314	1707348	
513314	1707526	
513314	1707818	
513314	1710889	
513314	1720146	
513314	1721120	
513314	1729716	
513314	1734191	
513314	1735365	
513314	1738387	
513314	1764384	
513314	1784537	
513314	1785838	
513314	1788754	
513314	1788970	
513314	1793876	
513314	1795557	
513314	1797911	
513314	1818446	
513314	1821355	
513314	1832567	
513314	1841258	
513314	1861259	
513314	1938457	
513314	1942512	
513314	2084928	
513314	2088037	
513314	2092856	
513314	2102305	
513314	2111309	
513314	2116194	
513314	2116347	
513314	2119816	
513314	2121025	
513314	2131890	
513314	2135325	
513314	2139616	
513314	2143259	
513314	2143279	
513314	2143432	
513314	2147269	
513314	2285234	
513314	2328678	
513314	2337375	
513314	2363019	
513314	2433439	
513314	2465894	
513314	2510575	
513314	2562265	
513314	2562272	
513314	2594487	
513314	2596579	
513314	2646323	
513314	2646624	
513314	2657598	
513314	2663134	
513314	2677623	
513314	2689381	
513314	2692949	
513314	2740710	
513314	2740837	
513314	2741602	
513314	2758327	
513314	2776371	
513314	2787245	
513314	2839689	
513314	2840196	
513314	2843062	
513314	2882436	
513314	2923441	
513314	2960292	
513314	2960294	
513314	2960302	
513314	2960315	
513314	2960344	
513314	2960354	
513314	2960359	
513314	2960395	
513314	2960406	
513314	2960429	
513314	2960438	
513314	2960450	
513314	2960451	
513314	2960454	
513314	2960522	
513314	2960533	
513314	2960535	
513314	2960569	
513314	2960579	
513314	2960583	
513314	3001675	
513314	3009202	
513314	3011096	
513314	3069744	
511216	1742871	
511342	1170876	
509795	1946765	
511198	1326258	
514574	1361540	
526406	992747	
526406	1129955	
526406	1133220	
526406	1133385	
526406	1133527	
526406	1133646	
526406	1194399	
526406	1392180	
526406	1482588	
526406	1673255	
526406	1694908	
526406	1709294	
526406	1854217	
526406	1946765	
526411	1133457	
526411	1133646	
526411	1392180	
526411	1482588	
526411	1577978	
526411	2543202	
526415	992747	
526415	1129955	
526415	1133220	
526415	1133483	
526415	1133527	
526415	1133534	
526415	1133544	
526415	1133584	
526415	1133646	
526415	1474992	
526415	1482588	
526415	1673255	
526415	1694908	
526415	1854217	
526415	2137234	
526456	1694908	
526457	1482588	
526457	1709294	
526457	1761939	
526459	1133527	
526459	1133646	
526459	1694908	
526459	1854217	
526459	2137234	
526460	1133220	
526460	1482588	
526460	1673255	
526460	1694908	
526460	1761939	
526460	1854217	
526486	1133220	
526486	1133527	
526486	1392180	
526486	1577978	
526509	1133527	
526509	1482588	
526509	1673255	
526509	1694908	
526509	1761939	
526510	1129955	
526510	1133527	
526510	1133646	
526510	1251532	
526510	1361540	
526510	1482588	
526510	1673255	
526510	1694908	
526510	1854217	
526511	992747	
526511	1129955	
526511	1133220	
526511	1133385	
526511	1133457	
526511	1482588	
526511	1673255	
526511	1694908	
526511	1946765	
526549	1742871	
533759	1326258	
533760	1133220	
533783	1709294	
533812	1137580	
533812	1170876	
533820	2554527	
533890	1742871	
533904	778149	
533907	1184322	
534022	1482588	
534042	1302024	
534097	1184322	
534110	2543202	
534125	1326258	
534184	1600793	
534193	1307972	
534193	1361752	
534193	1880166	
534194	1137876	
534229	2543202	
534312	1742871	
534945	1593604	
547876	1271798	
551817	1271798	
557566	1038133	
557873	1423211	
557873	2599261	
559912	1133220	
560100	1018437	
560100	1481790	
560343	1326258	
560450	2554527	
560534	1133550	
568008	831494	
571357	1038133	
571357	1133598	
598928	1133527	
598999	1481790	
604623	1624535	
648312	1044128	
641981	1742871	
642061	1137876	
642072	1133334	
642133	1369466	
642601	1369466	
642609	1549108	
651046	992747	
659893	1549108	
668441	992747	
662171	1742871	
675559	992747	
675559	1271798	
675606	1044128	
676419	1361752	
676430	1423211	
681207	2088526	
681586	1249444	
708481	1133199	
708485	2554527	
701227	2640440	
695626	1369466	
703484	1361540	
698447	1044128	
714701	1133334	
714701	1404234	
724833	2741261	
724863	2741261	
724865	1318375	
724921	1369466	
724953	1133220	
725015	1423211	
725068	1184322	
725122	1170876	
725200	1326258	
725240	1865977	
725541	1709294	
733051	992747	
733051	1133220	
733051	1194399	
733051	1361540	
733051	1694908	
733051	1709294	
733051	1946765	
729790	1133538	
729905	1534801	
729938	1369466	
730347	1133538	
735158	1302024	
722838	1326258	
722995	1133381	
723483	1170876	
723534	1549108	
723580	1577978	
723604	1137580	
734681	1326258	
734717	1326258	
734741	1133220	
734746	1302024	
734809	1302024	
734809	1369466	
734943	1549108	
727316	1133199	
734387	1133195	
733032	1133334	
738856	1060450	
737593	1481790	
745654	1600793	
754293	1249444	
758154	2640440	
765792	1059805	
765793	2776512	
783950	1170876	
775213	1624535	
775321	1549108	
775462	1133199	
775681	831494	
776448	2088526	
778047	1059805	
778101	1133646	
778149	988034	
778149	989282	
778149	1004452	
778149	1007673	
778149	1011007	
778149	1011506	
778149	1011735	
778149	1012247	
778149	1012754	
778149	1017524	
778149	1024859	
778149	1028474	
778149	1032111	
778149	1033378	
778149	1036928	
778149	1037911	
778149	1039446	
778149	1046321	
778149	1048161	
778149	1053202	
778149	1057042	
778149	1057414	
778149	1057421	
778149	1064812	
778149	1065937	
778149	1067306	
778149	1067549	
778149	1069290	
778149	1070933	
778149	1078093	
778149	1078586	
778149	1084341	
778149	1093465	
778149	1093482	
778149	1093760	
778149	1105433	
778149	1107478	
778149	1111528	
778149	1121245	
778149	1121619	
778149	1125119	
778149	1127426	
778149	1130160	
778149	1133620	
778149	1136323	
778149	1137580	
778149	1141823	
778149	1144251	
778149	1148903	
778149	1153161	
778149	1162096	
778149	1163919	
778149	1164641	
778149	1175184	
778149	1192228	
778149	1193373	
778149	1193566	
778149	1193739	
778149	1193755	
778149	1194508	
778149	1212060	
778149	1215165	
778149	1216179	
778149	1220678	
778149	1223076	
778149	1228463	
778149	1228990	
778149	1238218	
778149	1239692	
778149	1250597	
778149	1253126	
778149	1264118	
778149	1264980	
778149	1267094	
778149	1268564	
778149	1278321	
778149	1282655	
778149	1283678	
778149	1291555	
778149	1298284	
778149	1304256	
778149	1305156	
778149	1309967	
778149	1314204	
778149	1314213	
778149	1314214	
778149	1318696	
778149	1325784	
778149	1326712	
778149	1331723	
778149	1332617	
778149	1334027	
778149	1335453	
778149	1335763	
778149	1340448	
778149	1342306	
778149	1345275	
778149	1361111	
778149	1366082	
778149	1370446	
778149	1375873	
778149	1378356	
778149	1379486	
778149	1379973	
778149	1392662	
778149	1412909	
778149	1415532	
778149	1437875	
778149	1440515	
778149	1456770	
778149	1457802	
778149	1459228	
778149	1460458	
778149	1464029	
778149	1470561	
778149	1479307	
778149	1480726	
778149	1482027	
778149	1483731	
778149	1525741	
778149	1531322	
778149	1534894	
778149	1540726	
778149	1550712	
778149	1551533	
778149	1553405	
778149	1554784	
778149	1554885	
778149	1574229	
778149	1579143	
778149	1593241	
778149	1595500	
778149	1596747	
778149	1599460	
778149	1610064	
778149	1612445	
778149	1612548	
778149	1612913	
778149	1628279	
778149	1629862	
778149	1632872	
778149	1633058	
778149	1633667	
778149	1633735	
778149	1636875	
778149	1639320	
778149	1652443	
778149	1654254	
778149	1656157	
778149	1676490	
778149	1682267	
778149	1682286	
778149	1690473	
778149	1693243	
778149	1703524	
778149	1707456	
778149	1714840	
778149	1715924	
778149	1724337	
778149	1729896	
778149	1730766	
778149	1737499	
778149	1745022	
778149	1746314	
778149	1751915	
778149	1752899	
778149	1755472	
778149	1757760	
778149	1787432	
778149	1788003	
778149	1804159	
778149	1816621	
778149	1822578	
778149	1835293	
778149	1838916	
778149	1846125	
778149	1848119	
778149	1849296	
778149	1851521	
778149	1853332	
778149	1853495	
778149	1854982	
778149	1858621	
778149	1862208	
778149	1870041	
778149	1880412	
778149	1903670	
778149	1941547	
778149	1955787	
778149	1992844	
778149	2060143	
778149	2078698	
778149	2079384	
778149	2084907	
778149	2086718	
778149	2091145	
778149	2097577	
778149	2097763	
778149	2097929	
778149	2098200	
778149	2099119	
778149	2099130	
778149	2099132	
778149	2099137	
778149	2099138	
778149	2099146	
778149	2099155	
778149	2099166	
778149	2099173	
778149	2099184	
778149	2099191	
778149	2099192	
778149	2099193	
778149	2099195	
778149	2099201	
778149	2099208	
778149	2099212	
778149	2099216	
778149	2099220	
778149	2099225	
778149	2099227	
778149	2099231	
778149	2099235	
778149	2099243	
778149	2099247	
778149	2099257	
778149	2099265	
778149	2099267	
778149	2099270	
778149	2099274	
778149	2099282	
778149	2099302	
778149	2099303	
778149	2099305	
778149	2099306	
778149	2099313	
778149	2099326	
778149	2102010	
778149	2108879	
778149	2109006	
778149	2109127	
778149	2110212	
778149	2111309	
778149	2113329	
778149	2113340	
778149	2113519	
778149	2113599	
778149	2133872	
778149	2136816	
778149	2145646	
778149	2228599	
778149	2284871	
778149	2284886	
778149	2334213	
778149	2433460	
778149	2433862	
778149	2495407	
778149	2502738	
778149	2530098	
778149	2542669	
778149	2596959	
778149	2599844	
778149	2606569	
778149	2648917	
778149	2652512	
778149	2660853	
778149	2686069	
778149	2743266	
778149	2751446	
778149	2818651	
778149	2824122	
778149	3024122	
778228	1038133	
778275	1044128	
778612	1369466	
778670	1133381	
779008	1302024	
779129	2554527	
779835	1044128	
800801	1133195	
795550	1133620	
799611	1369466	
799969	1137876	
795865	1392180	
795905	1302024	
795943	1770207	
798942	2543202	
804117	1361540	
806744	1133585	
806877	2640440	
810567	1133599	
818313	1361540	
819617	1184322	
824757	1788956	
824867	1788956	
824962	1423211	
823128	1133195	
830543	1369466	
831225	1044128	
831227	1549108	
831269	1302024	
831279	1170876	
831327	1134418	
831494	864295	
831494	864555	
831494	883626	
831494	1002433	
831494	1006012	
831494	1006669	
831494	1010768	
831494	1018890	
831494	1039173	
831494	1043550	
831494	1045898	
831494	1046207	
831494	1046904	
831494	1049329	
831494	1050995	
831494	1058723	
831494	1061231	
831494	1062527	
831494	1074546	
831494	1089748	
831494	1099736	
831494	1107637	
831494	1107910	
831494	1110438	
831494	1143237	
831494	1164878	
831494	1169101	
831494	1182216	
831494	1182701	
831494	1184823	
831494	1187458	
831494	1188131	
831494	1190346	
831494	1210724	
831494	1213171	
831494	1216384	
831494	1222331	
831494	1226615	
831494	1237810	
831494	1242887	
831494	1245096	
831494	1249198	
831494	1249444	
831494	1249795	
831494	1262375	
831494	1268344	
831494	1273255	
831494	1276283	
831494	1280340	
831494	1281212	
831494	1281309	
831494	1283139	
831494	1293026	
831494	1297006	
831494	1304069	
831494	1315867	
831494	1316630	
831494	1317716	
831494	1328927	
831494	1370173	
831494	1382273	
831494	1385541	
831494	1392046	
831494	1397873	
831494	1425023	
831494	1451174	
831494	1451843	
831494	1453537	
831494	1486871	
831494	1488372	
831494	1488538	
831494	1524904	
831494	1535705	
831494	1545057	
831494	1547053	
831494	1552874	
831494	1564471	
831494	1609108	
831494	1611775	
831494	1616508	
831494	1641493	
831494	1656336	
831494	1665568	
831494	1667590	
831494	1668279	
831494	1674469	
831494	1675455	
831494	1682497	
831494	1682611	
831494	1684576	
831494	1685491	
831494	1702172	
831494	1707526	
831494	1709218	
831494	1711046	
831494	1730116	
831494	1740276	
831494	1740610	
831494	1755777	
831494	1764384	
831494	1788874	
831494	1788952	
831494	1792864	
831494	1796196	
831494	1799795	
831494	1811154	
831494	1815183	
831494	1818819	
831494	1825107	
831494	1835274	
831494	1836423	
831494	1841258	
831494	1855970	
831494	1866023	
831494	1878988	
831494	1938457	
831494	1943947	
831494	1950889	
831494	2068230	
831494	2080579	
831494	2107085	
831494	2116535	
831494	2123404	
831494	2123446	
831494	2123449	
831494	2123459	
831494	2123512	
831494	2123534	
831494	2123539	
831494	2123552	
831494	2123568	
831494	2123576	
831494	2123641	
831494	2123680	
831494	2129194	
831494	2134545	
831494	2297995	
831494	2335764	
831494	2458427	
831494	2544390	
831494	2544512	
831494	2595158	
831494	2604382	
831494	2622550	
831494	2657563	
831494	2665453	
831494	2670862	
831494	2678207	
831494	2685718	
831494	2689381	
831494	2689405	
831494	2741343	
831494	2741729	
831494	2741821	
831494	2743987	
831494	2746354	
831494	2776371	
831494	2776512	
831494	2776531	
831494	2787245	
831494	2836432	
831494	2839564	
831494	2847379	
831494	2851964	
831494	2960354	
831494	2960359	
831494	2960522	
831494	2960533	
831494	2960579	
831494	2960583	
831494	3001675	
831494	3009213	
831496	1361540	
831496	1482588	
831496	1673255	
831584	1170876	
831694	2599261	
836758	1534801	
836768	1133538	
836791	2554527	
836804	1137876	
836821	1137580	
836821	1137876	
836915	1133473	
836982	2554527	
837523	1060450	
837874	1133429	
838331	1137580	
838331	1137876	
838331	1138090	
838448	2776512	
838836	1593604	
842035	992747	
843344	1044128	
864295	2776512	
864376	1133599	
864460	2776512	
862377	1481790	
863564	2640440	
870327	1133527	
870354	1038133	
870354	1133598	
879730	1318375	
879754	1170876	
879754	1326258	
879797	1600793	
879880	1600793	
883562	2776512	
883626	2776512	
888853	2776512	
888881	992747	
888881	1133220	
888881	1133527	
888881	1251532	
889674	1481790	
889694	1018437	
889694	1481790	
889703	1018437	
889703	1481790	
889703	2088526	
889704	1481790	
889707	1481790	
889757	1481790	
889771	1018437	
889771	1481790	
889789	1133381	
889804	1361540	
889804	2137234	
889804	2741261	
889811	1018437	
889811	2088526	
889818	2088526	
889854	1018437	
889854	1481790	
889868	1018437	
889872	1018437	
889872	1481790	
889880	1481790	
889895	1018437	
889899	1018437	
889899	1481790	
889899	2088526	
889906	1018437	
889906	1481790	
889907	1018437	
889943	1481790	
889962	2741261	
889975	1138090	
890021	1018437	
890028	2088526	
890110	1018437	
890132	1318375	
890133	1018437	
890141	1133527	
890153	1018437	
890153	1481790	
890157	1481790	
890161	1481790	
890172	1481790	
890219	1018437	
890219	1481790	
890222	1018437	
890222	1481790	
890238	1481790	
890243	1018437	
890243	1481790	
890262	1481790	
890262	2088526	
890273	1018437	
890273	1481790	
890286	1018437	
890336	1481790	
890343	1481790	
890343	2088526	
890347	1018437	
890347	1481790	
890348	1481790	
890363	1018437	
890363	1481790	
890369	1018437	
890373	1302024	
890374	2088526	
890419	1481790	
890422	1018437	
890422	1481790	
893409	1534801	
893530	1038133	
899962	1133220	
899962	1133334	
899962	1361540	
899962	1577978	
899978	1624535	
900071	1585200	
900213	1249444	
909225	1326258	
909338	992747	
907159	1423211	
907187	1577978	
907484	1318375	
928106	1133195	
930093	1133220	
941565	1133646	
947304	1133195	
947550	1369466	
953807	2554527	
978563	1223992	
970156	1038133	
970315	1302024	
970483	2640440	
970506	1044128	
970559	1038133	
970922	1038133	
970982	1038133	
973155	1302024	
973221	1326258	
973419	1423211	
973458	1137580	
973462	1137876	
973633	1137876	
973639	1133195	
973645	1369466	
973830	1137876	
973860	2335012	
973979	1369466	
974027	1044128	
977789	1059805	
978261	1133367	
980225	2543202	
980227	1742871	
980231	1369466	
980252	1184322	
980252	1549108	
980255	1137580	
980267	1133367	
980267	1946765	
980276	1549108	
980291	1133220	
980306	1133334	
980341	1369466	
980396	1184322	
980403	1369466	
980412	1170876	
980494	1184322	
980669	1184322	
980702	1788956	
979691	1593604	
984581	2640440	
985595	1742871	
987413	1038133	
987431	1038133	
987779	1134418	
1088492	1308085	
990319	1038133	
990319	1133347	
998761	1133347	
1006507	1534801	
1017680	1133347	
1037591	1534801	
1121160	1534801	
997742	1038133	
997742	1133427	
997742	1223992	
1075018	1133220	
987799	1038133	
987799	1230847	
987911	1038133	
988117	1170876	
990730	992747	
998285	1038133	
998437	1038133	
998527	1038133	
998556	1038133	
987520	1482588	
987696	1170876	
987847	1326258	
987880	1593604	
987936	1137580	
988179	1044128	
1053690	1308085	
988985	992747	
990789	992747	
1035201	1361752	
1056670	1709294	
1119496	1709294	
1119504	1788956	
1119541	2554527	
1119585	1788956	
1119612	1788956	
1119633	1788956	
1119679	1788956	
1119776	1624535	
1119839	2554527	
1119886	1788956	
995926	1133381	
995952	1138090	
996131	1044128	
989282	1624535	
990847	992747	
990871	992747	
990871	1308085	
990937	1326258	
991011	992747	
991036	992747	
991322	992747	
991334	992747	
991402	992747	
991619	992747	
991622	992747	
991632	1134418	
991659	1134418	
991667	992747	
991739	992747	
991794	992747	
991810	992747	
991850	992747	
991888	992747	
991919	992747	
992235	1593604	
995040	1133367	
998964	1534801	
999673	1361752	
1006513	1038133	
1009432	1038133	
1009696	1133220	
1009696	1133385	
1009696	1133527	
1009696	1134418	
1009696	1251532	
1009696	1307972	
1009696	1423211	
1009696	1482588	
1009696	1577978	
1009696	1673255	
1009696	1709294	
1009696	1946765	
1009696	2543202	
1011475	1534801	
1011708	1133538	
1012271	1361752	
1012561	1624535	
1037540	1134418	
1059892	1534801	
1063230	1302024	
1064402	1137580	
1103120	1481790	
1103214	1302024	
1103231	1549108	
1103244	1133220	
1103290	1549108	
1103455	1481790	
1103455	2088526	
1103703	1134418	
1103730	1184322	
1104039	1788956	
1104137	2088526	
1104157	1369466	
1104161	2543202	
992080	2554527	
992334	1038133	
992632	992747	
992799	1230847	
1000191	1423211	
1011470	1044128	
1011489	1134418	
1034337	1308085	
1041100	1302024	
1172305	1326258	
1172323	2554527	
990946	992747	
991174	1038133	
994738	1423211	
1000740	1038133	
1002189	1038133	
1004843	2741261	
1017320	1184322	
1019423	1600793	
1021144	1038133	
1039660	1369466	
1045458	1133195	
1064596	1593604	
1064638	1369466	
1064742	1593604	
1064742	1788956	
1064742	2595236	
1064771	2554527	
1064805	1549108	
1065033	2137234	
1065043	1474992	
1065797	1770207	
1065802	1770207	
1065954	1593604	
1066119	2599261	
1066119	2741261	
1066153	1170876	
1066332	1170876	
1066379	2554527	
1066486	2335012	
1066566	1137876	
1066883	1369466	
1066959	1133381	
1067060	1534801	
1067189	1129955	
1067189	1133330	
1067189	1133341	
1067189	1133457	
1067189	1133484	
1067189	1133598	
1067189	1308085	
1067189	2137234	
1067189	2512106	
1067189	2543202	
1067189	2599261	
1067425	2554527	
1067439	1423211	
1067632	1600793	
1067743	1133350	
1067743	1308085	
1067956	1133334	
1067973	1129955	
1067973	1133210	
1067973	1133220	
1067973	1133255	
1067973	1133385	
1067973	1133457	
1067973	1133473	
1067973	1133527	
1067973	1133646	
1067973	1134418	
1067973	1423211	
1067973	1474992	
1067973	1482588	
1067973	1593604	
1067973	1673255	
1067973	1694908	
1067973	1761939	
1067973	1854217	
1067973	1946765	
1068172	1742871	
1068220	1170876	
1068754	1134418	
1068864	2554527	
1068873	1318375	
1068876	1133527	
1069120	1133347	
1038749	1593604	
1038762	1184322	
991531	992747	
1005579	2554527	
1005587	1326258	
1005717	2554527	
990340	992747	
990466	1423211	
990487	1133220	
990487	1133646	
990523	1624535	
990544	1423211	
990598	1423211	
990928	992747	
991914	1044128	
994174	1133473	
994371	1369466	
994381	1044128	
994872	1044128	
994899	1044128	
994912	1709294	
994986	1044128	
995139	1044128	
989554	992747	
1219656	1481790	
1219816	2554527	
1220447	1423211	
989225	1038133	
990733	992747	
990787	992747	
990918	992747	
990925	992747	
990935	992747	
990989	992747	
991042	992747	
991045	992747	
991186	992747	
991248	992747	
991412	992747	
991443	992747	
991493	992747	
991501	992747	
991524	992747	
991585	992747	
991616	2554527	
991664	1133527	
991668	992747	
991713	992747	
991723	992747	
991750	1307972	
991769	992747	
991780	992747	
991896	992747	
991926	992747	
991970	992747	
992092	2088526	
992141	1179024	
992180	2554527	
992197	2741261	
992227	1624535	
992303	1170876	
992312	1038133	
992348	1170876	
992361	1038133	
992427	1038133	
992428	1307972	
992470	992747	
992661	1137876	
992724	1044128	
992747	992866	
992747	995642	
992747	1000082	
992747	1000168	
992747	1004144	
992747	1007834	
992747	1008406	
992747	1011689	
992747	1022010	
992747	1022347	
992747	1024941	
992747	1028234	
992747	1032937	
992747	1036947	
992747	1037200	
992747	1037278	
992747	1037366	
992747	1037367	
992747	1037644	
992747	1045273	
992747	1046091	
992747	1048858	
992747	1052486	
992747	1055221	
992747	1055723	
992747	1057805	
992747	1080260	
992747	1080918	
992747	1081077	
992747	1081253	
992747	1094431	
992747	1117789	
992747	1119831	
992747	1122332	
992747	1122425	
992747	1128295	
992747	1129265	
992747	1129518	
992747	1129955	
992747	1130683	
992747	1133196	
992747	1133220	
992747	1133404	
992747	1133420	
992747	1133488	
992747	1133497	
992747	1133610	
992747	1133638	
992747	1144704	
992747	1144775	
992747	1153354	
992747	1153419	
992747	1154623	
992747	1160843	
992747	1214924	
992747	1221956	
992747	1224377	
992747	1226136	
992747	1233549	
992747	1239311	
992747	1247768	
992747	1301553	
992747	1303433	
992747	1307650	
992747	1319470	
992747	1337152	
992747	1345826	
992747	1346376	
992747	1348571	
992747	1363023	
992747	1363662	
992747	1370780	
992747	1378675	
992747	1395674	
992747	1402085	
992747	1415539	
992747	1423490	
992747	1427683	
992747	1428659	
992747	1428891	
992747	1434338	
992747	1444605	
992747	1444668	
992747	1450150	
992747	1461811	
992747	1472109	
992747	1482588	
992747	1486987	
992747	1527181	
992747	1530418	
992747	1544728	
992747	1545931	
992747	1548732	
992747	1563661	
992747	1564110	
992747	1564767	
992747	1578264	
992747	1589078	
992747	1596272	
992747	1597769	
992747	1601302	
992747	1608134	
992747	1619788	
992747	1623654	
992747	1625895	
992747	1639593	
992747	1646884	
992747	1673255	
992747	1694908	
992747	1704906	
992747	1705808	
992747	1709294	
992747	1711137	
992747	1715958	
992747	1720509	
992747	1732515	
992747	1733170	
992747	1738571	
992747	1747698	
992747	1784513	
992747	1784993	
992747	1828078	
992747	1880166	
992747	1924358	
992747	1943269	
992747	1946351	
992747	1946765	
992747	2031660	
992747	2172430	
992747	2337619	
992747	2427871	
992747	2525293	
992747	2560948	
992747	2560982	
992747	2593020	
992747	2620017	
992747	2620092	
992747	2626276	
992747	2626523	
992747	2654270	
992747	2765770	
992747	2841032	
992747	2849020	
992747	2978683	
992747	3057007	
992881	1038133	
995315	1534801	
998908	1230847	
999440	1133527	
999440	1369466	
999578	1593604	
1002539	2640440	
1002641	1534801	
1003213	1361540	
1003624	1133334	
1003624	1133381	
1003624	1133457	
1003624	1133527	
1003624	1134418	
1003624	1694908	
1003624	1755692	
1003624	1761939	
1003624	1854217	
1004123	1184322	
1005963	1133220	
1006055	1302024	
1006448	1137580	
1006551	1038133	
1006592	1318375	
1006631	1044128	
1006690	1318375	
1006699	1549108	
1006844	2554527	
1006885	1624535	
1006960	1137580	
1006978	1308085	
1007232	1184322	
1007262	2554527	
1007266	1133195	
1007299	1770207	
1007401	1761939	
1007401	1946765	
1007671	1170876	
1007676	1170876	
1007834	1137580	
1008002	1624535	
1008026	2554527	
1008093	1600793	
1008138	1361752	
1008203	1302024	
1008207	2554527	
1008237	1481790	
1008247	1326258	
1008365	1137580	
1008434	1549108	
1008467	1880166	
1008501	1138090	
1008571	1137876	
1008576	1308085	
1008614	1549108	
1008695	1534801	
1008704	1044128	
1008773	1361752	
1008827	1326258	
1008996	2554527	
1009057	1170876	
1009078	1038133	
1009105	1038133	
1009224	1318375	
1009272	1600793	
1009423	1742871	
1009462	1038133	
1009634	1302024	
1009648	1133220	
1009723	2776512	
1009746	1038133	
1009787	1308085	
1009817	1133220	
1009817	1133385	
1009817	1133527	
1009817	1134418	
1009817	1361540	
1009817	1392180	
1009817	1423211	
1009817	1474992	
1009817	1482588	
1009817	1673255	
1009817	1854217	
1009817	1946765	
1009833	1137876	
1009859	1423211	
1009997	1534801	
1010057	1038133	
1010404	1770207	
1010440	1326258	
1010456	1361752	
1010486	1307972	
1010572	1369466	
1010619	1307972	
1010619	1534801	
1010730	2543202	
1010737	2554527	
1010762	1038133	
1010862	1060450	
1010931	1133367	
1010969	1038133	
1011100	1251532	
1011177	1180615	
1011269	1133457	
1011269	1133544	
1011269	1423211	
1011269	1549043	
1011269	1761939	
1011269	1854217	
1011269	1946765	
1011466	1326258	
1011478	1137580	
1011620	1038133	
1011655	1318375	
1011741	1534801	
1011800	1038133	
1011816	2776512	
1011876	1134418	
1011913	1788956	
1011969	1194399	
1012100	1326258	
1012180	1038133	
1012208	1038133	
1012286	2554527	
1012290	1361540	
1012307	1326258	
1012356	1624535	
1012425	1600793	
1012459	1038133	
1012554	1133367	
1012558	2554527	
1012680	1133220	
1012680	1133581	
1012790	1133347	
1012996	1184322	
1013116	1318375	
1013216	1038133	
990762	992747	
991162	992747	
991761	992747	
991971	992747	
995688	2554527	
999501	1788956	
999902	1137580	
1003370	1534801	
1014988	1184322	
1024616	1170876	
1024685	1308085	
1024743	1534801	
1025000	1038133	
1025022	1593604	
1025024	1307972	
1025033	1709294	
1025037	2776512	
1025068	1133220	
1025079	1129955	
1025079	1133381	
1025079	1133415	
1025079	1133416	
1025079	1133527	
1025079	1133581	
1025079	1133585	
1025079	1361540	
1025079	1474992	
1025079	1482588	
1025079	1549043	
1025079	1593604	
1025079	1673255	
1025079	1694908	
1025079	1946765	
1025171	1755692	
1025178	2554527	
1025180	1194399	
1025216	1534801	
1025228	1133220	
1025228	1133646	
1025320	1534801	
1025454	1361752	
1025482	1534801	
1025506	1361048	
1025838	1481790	
1026008	1184322	
1026059	1170876	
1026117	2640440	
1026429	1038133	
1026429	1133598	
1026826	1326258	
1026846	1133249	
1026846	1133483	
1026846	1361048	
1026903	1624535	
1026918	1361752	
1026966	1133473	
1027056	1134418	
1027299	2595236	
1027326	1880166	
1027371	1369466	
1027468	1307972	
1027499	1180615	
1027573	1137876	
1027598	1534801	
1027779	1534801	
1027968	2554527	
1028275	1271798	
1028464	2554527	
1028722	1044128	
1028868	2640440	
1028877	1361540	
1028970	2554527	
1029053	1423211	
1029072	1369466	
1029114	1133334	
1029444	1133527	
1029894	1307972	
1029986	1788956	
1030151	1946765	
1030236	2554527	
1030381	1137580	
1030459	1302024	
1030472	1170876	
1030489	1133347	
1030838	1134418	
1030958	1361752	
1031007	1423211	
1031756	1038133	
1031879	1361752	
1033120	1137876	
1033262	1038133	
1033282	1593604	
1034013	1133220	
986961	2554527	
990728	992747	
990938	992747	
991129	992747	
991188	992747	
991196	992747	
991309	992747	
991315	992747	
991358	992747	
991394	992747	
991503	992747	
991623	992747	
991694	992747	
991709	992747	
991799	992747	
991804	992747	
991822	992747	
991825	992747	
991849	992747	
991852	992747	
991863	992747	
991892	992747	
991930	992747	
1000168	1742871	
1004403	1133473	
1014044	1593604	
1018132	1184322	
1037167	1133347	
1037506	1481790	
1037642	1038133	
995357	1534801	
1003422	1308085	
998766	1369466	
998834	1673255	
998886	1326258	
998966	1880166	
999068	1326258	
999088	1369466	
999091	1137876	
999189	1326258	
999274	1694908	
1003555	1534801	
1004248	1038133	
1004502	2554527	
1004526	1038133	
1018274	1133347	
1018762	1184322	
1018974	1549108	
1021098	1038133	
1023757	1133347	
1034882	1133347	
1053515	1133347	
1055576	1307972	
1055579	1307972	
1070495	1133347	
1071332	1184322	
1080157	1184322	
1120290	1133347	
1123209	1133347	
1131838	1946765	
1132259	1133473	
1133408	1194399	
1158309	1534801	
1169446	1549108	
1256518	1271798	
1256777	1585200	
1257564	2554527	
1257995	1770207	
1258262	1600793	
1258335	1549108	
1258850	2554527	
1260724	2595236	
1260768	1326258	
1261615	1482588	
1261901	1600793	
992803	1133220	
999780	1133646	
999780	1392180	
999780	1423211	
999780	1482588	
999780	1709294	
999780	1946765	
999780	2543202	
999808	1369466	
999887	1133220	
999908	1133220	
999921	1133220	
1000047	1133220	
1000082	1133220	
1000082	1251532	
1000082	1392180	
1000082	1482588	
1000082	1577978	
1000109	1369466	
1000147	1133220	
1000217	1133220	
990905	992747	
1069728	1133550	
1069779	2554527	
1159444	1251532	
1159775	1326258	
1052589	1534801	
1092089	1423211	
1092151	1133538	
1092307	1534801	
1092482	1133538	
1092572	1133220	
1092611	1137580	
1092611	1326258	
1092686	1423211	
1102083	1600793	
1127090	1369466	
995736	1133220	
995763	1137876	
995763	1742871	
988924	992747	
988959	1302024	
1073441	1423211	
1231379	1361540	
1231500	1251532	
1232194	1549108	
1232251	1423211	
990734	992747	
990761	2554527	
990821	992747	
990850	1534801	
990852	2554527	
990958	1534801	
991087	1133334	
991087	1133527	
991087	1133544	
991087	1133646	
991087	1482588	
991087	1593604	
991087	1673255	
991087	1709294	
991087	1854217	
991109	992747	
991111	992747	
991307	992747	
991371	1134418	
991546	1038133	
991594	1133220	
991802	992747	
991842	1038133	
1050730	1624535	
1081357	1585200	
1096961	2595236	
1096962	1369466	
1096971	1534801	
1097010	2640440	
1097100	1423211	
1097121	1133220	
1097159	2640440	
1097264	1361540	
1097437	1361752	
1097521	1133527	
989903	1133334	
989171	1133347	
995502	1137580	
1003569	1038133	
1018348	1133550	
1025782	1133220	
1025949	1318375	
1026087	1133220	
1026287	1326258	
1026486	1044128	
1026513	1133538	
1026742	1624535	
1026788	1133249	
1027126	1133220	
1027208	1624535	
1027380	1481790	
1027767	1133457	
1027924	1133220	
1027924	1308085	
1027924	1361540	
1027924	1482588	
1027924	1534801	
1027924	1673255	
1027924	1694908	
1027924	1854217	
1027924	1946765	
1027924	2335012	
1029074	1133281	
1029074	1133415	
1029074	1133429	
1029074	1133457	
1029074	1133483	
1029074	1133527	
1029074	1133544	
1029144	1170876	
1029262	1481790	
1029375	1133389	
1029375	1133473	
1029481	1423211	
1029485	1044128	
1029832	1044128	
1029847	1137876	
1029876	1624535	
1030383	1742871	
1030426	1170876	
1030732	1770207	
1030856	1133473	
1030992	1133210	
1030992	1133249	
1030992	1133360	
1030992	1133381	
1030992	1133415	
1030992	1133416	
1030992	1133429	
1030992	1133457	
1030992	1133473	
1030992	1133483	
1030992	1133484	
1030992	1133527	
1030992	1133534	
1030992	1133544	
1030992	1133548	
1030992	1133581	
1030992	1133586	
1030992	1133623	
1030992	1180615	
1030992	1307972	
1030992	1423211	
1030992	1474992	
1030992	1482588	
1030992	1549043	
1030992	1593604	
1030992	1854217	
1030992	2595236	
1031127	1423211	
1031265	1133220	
1031447	1137580	
1031556	1044128	
1031568	1194399	
1031568	1392180	
1031686	1481790	
1031926	1249444	
1032167	1129955	
1032167	1133385	
1032167	1694908	
1032167	1946765	
1032484	2776512	
1032635	2670471	
1032660	1133199	
1032937	1133210	
1032937	1133385	
1032937	1133415	
1032937	1133429	
1032937	1133457	
1032937	1133527	
1032937	1133544	
1032937	1133584	
1032937	1133646	
1032937	1361540	
1032937	1474992	
1032937	1482588	
1032937	1593604	
1032937	1673255	
1032937	1854217	
1032937	2335012	
1032937	2512106	
1033048	1369466	
1033275	1038133	
1033724	1134418	
1033827	1761939	
1033844	1361752	
1034005	1369466	
988820	1326258	
988869	1318375	
1004186	1326258	
1021918	1318375	
1022257	1044128	
994220	1133473	
1023089	1133347	
1039434	1134418	
1039492	1133473	
1039715	1404234	
1040785	1694908	
1041057	1044128	
1041348	1326258	
1041623	1600793	
1041717	1044128	
1041739	2554527	
1042533	1249444	
1078024	1271798	
1090994	1423211	
1105511	1249444	
1109954	1593604	
1123292	1133538	
1123435	1742871	
1123650	1361752	
1123650	1600793	
1123905	2741261	
1123947	1170876	
1124067	1326258	
1124154	1302024	
1124184	2554527	
1124233	2554527	
1124454	1308085	
1124454	1361752	
1124454	1577978	
1124454	1880166	
1124454	2335012	
1124454	2543202	
1124550	1404234	
1125607	1137876	
1125607	1302024	
1125622	1307972	
1125917	2640440	
989222	1133347	
989222	1184322	
992142	1361540	
992172	992747	
992712	1038133	
992901	1138090	
1004737	1133365	
1004737	1761939	
1004737	1854217	
1016102	1600793	
1018901	1133381	
1018901	1133527	
1018901	1577978	
1035158	1230847	
1036358	1534801	
1077903	1249444	
1090871	1326258	
1101696	1549108	
1101754	1133365	
1102049	1230847	
1102184	1249444	
1060573	1549108	
1072663	2595236	
1073340	1788956	
1073355	1318375	
1073455	1369466	
1073470	1423211	
1186989	1549108	
1080686	1423211	
1103024	2554527	
1103328	1600793	
1103338	1585200	
1103605	1133334	
1003588	1742871	
1236735	1361752	
1051749	1249444	
1051965	1059805	
1051965	1549108	
1002039	1133347	
995249	1038133	
995391	1534801	
995410	1534801	
995456	1549108	
995460	1307972	
995488	1308085	
995607	1308085	
995616	1038133	
996698	1137876	
996746	1302024	
996746	1369466	
996761	1184322	
996783	1302024	
996791	1138090	
996793	1302024	
996857	1138090	
996866	1302024	
996911	1138090	
996916	1133195	
996930	1133334	
996931	1709294	
996948	1302024	
996959	1138090	
996967	1302024	
997005	1137580	
997005	1549108	
997028	1302024	
997032	1137876	
997091	1137876	
997091	1138090	
997130	1709294	
997137	1302024	
997141	1137876	
997141	1138090	
997175	1302024	
997225	1138090	
997274	1302024	
997300	1138090	
997308	1137580	
997308	1137876	
997316	1138090	
997325	1137876	
997325	1138090	
997364	1138090	
997396	1137876	
997396	1138090	
1079781	2554527	
1080215	1302024	
1080215	1549108	
1036548	1534801	
1036992	1038133	
1038133	1038197	
1038133	1038436	
1038133	1039747	
1038133	1039924	
1038133	1040179	
1038133	1040283	
1038133	1040454	
1038133	1041205	
1038133	1042852	
1038133	1044004	
1038133	1044278	
1038133	1044777	
1038133	1046444	
1038133	1046542	
1038133	1047580	
1038133	1050585	
1038133	1050769	
1038133	1051890	
1038133	1055207	
1038133	1056147	
1038133	1057598	
1038133	1057949	
1038133	1058197	
1038133	1058231	
1038133	1060665	
1038133	1061317	
1038133	1061882	
1038133	1062226	
1038133	1063382	
1038133	1064961	
1038133	1067659	
1038133	1067956	
1038133	1068503	
1038133	1070003	
1038133	1071686	
1038133	1077200	
1038133	1078016	
1038133	1078722	
1038133	1080268	
1038133	1081388	
1038133	1083569	
1038133	1091907	
1038133	1094776	
1038133	1099980	
1038133	1103463	
1038133	1106498	
1038133	1106770	
1038133	1106837	
1038133	1109245	
1038133	1112797	
1038133	1113330	
1038133	1118396	
1038133	1119608	
1038133	1121715	
1038133	1123202	
1038133	1127394	
1038133	1128965	
1038133	1133199	
1038133	1133225	
1038133	1133230	
1038133	1133243	
1038133	1133249	
1038133	1133254	
1038133	1133262	
1038133	1133271	
1038133	1133281	
1038133	1133312	
1038133	1133313	
1038133	1133316	
1038133	1133330	
1038133	1133341	
1038133	1133347	
1038133	1133352	
1038133	1133359	
1038133	1133360	
1038133	1133365	
1038133	1133381	
1038133	1133383	
1038133	1133389	
1038133	1133415	
1038133	1133416	
1038133	1133426	
1038133	1133427	
1038133	1133429	
1038133	1133430	
1038133	1133446	
1038133	1133451	
1038133	1133453	
1038133	1133457	
1038133	1133460	
1038133	1133470	
1038133	1133473	
1038133	1133480	
1038133	1133483	
1038133	1133484	
1038133	1133495	
1038133	1133515	
1038133	1133521	
1038133	1133527	
1038133	1133534	
1038133	1133544	
1038133	1133548	
1038133	1133576	
1038133	1133581	
1038133	1133584	
1038133	1133585	
1038133	1133586	
1038133	1133590	
1038133	1133591	
1038133	1133592	
1038133	1133596	
1038133	1133598	
1038133	1133599	
1038133	1133600	
1038133	1133619	
1038133	1133623	
1038133	1133656	
1038133	1133820	
1038133	1134886	
1038133	1137007	
1038133	1137492	
1038133	1138574	
1038133	1138624	
1038133	1139274	
1038133	1141391	
1038133	1142191	
1038133	1143465	
1038133	1143706	
1038133	1146995	
1038133	1147056	
1038133	1147185	
1038133	1148401	
1038133	1148415	
1038133	1148513	
1038133	1148644	
1038133	1151398	
1038133	1151775	
1038133	1152725	
1038133	1153427	
1038133	1158560	
1038133	1164336	
1038133	1164433	
1038133	1165044	
1038133	1165356	
1038133	1165616	
1038133	1165632	
1038133	1165886	
1038133	1166013	
1038133	1166270	
1038133	1169525	
1038133	1169678	
1038133	1173473	
1038133	1174051	
1038133	1175715	
1038133	1177404	
1038133	1177464	
1038133	1178128	
1038133	1179095	
1038133	1185982	
1038133	1187405	
1038133	1190032	
1038133	1190277	
1038133	1190989	
1038133	1194232	
1038133	1204481	
1038133	1206222	
1038133	1209851	
1038133	1214641	
1038133	1215560	
1038133	1215714	
1038133	1219273	
1038133	1220772	
1038133	1221451	
1038133	1223511	
1038133	1223522	
1038133	1226593	
1038133	1227451	
1038133	1229854	
1038133	1229919	
1038133	1233033	
1038133	1233213	
1038133	1233297	
1038133	1233620	
1038133	1238221	
1038133	1240065	
1038133	1240898	
1038133	1242196	
1038133	1243036	
1038133	1243891	
1038133	1245952	
1038133	1247930	
1038133	1248270	
1038133	1248557	
1038133	1251532	
1038133	1255101	
1038133	1256941	
1038133	1258551	
1038133	1259768	
1038133	1261049	
1038133	1261295	
1038133	1263094	
1038133	1264170	
1038133	1264949	
1038133	1270892	
1038133	1277470	
1038133	1285806	
1038133	1293234	
1038133	1293655	
1038133	1295600	
1038133	1304465	
1038133	1306734	
1038133	1308093	
1038133	1310131	
1038133	1316119	
1038133	1321283	
1038133	1325948	
1038133	1326035	
1038133	1338438	
1038133	1345357	
1038133	1346109	
1038133	1361048	
1038133	1367112	
1038133	1371462	
1038133	1376083	
1038133	1376522	
1038133	1393735	
1038133	1397273	
1038133	1397722	
1038133	1398571	
1038133	1405874	
1038133	1414962	
1038133	1417604	
1038133	1418748	
1038133	1419518	
1038133	1425569	
1038133	1425701	
1038133	1427381	
1038133	1430416	
1038133	1432919	
1038133	1452821	
1038133	1457891	
1038133	1458100	
1038133	1458496	
1038133	1458697	
1038133	1458801	
1038133	1459246	
1038133	1460189	
1038133	1460427	
1038133	1460603	
1038133	1460772	
1038133	1464265	
1038133	1467623	
1038133	1468944	
1038133	1474992	
1038133	1479089	
1038133	1483678	
1038133	1500910	
1038133	1500914	
1038133	1505979	
1038133	1521208	
1038133	1521347	
1038133	1524056	
1038133	1530185	
1038133	1541166	
1038133	1541981	
1038133	1543680	
1038133	1549043	
1038133	1559456	
1038133	1562985	
1038133	1563040	
1038133	1566976	
1038133	1576455	
1038133	1583105	
1038133	1587830	
1038133	1588745	
1038133	1590589	
1038133	1592354	
1038133	1597928	
1038133	1603682	
1038133	1607639	
1038133	1609166	
1038133	1626355	
1038133	1628432	
1038133	1629002	
1038133	1630357	
1038133	1630885	
1038133	1632578	
1038133	1638076	
1038133	1647986	
1038133	1649598	
1038133	1655252	
1038133	1662002	
1038133	1662071	
1038133	1662392	
1038133	1677087	
1038133	1677417	
1038133	1678762	
1038133	1679222	
1038133	1679550	
1038133	1682873	
1038133	1691273	
1038133	1692017	
1038133	1694532	
1038133	1694595	
1038133	1705390	
1038133	1717232	
1038133	1726471	
1038133	1730400	
1038133	1741918	
1038133	1742871	
1038133	1747593	
1038133	1747714	
1038133	1748003	
1038133	1752307	
1038133	1755692	
1038133	1763228	
1038133	1770605	
1038133	1787007	
1038133	1788477	
1038133	1796809	
1038133	1804437	
1038133	1806248	
1038133	1822941	
1038133	1837739	
1038133	1842091	
1038133	1843100	
1038133	1854952	
1038133	1874096	
1038133	1876049	
1038133	1944070	
1038133	2003521	
1038133	2080176	
1038133	2080245	
1038133	2081455	
1038133	2094623	
1038133	2100719	
1038133	2104134	
1038133	2104240	
1038133	2104291	
1038133	2109108	
1038133	2121820	
1038133	2134057	
1038133	2202159	
1038133	2262008	
1038133	2265156	
1038133	2269632	
1038133	2297404	
1038133	2413024	
1038133	2456765	
1038133	2462385	
1038133	2584816	
1038133	2599568	
1038133	2600047	
1038133	2600125	
1038133	2600350	
1038133	2601470	
1038133	2736544	
1038133	2790063	
1038133	2801412	
1038133	2876866	
1038133	2881753	
1038133	2906475	
1038133	3020750	
1038133	3024971	
1038133	3064198	
1043637	1534801	
1004596	1133347	
1017156	1184322	
1023639	2554527	
1023735	1133347	
1024312	1133347	
1039323	2554527	
1041474	2554527	
1041755	2554527	
1055465	1481790	
1063601	1326258	
1076524	1133220	
1150607	1549108	
1150773	1170876	
1151080	1318375	
1151113	1223992	
1151925	1302024	
1059134	1392180	
1018128	1184322	
1001210	1038133	
1002045	1184322	
1002074	1038133	
1002084	1133347	
1002101	1038133	
1002102	1184322	
1002188	1038133	
1002279	1038133	
1002279	1184322	
1001150	1038133	
1001150	1133347	
1001247	1038133	
1001247	1133347	
1129551	1230847	
1129551	1770207	
1129558	1133385	
1129558	1482588	
1129583	1133210	
1129583	1133220	
1129583	1133385	
1129583	1133527	
1129583	1133646	
1129583	1134418	
1129583	1392180	
1129583	1423211	
1129583	1482588	
1129583	1577978	
1129583	1593604	
1129583	1673255	
1129583	1709294	
1129583	1755692	
1129583	1761939	
1129583	1854217	
1129583	1946765	
1129583	2543202	
1129598	1251532	
1129598	2543202	
1129649	1129955	
1129679	1770207	
1129699	1137580	
1129716	1770207	
1129751	1133381	
1129796	1133538	
1129856	1230847	
1129897	1534801	
1129955	1133262	
1129955	1133383	
1129955	1133385	
1129955	1133413	
1129955	1133416	
1129955	1133488	
1129955	1133497	
1129955	1133527	
1129955	1133610	
1129955	1152725	
1129955	1172986	
1129955	1221956	
1129955	1246008	
1129955	1301553	
1129955	1307972	
1129955	1316960	
1129955	1321860	
1129955	1348571	
1129955	1348793	
1129955	1361540	
1129955	1361829	
1129955	1363023	
1129955	1363662	
1129955	1378977	
1129955	1395674	
1129955	1403932	
1129955	1403970	
1129955	1474992	
1129955	1482588	
1129955	1564767	
1129955	1579770	
1129955	1593604	
1129955	1597137	
1129955	1600948	
1129955	1642512	
1129955	1673255	
1129955	1675886	
1129955	1694908	
1129955	1709294	
1129955	1769963	
1129955	1847875	
1129955	1854217	
1129955	1946351	
1129955	1946765	
1129955	2137234	
1129955	2139769	
1129955	2169142	
1129955	2234499	
1129955	2262082	
1129955	2543160	
1129955	2593020	
1129955	2637220	
1129955	2842130	
1129955	2971237	
1129955	3057007	
1130000	1133538	
1130000	1133548	
993151	1137580	
993248	1534801	
993311	1369466	
993387	1044128	
1036896	1534801	
1039261	1534801	
1041205	1133381	
1041205	1251532	
1041205	1307972	
1041205	1423211	
1051600	1534801	
1052528	1624535	
1071885	1133347	
1076578	1534801	
1076730	1249444	
1076730	1624535	
1076843	1302024	
1076902	1534801	
1076905	1577978	
1077005	1534801	
1077008	1534801	
1077156	1326258	
1077514	2554527	
1077517	1133347	
1077665	1326258	
1077773	2554527	
1077994	1138090	
1078054	1308085	
1078063	1184322	
1078120	1302024	
1078451	1302024	
1078530	1392180	
1078899	2670471	
1078909	1308085	
1078929	1761939	
1079311	1392180	
1013473	1133367	
1015008	1038133	
1015008	1423211	
1017791	1133347	
1019599	1184322	
1024000	1133347	
1034866	1534801	
1055560	1624535	
1058186	1133347	
1060616	1326258	
1060636	1369466	
1061949	1481790	
1062498	1318375	
1089101	1137580	
1089101	1326258	
1089101	1482588	
1089101	1946765	
1089506	1549108	
1089824	1302024	
1106272	1577978	
1107148	1133347	
1121312	1133347	
1157629	1251532	
1183720	1770207	
1238609	1302024	
1238609	1577978	
1238609	2543202	
1255180	1742871	
1277774	2088526	
1280007	1326258	
1329368	2776512	
1445047	1482588	
1464091	1585200	
1464317	1481790	
1464513	2554527	
1464742	1742871	
1465452	1946765	
1024291	1534801	
1050873	1534801	
1052440	1060450	
1058260	2741261	
1058514	1361752	
1034437	2554527	
1034661	1534801	
1034735	1318375	
1034759	1585200	
1034908	1038133	
1034914	2554527	
1034977	1534801	
1035008	1133220	
1035033	1230847	
1035095	1170876	
1035108	1170876	
1035594	1326258	
1035665	1549108	
1035679	1308085	
1035690	2088526	
1035731	1038133	
1035735	1133538	
1035938	1170876	
1036015	1865977	
1036036	1133220	
1036036	1709294	
1036036	1761939	
1036147	1326258	
1036221	2640440	
1036239	1534801	
1036278	1307972	
1036404	1038133	
1036529	1133220	
1036529	1577978	
1036589	1534801	
1001485	1423211	
1001925	1302024	
1060591	1133220	
1060591	1133527	
1060591	1194399	
1060591	1361752	
1060591	1392180	
1060591	1854217	
1060591	1880166	
1060606	1600793	
1060628	1308085	
1060692	1946765	
1060782	1230847	
1060844	2554527	
1061119	1326258	
1061280	1137580	
1061342	1137580	
1002590	1308085	
1002674	2554527	
1002697	1534801	
1002743	1534801	
1003731	1133367	
1003830	1133367	
1003833	1133367	
1063258	1534801	
1000659	1038133	
1000709	2088526	
1000711	2595236	
1004869	1577978	
1021212	1038133	
1172705	1742871	
1054245	2741261	
1153721	1308085	
1160837	1179024	
1177047	1709294	
1177188	1361540	
1177226	2543202	
1177568	1194399	
1177729	1249444	
1177915	1302024	
1177984	1184322	
1178068	1361540	
1178368	1369466	
1178491	2741261	
1178590	1179024	
1178590	1865977	
1178601	1482588	
1178995	1481790	
1179024	1215076	
1179024	1237277	
1179024	1244697	
1179024	1313135	
1179024	1315046	
1179024	1348336	
1179024	1352785	
1179024	1375296	
1179024	1396036	
1179024	1423701	
1179024	1423803	
1179024	1428444	
1179024	1456647	
1179024	1464880	
1179024	1479823	
1179024	1519119	
1179024	1596365	
1179024	1616724	
1179024	1624606	
1179024	1631669	
1179024	1631828	
1179024	1631847	
1179024	1631923	
1179024	1631964	
1179024	1691996	
1179024	1696108	
1179024	1696144	
1179024	1725241	
1179024	1737941	
1179024	1768251	
1179024	1770202	
1179024	1770768	
1179024	1809136	
1179024	1809569	
1179024	1844017	
1179024	1858549	
1179024	1865852	
1179024	1865973	
1179024	1865977	
1179024	2084838	
1179024	2093265	
1179024	2093373	
1179024	2097758	
1179024	2097767	
1179024	2171334	
1179024	2234444	
1179024	2308215	
1179024	2337955	
1179024	2383972	
1179024	2509144	
1179024	2616200	
1179024	2630465	
1179024	2652752	
1179024	2660459	
1179024	2679246	
1179024	2679688	
1179024	2766323	
1179024	3010665	
1179084	1742871	
1179315	1482588	
1014922	1534801	
1038422	1534801	
1045857	1534801	
1050647	1534801	
1050708	1474992	
1050746	1133220	
1050769	1133429	
1050769	1133473	
1050775	1534801	
1050850	1534801	
1051114	1534801	
1051149	1179024	
1051295	1133473	
1052143	1534801	
1052311	1481790	
1052864	1133389	
1053083	1534801	
1053089	1534801	
1053149	1482588	
1053284	1133255	
1053373	1534801	
1053384	1534801	
1053463	1179024	
1053678	1534801	
1053779	2741261	
1053835	1534801	
1053974	1534801	
1054005	1302024	
1054109	1534801	
1054249	1308085	
1054251	1308085	
1054251	1361752	
1054274	1302024	
1054394	1361752	
1054677	1534801	
1054908	1137580	
1054929	1534801	
1055014	1534801	
1055175	1624535	
1055715	1534801	
1055780	1133619	
1055780	1361048	
1055780	1761939	
1055917	1534801	
1056012	1534801	
1056263	1534801	
1056352	2847375	
1056371	1369466	
1056516	1138090	
1056640	1361752	
1056717	1742871	
1056746	1534801	
1047163	1482588	
1048224	1137580	
1048365	1585200	
1048456	2543202	
1064184	1709294	
1175376	1423211	
1175494	1709294	
1004010	1038133	
1004079	1326258	
1004095	1133347	
1004191	1038133	
1004298	1133347	
1004343	1624535	
1004416	2741261	
1004500	1600793	
1004534	1249444	
1004534	2776512	
1004563	1038133	
1004822	1044128	
1005202	1133347	
1005254	1038133	
1005287	1184322	
1005438	1038133	
1119180	1318375	
1119230	1361752	
1119337	1137580	
1018243	1600793	
1018428	1369466	
1018437	1019378	
1018437	1020341	
1018437	1028683	
1018437	1059115	
1018437	1073720	
1018437	1083220	
1018437	1084152	
1018437	1086151	
1018437	1089062	
1018437	1100176	
1018437	1103455	
1018437	1122193	
1018437	1159454	
1018437	1159517	
1018437	1159609	
1018437	1159663	
1018437	1160833	
1018437	1160845	
1018437	1161244	
1018437	1163831	
1018437	1168383	
1018437	1169095	
1018437	1178496	
1018437	1182229	
1018437	1202815	
1018437	1211236	
1018437	1226286	
1018437	1229846	
1018437	1236767	
1018437	1240131	
1018437	1267483	
1018437	1270572	
1018437	1277437	
1018437	1281008	
1018437	1283748	
1018437	1294552	
1018437	1298669	
1018437	1300860	
1018437	1302009	
1018437	1312661	
1018437	1337012	
1018437	1337555	
1018437	1361435	
1018437	1361531	
1018437	1363221	
1018437	1363618	
1018437	1370183	
1018437	1370611	
1018437	1372069	
1018437	1404164	
1018437	1446269	
1018437	1476466	
1018437	1481790	
1018437	1482027	
1018437	1519249	
1018437	1531663	
1018437	1534987	
1018437	1566810	
1018437	1574389	
1018437	1574794	
1018437	1593775	
1018437	1599877	
1018437	1601766	
1018437	1602742	
1018437	1610532	
1018437	1610554	
1018437	1610595	
1018437	1610606	
1018437	1610615	
1018437	1610616	
1018437	1622634	
1018437	1633862	
1018437	1659517	
1018437	1666173	
1018437	1666531	
1018437	1666547	
1018437	1666586	
1018437	1720069	
1018437	1727720	
1018437	1734974	
1018437	1735670	
1018437	1772118	
1018437	1793008	
1018437	1811811	
1018437	1816125	
1018437	1823407	
1018437	1838883	
1018437	1866315	
1018437	1944650	
1018437	1961514	
1018437	2026069	
1018437	2066598	
1018437	2075626	
1018437	2075892	
1018437	2076269	
1018437	2081575	
1018437	2081595	
1018437	2081612	
1018437	2081619	
1018437	2081622	
1018437	2081630	
1018437	2081634	
1018437	2081649	
1018437	2081652	
1018437	2081661	
1018437	2081662	
1018437	2081736	
1018437	2081764	
1018437	2081774	
1018437	2081834	
1018437	2081902	
1018437	2081941	
1018437	2081997	
1018437	2082054	
1018437	2086445	
1018437	2087802	
1018437	2088524	
1018437	2088526	
1018437	2088527	
1018437	2088601	
1018437	2088614	
1018437	2088624	
1018437	2088768	
1018437	2090529	
1018437	2092059	
1018437	2093074	
1018437	2098960	
1018437	2101608	
1018437	2101790	
1018437	2101872	
1018437	2101945	
1018437	2106204	
1018437	2112031	
1018437	2112101	
1018437	2119921	
1018437	2120019	
1018437	2120100	
1018437	2120254	
1018437	2120643	
1018437	2126392	
1018437	2126434	
1018437	2127788	
1018437	2148585	
1018437	2685878	
1018437	2782055	
1018437	2989789	
1018437	3042024	
1018634	1184322	
1018892	1423211	
1018898	2554527	
1018944	1038133	
1019199	1044128	
1019300	2670471	
1019320	1593604	
1019473	1549108	
1019752	1133316	
1019752	1133426	
1019752	1761939	
1019852	1133347	
1019853	1038133	
1020142	1038133	
1020240	1038133	
1020247	2554527	
1020810	1170876	
1140810	1194399	
1003129	1361048	
1037565	1038133	
1037638	1044128	
1037655	1369466	
1037753	1361752	
1037782	1534801	
1037980	2741261	
1038005	1369466	
1038086	1038133	
1038170	1534801	
1038286	1534801	
1038600	1593604	
1098982	1593604	
1073720	1481790	
1074043	1534801	
1132165	1194399	
1263216	1361752	
1339319	1534801	
1451231	1534801	
1451251	1865977	
1023595	1230847	
1023702	1044128	
1041941	1044128	
1043506	1133220	
1043550	2776512	
1043670	1423211	
1043691	1271798	
1044102	1249444	
1044102	1788956	
1044128	1044485	
1044128	1046770	
1044128	1046850	
1044128	1048813	
1044128	1048922	
1044128	1055115	
1044128	1055222	
1044128	1057050	
1044128	1057190	
1044128	1064511	
1044128	1065323	
1044128	1066074	
1044128	1068715	
1044128	1070483	
1044128	1076228	
1044128	1077976	
1044128	1085661	
1044128	1090087	
1044128	1092080	
1044128	1102083	
1044128	1110575	
1044128	1115668	
1044128	1116042	
1044128	1120775	
1044128	1124535	
1044128	1126025	
1044128	1126390	
1044128	1126413	
1044128	1128201	
1044128	1132113	
1044128	1142794	
1044128	1144088	
1044128	1145387	
1044128	1145469	
1044128	1154090	
1044128	1154094	
1044128	1162390	
1044128	1162495	
1044128	1168849	
1044128	1180916	
1044128	1186055	
1044128	1186711	
1044128	1192682	
1044128	1193590	
1044128	1199392	
1044128	1212042	
1044128	1216223	
1044128	1219181	
1044128	1219218	
1044128	1222033	
1044128	1222424	
1044128	1224263	
1044128	1226016	
1044128	1234236	
1044128	1249984	
1044128	1250736	
1044128	1268623	
1044128	1273523	
1044128	1280138	
1044128	1286494	
1044128	1292761	
1044128	1294903	
1044128	1299503	
1044128	1300533	
1044128	1302364	
1044128	1310132	
1044128	1310557	
1044128	1311313	
1044128	1312495	
1044128	1314834	
1044128	1316920	
1044128	1319345	
1044128	1322086	
1044128	1324142	
1044128	1334018	
1044128	1334524	
1044128	1340288	
1044128	1341684	
1044128	1349220	
1044128	1350481	
1044128	1352020	
1044128	1375781	
1044128	1379486	
1044128	1379693	
1044128	1379826	
1044128	1379935	
1044128	1386131	
1044128	1388287	
1044128	1397268	
1044128	1405853	
1044128	1412847	
1044128	1421744	
1044128	1428750	
1044128	1438471	
1044128	1445032	
1044128	1448742	
1044128	1448756	
1044128	1448757	
1044128	1448763	
1044128	1448781	
1044128	1448786	
1044128	1448788	
1044128	1448789	
1044128	1448790	
1044128	1448793	
1044128	1448798	
1044128	1448801	
1044128	1448802	
1044128	1448804	
1044128	1448806	
1044128	1448832	
1044128	1448841	
1044128	1448856	
1044128	1448882	
1044128	1448884	
1044128	1448889	
1044128	1448892	
1044128	1448906	
1044128	1448910	
1044128	1448920	
1044128	1448937	
1044128	1448947	
1044128	1448948	
1044128	1448952	
1044128	1448955	
1044128	1448960	
1044128	1448983	
1044128	1449002	
1044128	1449006	
1044128	1449007	
1044128	1449008	
1044128	1449010	
1044128	1449012	
1044128	1449013	
1044128	1449059	
1044128	1449062	
1044128	1449063	
1044128	1449064	
1044128	1449069	
1044128	1449082	
1044128	1449088	
1044128	1449101	
1044128	1449125	
1044128	1449138	
1044128	1449139	
1044128	1449204	
1044128	1449211	
1044128	1459809	
1044128	1463877	
1044128	1463905	
1044128	1463912	
1044128	1463936	
1044128	1464070	
1044128	1465513	
1044128	1468786	
1044128	1468872	
1044128	1475665	
1044128	1479490	
1044128	1481846	
1044128	1530967	
1044128	1532719	
1044128	1552981	
1044128	1553983	
1044128	1575381	
1044128	1578585	
1044128	1578881	
1044128	1578903	
1044128	1585173	
1044128	1594922	
1044128	1595695	
1044128	1599100	
1044128	1600133	
1044128	1610242	
1044128	1613663	
1044128	1613768	
1044128	1616110	
1044128	1617548	
1044128	1624208	
1044128	1633557	
1044128	1633563	
1044128	1635746	
1044128	1639774	
1044128	1640202	
1044128	1657072	
1044128	1657635	
1044128	1659163	
1044128	1667652	
1044128	1667699	
1044128	1672208	
1044128	1695736	
1044128	1709311	
1044128	1724291	
1044128	1725227	
1044128	1727828	
1044128	1729277	
1044128	1734911	
1044128	1734987	
1044128	1735875	
1044128	1743584	
1044128	1749751	
1044128	1758179	
1044128	1776363	
1044128	1779297	
1044128	1786280	
1044128	1787351	
1044128	1790099	
1044128	1790111	
1044128	1794969	
1044128	1799459	
1044128	1802289	
1044128	1804159	
1044128	1804166	
1044128	1813824	
1044128	1816791	
1044128	1817060	
1044128	1827691	
1044128	1829872	
1044128	1835668	
1044128	1845491	
1044128	1856569	
1044128	1857176	
1044128	1857465	
1044128	1866528	
1044128	1866770	
1044128	1866777	
1044128	1915979	
1044128	1936012	
1044128	1938620	
1044128	1938650	
1044128	1943670	
1044128	2027660	
1044128	2118156	
1044128	2185963	
1044128	2239226	
1044128	2242926	
1044128	2263734	
1044128	2342687	
1044128	2348905	
1044128	2392298	
1044128	2502436	
1044128	2510467	
1044128	2596836	
1044128	2597118	
1044128	2637001	
1044128	2637053	
1044128	2637110	
1044128	2637273	
1044128	2637506	
1044128	2637531	
1044128	2655861	
1044128	2656785	
1044128	2661955	
1044128	2668230	
1044128	2783999	
1044128	2861410	
1044128	2888527	
1044128	2911063	
1044128	3036988	
1044128	3065152	
1044249	1170876	
1044547	1481790	
1044610	1865977	
1045091	1755692	
1045460	1423211	
1045613	1534801	
1045669	1133646	
1045669	1194399	
1045669	1392180	
1045669	2335012	
1045743	1249444	
1045756	2554527	
1045792	1534801	
1045874	1318375	
1046003	1133367	
1046034	1318375	
1046091	1133220	
1046119	1133281	
1046646	2554527	
1046753	2088526	
1046759	1361540	
1047282	1593604	
1047385	1549108	
1047507	1549108	
1047580	1133598	
1047664	1549108	
1048064	1251532	
1048064	1482588	
1048064	1673255	
1048064	1709294	
1048064	1946765	
1048064	2543202	
1048209	1170876	
1048209	1249444	
1048209	2776512	
1048253	2554527	
1048503	1369466	
1048620	1271798	
1048702	1788956	
1048857	1133538	
1049019	1133220	
1049053	1788956	
1049489	1423211	
1049792	1788956	
1049999	1194399	
1050667	1133367	
1051091	1624535	
1051121	1761939	
1051990	2554527	
1052144	1170876	
1052775	1318375	
1053508	1361048	
1053721	2554527	
1054492	1307972	
1054566	1194399	
1054566	1361540	
1054566	1577978	
1054566	1854217	
1054566	1946765	
1054566	2335012	
1054748	1534801	
1054841	1326258	
1054899	1184322	
1055750	1326258	
1055835	1481790	
1056655	2640440	
1057422	1133473	
1070712	1133347	
1091321	1184322	
1091350	1326258	
1091420	2554527	
1091576	1184322	
1108540	1946765	
1133220	1133231	
1133220	1133256	
1133220	1133262	
1133220	1133272	
1133220	1133404	
1133220	1133420	
1133220	1133473	
1133220	1133488	
1133220	1133497	
1133220	1134467	
1133220	1140899	
1133220	1148211	
1133220	1154807	
1133220	1160843	
1133220	1175972	
1133220	1185143	
1133220	1190096	
1133220	1214299	
1133220	1216043	
1133220	1221956	
1133220	1230491	
1133220	1232585	
1133220	1237694	
1133220	1237748	
1133220	1238525	
1133220	1239387	
1133220	1246008	
1133220	1247602	
1133220	1264547	
1133220	1266686	
1133220	1273761	
1133220	1300775	
1133220	1301553	
1133220	1303433	
1133220	1304991	
1133220	1310152	
1133220	1318487	
1133220	1325435	
1133220	1328184	
1133220	1343804	
1133220	1344397	
1133220	1346264	
1133220	1348571	
1133220	1348793	
1133220	1352789	
1133220	1360342	
1133220	1361540	
1133220	1361829	
1133220	1363023	
1133220	1363662	
1133220	1367657	
1133220	1370780	
1133220	1388926	
1133220	1391017	
1133220	1395007	
1133220	1395010	
1133220	1395044	
1133220	1395105	
1133220	1395674	
1133220	1401546	
1133220	1402085	
1133220	1407357	
1133220	1414667	
1133220	1423642	
1133220	1426997	
1133220	1428891	
1133220	1433322	
1133220	1434338	
1133220	1441934	
1133220	1442827	
1133220	1443483	
1133220	1443711	
1133220	1444911	
1133220	1447376	
1133220	1451862	
1133220	1452423	
1133220	1456417	
1133220	1467984	
1133220	1482588	
1133220	1486987	
1133220	1500816	
1133220	1501698	
1133220	1511542	
1133220	1519235	
1133220	1525224	
1133220	1527181	
1133220	1528054	
1133220	1530418	
1133220	1533132	
1133220	1542876	
1133220	1543166	
1133220	1543947	
1133220	1545311	
1133220	1548732	
1133220	1554670	
1133220	1560613	
1133220	1561131	
1133220	1564110	
1133220	1564476	
1133220	1564767	
1133220	1596272	
1133220	1597769	
1133220	1602399	
1133220	1619990	
1133220	1620095	
1133220	1625869	
1133220	1626851	
1133220	1628615	
1133220	1631798	
1133220	1635511	
1133220	1650684	
1133220	1657749	
1133220	1660597	
1133220	1673255	
1133220	1674631	
1133220	1694908	
1133220	1701723	
1133220	1711137	
1133220	1725337	
1133220	1737308	
1133220	1741742	
1133220	1769963	
1133220	1776071	
1133220	1781579	
1133220	1788764	
1133220	1796312	
1133220	1814256	
1133220	1821268	
1133220	1833529	
1133220	1833678	
1133220	1846104	
1133220	1865081	
1133220	1896883	
1133220	1902264	
1133220	1911330	
1133220	1936084	
1133220	1939509	
1133220	1939564	
1133220	1939720	
1133220	1942396	
1133220	1943269	
1133220	1944096	
1133220	1946351	
1133220	1946765	
1133220	1946872	
1133220	2027837	
1133220	2029187	
1133220	2065473	
1133220	2069069	
1133220	2073045	
1133220	2086437	
1133220	2086758	
1133220	2094642	
1133220	2099868	
1133220	2113337	
1133220	2114564	
1133220	2114646	
1133220	2116143	
1133220	2116903	
1133220	2118993	
1133220	2127190	
1133220	2127536	
1133220	2136904	
1133220	2137313	
1133220	2139769	
1133220	2143334	
1133220	2175810	
1133220	2184513	
1133220	2234078	
1133220	2252822	
1133220	2256011	
1133220	2292283	
1133220	2292300	
1133220	2306479	
1133220	2335080	
1133220	2427656	
1133220	2427871	
1133220	2498436	
1133220	2510316	
1133220	2560948	
1133220	2560982	
1133220	2579582	
1133220	2594088	
1133220	2620017	
1133220	2626259	
1133220	2626276	
1133220	2626376	
1133220	2626523	
1133220	2630545	
1133220	2640702	
1133220	2642911	
1133220	2643810	
1133220	2651871	
1133220	2651979	
1133220	2654972	
1133220	2664474	
1133220	2671615	
1133220	2672713	
1133220	2673187	
1133220	2677202	
1133220	2684554	
1133220	2685774	
1133220	2702815	
1133220	2711610	
1133220	2733886	
1133220	2785073	
1133220	2849020	
1133220	2908241	
1133220	2910544	
1133220	2962977	
1133220	2977598	
1133220	2978991	
1133220	2987257	
1133220	2989031	
1133220	3022453	
1133220	3057007	
1133220	3066101	
1138373	1302024	
1206726	1423211	
1301990	1369466	
1302024	1312890	
1302024	1323640	
1302024	1323857	
1302024	1326221	
1302024	1327934	
1302024	1327940	
1302024	1328523	
1302024	1328939	
1302024	1328989	
1302024	1329055	
1302024	1329439	
1302024	1330691	
1302024	1332181	
1302024	1332504	
1302024	1336047	
1302024	1340256	
1302024	1343223	
1302024	1349251	
1302024	1356315	
1302024	1360942	
1302024	1361902	
1302024	1365111	
1302024	1367460	
1302024	1367945	
1302024	1376529	
1302024	1378205	
1302024	1381333	
1302024	1383035	
1302024	1385484	
1302024	1385506	
1302024	1391368	
1302024	1395649	
1302024	1398737	
1302024	1403464	
1302024	1406196	
1302024	1410384	
1302024	1416213	
1302024	1423061	
1302024	1423064	
1302024	1423474	
1302024	1425115	
1302024	1427526	
1302024	1439021	
1302024	1442557	
1302024	1442632	
1302024	1443207	
1302024	1444139	
1302024	1444551	
1302024	1444947	
1302024	1445150	
1302024	1445188	
1302024	1453764	
1302024	1457773	
1302024	1461095	
1302024	1462817	
1302024	1462831	
1302024	1464082	
1302024	1469197	
1302024	1476755	
1302024	1480826	
1302024	1484546	
1302024	1485014	
1302024	1485099	
1302024	1490015	
1302024	1490866	
1302024	1490882	
1302024	1497526	
1302024	1497532	
1302024	1498048	
1302024	1498150	
1302024	1498447	
1302024	1498507	
1302024	1503203	
1302024	1504653	
1302024	1521223	
1302024	1523365	
1302024	1538336	
1302024	1542730	
1302024	1544631	
1302024	1545333	
1302024	1546946	
1302024	1547098	
1302024	1547118	
1302024	1548667	
1302024	1551884	
1302024	1552965	
1302024	1560450	
1302024	1574038	
1302024	1574127	
1302024	1574178	
1302024	1574458	
1302024	1575122	
1302024	1577238	
1302024	1582809	
1302024	1587775	
1302024	1603850	
1302024	1617469	
1302024	1617525	
1302024	1618162	
1302024	1618729	
1302024	1627067	
1302024	1629379	
1302024	1644668	
1302024	1647952	
1302024	1649242	
1302024	1653493	
1302024	1657417	
1302024	1657434	
1302024	1657553	
1302024	1670644	
1302024	1677669	
1302024	1682843	
1302024	1682994	
1302024	1684215	
1302024	1684511	
1302024	1689806	
1302024	1697856	
1302024	1698117	
1302024	1698172	
1302024	1698481	
1302024	1699139	
1302024	1699599	
1302024	1699845	
1302024	1704273	
1302024	1707338	
1302024	1707627	
1302024	1708348	
1302024	1710246	
1302024	1716242	
1302024	1718120	
1302024	1722945	
1302024	1722969	
1302024	1723056	
1302024	1729438	
1302024	1730623	
1302024	1749563	
1302024	1749591	
1302024	1750656	
1302024	1750764	
1302024	1750931	
1302024	1754068	
1302024	1757774	
1302024	1791104	
1302024	1806982	
1302024	1810435	
1302024	1823191	
1302024	1823660	
1302024	1824189	
1302024	1824903	
1302024	1826576	
1302024	1826674	
1302024	1826902	
1302024	1828423	
1302024	1828836	
1302024	1828922	
1302024	1830254	
1302024	1845541	
1302024	1848442	
1302024	1853441	
1302024	1855472	
1302024	1861248	
1302024	1869889	
1302024	1870432	
1302024	1879561	
1302024	1880098	
1302024	1882876	
1302024	1906127	
1302024	1917969	
1302024	1918188	
1302024	1937084	
1302024	1940026	
1302024	1948648	
1302024	1956653	
1302024	1991424	
1302024	2029788	
1302024	2073790	
1302024	2077306	
1302024	2081792	
1302024	2089283	
1302024	2098161	
1302024	2100272	
1302024	2101063	
1302024	2109682	
1302024	2112068	
1302024	2124631	
1302024	2152173	
1302024	2177020	
1302024	2178682	
1302024	2225165	
1302024	2226315	
1302024	2262198	
1302024	2304978	
1302024	2328681	
1302024	2328799	
1302024	2331059	
1302024	2335893	
1302024	2337960	
1302024	2342309	
1302024	2346620	
1302024	2349457	
1302024	2377009	
1302024	2377825	
1302024	2380547	
1302024	2454100	
1302024	2461323	
1302024	2467822	
1302024	2473242	
1302024	2483660	
1302024	2488525	
1302024	2488817	
1302024	2489849	
1302024	2502281	
1302024	2509304	
1302024	2527097	
1302024	2529954	
1302024	2540401	
1302024	2540436	
1302024	2540495	
1302024	2540515	
1302024	2540758	
1302024	2551738	
1302024	2553329	
1302024	2559748	
1302024	2572763	
1302024	2633335	
1302024	2640742	
1302024	2644989	
1302024	2658535	
1302024	2660467	
1302024	2663549	
1302024	2693089	
1302024	2747474	
1302024	2764683	
1302024	2776790	
1302024	2823274	
1302024	2823313	
1302024	2823483	
1302024	2823851	
1302024	2823884	
1302024	2823939	
1302024	2823957	
1302024	2823974	
1302024	2824006	
1302024	2904028	
1302024	2923729	
1302024	2970724	
1302024	2977004	
1302024	3024359	
1302024	3024414	
1302024	3047422	
1302024	3058059	
1302024	3058075	
1302024	3058161	
1302024	3058318	
1302024	3070024	
1302182	1423211	
1302260	1361048	
1302260	1694908	
1302260	2741261	
1058703	1534801	
1059021	1534801	
1059317	1307972	
1059369	1308085	
1059440	1534801	
1002856	1137580	
1002904	1318375	
1017816	1133347	
1022979	1534801	
1023099	1133538	
1023219	1038133	
1023223	1593604	
1023370	1184322	
1023466	1133538	
1023544	1133347	
1023761	1133347	
1023762	1133457	
1023817	1133347	
1023984	1038133	
1024203	1133347	
1024278	2554527	
1143956	1600793	
1184609	1369466	
1334266	1709294	
1070556	1184322	
1106403	1184322	
1110851	1133347	
1110912	1481790	
1111002	1481790	
1111099	1624535	
1111131	2335012	
1111416	1593604	
1111467	1318375	
1111982	1742871	
1112414	1133381	
1112414	1133457	
1112414	1361752	
1112414	1423211	
1112414	1854217	
1112414	2847375	
1112444	1326258	
1112601	1170876	
1113023	1133195	
1061417	1137580	
1061648	1184322	
1061930	1170876	
1062193	1184322	
1036768	1038133	
1036944	1060450	
1036989	1534801	
1037029	1534801	
1059677	1534801	
1059946	1133473	
1063358	1482588	
1060024	1307972	
1100342	1534801	
1162784	1308085	
1260428	2741261	
1260692	1326258	
1017087	1133210	
1017087	1133365	
1017087	1133381	
1017093	1170876	
1130010	1770207	
1099445	1788956	
1099485	1137580	
1099520	1137876	
1099538	1788956	
1099612	1788956	
1088802	1308085	
1088848	1194399	
1088952	1307972	
1017809	1133347	
1061702	1549108	
1061829	1755692	
1021009	1184322	
1021065	1038133	
1021101	1624535	
1021257	1044128	
1033646	1133544	
1074308	1307972	
1074322	1223992	
1084806	1946765	
1085367	1755692	
1013870	1624535	
1014631	1534801	
1014863	1133527	
1014973	1137876	
1015047	1137580	
1015670	1709294	
1016351	1133347	
1089275	1137876	
1137506	1854217	
1137508	1137876	
1137519	1137580	
1137530	1137876	
1137531	1137876	
1137531	1302024	
1137537	1137876	
1137549	1137876	
1137551	1137876	
1137559	1137876	
1137559	1138090	
1137567	1137876	
1137569	1137876	
1137571	1137876	
1137572	1137580	
1137577	1137876	
1137578	1137876	
1137580	1137582	
1137580	1137638	
1137580	1137721	
1137580	1137749	
1137580	1137876	
1137580	1137913	
1137580	1137926	
1137580	1137957	
1137580	1137959	
1137580	1137969	
1137580	1137970	
1137580	1137982	
1137580	1137988	
1137580	1138033	
1137580	1138076	
1137580	1138114	
1137580	1138137	
1137580	1138147	
1137580	1138150	
1137580	1138215	
1137580	1138240	
1137580	1138288	
1137580	1138320	
1137580	1142577	
1137580	1144515	
1137580	1150607	
1137580	1152462	
1137580	1152879	
1137580	1154256	
1137580	1154366	
1137580	1184680	
1137580	1190782	
1137580	1199271	
1137580	1207691	
1137580	1212581	
1137580	1225402	
1137580	1228644	
1137580	1236616	
1137580	1237228	
1137580	1243089	
1137580	1244857	
1137580	1246588	
1137580	1255768	
1137580	1256350	
1137580	1273143	
1137580	1275265	
1137580	1277768	
1137580	1278478	
1137580	1278515	
1137580	1280576	
1137580	1281591	
1137580	1283715	
1137580	1285262	
1137580	1294789	
1137580	1301626	
1137580	1304067	
1137580	1306199	
1137580	1306903	
1137580	1308621	
1137580	1314644	
1137580	1314775	
1137580	1328719	
1137580	1328829	
1137580	1329071	
1137580	1331314	
1137580	1332051	
1137580	1332301	
1137580	1332979	
1137580	1334080	
1137580	1335453	
1137580	1336103	
1137580	1336542	
1137580	1337839	
1137580	1342005	
1137580	1351136	
1137580	1360182	
1137580	1361659	
1137580	1364067	
1137580	1367484	
1137580	1370273	
1137580	1375362	
1137580	1375815	
1137580	1376357	
1137580	1391021	
1137580	1391360	
1137580	1392951	
1137580	1403537	
1137580	1410380	
1137580	1412177	
1137580	1413598	
1137580	1423087	
1137580	1423268	
1137580	1423342	
1137580	1425689	
1137580	1439243	
1137580	1446793	
1137580	1477566	
1137580	1484532	
1137580	1488062	
1137580	1488914	
1137580	1488976	
1137580	1490335	
1137580	1490347	
1137580	1490352	
1137580	1497734	
1137580	1497897	
1137580	1497899	
1137580	1498152	
1137580	1498429	
1137580	1498532	
1137580	1498631	
1137580	1527741	
1137580	1536615	
1137580	1543862	
1137580	1554784	
1137580	1559059	
1137580	1561838	
1137580	1565049	
1137580	1573438	
1137580	1573908	
1137580	1574402	
1137580	1595051	
1137580	1599822	
1137580	1617525	
1137580	1619297	
1137580	1624241	
1137580	1633186	
1137580	1634213	
1137580	1641509	
1137580	1644154	
1137580	1646336	
1137580	1671898	
1137580	1672694	
1137580	1677660	
1137580	1678153	
1137580	1698172	
1137580	1698975	
1137580	1700959	
1137580	1701136	
1137580	1703658	
1137580	1703867	
