42428	1141084	
42777	1141084	
229307	1141084	
248353	1141084	
249212	1141084	
289655	1141084	
306999	1141084	
353723	1141084	
354209	1141084	
355880	1141084	
356090	1141084	
356567	1141084	
356634	1141084	
358720	1141084	
360714	1141084	
393006	1141084	
459972	1141084	
481032	1141084	
668939	1141084	
714701	1141084	
729634	1141084	
739202	1141084	
794809	1141084	
819738	1141084	
859145	1141084	
864653	1141084	
861744	1141084	
936484	1141084	
936503	1141084	
973229	1141084	
1050417	1141084	
1009718	1141084	
1010648	1141084	
1070275	1141084	
1076850	1141084	
1103026	1141084	
1103211	1141084	
1103826	1141084	
1103954	1141084	
1090021	1141084	
989275	1141084	
1068261	1141084	
994783	1141084	
1002761	1141084	
1006273	1141084	
1007348	1141084	
1008187	1141084	
1008870	1141084	
1009525	1141084	
1009991	1141084	
1011719	1141084	
1013136	1141084	
1002404	1141084	
1020404	1141084	
1024385	1141084	
1024461	1141084	
1025431	1141084	
1025783	1141084	
1025972	1141084	
1029110	1141084	
1033721	1141084	
1033887	1141084	
1073441	1141084	
990926	1141084	
1097283	1141084	
1097380	1141084	
1025837	1141084	
1031545	1141084	
1034378	1141084	
1123159	1141084	
1124071	1141084	
992177	1141084	
992324	1141084	
1072933	1141084	
995375	1141084	
995507	1141084	
1101204	1141084	
1101469	1141084	
1101515	1141084	
1076638	1141084	
1076682	1141084	
1078337	1141084	
1058294	1141084	
1035277	1141084	
1036099	1141084	
1036366	1141084	
1036431	1141084	
1036463	1141084	
1036574	1141084	
1050973	1141084	
1052170	1141084	
1052756	1141084	
1054125	1141084	
1054233	1141084	
1054293	1141084	
1054346	1141084	
1054703	1141084	
1054931	1141084	
1056404	1141084	
1045711	1141084	
1046135	1141084	
1047288	1141084	
1047921	1141084	
1048304	1141084	
1049617	1141084	
1051019	1141084	
1023587	1141084	
1042797	1141084	
1111286	1141084	
1061973	1141084	
1060137	1141084	
1013654	1141084	
1104262	1141084	
1104394	1141084	
1105024	1141084	
1105036	1141084	
1100125	1141084	
1086046	1141084	
1059825	1141084	
1091864	1141084	
1086847	1141084	
1090495	1141084	
1132535	1141084	
1086568	1141084	
1128778	1141084	
1129045	1141084	
1113428	1141084	
1082901	1141084	
1082929	1141084	
1083809	1141084	
1121606	1141084	
1117343	1141084	
1117514	1141084	
1120449	1141084	
1120657	1141084	
1090009	1141084	
1090198	1141084	
1090661	1141084	
1128527	1141084	
1093625	1141084	
1127886	1141084	
1127887	1141084	
1131014	1141084	
1141084	1142508	
1141084	1143969	
1141084	1144923	
1141084	1146487	
1141084	1149079	
1141084	1160959	
1141084	1162011	
1141084	1162096	
1141084	1163395	
1141084	1164307	
1141084	1164762	
1141084	1168066	
1141084	1173561	
1141084	1175001	
1141084	1175965	
1141084	1176401	
1141084	1176442	
1141084	1176475	
1141084	1176766	
1141084	1178983	
1141084	1181658	
1141084	1182069	
1141084	1186369	
1141084	1186375	
1141084	1186649	
1141084	1186650	
1141084	1186703	
1141084	1186725	
1141084	1187416	
1141084	1187518	
1141084	1187721	
1141084	1193790	
1141084	1194263	
1141084	1219161	
1141084	1221862	
1141084	1226074	
1141084	1226556	
1141084	1227879	
1141084	1237766	
1141084	1237931	
1141084	1237934	
1141084	1238342	
1141084	1239411	
1141084	1246237	
1141084	1253860	
1141084	1276381	
1141084	1283896	
1141084	1284941	
1141084	1286574	
1141084	1288161	
1141084	1291471	
1141084	1295950	
1141084	1297228	
1141084	1300351	
1141084	1301106	
1141084	1302997	
1141084	1307120	
1141084	1313229	
1141084	1313609	
1141084	1324485	
1141084	1325093	
1141084	1325940	
1141084	1327229	
1141084	1327262	
1141084	1350956	
1141084	1353390	
1141084	1358435	
1141084	1359687	
1141084	1359797	
1141084	1359880	
1141084	1364238	
1141084	1370570	
1141084	1371212	
1141084	1384489	
1141084	1389128	
1141084	1389284	
1141084	1389378	
1141084	1409151	
1141084	1412677	
1141084	1413329	
1141084	1416664	
1141084	1416666	
1141084	1416667	
1141084	1416673	
1141084	1416678	
1141084	1416680	
1141084	1416682	
1141084	1416687	
1141084	1416691	
1141084	1416694	
1141084	1416698	
1141084	1416702	
1141084	1416704	
1141084	1416705	
1141084	1416707	
1141084	1416708	
1141084	1416713	
1141084	1416718	
1141084	1416721	
1141084	1416728	
1141084	1416730	
1141084	1416733	
1141084	1416735	
1141084	1416738	
1141084	1416739	
1141084	1416742	
1141084	1416743	
1141084	1416745	
1141084	1416749	
1141084	1416754	
1141084	1416755	
1141084	1416757	
1141084	1416759	
1141084	1416760	
1141084	1416761	
1141084	1416762	
1141084	1416763	
1141084	1416765	
1141084	1416767	
1141084	1416769	
1141084	1416771	
1141084	1416773	
1141084	1416776	
1141084	1416779	
1141084	1416780	
1141084	1416781	
1141084	1416783	
1141084	1416784	
1141084	1416786	
1141084	1416791	
1141084	1416793	
1141084	1416794	
1141084	1416795	
1141084	1416796	
1141084	1416798	
1141084	1416799	
1141084	1416800	
1141084	1416801	
1141084	1416802	
1141084	1416803	
1141084	1416804	
1141084	1416805	
1141084	1416806	
1141084	1416808	
1141084	1416809	
1141084	1416810	
1141084	1416811	
1141084	1416812	
1141084	1416817	
1141084	1416818	
1141084	1416819	
1141084	1416820	
1141084	1416821	
1141084	1416823	
1141084	1416826	
1141084	1416827	
1141084	1416829	
1141084	1416830	
1141084	1416837	
1141084	1416839	
1141084	1416840	
1141084	1416842	
1141084	1416843	
1141084	1416845	
1141084	1416846	
1141084	1416847	
1141084	1416848	
1141084	1416849	
1141084	1416855	
1141084	1416856	
1141084	1416858	
1141084	1424232	
1141084	1434654	
1141084	1435466	
1141084	1438205	
1141084	1441306	
1141084	1444236	
1141084	1449422	
1141084	1482163	
1141084	1482550	
1141084	1482560	
1141084	1483013	
1141084	1483629	
1141084	1487495	
1141084	1488221	
1141084	1489685	
1141084	1492044	
1141084	1492987	
1141084	1493012	
1141084	1502153	
1141084	1512270	
1141084	1519404	
1141084	1519563	
1141084	1536459	
1141084	1536747	
1141084	1537502	
1141084	1540082	
1141084	1540699	
1141084	1541927	
1141084	1541985	
1141084	1546544	
1141084	1555451	
1141084	1568078	
1141084	1569492	
1141084	1575861	
1141084	1593008	
1141084	1596556	
1141084	1601724	
1141084	1604668	
1141084	1605435	
1141084	1605548	
1141084	1608315	
1141084	1614508	
1141084	1617704	
1141084	1618605	
1141084	1622991	
1141084	1623670	
1141084	1636018	
1141084	1636909	
1141084	1637851	
1141084	1639092	
1141084	1649130	
1141084	1657946	
1141084	1668574	
1141084	1673116	
1141084	1678644	
1141084	1678774	
1141084	1681759	
1141084	1684034	
1141084	1687477	
1141084	1707617	
1141084	1709170	
1141084	1710333	
1141084	1718206	
1141084	1724211	
1141084	1732140	
1141084	1748538	
1141084	1756792	
1141084	1760823	
1141084	1787021	
1141084	1792658	
1141084	1797820	
1141084	1822183	
1141084	1831259	
1141084	1839861	
1141084	1839896	
1141084	1839928	
1141084	1839935	
1141084	1839947	
1141084	1839991	
1141084	1852200	
1141084	1854747	
1141084	1856096	
1141084	1860867	
1141084	1864411	
1141084	1864425	
1141084	1872510	
1141084	1873217	
1141084	1942333	
1141084	1942365	
1141084	1942465	
1141084	1942467	
1141084	1942557	
1141084	1942625	
1141084	1942628	
1141084	1942729	
1141084	1942778	
1141084	1942827	
1141084	1942894	
1141084	1942919	
1141084	1988991	
1141084	2095046	
1141084	2134474	
1141084	2148501	
1141084	2184938	
1141084	2266230	
1141084	2597039	
1141084	2639025	
1141084	2644630	
1141084	2787410	
1141084	2822789	
1141084	2838968	
1141084	2839464	
1141084	2842602	
1141084	2871789	
1141084	2978767	
1141084	3000860	
1141084	3070060	
1121970	1141084	
1130922	1141084	
1131813	1141084	
1121486	1141084	
1133858	1141084	
4330	229307	
8692	393006	
4857	248353	
4857	249212	
692	42428	
692	42777	
6808	306999	
6142	289655	
8123	353723	
8123	354209	
8123	355880	
8123	356090	
8123	356567	
8123	356634	
8123	358720	
8123	360714	
11068	459972	
11117	393006	
11120	481032	
20455	668939	
23496	729634	
24061	739202	
32622	864653	
32714	861744	
22823	714701	
32395	859145	
47480	714701	
28029	794809	
30094	819738	
38265	936484	
38265	936503	
48112	1988991	
42396	1072933	
42396	1416733	
42396	1502153	
42540	1013136	
42540	1226074	
42610	248353	
42610	249212	
42610	289655	
42610	354209	
42610	355880	
42610	356090	
42610	356567	
42610	360714	
42610	393006	
42610	668939	
42610	989275	
42610	995375	
42610	1002761	
42610	1008187	
42610	1009525	
42610	1009718	
42610	1020404	
42610	1024385	
42610	1025431	
42610	1025783	
42610	1029110	
42610	1033887	
42610	1036431	
42610	1036574	
42610	1050417	
42610	1050973	
42610	1052170	
42610	1054233	
42610	1054703	
42610	1054931	
42610	1076682	
42610	1078337	
42610	1082929	
42610	1090009	
42610	1103826	
42610	1104262	
42610	1105036	
42610	1111286	
42610	1121486	
42610	1123159	
42610	1143969	
42610	1237934	
42610	1239411	
42610	1301106	
42610	1302997	
42610	1307120	
44198	714701	
45162	1435466	
46364	1123159	
46364	1307120	
46424	1187721	
46425	1124071	
46425	1327262	
46425	1416666	
46425	1416687	
46425	1416698	
46425	1416708	
46425	1416730	
46425	1416796	
46425	1416799	
46425	1416812	
46425	1416821	
46425	1593008	
46425	1687477	
46425	1872510	
46425	1942333	
46425	1942365	
46425	1942465	
46425	1942467	
46425	1942557	
46425	1942625	
46425	1942628	
46425	1942729	
46425	1942778	
46425	1942827	
46425	1942894	
46425	1942919	
46426	1123159	
46432	1013136	
46432	1025972	
46432	1036366	
46432	1054703	
46432	1284941	
46432	1537502	
46440	1011719	
46453	1020404	
46453	1036099	
46453	1237934	
46456	1283896	
46471	1540082	
45337	289655	
45337	356090	
45337	989275	
45337	994783	
41092	973229	
42150	859145	
42713	355880	
42713	356090	
42713	1002404	
42713	1008187	
42713	1009991	
42713	1013136	
42713	1025431	
42713	1033721	
42713	1035277	
42713	1042797	
42713	1059825	
42713	1068261	
42713	1082929	
42713	1097283	
42713	1105036	
42713	1219161	
42713	1283896	
42713	1384489	
42713	1389128	
42713	1413329	
42713	1416791	
42713	1416812	
42713	1493012	
43031	356090	
43031	714701	
43031	1002404	
43031	1009991	
43031	1011719	
43031	1024461	
43031	1025431	
43031	1036366	
43031	1052170	
43031	1068261	
43031	1082901	
43031	1082929	
43031	1097283	
43031	1111286	
43031	1149079	
43031	1163395	
43031	1327229	
43031	1371212	
43031	1413329	
43031	1593008	
43031	1596556	
43031	1601724	
43296	248353	
43296	249212	
43296	356090	
43296	393006	
43296	794809	
43296	864653	
43296	992324	
43296	994783	
43296	995375	
43296	1008187	
43296	1009525	
43296	1009718	
43296	1009991	
43296	1011719	
43296	1013136	
43296	1020404	
43296	1025837	
43296	1033887	
43296	1036463	
43296	1036574	
43296	1050973	
43296	1054346	
43296	1054703	
43296	1054931	
43296	1068261	
43296	1078337	
43296	1131014	
43296	1131813	
43296	1132535	
43296	1143969	
43296	1186725	
43296	1187721	
43296	1237934	
43296	1276381	
43296	1284941	
43296	1416759	
43296	1493012	
43296	1540082	
43296	1622991	
43296	1623670	
55690	714701	
55746	859145	
55757	1078337	
55757	1117514	
55757	1121486	
55757	1128778	
55757	1839991	
55766	989275	
55769	714701	
55776	714701	
55776	1300351	
55778	1050417	
55778	1056404	
55801	714701	
55859	2095046	
55894	1238342	
55895	356090	
55895	714701	
55895	1008187	
55895	1009991	
55895	1011719	
55895	1068261	
55904	248353	
55904	995375	
55904	1008187	
55904	1009718	
55904	1009991	
55904	1010648	
55904	1011719	
55904	1020404	
55904	1025431	
55904	1025783	
55904	1029110	
55904	1034378	
55904	1035277	
55904	1036431	
55904	1068261	
55904	1076682	
55904	1076850	
55904	1078337	
55904	1121970	
55904	1175001	
55904	1194263	
55904	1295950	
55904	1489685	
55908	1149079	
55927	1101204	
55939	248353	
55939	354209	
55939	355880	
55939	356634	
55939	714701	
55939	1008187	
55939	1010648	
55939	1011719	
55939	1020404	
55939	1029110	
55939	1068261	
55939	1070275	
55939	1078337	
55939	1128527	
55939	1295950	
55939	1489685	
55966	248353	
55966	249212	
55966	289655	
55966	355880	
55966	356567	
55966	356634	
55966	360714	
55966	714701	
55966	936484	
55966	989275	
55966	1002404	
55966	1002761	
55966	1008187	
55966	1009525	
55966	1009718	
55966	1010648	
55966	1011719	
55966	1020404	
55966	1025431	
55966	1025783	
55966	1035277	
55966	1036099	
55966	1036431	
55966	1068261	
55966	1076638	
55966	1078337	
55966	1082929	
55966	1090495	
55966	1117343	
55966	1127886	
55966	1127887	
55966	1142508	
55966	1146487	
55966	1149079	
55966	1187721	
55966	1194263	
55966	1219161	
55966	1246237	
55966	1295950	
55966	1605435	
55966	1748538	
55966	2134474	
55966	2148501	
55991	248353	
55991	355880	
55991	356567	
55991	360714	
55991	393006	
55991	936484	
55991	989275	
55991	992324	
55991	994783	
55991	1002404	
55991	1002761	
55991	1006273	
55991	1008187	
55991	1009525	
55991	1010648	
55991	1011719	
55991	1020404	
55991	1025431	
55991	1025783	
55991	1025972	
55991	1029110	
55991	1034378	
55991	1035277	
55991	1036099	
55991	1036431	
55991	1036463	
55991	1042797	
55991	1050417	
55991	1054703	
55991	1068261	
55991	1078337	
55991	1090495	
55991	1128527	
55991	1131813	
55991	1143969	
55991	1146487	
55991	1186369	
55991	1187416	
55991	1219161	
55991	1237934	
55991	1295950	
55991	1864411	
55991	2134474	
55999	1276381	
42141	714701	
42141	1050417	
42144	42428	
42144	714701	
42144	1009718	
42144	1010648	
42144	1070275	
42144	1076850	
42144	1103026	
42144	1103211	
42144	1103826	
42144	1103954	
42146	289655	
42146	1090021	
42146	1149079	
42147	794809	
42148	289655	
42148	356090	
42148	360714	
42148	989275	
42148	1068261	
42152	42428	
42152	994783	
42153	714701	
42154	42428	
42154	248353	
42154	360714	
42154	714701	
42154	989275	
42154	1002761	
42154	1006273	
42154	1007348	
42154	1008187	
42154	1008870	
42154	1009525	
42154	1009718	
42154	1009991	
42154	1010648	
42154	1011719	
42154	1013136	
42157	42428	
42157	360714	
42157	393006	
42157	714701	
42157	989275	
42157	1002404	
42157	1010648	
42157	1020404	
42157	1024385	
42157	1024461	
42157	1025431	
42157	1025783	
42157	1025972	
42157	1029110	
42157	1033721	
42157	1033887	
42159	42428	
42159	714701	
42159	989275	
42160	989275	
42161	794809	
42163	714701	
42164	42428	
42164	989275	
42165	1002404	
42167	859145	
42169	42428	
42169	358720	
42169	1009525	
42169	1010648	
42170	989275	
42176	42428	
42176	989275	
42177	1073441	
42179	714701	
42179	989275	
42179	990926	
42180	42428	
42180	794809	
42180	1097283	
42180	1097380	
42182	354209	
42182	355880	
42182	794809	
42182	1009525	
42182	1025837	
42182	1031545	
42182	1034378	
42183	714701	
42183	989275	
42187	859145	
42189	42428	
42189	989275	
42190	859145	
42192	289655	
42192	355880	
42192	356634	
42192	714701	
42192	794809	
42192	1010648	
42192	1025972	
42192	1123159	
42192	1124071	
42193	356090	
42193	989275	
42194	248353	
42194	249212	
42194	989275	
42194	992177	
42194	992324	
42195	42428	
42195	354209	
42195	360714	
42195	989275	
42197	42428	
42197	714701	
42197	989275	
42197	1072933	
42199	1073441	
42201	42428	
42201	360714	
42207	995375	
42207	995507	
42211	42428	
42211	1011719	
42211	1029110	
42211	1101204	
42211	1101469	
42211	1101515	
42212	1008187	
42213	42428	
42214	289655	
42214	354209	
42214	355880	
42214	356090	
42214	356634	
42214	989275	
42214	1002404	
42217	1002404	
42221	42428	
42221	356090	
42221	356567	
42221	360714	
42221	714701	
42221	1010648	
42221	1070275	
42221	1076638	
42221	1076682	
42221	1076850	
42221	1078337	
42224	42428	
42224	714701	
42224	989275	
42224	1007348	
42225	1058294	
42226	42428	
42226	248353	
42226	355880	
42226	356090	
42226	360714	
42226	393006	
42226	794809	
42226	989275	
42226	1002761	
42226	1009525	
42226	1011719	
42226	1025783	
42226	1035277	
42226	1036099	
42226	1036366	
42226	1036431	
42226	1036463	
42226	1036574	
42228	989275	
42229	1002761	
42231	42428	
42231	714701	
42231	989275	
42235	794809	
42235	1178983	
42236	289655	
42236	355880	
42236	356090	
42236	358720	
42236	714701	
42236	794809	
42236	1050417	
42236	1050973	
42236	1052170	
42236	1052756	
42236	1054125	
42236	1054233	
42236	1054293	
42236	1054346	
42236	1054703	
42236	1054931	
42236	1056404	
42237	42777	
42240	360714	
42240	714701	
42241	42428	
42241	714701	
42241	989275	
42241	1020404	
42243	354209	
42245	42428	
42247	990926	
42247	1008870	
42247	1076682	
42248	42428	
42248	355880	
42248	356090	
42248	356634	
42248	714701	
42248	994783	
42248	1002404	
42248	1025783	
42248	1045711	
42248	1046135	
42248	1047288	
42248	1047921	
42248	1048304	
42248	1049617	
42248	1051019	
42248	1681759	
42251	356090	
42251	1035277	
42253	1056404	
42255	289655	
42255	356090	
42255	714701	
42255	1023587	
42257	42428	
42257	714701	
42257	989275	
42257	1042797	
42257	1111286	
42258	1061973	
42259	1047921	
42261	1060137	
42263	289655	
42263	356567	
42263	393006	
42263	995375	
42263	1036574	
42263	1176401	
42266	459972	
42267	356090	
42268	714701	
42269	42428	
42269	989275	
42273	989275	
42273	1010648	
42273	1013654	
42277	249212	
42277	393006	
42277	990926	
42277	1036574	
42277	1050417	
42277	1054703	
42277	1054931	
42277	1056404	
42277	1076682	
42277	1104262	
42277	1104394	
42277	1105024	
42277	1105036	
42277	1128778	
42278	714701	
42279	42428	
42279	289655	
42279	354209	
42279	356090	
42279	714701	
42279	989275	
42279	1056404	
42279	1070275	
42280	714701	
42282	355880	
42282	356090	
42282	714701	
42282	989275	
42282	1007348	
42282	1008187	
42282	1029110	
42282	1054233	
42282	1054703	
42282	1100125	
42282	1105036	
42282	1111286	
42282	1142508	
42283	714701	
42283	1002404	
42284	42428	
42284	989275	
42284	1042797	
42284	1054703	
42285	1086046	
42286	356634	
42286	992324	
42286	1020404	
42286	1050973	
42287	1009718	
42287	1059825	
42291	289655	
42291	354209	
42291	355880	
42291	356567	
42291	356634	
42291	714701	
42291	794809	
42291	1010648	
42291	1033887	
42291	1034378	
42294	1103026	
42296	1050973	
42296	1091864	
42304	714701	
42304	1002404	
42305	989275	
42306	42428	
42306	1086847	
42308	42428	
42308	989275	
42309	42428	
42309	714701	
42309	989275	
42309	1008187	
42309	1010648	
42309	1011719	
42309	1054703	
42309	1090495	
42309	1132535	
42310	994783	
42311	1086568	
42311	1086847	
42312	994783	
42312	1054703	
42312	1056404	
42312	1086568	
42312	1128778	
42312	1129045	
42313	42428	
42313	356090	
42313	714701	
42315	248353	
42315	794809	
42315	1050417	
42315	1052756	
42315	1054703	
42315	1054931	
42315	1056404	
42316	42428	
42316	1163395	
42317	714701	
42322	989275	
42323	42428	
42323	356090	
42323	1020404	
42323	1056404	
42325	42428	
42325	289655	
42325	989275	
42326	356090	
42330	794809	
42333	42428	
42336	1113428	
42338	714701	
42340	42428	
42340	360714	
42340	989275	
42341	356090	
42343	354209	
42343	356090	
42343	356567	
42343	356634	
42343	714701	
42343	794809	
42343	1010648	
42343	1031545	
42343	1033887	
42343	1046135	
42343	1047921	
42343	1082901	
42343	1082929	
42343	1083809	
42343	1086046	
42346	42428	
42346	1036431	
42346	1054703	
42348	1054703	
42348	1121606	
42350	1002761	
42350	1412677	
42351	714701	
42351	794809	
42355	1020404	
42355	1054703	
42355	1105036	
42358	714701	
42358	1070275	
42359	248353	
42359	714701	
42359	1050973	
42361	989275	
42362	794809	
42365	714701	
42368	42428	
42368	1020404	
42369	1163395	
42371	794809	
42371	994783	
42371	1050417	
42371	1101204	
42371	1103826	
42371	1104262	
42371	1129045	
42372	42428	
42372	714701	
42372	989275	
42372	1020404	
42372	1111286	
42372	1117343	
42372	1117514	
42373	992324	
42374	42428	
42378	248353	
42380	42428	
42380	393006	
42380	1100125	
42381	42428	
42381	356090	
42381	1002404	
42383	42428	
42383	989275	
42385	42428	
42385	989275	
42388	356090	
42388	360714	
42388	393006	
42388	1020404	
42390	1076682	
42391	42428	
42391	989275	
42392	42428	
42392	714701	
42392	1029110	
42392	1120449	
42392	1120657	
42393	42428	
42393	356090	
42393	989275	
42394	289655	
42394	355880	
42394	356090	
42394	393006	
42394	714701	
42394	989275	
42394	995375	
42394	995507	
42394	1006273	
42394	1008187	
42394	1025837	
42394	1033887	
42394	1036431	
42394	1050417	
42394	1052170	
42394	1054233	
42394	1054703	
42394	1056404	
42394	1076638	
42394	1086568	
42394	1086847	
42394	1101204	
42394	1142508	
42394	1182069	
42394	1186369	
42394	1186375	
42394	1237934	
42394	1284941	
42398	360714	
42398	989275	
42399	42428	
42399	714701	
42399	989275	
42399	1002761	
42399	1009718	
42399	1020404	
42399	1050973	
42399	1076850	
42399	1090009	
42399	1090021	
42399	1090198	
42399	1090495	
42399	1090661	
42402	42428	
42404	1128527	
42406	714701	
42407	1350956	
42409	1090021	
42409	1226556	
42410	1434654	
42412	42428	
42412	989275	
42413	1093625	
42416	989275	
42418	1056404	
42419	714701	
42419	989275	
42421	42428	
42421	356090	
42422	42428	
42423	714701	
42424	714701	
42425	1104262	
42425	1295950	
42426	42428	
42426	1045711	
42427	989275	
42428	42429	
42428	42431	
42428	42432	
42428	42433	
42428	42434	
42428	42436	
42428	42437	
42428	42448	
42428	42475	
42428	42487	
42428	42493	
42428	42512	
42428	42514	
42428	42516	
42428	42526	
42428	42530	
42428	42546	
42428	42551	
42428	42552	
42428	42553	
42428	42555	
42428	42556	
42428	42565	
42428	42573	
42428	42582	
42428	42593	
42428	42596	
42428	42604	
42428	42605	
42428	42607	
42428	42616	
42428	42618	
42428	42623	
42428	42625	
42428	42631	
42428	42643	
42428	42645	
42428	42652	
42428	42655	
42428	42657	
42428	42667	
42428	42672	
42428	42707	
42428	42717	
42428	42719	
42428	42721	
42428	42731	
42428	42745	
42428	42748	
42428	42755	
42428	42758	
42428	42760	
42428	42770	
42428	42774	
42428	42779	
42428	42783	
42428	42789	
42428	42804	
42428	42805	
42428	42806	
42428	42808	
42428	42813	
42428	42819	
42428	42824	
42428	42827	
42428	42829	
42428	42835	
42428	42851	
42428	42864	
42428	42877	
42428	42878	
42428	42897	
42428	42910	
42428	42917	
42428	42919	
42428	42922	
42428	42923	
42428	42925	
42428	42939	
42428	42950	
42428	42953	
42428	42954	
42428	42957	
42428	42959	
42428	42963	
42428	42964	
42428	42965	
42428	42970	
42428	42977	
42428	43027	
42428	43050	
42428	43060	
42428	43094	
42428	43099	
42428	43101	
42428	43110	
42428	43115	
42428	43118	
42428	43126	
42428	43131	
42428	43133	
42428	43141	
42428	43143	
42428	43146	
42428	43156	
42428	43163	
42428	43168	
42428	43173	
42428	43187	
42428	43192	
42428	43204	
42428	43217	
42428	43221	
42428	43222	
42428	43223	
42428	43225	
42428	43229	
42428	43232	
42428	43234	
42428	43247	
42428	43248	
42428	43273	
42428	43277	
42428	43293	
42428	43302	
42428	43304	
42428	43307	
42428	43320	
42428	43324	
42428	43329	
42428	43345	
42428	43349	
42428	43357	
42428	43377	
42428	43380	
42428	43390	
42428	43391	
42428	43394	
42428	43403	
42428	43404	
42428	43410	
42428	43416	
42428	43417	
42428	43429	
42428	43430	
42428	43432	
42428	43437	
42428	43441	
42428	43456	
42428	43457	
42428	43459	
42428	43461	
42428	43463	
42428	43464	
42428	43466	
42428	43481	
42428	43495	
42428	43497	
42428	43503	
42428	43505	
42428	43512	
42428	43514	
42428	43516	
42428	43517	
42428	43521	
42428	43528	
42428	43534	
42428	43538	
42428	43550	
42428	43562	
42428	43564	
42428	43586	
42428	43588	
42428	43591	
42428	43606	
42428	43608	
42428	43611	
42428	43612	
42428	43613	
42428	43617	
42428	43650	
42428	43651	
42428	43652	
42428	43665	
42428	43681	
42428	43696	
42428	43702	
42428	43707	
42428	43721	
42428	43750	
42428	43751	
42428	43752	
42428	43774	
42428	43777	
42428	43778	
42428	43800	
42428	43802	
42428	43805	
42428	43806	
42428	43813	
42428	43825	
42428	43835	
42428	43844	
42428	43867	
42428	43876	
42428	43881	
42428	43883	
42428	43890	
42428	43893	
42428	43894	
42428	43902	
42428	43909	
42428	43916	
42428	43919	
42428	43923	
42428	43924	
42428	43930	
42428	43931	
42428	43941	
42428	43947	
42428	43949	
42428	43959	
42428	43960	
42428	43972	
42428	43979	
42428	43980	
42428	43984	
42428	43992	
42428	43997	
42428	43998	
42428	44004	
42428	44018	
42428	44024	
42428	44035	
42428	44039	
42428	44053	
42428	44060	
42428	44082	
42428	44085	
42428	44106	
42428	44108	
42428	44112	
42428	44118	
42428	44137	
42428	44146	
42428	44149	
42428	44159	
42428	44166	
42428	44170	
42428	44182	
42428	44192	
42428	44199	
42428	44214	
42428	44227	
42428	44241	
42428	44256	
42428	44259	
42428	44277	
42428	44279	
42428	44297	
42428	44301	
42428	44313	
42428	46432	
42428	51977	
42428	51982	
42428	51985	
42428	51987	
42428	55760	
42428	55895	
42428	55904	
42428	55939	
42428	55966	
42428	55977	
42428	55991	
42428	56000	
42428	57449	
42428	67432	
42428	80812	
42428	90502	
42428	95088	
42428	95174	
42428	108928	
42428	112108	
42428	128338	
42428	147648	
42428	164222	
42428	164397	
42428	166369	
42428	173812	
42428	182468	
42428	183376	
42428	185375	
42428	194432	
42428	195483	
42428	195648	
42428	195727	
42428	200424	
42428	218708	
42428	218710	
42428	224158	
42428	229301	
42428	229404	
42428	229491	
42428	229511	
42428	229520	
42428	229619	
42428	229693	
42428	229716	
42428	229730	
42428	230066	
42428	239095	
42428	244502	
42428	246156	
42428	248068	
42428	248294	
42428	248332	
42428	248349	
42428	248353	
42428	248504	
42428	248512	
42428	248577	
42428	248594	
42428	248600	
42428	248603	
42428	248612	
42428	248613	
42428	248616	
42428	248643	
42428	248648	
42428	248650	
42428	248654	
42428	248659	
42428	248674	
42428	248690	
42428	248698	
42428	248709	
42428	248712	
42428	248714	
42428	248722	
42428	248724	
42428	248727	
42428	248735	
42428	248747	
42428	248748	
42428	248751	
42428	248758	
42428	248765	
42428	248775	
42428	248781	
42428	248786	
42428	248789	
42428	248793	
42428	248801	
42428	248803	
42428	248805	
42428	248807	
42428	248810	
42428	248815	
42428	248826	
42428	248828	
42428	248833	
42428	248835	
42428	248838	
42428	248846	
42428	248858	
42428	248872	
42428	248877	
42428	248880	
42428	248892	
42428	248904	
42428	248905	
42428	248918	
42428	248933	
42428	248934	
42428	248937	
42428	248968	
42428	248969	
42428	248977	
42428	248992	
42428	248994	
42428	248997	
42428	248999	
42428	249000	
42428	249006	
42428	249024	
42428	249025	
42428	249029	
42428	249038	
42428	249047	
42428	249048	
42428	249051	
42428	249052	
42428	249071	
42428	249090	
42428	249094	
42428	249103	
42428	249104	
42428	249111	
42428	249113	
42428	249130	
42428	249139	
42428	249145	
42428	249152	
42428	249161	
42428	249162	
42428	249171	
42428	249174	
42428	249179	
42428	249180	
42428	249188	
42428	249196	
42428	249199	
42428	249207	
42428	249211	
42428	249212	
42428	249219	
42428	249222	
42428	249232	
42428	249236	
42428	249240	
42428	249242	
42428	249244	
42428	249261	
42428	249264	
42428	249268	
42428	249274	
42428	249282	
42428	249288	
42428	249291	
42428	249296	
42428	249300	
42428	249301	
42428	249307	
42428	249315	
42428	249316	
42428	249324	
42428	249328	
42428	249330	
42428	249341	
42428	249348	
42428	249362	
42428	249366	
42428	249377	
42428	249391	
42428	249399	
42428	249400	
42428	249402	
42428	249405	
42428	249409	
42428	249419	
42428	249426	
42428	249434	
42428	249435	
42428	249438	
42428	249441	
42428	249447	
42428	249448	
42428	249460	
42428	249474	
42428	249475	
42428	249478	
42428	249481	
42428	249482	
42428	249483	
42428	249489	
42428	249490	
42428	249491	
42428	249494	
42428	249495	
42428	249503	
42428	249519	
42428	249525	
42428	249530	
42428	249536	
42428	249541	
42428	249564	
42428	249567	
42428	249573	
42428	249595	
42428	249599	
42428	249603	
42428	249610	
42428	249618	
42428	249631	
42428	249651	
42428	249656	
42428	249684	
42428	249685	
42428	278769	
42428	280887	
42428	289655	
42428	295673	
42428	295928	
42428	296003	
42428	296015	
42428	296093	
42428	301048	
42428	306779	
42428	306823	
42428	306832	
42428	306851	
42428	306889	
42428	306906	
42428	306936	
42428	306940	
42428	306952	
42428	306962	
42428	306988	
42428	306993	
42428	306994	
42428	306996	
42428	307004	
42428	307017	
42428	307021	
42428	307022	
42428	307049	
42428	307051	
42428	307082	
42428	307145	
42428	307243	
42428	307309	
42428	307320	
42428	307338	
42428	307343	
42428	307375	
42428	307392	
42428	307394	
42428	307397	
42428	307402	
42428	307408	
42428	307419	
42428	307421	
42428	307427	
42428	307436	
42428	307446	
42428	307464	
42428	307465	
42428	307466	
42428	307487	
42428	307491	
42428	307498	
42428	307514	
42428	307533	
42428	307537	
42428	307543	
42428	307547	
42428	307559	
42428	307562	
42428	307588	
42428	307595	
42428	307597	
42428	307599	
42428	307600	
42428	307602	
42428	307603	
42428	307633	
42428	307636	
42428	325470	
42428	331420	
42428	342545	
42428	346748	
42428	346749	
42428	346751	
42428	346752	
42428	346773	
42428	346784	
42428	347169	
42428	347341	
42428	347469	
42428	347543	
42428	347550	
42428	347552	
42428	347560	
42428	347618	
42428	347677	
42428	347801	
42428	347902	
42428	348060	
42428	348065	
42428	348127	
42428	348426	
42428	348466	
42428	348501	
42428	348550	
42428	348646	
42428	348710	
42428	349035	
42428	349122	
42428	349593	
42428	349918	
42428	350691	
42428	351761	
42428	352120	
42428	352151	
42428	352157	
42428	352268	
42428	352408	
42428	352724	
42428	353295	
42428	353471	
42428	353654	
42428	353691	
42428	353704	
42428	353718	
42428	353725	
42428	353754	
42428	353760	
42428	353776	
42428	353790	
42428	353794	
42428	353795	
42428	353823	
42428	353827	
42428	353831	
42428	353846	
42428	353855	
42428	353867	
42428	353869	
42428	353872	
42428	353881	
42428	353882	
42428	353887	
42428	353936	
42428	353977	
42428	353984	
42428	353988	
42428	353989	
42428	354000	
42428	354013	
42428	354024	
42428	354039	
42428	354043	
42428	354052	
42428	354066	
42428	354073	
42428	354087	
42428	354090	
42428	354093	
42428	354136	
42428	354139	
42428	354148	
42428	354151	
42428	354158	
42428	354159	
42428	354162	
42428	354164	
42428	354167	
42428	354168	
42428	354172	
42428	354173	
42428	354183	
42428	354186	
42428	354193	
42428	354202	
42428	354213	
42428	354240	
42428	354245	
42428	354252	
42428	354265	
42428	354268	
42428	354283	
42428	354291	
42428	354319	
42428	354335	
42428	354347	
42428	354349	
42428	354365	
42428	354380	
42428	354381	
42428	354391	
42428	354395	
42428	354399	
42428	354401	
42428	354414	
42428	354423	
42428	354425	
42428	354436	
42428	354445	
42428	354451	
42428	354470	
42428	354475	
42428	354481	
42428	354494	
42428	354496	
42428	354506	
42428	354531	
42428	354552	
42428	354571	
42428	354578	
42428	354610	
42428	354612	
42428	354633	
42428	354636	
42428	354657	
42428	354672	
42428	354701	
42428	354703	
42428	354716	
42428	354740	
42428	354747	
42428	354748	
42428	354777	
42428	354799	
42428	354810	
42428	354830	
42428	354844	
42428	354848	
42428	354863	
42428	354876	
42428	354887	
42428	354913	
42428	354968	
42428	354983	
42428	354995	
42428	354998	
42428	355017	
42428	355055	
42428	355059	
42428	355067	
42428	355088	
42428	355112	
42428	355136	
42428	355141	
42428	355143	
42428	355147	
42428	355164	
42428	355166	
42428	355206	
42428	355221	
42428	355223	
42428	355228	
42428	355274	
42428	355277	
42428	355311	
42428	355316	
42428	355322	
42428	355332	
42428	355337	
42428	355362	
42428	355368	
42428	355403	
42428	355410	
42428	355458	
42428	355481	
42428	355483	
42428	355498	
42428	355519	
42428	355535	
42428	355540	
42428	355557	
42428	355642	
42428	355696	
42428	355703	
42428	355726	
42428	355740	
42428	355742	
42428	355748	
42428	355770	
42428	355775	
42428	355789	
42428	355796	
42428	355810	
42428	355820	
42428	355827	
42428	355828	
42428	355880	
42428	355888	
42428	355890	
42428	355893	
42428	355908	
42428	355932	
42428	355940	
42428	355986	
42428	355996	
42428	356005	
42428	356021	
42428	356022	
42428	356025	
42428	356027	
42428	356037	
42428	356038	
42428	356039	
42428	356044	
42428	356046	
42428	356059	
42428	356073	
42428	356076	
42428	356090	
42428	356098	
42428	356102	
42428	356128	
42428	356141	
42428	356153	
42428	356158	
42428	356171	
42428	356182	
42428	356192	
42428	356227	
42428	356270	
42428	356289	
42428	356290	
42428	356303	
42428	356309	
42428	356316	
42428	356328	
42428	356375	
42428	356396	
42428	356423	
42428	356424	
42428	356440	
42428	356466	
42428	356472	
42428	356490	
42428	356493	
42428	356495	
42428	356498	
42428	356531	
42428	356537	
42428	356541	
42428	356559	
42428	356565	
42428	356567	
42428	356578	
42428	356613	
42428	356617	
42428	356627	
42428	356634	
42428	356653	
42428	356661	
42428	356673	
42428	356687	
42428	356692	
42428	356708	
42428	356728	
42428	356776	
42428	356786	
42428	356793	
42428	356839	
42428	356844	
42428	356864	
42428	356894	
42428	356906	
42428	356910	
42428	356921	
42428	356931	
42428	356941	
42428	356944	
42428	356972	
42428	356974	
42428	357012	
42428	357069	
42428	357082	
42428	357083	
42428	357085	
42428	357088	
42428	357090	
42428	357098	
42428	357102	
42428	357130	
42428	357132	
42428	357133	
42428	357145	
42428	357162	
42428	357191	
42428	357197	
42428	357206	
42428	357207	
42428	357215	
42428	357238	
42428	357269	
42428	357278	
42428	357285	
42428	357287	
42428	357291	
42428	357293	
42428	357296	
42428	357302	
42428	357325	
42428	357351	
42428	357360	
42428	357370	
42428	357382	
42428	357401	
42428	357414	
42428	357425	
42428	357428	
42428	357477	
42428	357488	
42428	357492	
42428	357501	
42428	357503	
42428	357504	
42428	357506	
42428	357563	
42428	357565	
42428	357574	
42428	357575	
42428	357620	
42428	357664	
42428	357668	
42428	357685	
42428	357697	
42428	357699	
42428	357708	
42428	357711	
42428	357722	
42428	357733	
42428	357736	
42428	357738	
42428	357743	
42428	357758	
42428	357791	
42428	357819	
42428	357831	
42428	357853	
42428	357888	
42428	357914	
42428	357931	
42428	357935	
42428	357938	
42428	357944	
42428	357961	
42428	357992	
42428	357996	
42428	358008	
42428	358014	
42428	358024	
42428	358033	
42428	358042	
42428	358050	
42428	358052	
42428	358072	
42428	358074	
42428	358082	
42428	358099	
42428	358157	
42428	358162	
42428	358171	
42428	358204	
42428	358213	
42428	358248	
42428	358266	
42428	358279	
42428	358294	
42428	358324	
42428	358330	
42428	358333	
42428	358336	
42428	358337	
42428	358346	
42428	358347	
42428	358363	
42428	358368	
42428	358406	
42428	358431	
42428	358438	
42428	358457	
42428	358462	
42428	358463	
42428	358465	
42428	358478	
42428	358484	
42428	358485	
42428	358500	
42428	358501	
42428	358508	
42428	358516	
42428	358528	
42428	358535	
42428	358556	
42428	358566	
42428	358572	
42428	358579	
42428	358581	
42428	358583	
42428	358592	
42428	358619	
42428	358622	
42428	358640	
42428	358678	
42428	358711	
42428	358718	
42428	358727	
42428	358758	
42428	358762	
42428	358770	
42428	358775	
42428	358780	
42428	358791	
42428	358829	
42428	358834	
42428	358843	
42428	358851	
42428	358852	
42428	358888	
42428	358904	
42428	358919	
42428	358930	
42428	358938	
42428	358948	
42428	358949	
42428	358961	
42428	358976	
42428	358977	
42428	358981	
42428	358991	
42428	358994	
42428	359006	
42428	359012	
42428	359032	
42428	359043	
42428	359057	
42428	359087	
42428	359088	
42428	359091	
42428	359095	
42428	359107	
42428	359108	
42428	359121	
42428	359123	
42428	359125	
42428	359142	
42428	359155	
42428	359166	
42428	359181	
42428	359212	
42428	359251	
42428	359300	
42428	359301	
42428	359307	
42428	359323	
42428	359341	
42428	359355	
42428	359358	
42428	359370	
42428	359401	
42428	359411	
42428	359424	
42428	359446	
42428	359449	
42428	359478	
42428	359506	
42428	359543	
42428	359573	
42428	359575	
42428	359576	
42428	359589	
42428	359593	
42428	359615	
42428	359628	
42428	359635	
42428	359637	
42428	359644	
42428	359674	
42428	359676	
42428	359705	
42428	359708	
42428	359716	
42428	359735	
42428	359748	
42428	359770	
42428	359781	
42428	359795	
42428	359799	
42428	359806	
42428	359817	
42428	359833	
42428	359839	
42428	359845	
42428	359852	
42428	359860	
42428	359862	
42428	359869	
42428	359872	
42428	359919	
42428	359921	
42428	359924	
42428	359932	
42428	359933	
42428	359938	
42428	359944	
42428	359979	
42428	359988	
42428	359990	
42428	360035	
42428	360042	
42428	360057	
42428	360060	
42428	360071	
42428	360075	
42428	360087	
42428	360121	
42428	360128	
42428	360134	
42428	360140	
42428	360144	
42428	360147	
42428	360189	
42428	360214	
42428	360239	
42428	360251	
42428	360271	
42428	360280	
42428	360310	
42428	360321	
42428	360336	
42428	360358	
42428	360360	
42428	360364	
42428	360379	
42428	360391	
42428	360404	
42428	360430	
42428	360433	
42428	360434	
42428	360437	
42428	360452	
42428	360455	
42428	360468	
42428	360505	
42428	360517	
42428	360521	
42428	360529	
42428	360551	
42428	360564	
42428	360566	
42428	360572	
42428	360573	
42428	360598	
42428	360608	
42428	360611	
42428	360612	
42428	360615	
42428	360643	
42428	360658	
42428	360660	
42428	360675	
42428	360678	
42428	360703	
42428	360714	
42428	360717	
42428	360738	
42428	360754	
42428	360766	
42428	360801	
42428	360823	
42428	360826	
42428	360834	
42428	360858	
42428	360859	
42428	360900	
42428	360904	
42428	360914	
42428	360929	
42428	360956	
42428	360959	
42428	360969	
42428	360975	
42428	360986	
42428	361016	
42428	361022	
42428	361030	
42428	361046	
42428	361047	
42428	361053	
42428	361054	
42428	361060	
42428	361070	
42428	361082	
42428	361092	
42428	361171	
42428	361178	
42428	361183	
42428	361186	
42428	361189	
42428	361251	
42428	361268	
42428	361274	
42428	361286	
42428	361291	
42428	361304	
42428	361321	
42428	361335	
42428	361348	
42428	361351	
42428	361382	
42428	361391	
42428	361408	
42428	361415	
42428	361453	
42428	361481	
42428	361521	
42428	361523	
42428	361526	
42428	361534	
42428	361536	
42428	361542	
42428	361544	
42428	361574	
42428	361599	
42428	361601	
42428	361604	
42428	361617	
42428	361626	
42428	361636	
42428	361648	
42428	361680	
42428	361681	
42428	361692	
42428	361696	
42428	361697	
42428	361711	
42428	361726	
42428	361738	
42428	361743	
42428	361746	
42428	361749	
42428	361750	
42428	361763	
42428	361767	
42428	361780	
42428	361792	
42428	361795	
42428	361800	
42428	361816	
42428	361848	
42428	361849	
42428	361867	
42428	361900	
42428	361914	
42428	361917	
42428	361925	
42428	361929	
42428	361934	
42428	361953	
42428	361956	
42428	361968	
42428	361982	
42428	362001	
42428	362016	
42428	362022	
42428	362026	
42428	362067	
42428	362077	
42428	362087	
42428	362096	
42428	362100	
42428	362125	
42428	362149	
42428	362174	
42428	362178	
42428	362181	
42428	362194	
42428	362200	
42428	362205	
42428	362221	
42428	362282	
42428	362296	
42428	362298	
42428	362307	
42428	362312	
42428	362322	
42428	362325	
42428	362330	
42428	362335	
42428	362355	
42428	362394	
42428	362400	
42428	362402	
42428	362405	
42428	362407	
42428	362421	
42428	362427	
42428	362440	
42428	362443	
42428	362449	
42428	362450	
42428	362457	
42428	362459	
42428	362471	
42428	362483	
42428	362499	
42428	362524	
42428	362539	
42428	362549	
42428	362557	
42428	362560	
42428	362578	
42428	362582	
42428	362612	
42428	362625	
42428	362644	
42428	362667	
42428	362677	
42428	362681	
42428	362711	
42428	362732	
42428	362734	
42428	362735	
42428	362737	
42428	362738	
42428	362739	
42428	362740	
42428	362741	
42428	362742	
42428	362743	
42428	362755	
42428	362782	
42428	362789	
42428	362795	
42428	362806	
42428	362817	
42428	362820	
42428	362828	
42428	362865	
42428	362920	
42428	362935	
42428	362938	
42428	362946	
42428	362951	
42428	362959	
42428	362969	
42428	362977	
42428	362979	
42428	362996	
42428	363004	
42428	363009	
42428	363024	
42428	363036	
42428	363065	
42428	363077	
42428	363100	
42428	363103	
42428	363114	
42428	363145	
42428	363153	
42428	363156	
42428	363186	
42428	363191	
42428	363212	
42428	363222	
42428	363230	
42428	363249	
42428	363257	
42428	363277	
42428	363327	
42428	363349	
42428	363358	
42428	363363	
42428	363369	
42428	363378	
42428	363381	
42428	363384	
42428	363390	
42428	363392	
42428	363396	
42428	363411	
42428	363413	
42428	363422	
42428	363433	
42428	363460	
42428	363465	
42428	363468	
42428	363469	
42428	363472	
42428	363475	
42428	363490	
42428	363493	
42428	363503	
42428	363525	
42428	363529	
42428	363539	
42428	363540	
42428	363563	
42428	363577	
42428	363578	
42428	363587	
42428	363590	
42428	363593	
42428	363604	
42428	363613	
42428	363638	
42428	363644	
42428	363658	
42428	363661	
42428	363691	
42428	363706	
42428	363714	
42428	363716	
42428	363732	
42428	363738	
42428	363740	
42428	363747	
42428	363765	
42428	363773	
42428	363774	
42428	363785	
42428	363792	
42428	363795	
42428	363799	
42428	363802	
42428	363808	
42428	363815	
42428	363824	
42428	363833	
42428	363846	
42428	363849	
42428	363888	
42428	363897	
42428	363910	
42428	363920	
42428	363949	
42428	363952	
42428	363990	
42428	364004	
42428	364062	
42428	364100	
42428	364110	
42428	364122	
42428	364193	
42428	364194	
42428	364200	
42428	364203	
42428	364269	
42428	364271	
42428	364281	
42428	364296	
42428	364312	
42428	364316	
42428	364318	
42428	364324	
42428	364383	
42428	364401	
42428	364424	
42428	364428	
42428	364465	
42428	364504	
42428	364531	
42428	364558	
42428	364576	
42428	364578	
42428	364624	
42428	364637	
42428	364643	
42428	364654	
42428	364668	
42428	364676	
42428	364685	
42428	364712	
42428	364722	
42428	364776	
42428	364804	
42428	364806	
42428	364808	
42428	364856	
42428	364859	
42428	364860	
42428	364889	
42428	364890	
42428	364911	
42428	364919	
42428	364935	
42428	364947	
42428	364953	
42428	364970	
42428	364972	
42428	364978	
42428	365005	
42428	365006	
42428	365023	
42428	365033	
42428	365051	
42428	365094	
42428	365117	
42428	365126	
42428	365137	
42428	365375	
42428	365396	
42428	365401	
42428	367131	
42428	367347	
42428	369886	
42428	371640	
42428	371675	
42428	371948	
42428	373232	
42428	373253	
42428	377364	
42428	377378	
42428	377431	
42428	377664	
42428	381200	
42428	393006	
42428	394452	
42428	402077	
42428	420923	
42428	429192	
42428	439769	
42428	439971	
42428	439998	
42428	442498	
42428	445951	
42428	446105	
42428	446374	
42428	446487	
42428	446496	
42428	447403	
42428	448665	
42428	451422	
42428	453766	
42428	454737	
42428	454791	
42428	454917	
42428	455246	
42428	457686	
42428	457803	
42428	457855	
42428	458824	
42428	459948	
42428	460023	
42428	460059	
42428	460248	
42428	460444	
42428	460683	
42428	461213	
42428	461452	
42428	461533	
42428	461741	
42428	461758	
42428	461778	
42428	461873	
42428	462092	
42428	462662	
42428	462925	
42428	463465	
42428	463475	
42428	463600	
42428	464352	
42428	464493	
42428	464610	
42428	464658	
42428	464659	
42428	464743	
42428	464754	
42428	464770	
42428	464779	
42428	464808	
42428	464826	
42428	465016	
42428	465023	
42428	465055	
42428	465096	
42428	465102	
42428	465108	
42428	465126	
42428	465137	
42428	465188	
42428	465213	
42428	465505	
42428	465666	
42428	467049	
42428	467056	
42428	467081	
42428	467101	
42428	467109	
42428	467374	
42428	467379	
42428	467477	
42428	467494	
42428	467517	
42428	467567	
42428	467810	
42428	468394	
42428	468454	
42428	468508	
42428	468559	
42428	468583	
42428	468639	
42428	468671	
42428	468888	
42428	468958	
42428	468974	
42428	468997	
42428	469118	
42428	470268	
42428	470528	
42428	470544	
42428	470712	
42428	471300	
42428	471438	
42428	471528	
42428	471545	
42428	471580	
42428	471625	
42428	471632	
42428	471728	
42428	471752	
42428	471785	
42428	471825	
42428	471829	
42428	471851	
42428	471899	
42428	471980	
42428	472017	
42428	472037	
42428	472053	
42428	472089	
42428	472091	
42428	472185	
42428	472607	
42428	473514	
42428	473582	
42428	473766	
42428	473989	
42428	474022	
42428	474036	
42428	474058	
42428	474303	
42428	474316	
42428	474344	
42428	474468	
42428	474523	
42428	474635	
42428	474640	
42428	476097	
42428	476101	
42428	476134	
42428	476137	
42428	476177	
42428	476253	
42428	476276	
42428	476352	
42428	476379	
42428	476390	
42428	476421	
42428	476438	
42428	476485	
42428	477378	
42428	478210	
42428	478658	
42428	478896	
42428	478956	
42428	479318	
42428	479662	
42428	480819	
42428	480869	
42428	480873	
42428	480907	
42428	480939	
42428	480994	
42428	481016	
42428	481105	
42428	481353	
42428	481362	
42428	482032	
42428	482043	
42428	482059	
42428	482784	
42428	483603	
42428	483964	
42428	487061	
42428	487122	
42428	487150	
42428	492200	
42428	492276	
42428	492352	
42428	492766	
42428	497099	
42428	497207	
42428	497330	
42428	497363	
42428	497375	
42428	497389	
42428	500373	
42428	502713	
42428	503689	
42428	505912	
42428	505913	
42428	523889	
42428	531023	
42428	532972	
42428	533015	
42428	533064	
42428	533065	
42428	533104	
42428	533143	
42428	533180	
42428	533181	
42428	533182	
42428	533183	
42428	533215	
42428	533230	
42428	533232	
42428	533233	
42428	533250	
42428	533251	
42428	533255	
42428	533302	
42428	533311	
42428	533327	
42428	533333	
42428	533733	
42428	533759	
42428	533765	
42428	533771	
42428	533783	
42428	533904	
42428	533911	
42428	533932	
42428	533936	
42428	533949	
42428	534037	
42428	534047	
42428	534130	
42428	534137	
42428	534182	
42428	534193	
42428	534253	
42428	534276	
42428	534290	
42428	547886	
42428	557602	
42428	557672	
42428	557681	
42428	557702	
42428	557751	
42428	557764	
42428	557769	
42428	560563	
42428	560578	
42428	560642	
42428	578460	
42428	587551	
42428	602617	
42428	609108	
42428	610870	
42428	634099	
42428	640985	
42428	641868	
42428	641881	
42428	641888	
42428	641927	
42428	642252	
42428	642609	
42428	648255	
42428	648948	
42428	658500	
42428	668084	
42428	668197	
42428	668269	
42428	668278	
42428	668437	
42428	673845	
42428	676415	
42428	676440	
42428	682414	
42428	682681	
42428	694282	
42428	695657	
42428	698353	
42428	698388	
42428	698438	
42428	700503	
42428	701357	
42428	704001	
42428	704217	
42428	704232	
42428	708465	
42428	712934	
42428	713173	
42428	717910	
42428	722638	
42428	722647	
42428	723673	
42428	724729	
42428	725169	
42428	725486	
42428	726353	
42428	727579	
42428	729622	
42428	729822	
42428	729860	
42428	730722	
42428	730945	
42428	733589	
42428	733601	
42428	733637	
42428	733666	
42428	733728	
42428	733742	
42428	734963	
42428	735008	
42428	735009	
42428	735016	
42428	737212	
42428	745343	
42428	748410	
42428	748430	
42428	748446	
42428	748448	
42428	748463	
42428	748477	
42428	756053	
42428	770094	
42428	775366	
42428	775459	
42428	775498	
42428	775668	
42428	775681	
42428	775720	
42428	777134	
42428	777942	
42428	777996	
42428	778088	
42428	778504	
42428	778774	
42428	778851	
42428	779010	
42428	779013	
42428	779039	
42428	779096	
42428	779143	
42428	779202	
42428	779253	
42428	779291	
42428	779312	
42428	779313	
42428	779335	
42428	779540	
42428	779640	
42428	779996	
42428	780085	
42428	780162	
42428	783988	
42428	794809	
42428	806596	
42428	806681	
42428	806798	
42428	806881	
42428	808802	
42428	809178	
42428	814812	
42428	820192	
42428	822704	
42428	823131	
42428	824309	
42428	824985	
42428	825027	
42428	825051	
42428	830493	
42428	831190	
42428	831226	
42428	831301	
42428	831308	
42428	831341	
42428	831391	
42428	831454	
42428	831495	
42428	831618	
42428	831661	
42428	831671	
42428	831727	
42428	831730	
42428	831882	
42428	831975	
42428	833078	
42428	833121	
42428	833187	
42428	833287	
42428	836676	
42428	836683	
42428	836766	
42428	836786	
42428	836840	
42428	836954	
42428	837232	
42428	837291	
42428	837347	
42428	837492	
42428	837625	
42428	837634	
42428	837680	
42428	837705	
42428	837743	
42428	837750	
42428	837990	
42428	837993	
42428	838063	
42428	838097	
42428	838102	
42428	838140	
42428	838195	
42428	838222	
42428	838339	
42428	838340	
42428	838428	
42428	838436	
42428	838456	
42428	838465	
42428	838525	
42428	838533	
42428	838820	
42428	839642	
42428	859939	
42428	860034	
42428	864378	
42428	864453	
42428	864651	
42428	879508	
42428	879524	
42428	879565	
42428	879827	
42428	879833	
42428	879845	
42428	879867	
42428	888395	
42428	888405	
42428	888692	
42428	888702	
42428	888761	
42428	888980	
42428	889019	
42428	890470	
42428	893302	
42428	893303	
42428	896641	
42428	899971	
42428	915163	
42428	918623	
42428	920189	
42428	921077	
42428	927300	
42428	927557	
42428	927617	
42428	928150	
42428	931943	
42428	936478	
42428	936481	
42428	936499	
42428	936512	
42428	941032	
42428	942198	
42428	943991	
42428	944424	
42428	944609	
42428	944849	
42428	945585	
42428	957866	
42428	958473	
42428	966372	
42428	970002	
42428	970034	
42428	970035	
42428	970036	
42428	970238	
42428	970358	
42428	970391	
42428	970408	
42428	970443	
42428	970502	
42428	970541	
42428	970816	
42428	971010	
42428	973212	
42428	973420	
42428	973480	
42428	973549	
42428	973773	
42428	973800	
42428	973830	
42428	973852	
42428	973899	
42428	974064	
42428	976086	
42428	976088	
42428	976106	
42428	976138	
42428	976293	
42428	976388	
42428	976425	
42428	976478	
42428	976511	
42428	976555	
42428	978338	
42428	980243	
42428	980678	
42428	980801	
42428	980804	
42428	980850	
42428	980915	
42428	984974	
42428	985011	
42428	985154	
42428	985166	
42428	986970	
42428	987364	
42428	987383	
42428	987398	
42428	987403	
42428	987409	
42428	987415	
42428	987423	
42428	987452	
42428	987489	
42428	987525	
42428	987527	
42428	987536	
42428	987537	
42428	987552	
42428	987558	
42428	987559	
42428	987571	
42428	987581	
42428	987600	
42428	987618	
42428	987621	
42428	987623	
42428	987642	
42428	987666	
42428	987678	
42428	987681	
42428	987690	
42428	987705	
42428	987712	
42428	987713	
42428	987720	
42428	987725	
42428	987730	
42428	987733	
42428	987738	
42428	987747	
42428	987757	
42428	987762	
42428	987774	
42428	987777	
42428	987779	
42428	987792	
42428	987799	
42428	987816	
42428	987836	
42428	987852	
42428	987853	
42428	987857	
42428	987881	
42428	987885	
42428	987889	
42428	987893	
42428	987908	
42428	987916	
42428	987923	
42428	987927	
42428	987942	
42428	987948	
42428	987952	
42428	987972	
42428	987980	
42428	987981	
42428	988003	
42428	988017	
42428	988034	
42428	988035	
42428	988038	
42428	988046	
42428	988052	
42428	988058	
42428	988088	
42428	988099	
42428	988139	
42428	988151	
42428	988173	
42428	988188	
42428	988193	
42428	988194	
42428	988202	
42428	988208	
42428	988228	
42428	988252	
42428	988261	
42428	988270	
42428	988272	
42428	988275	
42428	988285	
42428	988287	
42428	988294	
42428	988299	
42428	988302	
42428	988310	
42428	988458	
42428	988469	
42428	989019	
42428	989042	
42428	989043	
42428	989048	
42428	989062	
42428	989085	
42428	989110	
42428	989113	
42428	989117	
42428	989119	
42428	989126	
42428	989129	
42428	989165	
42428	989168	
42428	989172	
42428	989187	
42428	989200	
42428	989212	
42428	989222	
42428	989226	
42428	989234	
42428	989241	
42428	989255	
42428	989265	
42428	989275	
42428	989282	
42428	989288	
42428	989306	
42428	989312	
42428	989320	
42428	989324	
42428	989353	
42428	989360	
42428	989365	
42428	989369	
42428	989372	
42428	989375	
42428	989387	
42428	989393	
42428	989404	
42428	989916	
42428	990340	
42428	990350	
42428	990351	
42428	990364	
42428	990365	
42428	990366	
42428	990458	
42428	990470	
42428	990483	
42428	990495	
42428	990553	
42428	990588	
42428	990616	
42428	990704	
42428	990709	
42428	990719	
42428	990738	
42428	990765	
42428	990775	
42428	990787	
42428	990793	
42428	990807	
42428	990812	
42428	990816	
42428	990824	
42428	990876	
42428	990881	
42428	990913	
42428	990920	
42428	990946	
42428	990963	
42428	990964	
42428	991009	
42428	991013	
42428	991018	
42428	991024	
42428	991029	
42428	991034	
42428	991047	
42428	991049	
42428	991099	
42428	991141	
42428	991142	
42428	991143	
42428	991149	
42428	991154	
42428	991174	
42428	991193	
42428	991196	
42428	991206	
42428	991214	
42428	991216	
42428	991236	
42428	991260	
42428	991289	
42428	991313	
42428	991366	
42428	991398	
42428	991400	
42428	991409	
42428	991443	
42428	991501	
42428	991508	
42428	991530	
42428	991540	
42428	991555	
42428	991589	
42428	991615	
42428	991630	
42428	991632	
42428	991663	
42428	991667	
42428	991682	
42428	991709	
42428	991716	
42428	991761	
42428	991762	
42428	991764	
42428	991767	
42428	991772	
42428	991787	
42428	991789	
42428	991791	
42428	991842	
42428	991860	
42428	991868	
42428	991882	
42428	991894	
42428	991914	
42428	991940	
42428	991948	
42428	991971	
42428	992093	
42428	992094	
42428	992108	
42428	992129	
42428	992134	
42428	992135	
42428	992139	
42428	992143	
42428	992149	
42428	992155	
42428	992157	
42428	992158	
42428	992169	
42428	992170	
42428	992187	
42428	992189	
42428	992196	
42428	992199	
42428	992200	
42428	992205	
42428	992212	
42428	992219	
42428	992228	
42428	992231	
42428	992235	
42428	992245	
42428	992248	
42428	992254	
42428	992272	
42428	992280	
42428	992286	
42428	992296	
42428	992303	
42428	992312	
42428	992321	
42428	992324	
42428	992325	
42428	992341	
42428	992353	
42428	992355	
42428	992360	
42428	992362	
42428	992367	
42428	992375	
42428	992376	
42428	992389	
42428	992392	
42428	992393	
42428	992395	
42428	992400	
42428	992402	
42428	992407	
42428	992411	
42428	992412	
42428	992415	
42428	992423	
42428	992426	
42428	992440	
42428	992445	
42428	992446	
42428	992447	
42428	992450	
42428	992471	
42428	992475	
42428	992479	
42428	992481	
42428	992492	
42428	992494	
42428	992502	
42428	992505	
42428	992507	
42428	992515	
42428	992518	
42428	992522	
42428	992555	
42428	992561	
42428	992567	
42428	992570	
42428	992579	
42428	992585	
42428	992587	
42428	992590	
42428	992597	
42428	992600	
42428	992603	
42428	992610	
42428	992612	
42428	992614	
42428	992615	
42428	992627	
42428	992631	
42428	992632	
42428	992634	
42428	992642	
42428	992643	
42428	992646	
42428	992652	
42428	992658	
42428	992660	
42428	992661	
42428	992669	
42428	992672	
42428	992675	
42428	992676	
42428	992686	
42428	992689	
42428	992696	
42428	992698	
42428	992724	
42428	992727	
42428	992731	
42428	992733	
42428	992734	
42428	992736	
42428	992737	
42428	992748	
42428	992749	
42428	992753	
42428	992763	
42428	992764	
42428	992773	
42428	992776	
42428	992777	
42428	992783	
42428	992797	
42428	992809	
42428	992822	
42428	992829	
42428	992837	
42428	992841	
42428	992844	
42428	992846	
42428	992858	
42428	992861	
42428	992864	
42428	992867	
42428	992891	
42428	993257	
42428	993551	
42428	993742	
42428	993796	
42428	994011	
42428	994177	
42428	994178	
42428	994204	
42428	994215	
42428	994260	
42428	994262	
42428	994330	
42428	994368	
42428	994430	
42428	994439	
42428	994441	
42428	994444	
42428	994468	
42428	994481	
42428	994510	
42428	994596	
42428	994625	
42428	994656	
42428	994725	
42428	994783	
42428	994843	
42428	994849	
42428	994852	
42428	994872	
42428	994877	
42428	994881	
42428	994888	
42428	994891	
42428	994902	
42428	994908	
42428	994949	
42428	994959	
42428	994980	
42428	994994	
42428	994999	
42428	995011	
42428	995021	
42428	995029	
42428	995055	
42428	995060	
42428	995097	
42428	995113	
42428	995119	
42428	995122	
42428	995261	
42428	995286	
42428	995316	
42428	995323	
42428	995332	
42428	995338	
42428	995352	
42428	995358	
42428	995377	
42428	995438	
42428	995443	
42428	995444	
42428	995451	
42428	995467	
42428	995471	
42428	995475	
42428	995505	
42428	995507	
42428	995515	
42428	995533	
42428	995569	
42428	995592	
42428	995600	
42428	995618	
42428	995645	
42428	995648	
42428	995654	
42428	995675	
42428	995686	
42428	995697	
42428	995737	
42428	995740	
42428	995749	
42428	995783	
42428	995784	
42428	995786	
42428	995793	
42428	995813	
42428	995826	
42428	995844	
42428	995858	
42428	995862	
42428	995879	
42428	995884	
42428	995885	
42428	995892	
42428	995897	
42428	995900	
42428	995903	
42428	995908	
42428	995909	
42428	995923	
42428	995928	
42428	995932	
42428	995936	
42428	995938	
42428	995941	
42428	995956	
42428	995961	
42428	995970	
42428	995971	
42428	995972	
42428	995987	
42428	995996	
42428	996002	
42428	996005	
42428	996019	
42428	996021	
42428	996025	
42428	996028	
42428	996030	
42428	996033	
42428	996034	
42428	996040	
42428	996045	
42428	996048	
42428	996049	
42428	996054	
42428	996057	
42428	996062	
42428	996074	
42428	996079	
42428	996082	
42428	996083	
42428	996091	
42428	996100	
42428	996109	
42428	996110	
42428	996114	
42428	996116	
42428	996118	
42428	996120	
42428	996123	
42428	996129	
42428	996131	
42428	996132	
42428	996133	
42428	996138	
42428	996144	
42428	996147	
42428	996224	
42428	996286	
42428	996386	
42428	996513	
42428	996518	
42428	996536	
42428	996589	
42428	996612	
42428	996614	
42428	996616	
42428	996643	
42428	996654	
42428	996657	
42428	996925	
42428	997327	
42428	997500	
42428	997511	
42428	997548	
42428	997565	
42428	997576	
42428	997581	
42428	997614	
42428	997684	
42428	997687	
42428	997707	
42428	997718	
42428	997776	
42428	997818	
42428	997848	
42428	997881	
42428	997894	
42428	997907	
42428	997908	
42428	997943	
42428	997984	
42428	998018	
42428	998021	
42428	998045	
42428	998046	
42428	998061	
42428	998073	
42428	998084	
42428	998121	
42428	998123	
42428	998137	
42428	998141	
42428	998154	
42428	998225	
42428	998230	
42428	998231	
42428	998244	
42428	998284	
42428	998285	
42428	998289	
42428	998290	
42428	998293	
42428	998294	
42428	998297	
42428	998300	
42428	998303	
42428	998306	
42428	998321	
42428	998326	
42428	998333	
42428	998337	
42428	998340	
42428	998342	
42428	998344	
42428	998350	
42428	998352	
42428	998361	
42428	998372	
42428	998374	
42428	998388	
42428	998390	
42428	998392	
42428	998423	
42428	998424	
42428	998431	
42428	998436	
42428	998461	
42428	998464	
42428	998476	
42428	998479	
42428	998501	
42428	998506	
42428	998514	
42428	998516	
42428	998517	
42428	998543	
42428	998546	
42428	998549	
42428	998551	
42428	998556	
42428	998574	
42428	998595	
42428	998601	
42428	998609	
42428	998631	
42428	998638	
42428	998639	
42428	998650	
42428	998690	
42428	998868	
42428	998909	
42428	998943	
42428	999119	
42428	999163	
42428	999205	
42428	999223	
42428	999326	
42428	999399	
42428	999405	
42428	999426	
42428	999498	
42428	999501	
42428	999503	
42428	999539	
42428	999564	
42428	999570	
42428	999578	
42428	999580	
42428	999593	
42428	999596	
42428	999601	
42428	999611	
42428	999615	
42428	999634	
42428	999639	
42428	999653	
42428	999662	
42428	999668	
42428	999669	
42428	999686	
42428	999697	
42428	999700	
42428	999711	
42428	999744	
42428	999777	
42428	999902	
42428	999921	
42428	1000168	
42428	1000197	
42428	1000284	
42428	1000285	
42428	1000311	
42428	1000340	
42428	1000388	
42428	1000435	
42428	1000515	
42428	1000582	
42428	1000603	
42428	1000631	
42428	1000648	
42428	1000710	
42428	1000723	
42428	1000724	
42428	1000740	
42428	1000767	
42428	1000794	
42428	1000795	
42428	1000845	
42428	1000869	
42428	1000899	
42428	1000902	
42428	1000905	
42428	1000914	
42428	1000936	
42428	1000953	
42428	1000956	
42428	1000975	
42428	1000984	
42428	1001152	
42428	1001161	
42428	1001223	
42428	1001225	
42428	1001242	
42428	1001319	
42428	1001352	
42428	1001371	
42428	1001378	
42428	1001634	
42428	1001681	
42428	1002043	
42428	1002086	
42428	1002092	
42428	1002132	
42428	1002155	
42428	1002172	
42428	1002187	
42428	1002227	
42428	1002246	
42428	1002264	
42428	1002268	
42428	1002273	
42428	1002310	
42428	1002328	
42428	1002343	
42428	1002350	
42428	1002379	
42428	1002385	
42428	1002399	
42428	1002402	
42428	1002404	
42428	1002409	
42428	1002413	
42428	1002417	
42428	1002428	
42428	1002429	
42428	1002437	
42428	1002439	
42428	1002453	
42428	1002458	
42428	1002479	
42428	1002488	
42428	1002500	
42428	1002511	
42428	1002530	
42428	1002575	
42428	1002588	
42428	1002713	
42428	1002733	
42428	1002800	
42428	1002980	
42428	1003133	
42428	1003166	
42428	1003205	
42428	1003215	
42428	1003233	
42428	1003290	
42428	1003298	
42428	1003304	
42428	1003306	
42428	1003327	
42428	1003336	
42428	1003341	
42428	1003350	
42428	1003370	
42428	1003380	
42428	1003391	
42428	1003443	
42428	1003528	
42428	1003538	
42428	1003541	
42428	1003551	
42428	1003556	
42428	1003562	
42428	1003587	
42428	1003597	
42428	1003614	
42428	1003616	
42428	1003643	
42428	1003644	
42428	1003650	
42428	1003659	
42428	1003662	
42428	1003680	
42428	1003681	
42428	1003682	
42428	1003683	
42428	1003696	
42428	1003697	
42428	1003703	
42428	1003971	
42428	1003985	
42428	1003989	
42428	1004001	
42428	1004078	
42428	1004107	
42428	1004123	
42428	1004144	
42428	1004150	
42428	1004170	
42428	1004204	
42428	1004208	
42428	1004213	
42428	1004224	
42428	1004247	
42428	1004262	
42428	1004275	
42428	1004276	
42428	1004282	
42428	1004283	
42428	1004293	
42428	1004298	
42428	1004304	
42428	1004323	
42428	1004354	
42428	1004378	
42428	1004386	
42428	1004394	
42428	1004398	
42428	1004402	
42428	1004403	
42428	1004405	
42428	1004425	
42428	1004428	
42428	1004433	
42428	1004458	
42428	1004463	
42428	1004488	
42428	1004495	
42428	1004509	
42428	1004514	
42428	1004521	
42428	1004529	
42428	1004545	
42428	1004567	
42428	1004578	
42428	1004593	
42428	1004619	
42428	1004621	
42428	1004625	
42428	1004633	
42428	1004634	
42428	1004640	
42428	1004651	
42428	1004688	
42428	1004727	
42428	1004745	
42428	1004756	
42428	1004758	
42428	1004782	
42428	1004792	
42428	1004802	
42428	1004812	
42428	1004833	
42428	1004852	
42428	1004865	
42428	1004873	
42428	1004875	
42428	1004891	
42428	1004895	
42428	1004934	
42428	1004937	
42428	1004981	
42428	1004983	
42428	1005010	
42428	1005016	
42428	1005026	
42428	1005036	
42428	1005054	
42428	1005056	
42428	1005073	
42428	1005076	
42428	1005082	
42428	1005087	
42428	1005122	
42428	1005123	
42428	1005125	
42428	1005127	
42428	1005135	
42428	1005136	
42428	1005139	
42428	1005158	
42428	1005205	
42428	1005214	
42428	1005231	
42428	1005245	
42428	1005267	
42428	1005280	
42428	1005282	
42428	1005283	
42428	1005285	
42428	1005301	
42428	1005316	
42428	1005336	
42428	1005361	
42428	1005373	
42428	1005379	
42428	1005386	
42428	1005396	
42428	1005411	
42428	1005447	
42428	1005448	
42428	1005452	
42428	1005459	
42428	1005464	
42428	1005491	
42428	1005492	
42428	1005501	
42428	1005511	
42428	1005517	
42428	1005538	
42428	1005603	
42428	1005884	
42428	1005888	
42428	1005911	
42428	1005913	
42428	1005917	
42428	1005921	
42428	1005924	
42428	1005944	
42428	1005956	
42428	1005962	
42428	1005981	
42428	1005993	
42428	1005995	
42428	1006005	
42428	1006009	
42428	1006014	
42428	1006015	
42428	1006018	
42428	1006044	
42428	1006049	
42428	1006074	
42428	1006080	
42428	1006094	
42428	1006102	
42428	1006109	
42428	1006110	
42428	1006123	
42428	1006125	
42428	1006130	
42428	1006149	
42428	1006151	
42428	1006153	
42428	1006156	
42428	1006173	
42428	1006175	
42428	1006176	
42428	1006177	
42428	1006189	
42428	1006194	
42428	1006196	
42428	1006202	
42428	1006209	
42428	1006216	
42428	1006223	
42428	1006231	
42428	1006244	
42428	1006257	
42428	1006263	
42428	1006268	
42428	1006271	
42428	1006297	
42428	1006306	
42428	1006319	
42428	1006330	
42428	1006333	
42428	1006334	
42428	1006338	
42428	1006341	
42428	1006342	
42428	1006359	
42428	1006364	
42428	1006370	
42428	1006373	
42428	1006389	
42428	1006392	
42428	1006416	
42428	1006418	
42428	1006428	
42428	1006437	
42428	1006439	
42428	1006460	
42428	1006463	
42428	1006471	
42428	1006481	
42428	1006484	
42428	1006485	
42428	1006490	
42428	1006498	
42428	1006505	
42428	1006509	
42428	1006511	
42428	1006534	
42428	1006535	
42428	1006546	
42428	1006549	
42428	1006569	
42428	1006578	
42428	1006586	
42428	1006592	
42428	1006601	
42428	1006608	
42428	1006622	
42428	1006628	
42428	1006658	
42428	1006669	
42428	1006671	
42428	1006704	
42428	1006705	
42428	1006710	
42428	1006712	
42428	1006720	
42428	1006733	
42428	1006735	
42428	1006748	
42428	1006751	
42428	1006758	
42428	1006759	
42428	1006760	
42428	1006782	
42428	1006787	
42428	1006796	
42428	1006822	
42428	1006828	
42428	1006831	
42428	1006839	
42428	1006846	
42428	1006847	
42428	1006853	
42428	1006864	
42428	1006874	
42428	1006886	
42428	1006891	
42428	1006895	
42428	1006905	
42428	1006914	
42428	1006921	
42428	1006942	
42428	1006944	
42428	1006954	
42428	1006962	
42428	1006966	
42428	1006967	
42428	1006973	
42428	1006981	
42428	1006995	
42428	1007004	
42428	1007007	
42428	1007010	
42428	1007014	
42428	1007017	
42428	1007020	
42428	1007021	
42428	1007022	
42428	1007036	
42428	1007040	
42428	1007045	
42428	1007055	
42428	1007060	
42428	1007066	
42428	1007077	
42428	1007078	
42428	1007079	
42428	1007089	
42428	1007090	
42428	1007096	
42428	1007100	
42428	1007101	
42428	1007103	
42428	1007106	
42428	1007124	
42428	1007125	
42428	1007134	
42428	1007137	
42428	1007146	
42428	1007158	
42428	1007172	
42428	1007174	
42428	1007177	
42428	1007179	
42428	1007180	
42428	1007185	
42428	1007202	
42428	1007203	
42428	1007205	
42428	1007210	
42428	1007211	
42428	1007212	
42428	1007213	
42428	1007214	
42428	1007224	
42428	1007228	
42428	1007241	
42428	1007242	
42428	1007268	
42428	1007287	
42428	1007308	
42428	1007329	
42428	1007340	
42428	1007342	
42428	1007370	
42428	1007375	
42428	1007381	
42428	1007382	
42428	1007383	
42428	1007388	
42428	1007400	
42428	1007409	
42428	1007426	
42428	1007438	
42428	1007441	
42428	1007482	
42428	1007483	
42428	1007484	
42428	1007494	
42428	1007501	
42428	1007510	
42428	1007515	
42428	1007529	
42428	1007533	
42428	1007535	
42428	1007536	
42428	1007538	
42428	1007540	
42428	1007542	
42428	1007563	
42428	1007572	
42428	1007611	
42428	1007623	
42428	1007634	
42428	1007652	
42428	1007657	
42428	1007659	
42428	1007665	
42428	1007667	
42428	1007668	
42428	1007671	
42428	1007684	
42428	1007687	
42428	1007693	
42428	1007708	
42428	1007709	
42428	1007714	
42428	1007716	
42428	1007720	
42428	1007727	
42428	1007729	
42428	1007740	
42428	1007741	
42428	1007760	
42428	1007763	
42428	1007775	
42428	1007777	
42428	1007796	
42428	1007798	
42428	1007799	
42428	1007800	
42428	1007801	
42428	1007804	
42428	1007807	
42428	1007816	
42428	1007822	
42428	1007825	
42428	1007839	
42428	1007844	
42428	1007855	
42428	1007860	
42428	1007868	
42428	1007875	
42428	1007889	
42428	1007895	
42428	1007898	
42428	1007903	
42428	1007907	
42428	1007908	
42428	1007910	
42428	1007911	
42428	1007914	
42428	1007931	
42428	1007934	
42428	1007935	
42428	1007941	
42428	1007943	
42428	1007953	
42428	1007960	
42428	1007962	
42428	1007978	
42428	1007983	
42428	1007990	
42428	1007992	
42428	1007993	
42428	1007998	
42428	1008024	
42428	1008029	
42428	1008034	
42428	1008035	
42428	1008038	
42428	1008046	
42428	1008086	
42428	1008088	
42428	1008090	
42428	1008093	
42428	1008095	
42428	1008108	
42428	1008109	
42428	1008112	
42428	1008122	
42428	1008124	
42428	1008127	
42428	1008130	
42428	1008134	
42428	1008135	
42428	1008140	
42428	1008154	
42428	1008155	
42428	1008160	
42428	1008161	
42428	1008164	
42428	1008176	
42428	1008186	
42428	1008187	
42428	1008191	
42428	1008202	
42428	1008210	
42428	1008212	
42428	1008220	
42428	1008234	
42428	1008245	
42428	1008258	
42428	1008263	
42428	1008265	
42428	1008266	
42428	1008276	
42428	1008278	
42428	1008279	
42428	1008292	
42428	1008294	
42428	1008296	
42428	1008298	
42428	1008317	
42428	1008318	
42428	1008332	
42428	1008339	
42428	1008346	
42428	1008358	
42428	1008360	
42428	1008361	
42428	1008363	
42428	1008371	
42428	1008375	
42428	1008376	
42428	1008377	
42428	1008385	
42428	1008387	
42428	1008388	
42428	1008394	
42428	1008397	
42428	1008403	
42428	1008413	
42428	1008422	
42428	1008438	
42428	1008443	
42428	1008445	
42428	1008458	
42428	1008460	
42428	1008463	
42428	1008483	
42428	1008495	
42428	1008496	
42428	1008500	
42428	1008511	
42428	1008514	
42428	1008516	
42428	1008517	
42428	1008529	
42428	1008532	
42428	1008540	
42428	1008543	
42428	1008545	
42428	1008554	
42428	1008558	
42428	1008563	
42428	1008570	
42428	1008579	
42428	1008590	
42428	1008592	
42428	1008597	
42428	1008604	
42428	1008605	
42428	1008608	
42428	1008612	
42428	1008614	
42428	1008615	
42428	1008619	
42428	1008623	
42428	1008624	
42428	1008632	
42428	1008635	
42428	1008649	
42428	1008666	
42428	1008674	
42428	1008680	
42428	1008688	
42428	1008691	
42428	1008693	
42428	1008694	
42428	1008696	
42428	1008707	
42428	1008722	
42428	1008723	
42428	1008727	
42428	1008728	
42428	1008735	
42428	1008741	
42428	1008744	
42428	1008747	
42428	1008766	
42428	1008771	
42428	1008773	
42428	1008791	
42428	1008792	
42428	1008794	
42428	1008798	
42428	1008806	
42428	1008817	
42428	1008833	
42428	1008838	
42428	1008847	
42428	1008851	
42428	1008856	
42428	1008861	
42428	1008869	
42428	1008875	
42428	1008880	
42428	1008883	
42428	1008884	
42428	1008887	
42428	1008892	
42428	1008893	
42428	1008898	
42428	1008901	
42428	1008902	
42428	1008909	
42428	1008922	
42428	1008923	
42428	1008924	
42428	1008927	
42428	1008933	
42428	1008944	
42428	1008946	
42428	1008951	
42428	1008952	
42428	1008954	
42428	1008966	
42428	1009002	
42428	1009021	
42428	1009022	
42428	1009027	
42428	1009031	
42428	1009034	
42428	1009042	
42428	1009055	
42428	1009057	
42428	1009064	
42428	1009065	
42428	1009069	
42428	1009070	
42428	1009073	
42428	1009080	
42428	1009087	
42428	1009092	
42428	1009096	
42428	1009105	
42428	1009106	
42428	1009109	
42428	1009112	
42428	1009113	
42428	1009115	
42428	1009117	
42428	1009125	
42428	1009132	
42428	1009133	
42428	1009141	
42428	1009148	
42428	1009154	
42428	1009160	
42428	1009164	
42428	1009169	
42428	1009171	
42428	1009187	
42428	1009193	
42428	1009198	
42428	1009202	
42428	1009208	
42428	1009212	
42428	1009218	
42428	1009222	
42428	1009226	
42428	1009235	
42428	1009244	
42428	1009252	
42428	1009256	
42428	1009262	
42428	1009271	
42428	1009274	
42428	1009288	
42428	1009303	
42428	1009327	
42428	1009352	
42428	1009354	
42428	1009362	
42428	1009383	
42428	1009393	
42428	1009397	
42428	1009422	
42428	1009431	
42428	1009435	
42428	1009436	
42428	1009438	
42428	1009445	
42428	1009446	
42428	1009449	
42428	1009457	
42428	1009459	
42428	1009462	
42428	1009477	
42428	1009482	
42428	1009484	
42428	1009486	
42428	1009496	
42428	1009513	
42428	1009517	
42428	1009525	
42428	1009532	
42428	1009537	
42428	1009542	
42428	1009543	
42428	1009545	
42428	1009560	
42428	1009561	
42428	1009572	
42428	1009593	
42428	1009597	
42428	1009603	
42428	1009609	
42428	1009617	
42428	1009618	
42428	1009631	
42428	1009632	
42428	1009652	
42428	1009664	
42428	1009668	
42428	1009681	
42428	1009684	
42428	1009696	
42428	1009699	
42428	1009704	
42428	1009710	
42428	1009713	
42428	1009714	
42428	1009718	
42428	1009720	
42428	1009725	
42428	1009733	
42428	1009736	
42428	1009750	
42428	1009772	
42428	1009785	
42428	1009789	
42428	1009794	
42428	1009795	
42428	1009802	
42428	1009823	
42428	1009830	
42428	1009834	
42428	1009838	
42428	1009844	
42428	1009845	
42428	1009850	
42428	1009866	
42428	1009879	
42428	1009880	
42428	1009885	
42428	1009892	
42428	1009893	
42428	1009897	
42428	1009903	
42428	1009905	
42428	1009916	
42428	1009917	
42428	1009921	
42428	1009926	
42428	1009930	
42428	1009941	
42428	1009950	
42428	1009960	
42428	1009962	
42428	1009963	
42428	1009968	
42428	1009974	
42428	1009978	
42428	1009981	
42428	1009993	
42428	1010000	
42428	1010004	
42428	1010009	
42428	1010023	
42428	1010030	
42428	1010032	
42428	1010042	
42428	1010046	
42428	1010047	
42428	1010055	
42428	1010060	
42428	1010068	
42428	1010070	
42428	1010080	
42428	1010088	
42428	1010093	
42428	1010094	
42428	1010099	
42428	1010102	
42428	1010103	
42428	1010118	
42428	1010131	
42428	1010135	
42428	1010142	
42428	1010151	
42428	1010167	
42428	1010173	
42428	1010175	
42428	1010183	
42428	1010188	
42428	1010210	
42428	1010213	
42428	1010235	
42428	1010240	
42428	1010242	
42428	1010243	
42428	1010247	
42428	1010248	
42428	1010252	
42428	1010255	
42428	1010260	
42428	1010261	
42428	1010280	
42428	1010284	
42428	1010300	
42428	1010301	
42428	1010303	
42428	1010304	
42428	1010308	
42428	1010321	
42428	1010331	
42428	1010333	
42428	1010339	
42428	1010341	
42428	1010346	
42428	1010348	
42428	1010350	
42428	1010366	
42428	1010373	
42428	1010380	
42428	1010388	
42428	1010389	
42428	1010392	
42428	1010397	
42428	1010398	
42428	1010401	
42428	1010411	
42428	1010412	
42428	1010415	
42428	1010423	
42428	1010427	
42428	1010435	
42428	1010437	
42428	1010440	
42428	1010445	
42428	1010449	
42428	1010456	
42428	1010457	
42428	1010461	
42428	1010465	
42428	1010485	
42428	1010486	
42428	1010502	
42428	1010509	
42428	1010513	
42428	1010525	
42428	1010526	
42428	1010545	
42428	1010561	
42428	1010562	
42428	1010573	
42428	1010582	
42428	1010585	
42428	1010587	
42428	1010593	
42428	1010595	
42428	1010619	
42428	1010626	
42428	1010644	
42428	1010645	
42428	1010654	
42428	1010655	
42428	1010665	
42428	1010669	
42428	1010671	
42428	1010700	
42428	1010707	
42428	1010710	
42428	1010712	
42428	1010717	
42428	1010763	
42428	1010772	
42428	1010773	
42428	1010778	
42428	1010808	
42428	1010809	
42428	1010810	
42428	1010816	
42428	1010822	
42428	1010843	
42428	1010852	
42428	1010859	
42428	1010871	
42428	1010872	
42428	1010879	
42428	1010881	
42428	1010889	
42428	1010896	
42428	1010912	
42428	1010915	
42428	1010918	
42428	1010919	
42428	1010926	
42428	1010931	
42428	1010939	
42428	1010947	
42428	1010948	
42428	1010951	
42428	1010955	
42428	1010967	
42428	1010972	
42428	1010978	
42428	1010987	
42428	1010988	
42428	1010990	
42428	1010994	
42428	1010996	
42428	1011002	
42428	1011010	
42428	1011026	
42428	1011032	
42428	1011037	
42428	1011043	
42428	1011044	
42428	1011046	
42428	1011050	
42428	1011054	
42428	1011062	
42428	1011075	
42428	1011082	
42428	1011085	
42428	1011104	
42428	1011106	
42428	1011110	
42428	1011127	
42428	1011129	
42428	1011133	
42428	1011141	
42428	1011142	
42428	1011164	
42428	1011171	
42428	1011177	
42428	1011178	
42428	1011179	
42428	1011197	
42428	1011198	
42428	1011205	
42428	1011209	
42428	1011214	
42428	1011215	
42428	1011217	
42428	1011218	
42428	1011220	
42428	1011221	
42428	1011222	
42428	1011223	
42428	1011246	
42428	1011261	
42428	1011264	
42428	1011265	
42428	1011268	
42428	1011275	
42428	1011276	
42428	1011279	
42428	1011280	
42428	1011295	
42428	1011301	
42428	1011302	
42428	1011307	
42428	1011312	
42428	1011326	
42428	1011342	
42428	1011345	
42428	1011347	
42428	1011348	
42428	1011366	
42428	1011369	
42428	1011385	
42428	1011389	
42428	1011391	
42428	1011401	
42428	1011402	
42428	1011405	
42428	1011406	
42428	1011409	
42428	1011410	
42428	1011416	
42428	1011417	
42428	1011422	
42428	1011445	
42428	1011454	
42428	1011466	
42428	1011483	
42428	1011485	
42428	1011486	
42428	1011489	
42428	1011491	
42428	1011495	
42428	1011497	
42428	1011500	
42428	1011503	
42428	1011504	
42428	1011518	
42428	1011519	
42428	1011523	
42428	1011529	
42428	1011530	
42428	1011536	
42428	1011537	
42428	1011541	
42428	1011543	
42428	1011547	
42428	1011560	
42428	1011561	
42428	1011567	
42428	1011580	
42428	1011593	
42428	1011598	
42428	1011601	
42428	1011625	
42428	1011628	
42428	1011635	
42428	1011643	
42428	1011647	
42428	1011650	
42428	1011660	
42428	1011667	
42428	1011675	
42428	1011676	
42428	1011678	
42428	1011679	
42428	1011707	
42428	1011718	
42428	1011724	
42428	1011731	
42428	1011739	
42428	1011740	
42428	1011744	
42428	1011749	
42428	1011750	
42428	1011752	
42428	1011755	
42428	1011758	
42428	1011768	
42428	1011773	
42428	1011778	
42428	1011780	
42428	1011781	
42428	1011791	
42428	1011792	
42428	1011803	
42428	1011804	
42428	1011807	
42428	1011824	
42428	1011833	
42428	1011838	
42428	1011841	
42428	1011845	
42428	1011855	
42428	1011861	
42428	1011864	
42428	1011871	
42428	1011885	
42428	1011893	
42428	1011896	
42428	1011901	
42428	1011903	
42428	1011908	
42428	1011909	
42428	1011911	
42428	1011915	
42428	1011919	
42428	1011926	
42428	1011930	
42428	1011936	
42428	1011937	
42428	1011938	
42428	1011939	
42428	1011952	
42428	1011956	
42428	1011962	
42428	1011964	
42428	1011966	
42428	1011969	
42428	1011970	
42428	1011982	
42428	1011985	
42428	1011999	
42428	1012002	
42428	1012009	
42428	1012014	
42428	1012023	
42428	1012024	
42428	1012051	
42428	1012058	
42428	1012059	
42428	1012062	
42428	1012063	
42428	1012066	
42428	1012075	
42428	1012078	
42428	1012080	
42428	1012081	
42428	1012085	
42428	1012086	
42428	1012088	
42428	1012095	
42428	1012100	
42428	1012104	
42428	1012120	
42428	1012126	
42428	1012128	
42428	1012131	
42428	1012135	
42428	1012136	
42428	1012137	
42428	1012141	
42428	1012142	
42428	1012160	
42428	1012182	
42428	1012196	
42428	1012201	
42428	1012208	
42428	1012222	
42428	1012229	
42428	1012237	
42428	1012254	
42428	1012262	
42428	1012274	
42428	1012276	
42428	1012278	
42428	1012284	
42428	1012293	
42428	1012300	
42428	1012307	
42428	1012312	
42428	1012314	
42428	1012318	
42428	1012324	
42428	1012326	
42428	1012330	
42428	1012348	
42428	1012367	
42428	1012369	
42428	1012371	
42428	1012372	
42428	1012380	
42428	1012383	
42428	1012387	
42428	1012392	
42428	1012401	
42428	1012405	
42428	1012413	
42428	1012415	
42428	1012418	
42428	1012442	
42428	1012443	
42428	1012462	
42428	1012464	
42428	1012466	
42428	1012474	
42428	1012479	
42428	1012486	
42428	1012503	
42428	1012505	
42428	1012507	
42428	1012531	
42428	1012543	
42428	1012544	
42428	1012546	
42428	1012549	
42428	1012554	
42428	1012559	
42428	1012574	
42428	1012585	
42428	1012588	
42428	1012597	
42428	1012620	
42428	1012630	
42428	1012632	
42428	1012635	
42428	1012655	
42428	1012657	
42428	1012669	
42428	1012675	
42428	1012679	
42428	1012688	
42428	1012704	
42428	1012706	
42428	1012707	
42428	1012708	
42428	1012710	
42428	1012717	
42428	1012719	
42428	1012726	
42428	1012728	
42428	1012730	
42428	1012742	
42428	1012748	
42428	1012753	
42428	1012755	
42428	1012765	
42428	1012768	
42428	1012771	
42428	1012774	
42428	1012775	
42428	1012785	
42428	1012791	
42428	1012794	
42428	1012802	
42428	1012803	
42428	1012805	
42428	1012807	
42428	1012811	
42428	1012818	
42428	1012825	
42428	1012828	
42428	1012837	
42428	1012840	
42428	1012845	
42428	1012859	
42428	1012873	
42428	1012874	
42428	1012876	
42428	1012880	
42428	1012882	
42428	1012883	
42428	1012885	
42428	1012891	
42428	1012901	
42428	1012906	
42428	1012914	
42428	1012915	
42428	1012921	
42428	1012953	
42428	1012957	
42428	1012970	
42428	1012979	
42428	1012991	
42428	1013001	
42428	1013002	
42428	1013004	
42428	1013005	
42428	1013014	
42428	1013016	
42428	1013017	
42428	1013018	
42428	1013024	
42428	1013031	
42428	1013064	
42428	1013073	
42428	1013093	
42428	1013096	
42428	1013097	
42428	1013114	
42428	1013116	
42428	1013161	
42428	1013165	
42428	1013193	
42428	1013198	
42428	1013202	
42428	1013243	
42428	1013254	
42428	1013256	
42428	1013257	
42428	1013258	
42428	1013267	
42428	1013271	
42428	1013272	
42428	1013286	
42428	1013294	
42428	1013298	
42428	1013300	
42428	1013302	
42428	1013313	
42428	1013334	
42428	1013348	
42428	1013358	
42428	1013384	
42428	1013422	
42428	1013436	
42428	1013437	
42428	1013447	
42428	1013480	
42428	1013487	
42428	1013497	
42428	1013534	
42428	1013544	
42428	1013547	
42428	1013558	
42428	1013564	
42428	1013567	
42428	1013572	
42428	1013577	
42428	1013580	
42428	1013581	
42428	1013592	
42428	1013593	
42428	1013597	
42428	1013604	
42428	1013617	
42428	1013622	
42428	1013630	
42428	1013642	
42428	1013660	
42428	1013663	
42428	1013678	
42428	1013701	
42428	1013713	
42428	1013724	
42428	1013763	
42428	1013778	
42428	1013781	
42428	1013798	
42428	1013835	
42428	1013851	
42428	1013859	
42428	1013864	
42428	1013877	
42428	1013879	
42428	1013892	
42428	1013893	
42428	1013903	
42428	1013928	
42428	1013945	
42428	1013950	
42428	1013962	
42428	1013971	
42428	1013974	
42428	1013978	
42428	1013994	
42428	1014002	
42428	1014024	
42428	1014027	
42428	1014029	
42428	1014039	
42428	1014044	
42428	1014048	
42428	1014057	
42428	1014078	
42428	1014082	
42428	1014084	
42428	1014086	
42428	1014095	
42428	1014096	
42428	1014122	
42428	1014130	
42428	1014133	
42428	1014135	
42428	1014137	
42428	1014141	
42428	1014145	
42428	1014159	
42428	1014171	
42428	1014183	
42428	1014186	
42428	1014194	
42428	1014199	
42428	1014201	
42428	1014208	
42428	1014214	
42428	1014219	
42428	1014223	
42428	1014235	
42428	1014238	
42428	1014240	
42428	1014251	
42428	1014255	
42428	1014269	
42428	1014274	
42428	1014285	
42428	1014288	
42428	1014289	
42428	1014314	
42428	1014318	
42428	1014345	
42428	1014353	
42428	1014363	
42428	1014374	
42428	1014377	
42428	1014381	
42428	1014383	
42428	1014384	
42428	1014392	
42428	1014415	
42428	1014429	
42428	1014436	
42428	1014438	
42428	1014444	
42428	1014447	
42428	1014463	
42428	1014474	
42428	1014485	
42428	1014490	
42428	1014530	
42428	1014552	
42428	1014561	
42428	1014568	
42428	1014576	
42428	1014579	
42428	1014593	
42428	1014596	
42428	1014619	
42428	1014621	
42428	1014643	
42428	1014657	
42428	1014659	
42428	1014663	
42428	1014664	
42428	1014666	
42428	1014669	
42428	1014684	
42428	1014692	
42428	1014693	
42428	1014698	
42428	1014718	
42428	1014735	
42428	1014736	
42428	1014765	
42428	1014771	
42428	1014772	
42428	1014774	
42428	1014794	
42428	1014801	
42428	1014804	
42428	1014810	
42428	1014824	
42428	1014835	
42428	1014836	
42428	1014840	
42428	1014841	
42428	1014842	
42428	1014871	
42428	1014883	
42428	1014903	
42428	1014904	
42428	1014909	
42428	1014922	
42428	1014950	
42428	1014974	
42428	1015002	
42428	1015006	
42428	1015008	
42428	1015029	
42428	1015039	
42428	1015048	
42428	1015081	
42428	1015086	
42428	1015096	
42428	1015121	
42428	1015130	
42428	1015133	
42428	1015175	
42428	1015177	
42428	1015188	
42428	1015190	
42428	1015197	
42428	1015213	
42428	1015223	
42428	1015233	
42428	1015238	
42428	1015253	
42428	1015260	
42428	1015281	
42428	1015284	
42428	1015294	
42428	1015301	
42428	1015311	
42428	1015328	
42428	1015332	
42428	1015334	
42428	1015337	
42428	1015343	
42428	1015346	
42428	1015366	
42428	1015375	
42428	1015379	
42428	1015391	
42428	1015414	
42428	1015416	
42428	1015424	
42428	1015443	
42428	1015447	
42428	1015457	
42428	1015466	
42428	1015468	
42428	1015469	
42428	1015474	
42428	1015512	
42428	1015517	
42428	1015541	
42428	1015562	
42428	1015563	
42428	1015567	
42428	1015570	
42428	1015580	
42428	1015583	
42428	1015612	
42428	1015621	
42428	1015622	
42428	1015626	
42428	1015637	
42428	1015639	
42428	1015647	
42428	1015678	
42428	1015698	
42428	1015699	
42428	1015711	
42428	1015715	
42428	1015733	
42428	1015736	
42428	1015749	
42428	1015754	
42428	1015763	
42428	1015771	
42428	1015777	
42428	1015789	
42428	1015798	
42428	1015802	
42428	1015812	
42428	1015820	
42428	1015841	
42428	1015845	
42428	1015847	
42428	1015862	
42428	1015882	
42428	1015904	
42428	1015905	
42428	1015920	
42428	1015928	
42428	1015931	
42428	1015945	
42428	1015953	
42428	1015954	
42428	1015988	
42428	1015990	
42428	1015991	
42428	1016004	
42428	1016008	
42428	1016021	
42428	1016061	
42428	1016063	
42428	1016089	
42428	1016091	
42428	1016093	
42428	1016102	
42428	1016114	
42428	1016115	
42428	1016116	
42428	1016133	
42428	1016137	
42428	1016144	
42428	1016148	
42428	1016155	
42428	1016159	
42428	1016161	
42428	1016166	
42428	1016168	
42428	1016173	
42428	1016177	
42428	1016181	
42428	1016184	
42428	1016194	
42428	1016197	
42428	1016224	
42428	1016229	
42428	1016234	
42428	1016237	
42428	1016246	
42428	1016250	
42428	1016256	
42428	1016268	
42428	1016270	
42428	1016278	
42428	1016279	
42428	1016285	
42428	1016288	
42428	1016289	
42428	1016292	
42428	1016302	
42428	1016315	
42428	1016335	
42428	1016355	
42428	1016366	
42428	1016371	
42428	1016372	
42428	1016377	
42428	1016379	
42428	1016398	
42428	1016401	
42428	1016408	
42428	1016416	
42428	1016421	
42428	1016426	
42428	1016431	
42428	1016433	
42428	1016437	
42428	1016439	
42428	1016444	
42428	1016454	
42428	1016501	
42428	1016519	
42428	1016521	
42428	1016523	
42428	1016530	
42428	1016538	
42428	1016543	
42428	1016544	
42428	1016559	
42428	1016560	
42428	1016562	
42428	1016578	
42428	1016580	
42428	1016581	
42428	1016582	
42428	1016583	
42428	1016587	
42428	1016588	
42428	1016590	
42428	1016595	
42428	1016597	
42428	1016607	
42428	1016609	
42428	1016616	
42428	1016623	
42428	1016633	
42428	1016641	
42428	1016648	
42428	1016651	
42428	1016652	
42428	1016661	
42428	1016662	
42428	1016681	
42428	1016690	
42428	1016701	
42428	1016720	
42428	1016725	
42428	1016738	
42428	1016767	
42428	1016818	
42428	1016819	
42428	1016872	
42428	1016939	
42428	1017095	
42428	1017131	
42428	1017178	
42428	1017204	
42428	1017238	
42428	1017316	
42428	1017340	
42428	1017437	
42428	1017645	
42428	1017890	
42428	1018145	
42428	1018186	
42428	1018217	
42428	1018223	
42428	1018241	
42428	1018273	
42428	1018295	
