42437	1201481	
276656	1201481	
356520	1201481	
358603	1201481	
987138	1201481	
987334	1201481	
999514	1201481	
1015365	1201481	
1005320	1201481	
1091382	1201481	
1104272	1201481	
1070181	1201481	
1096272	1201481	
1096287	1201481	
1096297	1201481	
1096328	1201481	
1096359	1201481	
1096362	1201481	
1096397	1201481	
1096398	1201481	
1096465	1201481	
1120366	1201481	
1121344	1201481	
1145185	1201481	
1195575	1201481	
1196283	1201481	
1200916	1201481	
1201279	1201481	
1201394	1201481	
1201465	1201481	
1201481	1201509	
1201481	1201760	
1201481	1202573	
1201481	1202589	
1201481	1202669	
1201481	1204092	
1201481	1204939	
1201481	1205090	
1201481	1205409	
1201481	1205495	
1201481	1205667	
1201481	1205952	
1201481	1205975	
1201481	1206593	
1201481	1207125	
1201481	1207198	
1201481	1207573	
1201481	1208390	
1201481	1208714	
1201481	1209258	
1201481	1230783	
1201481	1251164	
1201481	1254745	
1201481	1283755	
1201481	1292134	
1201481	1292626	
1201481	1328530	
1201481	1338034	
1201481	1352998	
1201481	1362555	
1201481	1366411	
1201481	1371655	
1201481	1402629	
1201481	1402942	
1201481	1408436	
1201481	1471092	
1201481	1475674	
1201481	1551853	
1201481	1584398	
1201481	1605250	
1201481	1609426	
1201481	1619015	
1201481	1650540	
1201481	1694133	
1201481	1697193	
1201481	1733604	
1201481	1738728	
1201481	1747794	
1201481	1824347	
1201481	1825195	
1201481	1825598	
1201481	1836569	
1201481	1853991	
1201481	2101259	
1201481	2262937	
1201481	2335610	
1201481	2846300	
1201481	2851987	
1201481	2852015	
1201481	2852095	
1201481	2852156	
1201481	2852180	
1201481	2960039	
1201481	2960056	
1201481	2960089	
1201481	2988898	
1201481	2989192	
1201481	3009185	
1201481	3064117	
1124840	1201481	
1171642	1201481	
1173455	1201481	
692	42437	
5693	276656	
8123	356520	
8123	358603	
26778	356520	
26778	1173455	
42396	1206593	
42540	1124840	
42610	1124840	
42610	1230783	
43031	356520	
43296	999514	
55801	1650540	
55855	1005320	
55939	1145185	
55945	2101259	
55966	356520	
55966	1145185	
42145	987138	
42145	987334	
42154	42437	
42154	999514	
42157	42437	
42182	1015365	
42192	356520	
42195	356520	
42214	356520	
42214	1015365	
42226	1015365	
42231	999514	
42236	42437	
42236	1015365	
42238	999514	
42239	1005320	
42251	1091382	
42255	1005320	
42273	1015365	
42277	1104272	
42279	358603	
42279	1005320	
42279	1070181	
42282	356520	
42291	1015365	
42297	42437	
42340	999514	
42343	1015365	
42353	1338034	
42379	276656	
42379	1096272	
42379	1096287	
42379	1096297	
42379	1096328	
42379	1096359	
42379	1096362	
42379	1096397	
42379	1096398	
42379	1096465	
42381	1015365	
42381	1121344	
42383	1015365	
42392	1120366	
42392	1121344	
42398	999514	
42428	42437	
42428	1145185	
42431	42437	
42431	356520	
42431	1015365	
42436	1015365	
42437	42448	
42437	42483	
42437	42505	
42437	42510	
42437	42563	
42437	42590	
42437	42597	
42437	42607	
42437	42610	
42437	42631	
42437	42652	
42437	42663	
42437	42699	
42437	42760	
42437	42824	
42437	42829	
42437	42860	
42437	42863	
42437	42864	
42437	42893	
42437	42950	
42437	42977	
42437	43031	
42437	43049	
42437	43095	
42437	43099	
42437	43163	
42437	43192	
42437	43204	
42437	43245	
42437	43283	
42437	43296	
42437	43386	
42437	43412	
42437	43424	
42437	43441	
42437	43459	
42437	43463	
42437	43503	
42437	43517	
42437	43613	
42437	43643	
42437	43646	
42437	43728	
42437	43735	
42437	43750	
42437	43763	
42437	43778	
42437	43805	
42437	43919	
42437	44081	
42437	45168	
42437	46432	
42437	51987	
42437	63117	
42437	183349	
42437	189451	
42437	229512	
42437	248094	
42437	248724	
42437	248786	
42437	248841	
42437	248918	
42437	248945	
42437	249168	
42437	249169	
42437	249279	
42437	249436	
42437	249483	
42437	258777	
42437	276657	
42437	307042	
42437	307360	
42437	346762	
42437	349761	
42437	354179	
42437	354265	
42437	354414	
42437	354445	
42437	354481	
42437	354537	
42437	354908	
42437	355267	
42437	355399	
42437	355557	
42437	355753	
42437	355824	
42437	355827	
42437	356433	
42437	356734	
42437	356864	
42437	356910	
42437	356941	
42437	357738	
42437	357758	
42437	357930	
42437	358283	
42437	358342	
42437	358501	
42437	359034	
42437	359126	
42437	359567	
42437	359754	
42437	359869	
42437	360437	
42437	360530	
42437	360616	
42437	360782	
42437	361417	
42437	361828	
42437	362305	
42437	362639	
42437	362734	
42437	363107	
42437	363150	
42437	363426	
42437	363668	
42437	364033	
42437	364185	
42437	364270	
42437	364679	
42437	364789	
42437	364968	
42437	377766	
42437	442526	
42437	457730	
42437	458107	
42437	458221	
42437	458799	
42437	459846	
42437	459922	
42437	460009	
42437	461758	
42437	464203	
42437	467185	
42437	467209	
42437	468387	
42437	470236	
42437	470796	
42437	471001	
42437	471298	
42437	471397	
42437	472053	
42437	472733	
42437	473578	
42437	473873	
42437	474078	
42437	474556	
42437	478896	
42437	478902	
42437	479002	
42437	480927	
42437	481052	
42437	482013	
42437	482027	
42437	482029	
42437	482032	
42437	482253	
42437	492150	
42437	492200	
42437	492207	
42437	492246	
42437	492280	
42437	492292	
42437	492336	
42437	492365	
42437	492493	
42437	492497	
42437	497127	
42437	497363	
42437	505922	
42437	511095	
42437	520293	
42437	534193	
42437	557753	
42437	560563	
42437	578465	
42437	591172	
42437	599004	
42437	630732	
42437	662198	
42437	668656	
42437	668672	
42437	698500	
42437	707492	
42437	712878	
42437	714701	
42437	723534	
42437	724006	
42437	724851	
42437	733589	
42437	740666	
42437	757812	
42437	775292	
42437	776299	
42437	777894	
42437	779206	
42437	779254	
42437	779474	
42437	779534	
42437	819932	
42437	825011	
42437	836759	
42437	837055	
42437	838499	
42437	838533	
42437	864331	
42437	888729	
42437	890133	
42437	899973	
42437	928162	
42437	970482	
42437	970621	
42437	971058	
42437	971141	
42437	971841	
42437	976066	
42437	976550	
42437	978575	
42437	987796	
42437	987908	
42437	987940	
42437	988046	
42437	988113	
42437	988483	
42437	988935	
42437	988959	
42437	989089	
42437	989138	
42437	989214	
42437	990459	
42437	990470	
42437	990492	
42437	990765	
42437	990862	
42437	990871	
42437	990946	
42437	990964	
42437	991176	
42437	991321	
42437	991324	
42437	991344	
42437	991420	
42437	991477	
42437	991659	
42437	991664	
42437	991779	
42437	991943	
42437	992157	
42437	992312	
42437	992637	
42437	992727	
42437	992955	
42437	992989	
42437	993213	
42437	993330	
42437	993349	
42437	994013	
42437	994149	
42437	994591	
42437	994887	
42437	994963	
42437	995455	
42437	996536	
42437	997063	
42437	997265	
42437	997402	
42437	997595	
42437	997742	
42437	997848	
42437	997881	
42437	998073	
42437	998123	
42437	998417	
42437	999514	
42437	999578	
42437	1000739	
42437	1000740	
42437	1000936	
42437	1001161	
42437	1001283	
42437	1002035	
42437	1002168	
42437	1002243	
42437	1002271	
42437	1002279	
42437	1002301	
42437	1002369	
42437	1002380	
42437	1002385	
42437	1002409	
42437	1002442	
42437	1002576	
42437	1003167	
42437	1003240	
42437	1003385	
42437	1003396	
42437	1004012	
42437	1004063	
42437	1004088	
42437	1004137	
42437	1004141	
42437	1004248	
42437	1004362	
42437	1004390	
42437	1004406	
42437	1004410	
42437	1004507	
42437	1004671	
42437	1004682	
42437	1004700	
42437	1004706	
42437	1004869	
42437	1004872	
42437	1004903	
42437	1005040	
42437	1006012	
42437	1006226	
42437	1006348	
42437	1006622	
42437	1006715	
42437	1007074	
42437	1007177	
42437	1007388	
42437	1007851	
42437	1007935	
42437	1008108	
42437	1008120	
42437	1008407	
42437	1008584	
42437	1008741	
42437	1008941	
42437	1008953	
42437	1009022	
42437	1009066	
42437	1009099	
42437	1009103	
42437	1009203	
42437	1009427	
42437	1009431	
42437	1009604	
42437	1009696	
42437	1009825	
42437	1009884	
42437	1009966	
42437	1009995	
42437	1010193	
42437	1010888	
42437	1010912	
42437	1011506	
42437	1011582	
42437	1011696	
42437	1011799	
42437	1011824	
42437	1012312	
42437	1012561	
42437	1012805	
42437	1012828	
42437	1012892	
42437	1013405	
42437	1013458	
42437	1013605	
42437	1013621	
42437	1013677	
42437	1013744	
42437	1013751	
42437	1013990	
42437	1013995	
42437	1014035	
42437	1014188	
42437	1014295	
42437	1014425	
42437	1014478	
42437	1014899	
42437	1015008	
42437	1015401	
42437	1015404	
42437	1015590	
42437	1015937	
42437	1016144	
42437	1016318	
42437	1016319	
42437	1016757	
42437	1016780	
42437	1017264	
42437	1017645	
42437	1018295	
42437	1018360	
42437	1018361	
42437	1018492	
42437	1018935	
42437	1018944	
42437	1018963	
42437	1019013	
42437	1019020	
42437	1019037	
42437	1019042	
42437	1019061	
42437	1019252	
42437	1019718	
42437	1019906	
42437	1019954	
42437	1020001	
42437	1020052	
42437	1020276	
42437	1020310	
42437	1020353	
42437	1020386	
42437	1020388	
42437	1020426	
42437	1020752	
42437	1021065	
42437	1021098	
42437	1021317	
42437	1022589	
42437	1022842	
42437	1022968	
42437	1023894	
42437	1024322	
42437	1024417	
42437	1024564	
42437	1024644	
42437	1024684	
42437	1024765	
42437	1024810	
42437	1024983	
42437	1025033	
42437	1025849	
42437	1026133	
42437	1026247	
42437	1026314	
42437	1026530	
42437	1026535	
42437	1026731	
42437	1026752	
42437	1026777	
42437	1026793	
42437	1027004	
42437	1027079	
42437	1027218	
42437	1027262	
42437	1027536	
42437	1027740	
42437	1028218	
42437	1028718	
42437	1028812	
42437	1028857	
42437	1028922	
42437	1029002	
42437	1029029	
42437	1029110	
42437	1029187	
42437	1029545	
42437	1029679	
42437	1030346	
42437	1030360	
42437	1030407	
42437	1030410	
42437	1030489	
42437	1030600	
42437	1030692	
42437	1030702	
42437	1030769	
42437	1030788	
42437	1030914	
42437	1030953	
42437	1031393	
42437	1031487	
42437	1031567	
42437	1031907	
42437	1032055	
42437	1032156	
42437	1032442	
42437	1032444	
42437	1032962	
42437	1032982	
42437	1033745	
42437	1033838	
42437	1034374	
42437	1034720	
42437	1034740	
42437	1035014	
42437	1035201	
42437	1035341	
42437	1035534	
42437	1035566	
42437	1035727	
42437	1035946	
42437	1036019	
42437	1036022	
42437	1036306	
42437	1036343	
42437	1036607	
42437	1037512	
42437	1037833	
42437	1037937	
42437	1037952	
42437	1038052	
42437	1038499	
42437	1038532	
42437	1038537	
42437	1039225	
42437	1039380	
42437	1039826	
42437	1039955	
42437	1040367	
42437	1041170	
42437	1042142	
42437	1042653	
42437	1042690	
42437	1042750	
42437	1043114	
42437	1043793	
42437	1043817	
42437	1044138	
42437	1044221	
42437	1044286	
42437	1045237	
42437	1045643	
42437	1045664	
42437	1046041	
42437	1046306	
42437	1046896	
42437	1046897	
42437	1046962	
42437	1047071	
42437	1047170	
42437	1047416	
42437	1047637	
42437	1047658	
42437	1047716	
42437	1047726	
42437	1047886	
42437	1047911	
42437	1048261	
42437	1048288	
42437	1048328	
42437	1048908	
42437	1050471	
42437	1050607	
42437	1050638	
42437	1051907	
42437	1052017	
42437	1052136	
42437	1052213	
42437	1052697	
42437	1053341	
42437	1053921	
42437	1054468	
42437	1054689	
42437	1054889	
42437	1055465	
42437	1055703	
42437	1055835	
42437	1056028	
42437	1056282	
42437	1056306	
42437	1056404	
42437	1057105	
42437	1057607	
42437	1057852	
42437	1058197	
42437	1058365	
42437	1059027	
42437	1059564	
42437	1060024	
42437	1060304	
42437	1060624	
42437	1060736	
42437	1060838	
42437	1060913	
42437	1061596	
42437	1063002	
42437	1063098	
42437	1063529	
42437	1063958	
42437	1064003	
42437	1064414	
42437	1065346	
42437	1067029	
42437	1069736	
42437	1070181	
42437	1070184	
42437	1070312	
42437	1070592	
42437	1070609	
42437	1070618	
42437	1071023	
42437	1071050	
42437	1071337	
42437	1071938	
42437	1072928	
42437	1072984	
42437	1073250	
42437	1073835	
42437	1073980	
42437	1075489	
42437	1075935	
42437	1076118	
42437	1076653	
42437	1076676	
42437	1076698	
42437	1077521	
42437	1078011	
42437	1078424	
42437	1078684	
42437	1079333	
42437	1079453	
42437	1079679	
42437	1079724	
42437	1080375	
42437	1082984	
42437	1083526	
42437	1083583	
42437	1083919	
42437	1083972	
42437	1084214	
42437	1084323	
42437	1084357	
42437	1084428	
42437	1086034	
42437	1086060	
42437	1086080	
42437	1088329	
42437	1088552	
42437	1089367	
42437	1090406	
42437	1090887	
42437	1091585	
42437	1091800	
42437	1092335	
42437	1093303	
42437	1094228	
42437	1094960	
42437	1095197	
42437	1095437	
42437	1095468	
42437	1095482	
42437	1095487	
42437	1095504	
42437	1095522	
42437	1095568	
42437	1095602	
42437	1095604	
42437	1095606	
42437	1095636	
42437	1095643	
42437	1095651	
42437	1095662	
42437	1095680	
42437	1095682	
42437	1095688	
42437	1095693	
42437	1095694	
42437	1095710	
42437	1095717	
42437	1095735	
42437	1095747	
42437	1095774	
42437	1095782	
42437	1095823	
42437	1095825	
42437	1095847	
42437	1095909	
42437	1095920	
42437	1095938	
42437	1095949	
42437	1095965	
42437	1095985	
42437	1095989	
42437	1096048	
42437	1096069	
42437	1096097	
42437	1096103	
42437	1096140	
42437	1096141	
42437	1096169	
42437	1096170	
42437	1096182	
42437	1096213	
42437	1096282	
42437	1096410	
42437	1096461	
42437	1097071	
42437	1097247	
42437	1097986	
42437	1098138	
42437	1098158	
42437	1098278	
42437	1098325	
42437	1099038	
42437	1099053	
42437	1099114	
42437	1099126	
42437	1099972	
42437	1100205	
42437	1100263	
42437	1100630	
42437	1100651	
42437	1100831	
42437	1101171	
42437	1101694	
42437	1101711	
42437	1102601	
42437	1103179	
42437	1103362	
42437	1103409	
42437	1103583	
42437	1104477	
42437	1105079	
42437	1105302	
42437	1105979	
42437	1106705	
42437	1106822	
42437	1106837	
42437	1106897	
42437	1107574	
42437	1108825	
42437	1108952	
42437	1109442	
42437	1109443	
42437	1110166	
42437	1110451	
42437	1110754	
42437	1110850	
42437	1111121	
42437	1111280	
42437	1111322	
42437	1111338	
42437	1112218	
42437	1112316	
42437	1112631	
42437	1112649	
42437	1112917	
42437	1113034	
42437	1113168	
42437	1113316	
42437	1113484	
42437	1113579	
42437	1113595	
42437	1113609	
42437	1113643	
42437	1114025	
42437	1114055	
42437	1114144	
42437	1114206	
42437	1116173	
42437	1118262	
42437	1118404	
42437	1118448	
42437	1118468	
42437	1118565	
42437	1118725	
42437	1118750	
42437	1119563	
42437	1120031	
42437	1120402	
42437	1120462	
42437	1120747	
42437	1121706	
42437	1122019	
42437	1123673	
42437	1124009	
42437	1124281	
42437	1124418	
42437	1124550	
42437	1124742	
42437	1125171	
42437	1127816	
42437	1128472	
42437	1128840	
42437	1128978	
42437	1129229	
42437	1129376	
42437	1130176	
42437	1130401	
42437	1130796	
42437	1130880	
42437	1131112	
42437	1132173	
42437	1132405	
42437	1132422	
42437	1133564	
42437	1133888	
42437	1134602	
42437	1135278	
42437	1136099	
42437	1136171	
42437	1137142	
42437	1137804	
42437	1137917	
42437	1138083	
42437	1138107	
42437	1139804	
42437	1141546	
42437	1141638	
42437	1141758	
42437	1142184	
42437	1142259	
42437	1142405	
42437	1142532	
42437	1142545	
42437	1142749	
42437	1142898	
42437	1143427	
42437	1143713	
42437	1143865	
42437	1144172	
42437	1144644	
42437	1144787	
42437	1144879	
42437	1144913	
42437	1145236	
42437	1145395	
42437	1145855	
42437	1146025	
42437	1146790	
42437	1147144	
42437	1147408	
42437	1147459	
42437	1147831	
42437	1148215	
42437	1148313	
42437	1148334	
42437	1148406	
42437	1148716	
42437	1148841	
42437	1149374	
42437	1151083	
42437	1151167	
42437	1151746	
42437	1152002	
42437	1152053	
42437	1152114	
42437	1153134	
42437	1153281	
42437	1154410	
42437	1154449	
42437	1154471	
42437	1154774	
42437	1154980	
42437	1155225	
42437	1156213	
42437	1156226	
42437	1156299	
42437	1156577	
42437	1156580	
42437	1156615	
42437	1156740	
42437	1156816	
42437	1156915	
42437	1157201	
42437	1157629	
42437	1158045	
42437	1158158	
42437	1158257	
42437	1158662	
42437	1158678	
42437	1158738	
42437	1159315	
42437	1159608	
42437	1159682	
42437	1159761	
42437	1159856	
42437	1160056	
42437	1160218	
42437	1160291	
42437	1160302	
42437	1160327	
42437	1161008	
42437	1161671	
42437	1162226	
42437	1162887	
42437	1163590	
42437	1164372	
42437	1164413	
42437	1164629	
42437	1164757	
42437	1165425	
42437	1165560	
42437	1165678	
42437	1165808	
42437	1166093	
42437	1166292	
42437	1167007	
42437	1167260	
42437	1167630	
42437	1168196	
42437	1168550	
42437	1168618	
42437	1168887	
42437	1168910	
42437	1169161	
42437	1169165	
42437	1169358	
42437	1169473	
42437	1169485	
42437	1169536	
42437	1169606	
42437	1169639	
42437	1169764	
42437	1169788	
42437	1169824	
42437	1170083	
42437	1170122	
42437	1170126	
42437	1170188	
42437	1170349	
42437	1170363	
42437	1170420	
42437	1170514	
42437	1170611	
42437	1170616	
42437	1171211	
42437	1171220	
42437	1171240	
42437	1171244	
42437	1171292	
42437	1171293	
42437	1171317	
42437	1171346	
42437	1171347	
42437	1171374	
42437	1171380	
42437	1171413	
42437	1171419	
42437	1171454	
42437	1171485	
42437	1171508	
42437	1171551	
42437	1171558	
42437	1171607	
42437	1172439	
42437	1172539	
42437	1174337	
42437	1174455	
42437	1174541	
42437	1174613	
42437	1175606	
42437	1175934	
42437	1176120	
42437	1178154	
42437	1179606	
42437	1181758	
42437	1182319	
42437	1182598	
42437	1182722	
42437	1182845	
42437	1182897	
42437	1182911	
42437	1183019	
42437	1183214	
42437	1183274	
42437	1183738	
42437	1184497	
42437	1185299	
42437	1185310	
42437	1185484	
42437	1185522	
42437	1187736	
42437	1188020	
42437	1188039	
42437	1188162	
42437	1190170	
42437	1190269	
42437	1190506	
42437	1192163	
42437	1192264	
42437	1193500	
42437	1194272	
42437	1194476	
42437	1194879	
42437	1194880	
42437	1194881	
42437	1194882	
42437	1194883	
42437	1194884	
42437	1194885	
42437	1194886	
42437	1194887	
42437	1194888	
42437	1194889	
42437	1194890	
42437	1194891	
42437	1194892	
42437	1194893	
42437	1194894	
42437	1194895	
42437	1194896	
42437	1194897	
42437	1194898	
42437	1194899	
42437	1194900	
42437	1194901	
42437	1194902	
42437	1194903	
42437	1194904	
42437	1194905	
42437	1194906	
42437	1194907	
42437	1194908	
42437	1194909	
42437	1194910	
42437	1194911	
42437	1194912	
42437	1194913	
42437	1194914	
42437	1194915	
42437	1194916	
42437	1194917	
42437	1194918	
42437	1194919	
42437	1194920	
42437	1194921	
42437	1194922	
42437	1194923	
42437	1194924	
42437	1194925	
42437	1194926	
42437	1194927	
42437	1194928	
42437	1194929	
42437	1194930	
42437	1194931	
42437	1194932	
42437	1194933	
42437	1194934	
42437	1194935	
42437	1194936	
42437	1194937	
42437	1194938	
42437	1194939	
42437	1194940	
42437	1194941	
42437	1194942	
42437	1194943	
42437	1194944	
42437	1194945	
42437	1194946	
42437	1194947	
42437	1194948	
42437	1194949	
42437	1194950	
42437	1194951	
42437	1194952	
42437	1194953	
42437	1194954	
42437	1194955	
42437	1194956	
42437	1194957	
42437	1194958	
42437	1194959	
42437	1194960	
42437	1194961	
42437	1194962	
42437	1194963	
42437	1194964	
42437	1194965	
42437	1194966	
42437	1194967	
42437	1194968	
42437	1194969	
42437	1194970	
42437	1194971	
42437	1194972	
42437	1194973	
42437	1194974	
42437	1194975	
42437	1194976	
42437	1194977	
42437	1194978	
42437	1194979	
42437	1194980	
42437	1194981	
42437	1194982	
42437	1194983	
42437	1194984	
42437	1194985	
42437	1194986	
42437	1194987	
42437	1194988	
42437	1194989	
42437	1194990	
42437	1194991	
42437	1194992	
42437	1194993	
42437	1194994	
42437	1194995	
42437	1194996	
42437	1194997	
42437	1194998	
42437	1194999	
42437	1195000	
42437	1195001	
42437	1195002	
42437	1195003	
42437	1195004	
42437	1195005	
42437	1195006	
42437	1195007	
42437	1195008	
42437	1195009	
42437	1195010	
42437	1195011	
42437	1195012	
42437	1195013	
42437	1195014	
42437	1195015	
42437	1195016	
42437	1195017	
42437	1195018	
42437	1195019	
42437	1195020	
42437	1195021	
42437	1195022	
42437	1195023	
42437	1195024	
42437	1195025	
42437	1195026	
42437	1195027	
42437	1195028	
42437	1195029	
42437	1195030	
42437	1195031	
42437	1195032	
42437	1195033	
42437	1195034	
42437	1195035	
42437	1195036	
42437	1195037	
42437	1195038	
42437	1195039	
42437	1195040	
42437	1195041	
42437	1195042	
42437	1195043	
42437	1195044	
42437	1195045	
42437	1195046	
42437	1195047	
42437	1195048	
42437	1195049	
42437	1195050	
42437	1195051	
42437	1195052	
42437	1195053	
42437	1195054	
42437	1195055	
42437	1195056	
42437	1195057	
42437	1195058	
42437	1195059	
42437	1195060	
42437	1195061	
42437	1195062	
42437	1195063	
42437	1195064	
42437	1195065	
42437	1195066	
42437	1195067	
42437	1195068	
42437	1195069	
42437	1195070	
42437	1195071	
42437	1195072	
42437	1195073	
42437	1195074	
42437	1195075	
42437	1195076	
42437	1195077	
42437	1195078	
42437	1195079	
42437	1195080	
42437	1195081	
42437	1195082	
42437	1195083	
42437	1195084	
42437	1195085	
42437	1195086	
42437	1195087	
42437	1195088	
42437	1195089	
42437	1195090	
42437	1195091	
42437	1195092	
42437	1195093	
42437	1195094	
42437	1195095	
42437	1195096	
42437	1195097	
42437	1195098	
42437	1195099	
42437	1195100	
42437	1195101	
42437	1195102	
42437	1195103	
42437	1195104	
42437	1195105	
42437	1195106	
42437	1195107	
42437	1195108	
42437	1195109	
42437	1195110	
42437	1195111	
42437	1195112	
42437	1195113	
42437	1195114	
42437	1195115	
42437	1195116	
42437	1195117	
42437	1195118	
42437	1195119	
42437	1195120	
42437	1195121	
42437	1195122	
42437	1195123	
42437	1195124	
42437	1195125	
42437	1195126	
42437	1195127	
42437	1195128	
42437	1195129	
42437	1195130	
42437	1195131	
42437	1195132	
42437	1195133	
42437	1195134	
42437	1195135	
42437	1195136	
42437	1195137	
42437	1195138	
42437	1195139	
42437	1195140	
42437	1195141	
42437	1195142	
42437	1195143	
42437	1195144	
42437	1195145	
42437	1195146	
42437	1195147	
42437	1195148	
42437	1195149	
42437	1195150	
42437	1195151	
42437	1195152	
42437	1195153	
42437	1195154	
42437	1195155	
42437	1195156	
42437	1195157	
42437	1195158	
42437	1195159	
42437	1195160	
42437	1195161	
42437	1195162	
42437	1195163	
42437	1195164	
42437	1195165	
42437	1195166	
42437	1195167	
42437	1195168	
42437	1195169	
42437	1195170	
42437	1195171	
42437	1195172	
42437	1195173	
42437	1195174	
42437	1195175	
42437	1195176	
42437	1195177	
42437	1195178	
42437	1195179	
42437	1195180	
42437	1195181	
42437	1195182	
42437	1195183	
42437	1195184	
42437	1195185	
42437	1195186	
42437	1195187	
42437	1195188	
42437	1195189	
42437	1195190	
42437	1195191	
42437	1195192	
42437	1195193	
42437	1195194	
42437	1195195	
42437	1195196	
42437	1195197	
42437	1195198	
42437	1195199	
42437	1195200	
42437	1195201	
42437	1195202	
42437	1195203	
42437	1195204	
42437	1195205	
42437	1195206	
42437	1195207	
42437	1195208	
42437	1195209	
42437	1195210	
42437	1195211	
42437	1195212	
42437	1195213	
42437	1195214	
42437	1195215	
42437	1195216	
42437	1195217	
42437	1195218	
42437	1195219	
42437	1195220	
42437	1195221	
42437	1195222	
42437	1195223	
42437	1195224	
42437	1195225	
42437	1195226	
42437	1195227	
42437	1195228	
42437	1195229	
42437	1195230	
42437	1195231	
42437	1195232	
42437	1195233	
42437	1195234	
42437	1195235	
42437	1195236	
42437	1195237	
42437	1195238	
42437	1195239	
42437	1195240	
42437	1195241	
42437	1195242	
42437	1195243	
42437	1195244	
42437	1195245	
42437	1195246	
42437	1195247	
42437	1195248	
42437	1195249	
42437	1195250	
42437	1195251	
42437	1195252	
42437	1195253	
42437	1195254	
42437	1195255	
42437	1195256	
42437	1195257	
42437	1195258	
42437	1195259	
42437	1195260	
42437	1195261	
42437	1195262	
42437	1195263	
42437	1195264	
42437	1195265	
42437	1195266	
42437	1195267	
42437	1195268	
42437	1195269	
42437	1195270	
42437	1195271	
42437	1195272	
42437	1195273	
42437	1195274	
42437	1195275	
42437	1195276	
42437	1195277	
42437	1195278	
42437	1195279	
42437	1195280	
42437	1195281	
42437	1195282	
42437	1195283	
42437	1195284	
42437	1195285	
42437	1195286	
42437	1195287	
42437	1195288	
42437	1195289	
42437	1195290	
42437	1195291	
42437	1195292	
42437	1195293	
42437	1195294	
42437	1195295	
42437	1195296	
42437	1195297	
42437	1195298	
42437	1195299	
42437	1195300	
42437	1195301	
42437	1195302	
42437	1195303	
42437	1195304	
42437	1195305	
42437	1195306	
42437	1195307	
42437	1195308	
42437	1195309	
42437	1195310	
42437	1195311	
42437	1195312	
42437	1195313	
42437	1195314	
42437	1195315	
42437	1195316	
42437	1195317	
42437	1195318	
42437	1195319	
42437	1195320	
42437	1195321	
42437	1195322	
42437	1195323	
42437	1195324	
42437	1195325	
42437	1195326	
42437	1195327	
42437	1195328	
42437	1195329	
42437	1195330	
42437	1195331	
42437	1195332	
42437	1195333	
42437	1195334	
42437	1195335	
42437	1195336	
42437	1195337	
42437	1195338	
42437	1195339	
42437	1195340	
42437	1195341	
42437	1195342	
42437	1195343	
42437	1195344	
42437	1195345	
42437	1195346	
42437	1195347	
42437	1195348	
42437	1195349	
42437	1195350	
42437	1195351	
42437	1195352	
42437	1195353	
42437	1195354	
42437	1195355	
42437	1195356	
42437	1195357	
42437	1195358	
42437	1195359	
42437	1195360	
42437	1195361	
42437	1195362	
42437	1195363	
42437	1195364	
42437	1195365	
42437	1195366	
42437	1195367	
42437	1195368	
42437	1195369	
42437	1195370	
42437	1195371	
42437	1195372	
42437	1195373	
42437	1195374	
42437	1195375	
42437	1195376	
42437	1195377	
42437	1195378	
42437	1195379	
42437	1195380	
42437	1195381	
42437	1195382	
42437	1195383	
42437	1195384	
42437	1195385	
42437	1195386	
42437	1195387	
42437	1195388	
42437	1195389	
42437	1195390	
42437	1195391	
42437	1195392	
42437	1195393	
42437	1195394	
42437	1195395	
42437	1195396	
42437	1195397	
42437	1195398	
42437	1195399	
42437	1195400	
42437	1195401	
42437	1195402	
42437	1195403	
42437	1195404	
42437	1195405	
42437	1195406	
42437	1195407	
42437	1195408	
42437	1195409	
42437	1195410	
42437	1195411	
42437	1195412	
42437	1195413	
42437	1195414	
42437	1195415	
42437	1195416	
42437	1195417	
42437	1195418	
42437	1195419	
42437	1195420	
42437	1195421	
42437	1195422	
42437	1195423	
42437	1195424	
42437	1195425	
42437	1195426	
42437	1195427	
42437	1195428	
42437	1195429	
42437	1195430	
42437	1195431	
42437	1195432	
42437	1195433	
42437	1195434	
42437	1195435	
42437	1195436	
42437	1195437	
42437	1195438	
42437	1195439	
42437	1195440	
42437	1195441	
42437	1195442	
42437	1195443	
42437	1195444	
42437	1195445	
42437	1195446	
42437	1195447	
42437	1195448	
42437	1195449	
42437	1195450	
42437	1195451	
42437	1195452	
42437	1195453	
42437	1195454	
42437	1195455	
42437	1195456	
42437	1195457	
42437	1195458	
42437	1195459	
42437	1195460	
42437	1195461	
42437	1195462	
42437	1195463	
42437	1195464	
42437	1195465	
42437	1195466	
42437	1195467	
42437	1195468	
42437	1195469	
42437	1195470	
42437	1195471	
42437	1195472	
42437	1195473	
42437	1195474	
42437	1195475	
42437	1195476	
42437	1195477	
42437	1195478	
42437	1195479	
42437	1195480	
42437	1195481	
42437	1195482	
42437	1195483	
42437	1195484	
42437	1195485	
42437	1195486	
42437	1195487	
42437	1195488	
42437	1195489	
42437	1195490	
42437	1195491	
42437	1195492	
42437	1195493	
42437	1195494	
42437	1195495	
42437	1195496	
42437	1195497	
42437	1195498	
42437	1195499	
42437	1195500	
42437	1195501	
42437	1195502	
42437	1195503	
42437	1195504	
42437	1195505	
42437	1195506	
42437	1195507	
42437	1195508	
42437	1195509	
42437	1195510	
42437	1195511	
42437	1195512	
42437	1195513	
42437	1195514	
42437	1195515	
42437	1195516	
42437	1195517	
42437	1195518	
42437	1195519	
42437	1195520	
42437	1195521	
42437	1195522	
42437	1195523	
42437	1195524	
42437	1195525	
42437	1195526	
42437	1195527	
42437	1195528	
42437	1195529	
42437	1195530	
42437	1195531	
42437	1195532	
42437	1195533	
42437	1195534	
42437	1195535	
42437	1195536	
42437	1195537	
42437	1195538	
42437	1195539	
42437	1195540	
42437	1195541	
42437	1195542	
42437	1195543	
42437	1195544	
42437	1195545	
42437	1195546	
42437	1195547	
42437	1195548	
42437	1195549	
42437	1195550	
42437	1195551	
42437	1195552	
42437	1195553	
42437	1195554	
42437	1195555	
42437	1195556	
42437	1195557	
42437	1195558	
42437	1195559	
42437	1195560	
42437	1195561	
42437	1195562	
42437	1195563	
42437	1195564	
42437	1195565	
42437	1195566	
42437	1195567	
42437	1195568	
42437	1195569	
42437	1195570	
42437	1195571	
42437	1195572	
42437	1195573	
42437	1195574	
42437	1195575	
42437	1195576	
42437	1195577	
42437	1195578	
42437	1195579	
42437	1195580	
42437	1195581	
42437	1195582	
42437	1195583	
42437	1195584	
42437	1195585	
42437	1195586	
42437	1195587	
42437	1195588	
42437	1195589	
42437	1195590	
42437	1195591	
42437	1195592	
42437	1195593	
42437	1195594	
42437	1195595	
42437	1195596	
42437	1195597	
42437	1195598	
42437	1195599	
42437	1195600	
42437	1195601	
42437	1195602	
42437	1195603	
42437	1195604	
42437	1195605	
42437	1195606	
42437	1195607	
42437	1195608	
42437	1195609	
42437	1195610	
42437	1195611	
42437	1195612	
42437	1195613	
42437	1195614	
42437	1195615	
42437	1195616	
42437	1195617	
42437	1195618	
42437	1195619	
42437	1195620	
42437	1195621	
42437	1195622	
42437	1195623	
42437	1195624	
42437	1195625	
42437	1195626	
42437	1195627	
42437	1195628	
42437	1195629	
42437	1195630	
42437	1195631	
42437	1195632	
42437	1195633	
42437	1195634	
42437	1195635	
42437	1195636	
42437	1195637	
42437	1195638	
42437	1195639	
42437	1195640	
42437	1195641	
42437	1195642	
42437	1195643	
42437	1195644	
42437	1195645	
42437	1195646	
42437	1195647	
42437	1195648	
42437	1195649	
42437	1195650	
42437	1195651	
42437	1195652	
42437	1195653	
42437	1195654	
42437	1195655	
42437	1195656	
42437	1195657	
42437	1195658	
42437	1195659	
42437	1195660	
42437	1195661	
42437	1195662	
42437	1195663	
42437	1195664	
42437	1195665	
42437	1195666	
42437	1195667	
42437	1195668	
42437	1195669	
42437	1195670	
42437	1195671	
42437	1195672	
42437	1195673	
42437	1195674	
42437	1195675	
42437	1195676	
42437	1195677	
42437	1195678	
42437	1195679	
42437	1195680	
42437	1195681	
42437	1195682	
42437	1195683	
42437	1195684	
42437	1195685	
42437	1195686	
42437	1195687	
42437	1195688	
42437	1195689	
42437	1195690	
42437	1195691	
42437	1195692	
42437	1195693	
42437	1195694	
42437	1195695	
42437	1195696	
42437	1195697	
42437	1195698	
42437	1195699	
42437	1195700	
42437	1195701	
42437	1195702	
42437	1195703	
42437	1195704	
42437	1195705	
42437	1195706	
42437	1195707	
42437	1195708	
42437	1195709	
42437	1195710	
42437	1195711	
42437	1195712	
42437	1195713	
42437	1195714	
42437	1195715	
42437	1195716	
42437	1195717	
42437	1195718	
42437	1195719	
42437	1195720	
42437	1195721	
42437	1195722	
42437	1195723	
42437	1195724	
42437	1195725	
42437	1195726	
42437	1195727	
42437	1195728	
42437	1195729	
42437	1195730	
42437	1195731	
42437	1195732	
42437	1195733	
42437	1195734	
42437	1195735	
42437	1195736	
42437	1195737	
42437	1195738	
42437	1195739	
42437	1195740	
42437	1195741	
42437	1195742	
42437	1195743	
42437	1195744	
42437	1195745	
42437	1195746	
42437	1195747	
42437	1195748	
42437	1195749	
42437	1195750	
42437	1195751	
42437	1195752	
42437	1195753	
42437	1195754	
42437	1195755	
42437	1195756	
42437	1195757	
42437	1195758	
42437	1195759	
42437	1195760	
42437	1195761	
42437	1195762	
42437	1195763	
42437	1195764	
42437	1195765	
42437	1195766	
42437	1195767	
42437	1195768	
42437	1195769	
42437	1195770	
42437	1195771	
42437	1195772	
42437	1195773	
42437	1195774	
42437	1195775	
42437	1195776	
42437	1195777	
42437	1195778	
42437	1195779	
42437	1195780	
42437	1195781	
42437	1195782	
42437	1195783	
42437	1195784	
42437	1195785	
42437	1195786	
42437	1195787	
42437	1195788	
42437	1195789	
42437	1195790	
42437	1195791	
42437	1195792	
42437	1195793	
42437	1195794	
42437	1195795	
42437	1195796	
42437	1195797	
42437	1195798	
42437	1195799	
42437	1195800	
42437	1195801	
42437	1195802	
42437	1195803	
42437	1195804	
42437	1195805	
42437	1195806	
42437	1195807	
42437	1195808	
42437	1195809	
42437	1195810	
42437	1195811	
42437	1195812	
42437	1195813	
42437	1195814	
42437	1195815	
42437	1195816	
42437	1195817	
42437	1195818	
42437	1195819	
42437	1195820	
42437	1195821	
42437	1195822	
42437	1195823	
42437	1195824	
42437	1195825	
42437	1195826	
42437	1195827	
42437	1195828	
42437	1195829	
42437	1195830	
42437	1195831	
42437	1195832	
42437	1195833	
42437	1195834	
42437	1195835	
42437	1195836	
42437	1195837	
42437	1195838	
42437	1195839	
42437	1195840	
42437	1195841	
42437	1195842	
42437	1195843	
42437	1195844	
42437	1195845	
42437	1195846	
42437	1195847	
42437	1195848	
42437	1195849	
42437	1195850	
42437	1195851	
42437	1195852	
42437	1195853	
42437	1195854	
42437	1195855	
42437	1195856	
42437	1195857	
42437	1195858	
42437	1195859	
42437	1195860	
42437	1195861	
42437	1195862	
42437	1195863	
42437	1195864	
42437	1195865	
42437	1195866	
42437	1195867	
42437	1195868	
42437	1195869	
42437	1195870	
42437	1195871	
42437	1195872	
42437	1195873	
42437	1195874	
42437	1195875	
42437	1195876	
42437	1195877	
42437	1195878	
42437	1195879	
42437	1195880	
42437	1195881	
42437	1195882	
42437	1195883	
42437	1195884	
42437	1195885	
42437	1195886	
42437	1195887	
42437	1195888	
42437	1195889	
42437	1195890	
42437	1195891	
42437	1195892	
42437	1195893	
42437	1195894	
42437	1195895	
42437	1195896	
42437	1195897	
42437	1195898	
42437	1195899	
42437	1195900	
42437	1195901	
42437	1195902	
42437	1195903	
42437	1195904	
42437	1195905	
42437	1195906	
42437	1195907	
42437	1195908	
42437	1195909	
42437	1195910	
42437	1195911	
42437	1195912	
42437	1195913	
42437	1195914	
42437	1195915	
42437	1195916	
42437	1195917	
42437	1195918	
42437	1195919	
42437	1195920	
42437	1195921	
42437	1195922	
42437	1195923	
42437	1195924	
42437	1195925	
42437	1195926	
42437	1195927	
42437	1195928	
42437	1195929	
42437	1195930	
42437	1195931	
42437	1195932	
42437	1195933	
42437	1195934	
42437	1195935	
42437	1195936	
42437	1195937	
42437	1195938	
42437	1195939	
42437	1195940	
42437	1195941	
42437	1195942	
42437	1195943	
42437	1195944	
42437	1195945	
42437	1195946	
42437	1195947	
42437	1195948	
42437	1195949	
42437	1195950	
42437	1195951	
42437	1195952	
42437	1195953	
42437	1195954	
42437	1195955	
42437	1195956	
42437	1195957	
42437	1195958	
42437	1195959	
42437	1195960	
42437	1195961	
42437	1195962	
42437	1195963	
42437	1195964	
42437	1195965	
42437	1195966	
42437	1195967	
42437	1195968	
42437	1195969	
42437	1195970	
42437	1195971	
42437	1195972	
42437	1195973	
42437	1195974	
42437	1195975	
42437	1195976	
42437	1195977	
42437	1195978	
42437	1195979	
42437	1195980	
42437	1195981	
42437	1195982	
42437	1195983	
42437	1195984	
42437	1195985	
42437	1195986	
42437	1195987	
42437	1195988	
42437	1195989	
42437	1195990	
42437	1195991	
42437	1195992	
42437	1195993	
42437	1195994	
42437	1195995	
42437	1195996	
42437	1195997	
42437	1195998	
42437	1195999	
42437	1196000	
42437	1196001	
42437	1196002	
42437	1196003	
42437	1196004	
42437	1196005	
42437	1196006	
42437	1196007	
42437	1196008	
42437	1196009	
42437	1196010	
42437	1196011	
42437	1196012	
42437	1196013	
42437	1196014	
42437	1196015	
42437	1196016	
42437	1196017	
42437	1196018	
42437	1196019	
42437	1196020	
42437	1196021	
42437	1196022	
42437	1196023	
42437	1196024	
42437	1196025	
42437	1196026	
42437	1196027	
42437	1196028	
42437	1196029	
42437	1196030	
42437	1196031	
42437	1196032	
42437	1196033	
42437	1196034	
42437	1196035	
42437	1196036	
42437	1196037	
42437	1196038	
42437	1196039	
42437	1196040	
42437	1196041	
42437	1196042	
42437	1196043	
42437	1196044	
42437	1196045	
42437	1196046	
42437	1196047	
42437	1196048	
42437	1196049	
42437	1196050	
42437	1196051	
42437	1196052	
42437	1196053	
42437	1196054	
42437	1196055	
42437	1196056	
42437	1196057	
42437	1196058	
42437	1196059	
42437	1196060	
42437	1196061	
42437	1196062	
42437	1196063	
42437	1196064	
42437	1196065	
42437	1196066	
42437	1196067	
42437	1196068	
42437	1196069	
42437	1196070	
42437	1196071	
42437	1196072	
42437	1196073	
42437	1196074	
42437	1196075	
42437	1196076	
42437	1196077	
42437	1196078	
42437	1196079	
42437	1196080	
42437	1196081	
42437	1196082	
42437	1196083	
42437	1196084	
42437	1196085	
42437	1196086	
42437	1196087	
42437	1196088	
42437	1196089	
42437	1196090	
42437	1196091	
42437	1196092	
42437	1196093	
42437	1196094	
42437	1196095	
42437	1196096	
42437	1196097	
42437	1196098	
42437	1196099	
42437	1196100	
42437	1196101	
42437	1196102	
42437	1196103	
42437	1196104	
42437	1196105	
42437	1196106	
42437	1196107	
42437	1196108	
42437	1196109	
42437	1196110	
42437	1196111	
42437	1196112	
42437	1196113	
42437	1196114	
42437	1196115	
42437	1196116	
42437	1196117	
42437	1196118	
42437	1196119	
42437	1196120	
42437	1196121	
42437	1196122	
42437	1196123	
42437	1196124	
42437	1196125	
42437	1196126	
42437	1196127	
42437	1196128	
42437	1196129	
42437	1196130	
42437	1196131	
42437	1196132	
42437	1196133	
42437	1196134	
42437	1196135	
42437	1196136	
42437	1196137	
42437	1196138	
42437	1196139	
42437	1196140	
42437	1196141	
42437	1196142	
42437	1196143	
42437	1196144	
42437	1196145	
42437	1196146	
42437	1196147	
42437	1196148	
42437	1196149	
42437	1196150	
42437	1196151	
42437	1196152	
42437	1196153	
42437	1196154	
42437	1196155	
42437	1196156	
42437	1196157	
42437	1196158	
42437	1196159	
42437	1196160	
42437	1196161	
42437	1196162	
42437	1196163	
42437	1196164	
42437	1196165	
42437	1196166	
42437	1196167	
42437	1196168	
42437	1196169	
42437	1196170	
42437	1196171	
42437	1196172	
42437	1196173	
42437	1196174	
42437	1196175	
42437	1196176	
42437	1196177	
42437	1196178	
42437	1196179	
42437	1196180	
42437	1196181	
42437	1196182	
42437	1196183	
42437	1196184	
42437	1196185	
42437	1196186	
42437	1196187	
42437	1196188	
42437	1196189	
42437	1196190	
42437	1196191	
42437	1196192	
42437	1196193	
42437	1196194	
42437	1196195	
42437	1196196	
42437	1196197	
42437	1196198	
42437	1196199	
42437	1196200	
42437	1196201	
42437	1196202	
42437	1196203	
42437	1196204	
42437	1196205	
42437	1196206	
42437	1196207	
42437	1196208	
42437	1196209	
42437	1196210	
42437	1196211	
42437	1196212	
42437	1196213	
42437	1196214	
42437	1196215	
42437	1196216	
42437	1196217	
42437	1196218	
42437	1196219	
42437	1196220	
42437	1196221	
42437	1196222	
42437	1196223	
42437	1196224	
42437	1196225	
42437	1196226	
42437	1196227	
42437	1196228	
42437	1196229	
42437	1196230	
42437	1196231	
42437	1196232	
42437	1196233	
42437	1196234	
42437	1196235	
42437	1196236	
42437	1196237	
42437	1196238	
42437	1196239	
42437	1196240	
42437	1196241	
42437	1196242	
42437	1196243	
42437	1196244	
42437	1196245	
42437	1196246	
42437	1196247	
42437	1196248	
42437	1196249	
42437	1196250	
42437	1196251	
42437	1196252	
42437	1196253	
42437	1196254	
42437	1196255	
42437	1196256	
42437	1196257	
42437	1196258	
42437	1196259	
42437	1196260	
42437	1196261	
42437	1196262	
42437	1196263	
42437	1196264	
42437	1196265	
42437	1196266	
42437	1196267	
42437	1196268	
42437	1196269	
42437	1196270	
42437	1196271	
42437	1196272	
42437	1196273	
42437	1196274	
42437	1196275	
42437	1196276	
42437	1196277	
42437	1196278	
42437	1196279	
42437	1196280	
42437	1196281	
42437	1196282	
42437	1196283	
42437	1196284	
42437	1196285	
42437	1196286	
42437	1196287	
42437	1196288	
42437	1196289	
42437	1196290	
42437	1196291	
42437	1196292	
42437	1196293	
42437	1196294	
42437	1196295	
42437	1196296	
42437	1196297	
42437	1196298	
42437	1196299	
42437	1196300	
42437	1196301	
42437	1196302	
42437	1196303	
42437	1196304	
42437	1196305	
42437	1196306	
42437	1196307	
42437	1196308	
42437	1196309	
42437	1196310	
42437	1196311	
42437	1196312	
42437	1196313	
42437	1196314	
42437	1196315	
42437	1196316	
42437	1196317	
42437	1196318	
42437	1196319	
42437	1196320	
42437	1196321	
42437	1196322	
42437	1196323	
42437	1196324	
42437	1196325	
42437	1196326	
42437	1196327	
42437	1196328	
42437	1196329	
42437	1196330	
42437	1196331	
42437	1196332	
42437	1196333	
42437	1196334	
42437	1196335	
42437	1196336	
42437	1196337	
42437	1196338	
42437	1196339	
42437	1196340	
42437	1196341	
42437	1196342	
42437	1196343	
42437	1196344	
42437	1196345	
42437	1196346	
42437	1196347	
42437	1196348	
42437	1196349	
42437	1196350	
42437	1196351	
42437	1196352	
42437	1196353	
42437	1196354	
42437	1196355	
42437	1196356	
42437	1196357	
42437	1196358	
42437	1196359	
42437	1196360	
42437	1196361	
42437	1196362	
42437	1196363	
42437	1196364	
42437	1196365	
42437	1196366	
42437	1196367	
42437	1196368	
42437	1196369	
42437	1196370	
42437	1196371	
42437	1196372	
42437	1196373	
42437	1196374	
42437	1196375	
42437	1196376	
42437	1196377	
42437	1196378	
42437	1196379	
42437	1196380	
42437	1196381	
42437	1196382	
42437	1196383	
42437	1196384	
42437	1196385	
42437	1196386	
42437	1196387	
42437	1196388	
42437	1196389	
42437	1196390	
42437	1196391	
42437	1196392	
42437	1196393	
42437	1196394	
42437	1196395	
42437	1196396	
42437	1196397	
42437	1196398	
42437	1196399	
42437	1196400	
42437	1196401	
42437	1196402	
42437	1196403	
42437	1196404	
42437	1196405	
42437	1196406	
42437	1196407	
42437	1196408	
42437	1196409	
42437	1196410	
42437	1196411	
42437	1196412	
42437	1196413	
42437	1196414	
42437	1196415	
42437	1196416	
42437	1196417	
42437	1196418	
42437	1196419	
42437	1196420	
42437	1196421	
42437	1196422	
42437	1196423	
42437	1196424	
42437	1196425	
42437	1196426	
42437	1196427	
42437	1196428	
42437	1196429	
42437	1196430	
42437	1196431	
42437	1196432	
42437	1196433	
42437	1196434	
42437	1196435	
42437	1196436	
42437	1196437	
42437	1196438	
42437	1196439	
42437	1196440	
42437	1196441	
42437	1196442	
42437	1196443	
42437	1196444	
42437	1196445	
42437	1196446	
42437	1196447	
42437	1196448	
42437	1196449	
42437	1196450	
42437	1196451	
42437	1196452	
42437	1196453	
42437	1196454	
42437	1196455	
42437	1196456	
42437	1196457	
42437	1196458	
42437	1196459	
42437	1196460	
42437	1196461	
42437	1196462	
42437	1196463	
42437	1196464	
42437	1196465	
42437	1196466	
42437	1196467	
42437	1196468	
42437	1196469	
42437	1196470	
42437	1196471	
42437	1196472	
42437	1196473	
42437	1196474	
42437	1196475	
42437	1196476	
42437	1196477	
42437	1196478	
42437	1196479	
42437	1196480	
42437	1196481	
42437	1196482	
42437	1196483	
42437	1196484	
42437	1196485	
42437	1196486	
42437	1196487	
42437	1196488	
42437	1196489	
42437	1196490	
42437	1196491	
42437	1196492	
42437	1196493	
42437	1196494	
42437	1196495	
42437	1196496	
42437	1196497	
42437	1196498	
42437	1196499	
42437	1196500	
42437	1196501	
42437	1196502	
42437	1196503	
42437	1196504	
42437	1196505	
42437	1196506	
42437	1196507	
42437	1196508	
42437	1196509	
42437	1196510	
42437	1196511	
42437	1196512	
42437	1196513	
42437	1196514	
42437	1196515	
42437	1196516	
42437	1196517	
42437	1196518	
42437	1196519	
42437	1196520	
42437	1196521	
42437	1196522	
42437	1196523	
42437	1196524	
42437	1196525	
42437	1196526	
42437	1196527	
42437	1196528	
42437	1196529	
42437	1196530	
42437	1196531	
42437	1196532	
42437	1196533	
42437	1196534	
42437	1196535	
42437	1196536	
42437	1196537	
42437	1196538	
42437	1196539	
42437	1196540	
42437	1196541	
42437	1196542	
42437	1196543	
42437	1196544	
42437	1196545	
42437	1196546	
42437	1196547	
42437	1196548	
42437	1196549	
42437	1196550	
42437	1196551	
42437	1196552	
42437	1196553	
42437	1196554	
42437	1196555	
42437	1196556	
42437	1196557	
42437	1196558	
42437	1196559	
42437	1196560	
42437	1196561	
42437	1196562	
42437	1196563	
42437	1196564	
42437	1196565	
42437	1196566	
42437	1196567	
42437	1196568	
42437	1196569	
42437	1196570	
42437	1196571	
42437	1196572	
42437	1196573	
42437	1196574	
42437	1196575	
42437	1196576	
42437	1196577	
42437	1196578	
42437	1196579	
42437	1196580	
42437	1196581	
42437	1196582	
42437	1196583	
42437	1196584	
42437	1196585	
42437	1196586	
42437	1196587	
42437	1196588	
42437	1196589	
42437	1196590	
42437	1196591	
42437	1196592	
42437	1196593	
42437	1196594	
42437	1196595	
42437	1196596	
42437	1196597	
42437	1196598	
42437	1196599	
42437	1196600	
42437	1196601	
42437	1196602	
42437	1196603	
42437	1196604	
42437	1196605	
42437	1196606	
42437	1196607	
42437	1196608	
42437	1196609	
42437	1196610	
42437	1196611	
42437	1196612	
42437	1196613	
42437	1196614	
42437	1196615	
42437	1196616	
42437	1196617	
42437	1196618	
42437	1196619	
42437	1196620	
42437	1196621	
42437	1196622	
42437	1196623	
42437	1196624	
42437	1196625	
42437	1196626	
42437	1196627	
42437	1196628	
42437	1196629	
42437	1196630	
42437	1196631	
42437	1196632	
42437	1196633	
42437	1196634	
42437	1196635	
42437	1196636	
42437	1196637	
42437	1196638	
42437	1196639	
42437	1196640	
42437	1196641	
42437	1196642	
42437	1196643	
42437	1196644	
42437	1196645	
42437	1196646	
42437	1196647	
42437	1196648	
42437	1196649	
42437	1196650	
42437	1196651	
42437	1196652	
42437	1196653	
42437	1196654	
42437	1196655	
42437	1196656	
42437	1196657	
42437	1196658	
42437	1196659	
42437	1196660	
42437	1196661	
42437	1196662	
42437	1196663	
42437	1196664	
42437	1196665	
42437	1196666	
42437	1196667	
42437	1196668	
42437	1196669	
42437	1196670	
42437	1196671	
42437	1196672	
42437	1196673	
42437	1196674	
42437	1196675	
42437	1196676	
42437	1196677	
42437	1196678	
42437	1196679	
42437	1196680	
42437	1196681	
42437	1196682	
42437	1196683	
42437	1196684	
42437	1196685	
42437	1196686	
42437	1196687	
42437	1196688	
42437	1196689	
42437	1196690	
42437	1196691	
42437	1196692	
42437	1196693	
42437	1196694	
42437	1196695	
42437	1196696	
42437	1196697	
42437	1196698	
42437	1196699	
42437	1196700	
42437	1196701	
42437	1196702	
42437	1196703	
42437	1196704	
42437	1196705	
42437	1196706	
42437	1196707	
42437	1196708	
42437	1196709	
42437	1196710	
42437	1196711	
42437	1196712	
42437	1196713	
42437	1196714	
42437	1196715	
42437	1196716	
42437	1196717	
42437	1196718	
42437	1196719	
42437	1196720	
42437	1196721	
42437	1196722	
42437	1196723	
42437	1196724	
42437	1196725	
42437	1196726	
42437	1196727	
42437	1196728	
42437	1196729	
42437	1196730	
42437	1196731	
42437	1196732	
42437	1196733	
42437	1196734	
42437	1196735	
42437	1196736	
42437	1196737	
42437	1196738	
42437	1196739	
42437	1196740	
42437	1196741	
42437	1196742	
42437	1196743	
42437	1196744	
42437	1196745	
42437	1196746	
42437	1196747	
42437	1196748	
42437	1196749	
42437	1196750	
42437	1196751	
42437	1196752	
42437	1196753	
42437	1196754	
42437	1196755	
42437	1196756	
42437	1196757	
42437	1196758	
42437	1196759	
42437	1196760	
42437	1196761	
42437	1196762	
42437	1196763	
42437	1196764	
42437	1196765	
42437	1196766	
42437	1196767	
42437	1196768	
42437	1196769	
42437	1196770	
42437	1196771	
42437	1196772	
42437	1196773	
42437	1196774	
42437	1196775	
42437	1196776	
42437	1196777	
42437	1196778	
42437	1196779	
42437	1196780	
42437	1196781	
42437	1196782	
42437	1196783	
42437	1196784	
42437	1196785	
42437	1196786	
42437	1196787	
42437	1196788	
42437	1196789	
42437	1196790	
42437	1196791	
42437	1196792	
42437	1196793	
42437	1196794	
42437	1196795	
42437	1196796	
42437	1196797	
42437	1196798	
42437	1196799	
42437	1196800	
42437	1196801	
42437	1196802	
42437	1196803	
42437	1196804	
42437	1196805	
42437	1196806	
42437	1196807	
42437	1196808	
42437	1196809	
42437	1196810	
42437	1196811	
42437	1196812	
42437	1196813	
42437	1196814	
42437	1196815	
42437	1196816	
42437	1196817	
42437	1196818	
42437	1196819	
42437	1196820	
42437	1196821	
42437	1196822	
42437	1196823	
42437	1196824	
42437	1196825	
42437	1196826	
42437	1196827	
42437	1196828	
42437	1196829	
42437	1196830	
42437	1196831	
42437	1196832	
42437	1196833	
42437	1196834	
42437	1196835	
42437	1196836	
42437	1196837	
42437	1196838	
42437	1196839	
42437	1196840	
42437	1196841	
42437	1196842	
42437	1196843	
42437	1196844	
42437	1196845	
42437	1196846	
42437	1196847	
42437	1196848	
42437	1196849	
42437	1196850	
42437	1196851	
42437	1196852	
42437	1196853	
42437	1196854	
42437	1196855	
42437	1196856	
42437	1196857	
42437	1196858	
42437	1196859	
42437	1196860	
42437	1196861	
42437	1196862	
42437	1196863	
42437	1196864	
42437	1196865	
42437	1196866	
42437	1196867	
42437	1196868	
42437	1196869	
42437	1196870	
42437	1196871	
42437	1196872	
42437	1196873	
42437	1196874	
42437	1196875	
42437	1196876	
42437	1196877	
42437	1196878	
42437	1196879	
42437	1196880	
42437	1196881	
42437	1196882	
42437	1196883	
42437	1196884	
42437	1196885	
42437	1196886	
42437	1196887	
42437	1196888	
42437	1196889	
42437	1196890	
42437	1196891	
42437	1196892	
42437	1196893	
42437	1196894	
42437	1196895	
42437	1196896	
42437	1196897	
42437	1196898	
42437	1196899	
42437	1196900	
42437	1196901	
42437	1196902	
42437	1196903	
42437	1196904	
42437	1196905	
42437	1196906	
42437	1196907	
42437	1196908	
42437	1196909	
42437	1196910	
42437	1196911	
42437	1196912	
42437	1196913	
42437	1196914	
42437	1196915	
42437	1196916	
42437	1196917	
42437	1196918	
42437	1196919	
42437	1196920	
42437	1196921	
42437	1196922	
42437	1196923	
42437	1196924	
42437	1196925	
42437	1196926	
42437	1196927	
42437	1196928	
42437	1196929	
42437	1196930	
42437	1196931	
42437	1196932	
42437	1196933	
42437	1196934	
42437	1196935	
42437	1196936	
42437	1196937	
42437	1196938	
42437	1196939	
42437	1196940	
42437	1196941	
42437	1196942	
42437	1196943	
42437	1196944	
42437	1196945	
42437	1196946	
42437	1196947	
42437	1196948	
42437	1196949	
42437	1196950	
42437	1196951	
42437	1196952	
42437	1196953	
42437	1196954	
42437	1196955	
42437	1196956	
42437	1196957	
42437	1196958	
42437	1196959	
42437	1196960	
42437	1196961	
42437	1196962	
42437	1196963	
42437	1196964	
42437	1196965	
42437	1196966	
42437	1196967	
42437	1196968	
42437	1196969	
42437	1196970	
42437	1196971	
42437	1196972	
42437	1196973	
42437	1196974	
42437	1196975	
42437	1196976	
42437	1196977	
42437	1196978	
42437	1196979	
42437	1196980	
42437	1196981	
42437	1196982	
42437	1196983	
42437	1196984	
42437	1196985	
42437	1196986	
42437	1196987	
42437	1196988	
42437	1196989	
42437	1196990	
42437	1196991	
42437	1196992	
42437	1196993	
42437	1196994	
42437	1196995	
42437	1196996	
42437	1196997	
42437	1196998	
42437	1196999	
42437	1197000	
42437	1197001	
42437	1197002	
42437	1197003	
42437	1197004	
42437	1197005	
42437	1197006	
42437	1197007	
42437	1197008	
42437	1197009	
42437	1197010	
42437	1197011	
42437	1197012	
42437	1197013	
42437	1197014	
42437	1197015	
42437	1197016	
42437	1197017	
42437	1197018	
42437	1197019	
42437	1197020	
42437	1197021	
42437	1197022	
42437	1197023	
42437	1197024	
42437	1197025	
42437	1197026	
42437	1197027	
42437	1197028	
42437	1197029	
42437	1197030	
42437	1197031	
42437	1197032	
42437	1197033	
42437	1197034	
42437	1197035	
42437	1197036	
42437	1197037	
42437	1197038	
42437	1197039	
42437	1197040	
42437	1197041	
42437	1197042	
42437	1197043	
42437	1197044	
42437	1197045	
42437	1197046	
42437	1197047	
42437	1197048	
42437	1197049	
42437	1197050	
42437	1197051	
42437	1197052	
42437	1197053	
42437	1197054	
42437	1197055	
42437	1197056	
42437	1197057	
42437	1197058	
42437	1197059	
42437	1197060	
42437	1197061	
42437	1197062	
42437	1197063	
42437	1197064	
42437	1197065	
42437	1197066	
42437	1197067	
42437	1197068	
42437	1197069	
42437	1197070	
42437	1197071	
42437	1197072	
42437	1197073	
42437	1197074	
42437	1197075	
42437	1197076	
42437	1197077	
42437	1197078	
42437	1197079	
42437	1197080	
42437	1197081	
42437	1197082	
42437	1197083	
42437	1197084	
42437	1197085	
42437	1197086	
42437	1197087	
42437	1197088	
42437	1197089	
42437	1197090	
42437	1197091	
42437	1197092	
42437	1197093	
42437	1197094	
42437	1197095	
42437	1197096	
42437	1197097	
42437	1197098	
42437	1197099	
42437	1197100	
42437	1197101	
42437	1197102	
42437	1197103	
42437	1197104	
42437	1197105	
42437	1197106	
42437	1197107	
42437	1197108	
42437	1197109	
42437	1197110	
42437	1197111	
42437	1197112	
42437	1197113	
42437	1197114	
42437	1197115	
42437	1197116	
42437	1197117	
42437	1197118	
42437	1197119	
42437	1197120	
42437	1197121	
42437	1197122	
42437	1197123	
42437	1197124	
42437	1197125	
42437	1197126	
42437	1197127	
42437	1197128	
42437	1197129	
42437	1197130	
42437	1197131	
42437	1197132	
42437	1197133	
42437	1197134	
42437	1197135	
42437	1197136	
42437	1197137	
42437	1197138	
42437	1197139	
42437	1197140	
42437	1197141	
42437	1197142	
42437	1197143	
42437	1197144	
42437	1197145	
42437	1197146	
42437	1197147	
42437	1197148	
42437	1197149	
42437	1197150	
42437	1197151	
42437	1197152	
42437	1197153	
42437	1197154	
42437	1197155	
42437	1197156	
42437	1197157	
42437	1197158	
42437	1197159	
42437	1197160	
42437	1197161	
42437	1197162	
42437	1197163	
42437	1197164	
42437	1197165	
42437	1197166	
42437	1197167	
42437	1197168	
42437	1197169	
42437	1197170	
42437	1197171	
42437	1197172	
42437	1197173	
42437	1197174	
42437	1197175	
42437	1197176	
42437	1197177	
42437	1197178	
42437	1197179	
42437	1197180	
42437	1197181	
42437	1197182	
42437	1197183	
42437	1197184	
42437	1197185	
42437	1197186	
42437	1197187	
42437	1197188	
42437	1197189	
42437	1197190	
42437	1197191	
42437	1197192	
42437	1197193	
42437	1197194	
42437	1197195	
42437	1197196	
42437	1197197	
42437	1197198	
42437	1197199	
42437	1197200	
42437	1197201	
42437	1197202	
42437	1197203	
42437	1197204	
42437	1197205	
42437	1197206	
42437	1197207	
42437	1197208	
42437	1197209	
42437	1197210	
42437	1197211	
42437	1197212	
42437	1197213	
42437	1197214	
42437	1197215	
42437	1197216	
42437	1197217	
42437	1197218	
42437	1197219	
42437	1197220	
42437	1197221	
42437	1197222	
42437	1197223	
42437	1197224	
42437	1197225	
42437	1197226	
42437	1197227	
42437	1197228	
42437	1197229	
42437	1197230	
42437	1197231	
42437	1197232	
42437	1197233	
42437	1197234	
42437	1197235	
42437	1197236	
42437	1197237	
42437	1197238	
42437	1197239	
42437	1197240	
42437	1197241	
42437	1197242	
42437	1197243	
42437	1197244	
42437	1197245	
42437	1197246	
42437	1197247	
42437	1197248	
42437	1197249	
42437	1197250	
42437	1197251	
42437	1197252	
42437	1197253	
42437	1197255	
42437	1197257	
42437	1197260	
42437	1197262	
42437	1197264	
42437	1197266	
42437	1197268	
42437	1197270	
42437	1197271	
42437	1197273	
42437	1197275	
42437	1197277	
42437	1197278	
42437	1197280	
42437	1197283	
42437	1197286	
42437	1197288	
42437	1197291	
42437	1197293	
42437	1197295	
42437	1197297	
42437	1197299	
42437	1197302	
42437	1197304	
42437	1197306	
42437	1197308	
42437	1197311	
42437	1197314	
42437	1197316	
42437	1197318	
42437	1197320	
42437	1197322	
42437	1197324	
42437	1197326	
42437	1197328	
42437	1197330	
42437	1197332	
42437	1197334	
42437	1197335	
42437	1197337	
42437	1197340	
42437	1197342	
42437	1197344	
42437	1197345	
42437	1197347	
42437	1197349	
42437	1197352	
42437	1197354	
42437	1197356	
42437	1197358	
42437	1197360	
42437	1197362	
42437	1197364	
42437	1197366	
42437	1197368	
42437	1197370	
42437	1197372	
42437	1197374	
42437	1197376	
42437	1197378	
42437	1197380	
42437	1197382	
42437	1197384	
42437	1197386	
42437	1197388	
42437	1197390	
42437	1197392	
42437	1197394	
42437	1197396	
42437	1197398	
42437	1197400	
42437	1197402	
42437	1197404	
42437	1197406	
42437	1197409	
42437	1197412	
42437	1197414	
42437	1197416	
42437	1197418	
42437	1197420	
42437	1197422	
42437	1197425	
42437	1197427	
42437	1197429	
42437	1197431	
42437	1197433	
42437	1197435	
42437	1197437	
42437	1197439	
42437	1197441	
42437	1197443	
42437	1197445	
42437	1197447	
42437	1197449	
42437	1197451	
42437	1197453	
42437	1197455	
42437	1197458	
42437	1197459	
42437	1197461	
42437	1197463	
42437	1197465	
42437	1197466	
42437	1197468	
42437	1197470	
42437	1197472	
42437	1197475	
42437	1197477	
42437	1197479	
42437	1197481	
42437	1197483	
42437	1197485	
42437	1197487	
42437	1197489	
42437	1197491	
42437	1197493	
42437	1197495	
42437	1197497	
42437	1197499	
42437	1197501	
42437	1197504	
42437	1197506	
42437	1197508	
42437	1197510	
42437	1197512	
42437	1197514	
42437	1197516	
42437	1197518	
42437	1197520	
42437	1197521	
42437	1197523	
42437	1197525	
42437	1197527	
42437	1197529	
42437	1197531	
42437	1197533	
42437	1197537	
42437	1197540	
42437	1197542	
42437	1197544	
42437	1197546	
42437	1197548	
42437	1197551	
42437	1197553	
42437	1197554	
42437	1197556	
42437	1197558	
42437	1197560	
42437	1197563	
42437	1197564	
42437	1197566	
42437	1197568	
42437	1197570	
42437	1197573	
42437	1197575	
42437	1197577	
42437	1197579	
42437	1197581	
42437	1197583	
42437	1197585	
42437	1197587	
42437	1197589	
42437	1197592	
42437	1197594	
42437	1197596	
42437	1197598	
42437	1197601	
42437	1197602	
42437	1197604	
42437	1197607	
42437	1197609	
42437	1197611	
42437	1197612	
42437	1197614	
42437	1197616	
42437	1197618	
42437	1197620	
42437	1197623	
42437	1197625	
42437	1197627	
42437	1197629	
42437	1197631	
42437	1197633	
42437	1197635	
42437	1197637	
42437	1197639	
42437	1197641	
42437	1197643	
42437	1197645	
42437	1197647	
42437	1197649	
42437	1197651	
42437	1197653	
42437	1197655	
42437	1197657	
42437	1197659	
42437	1197661	
42437	1197663	
42437	1197665	
42437	1197667	
42437	1197669	
42437	1197671	
42437	1197673	
42437	1197674	
42437	1197677	
42437	1197679	
42437	1197681	
42437	1197683	
42437	1197684	
42437	1197686	
42437	1197688	
42437	1197691	
42437	1197693	
42437	1197695	
42437	1197697	
42437	1197699	
42437	1197701	
42437	1197703	
42437	1197705	
42437	1197707	
42437	1197708	
42437	1197710	
42437	1197712	
42437	1197714	
42437	1197716	
42437	1197718	
42437	1197720	
42437	1197722	
42437	1197724	
42437	1197727	
42437	1197728	
42437	1197731	
42437	1197733	
42437	1197735	
42437	1197738	
42437	1197739	
42437	1197741	
42437	1197743	
42437	1197745	
42437	1197748	
42437	1197750	
42437	1197751	
42437	1197754	
42437	1197756	
42437	1197757	
42437	1197760	
42437	1197762	
42437	1197764	
42437	1197766	
42437	1197768	
42437	1197771	
42437	1197773	
42437	1197775	
42437	1197776	
42437	1197778	
42437	1197779	
42437	1197782	
42437	1197784	
42437	1197785	
42437	1197788	
42437	1197790	
42437	1197793	
42437	1197795	
42437	1197797	
42437	1197799	
42437	1197801	
42437	1197803	
42437	1197805	
42437	1197807	
42437	1197809	
42437	1197811	
42437	1197814	
42437	1197816	
42437	1197818	
42437	1197820	
42437	1197822	
42437	1197824	
42437	1197827	
42437	1197829	
42437	1197831	
42437	1197833	
42437	1197835	
42437	1197837	
42437	1197839	
42437	1197841	
42437	1197843	
42437	1197845	
42437	1197847	
42437	1197849	
42437	1197850	
42437	1197852	
42437	1197854	
42437	1197856	
42437	1197858	
42437	1197860	
42437	1197862	
42437	1197865	
42437	1197867	
42437	1197869	
42437	1197871	
42437	1197873	
42437	1197875	
42437	1197877	
42437	1197880	
42437	1197882	
42437	1197884	
42437	1197886	
42437	1197887	
42437	1197889	
42437	1197892	
42437	1197893	
42437	1197896	
42437	1197898	
42437	1197900	
42437	1197902	
42437	1197904	
42437	1197907	
42437	1197909	
42437	1197911	
42437	1197913	
42437	1197915	
42437	1197917	
42437	1197919	
42437	1197921	
42437	1197923	
42437	1197925	
42437	1197926	
42437	1197928	
42437	1197931	
42437	1197933	
42437	1197935	
42437	1197937	
42437	1197939	
42437	1197941	
42437	1197943	
42437	1197945	
42437	1197947	
42437	1197949	
42437	1197951	
42437	1197953	
42437	1197955	
42437	1197957	
42437	1197960	
42437	1197962	
42437	1197964	
42437	1197966	
42437	1197968	
42437	1197970	
42437	1197972	
42437	1197974	
42437	1197976	
42437	1197980	
42437	1197982	
42437	1197983	
42437	1197985	
42437	1197987	
42437	1197989	
42437	1197991	
42437	1197993	
42437	1197995	
42437	1197997	
42437	1197999	
42437	1198002	
42437	1198004	
42437	1198006	
42437	1198007	
42437	1198009	
42437	1198012	
42437	1198014	
42437	1198016	
42437	1198018	
42437	1198020	
42437	1198021	
42437	1198023	
42437	1198025	
42437	1198027	
42437	1198029	
42437	1198031	
42437	1198033	
42437	1198036	
42437	1198038	
42437	1198040	
42437	1198042	
42437	1198044	
42437	1198046	
42437	1198048	
42437	1198050	
42437	1198051	
42437	1198053	
42437	1198055	
42437	1198057	
42437	1198059	
42437	1198061	
42437	1198063	
42437	1198066	
42437	1198068	
42437	1198070	
42437	1198072	
42437	1198073	
42437	1198075	
42437	1198077	
42437	1198079	
42437	1198081	
42437	1198083	
42437	1198084	
42437	1198086	
42437	1198088	
42437	1198090	
42437	1198092	
42437	1198094	
42437	1198096	
42437	1198098	
42437	1198100	
42437	1198103	
42437	1198105	
42437	1198106	
42437	1198109	
42437	1198111	
42437	1198113	
42437	1198115	
42437	1198117	
42437	1198119	
42437	1198120	
42437	1198122	
42437	1198124	
42437	1198126	
42437	1198128	
42437	1198130	
42437	1198133	
42437	1198135	
42437	1198137	
42437	1198139	
42437	1198141	
42437	1198144	
42437	1198146	
42437	1198148	
42437	1198149	
42437	1198152	
42437	1198154	
42437	1198155	
42437	1198158	
42437	1198160	
42437	1198163	
42437	1198165	
42437	1198167	
42437	1198169	
42437	1198171	
42437	1198173	
42437	1198175	
42437	1198177	
42437	1198179	
42437	1198181	
42437	1198182	
42437	1198185	
42437	1198187	
42437	1198188	
42437	1198190	
42437	1198193	
42437	1198194	
42437	1198196	
42437	1198198	
42437	1198200	
42437	1198202	
42437	1198204	
42437	1198206	
42437	1198208	
42437	1198210	
42437	1198212	
42437	1198214	
42437	1198216	
42437	1198218	
42437	1198220	
42437	1198222	
42437	1198225	
42437	1198226	
42437	1198228	
42437	1198230	
42437	1198233	
42437	1198235	
42437	1198237	
42437	1198239	
42437	1198241	
42437	1198243	
42437	1198245	
42437	1198247	
42437	1198249	
42437	1198251	
42437	1198254	
42437	1198256	
42437	1198258	
42437	1198260	
42437	1198262	
42437	1198265	
42437	1198267	
42437	1198268	
42437	1198270	
42437	1198272	
42437	1198274	
42437	1198276	
42437	1198277	
42437	1198279	
42437	1198281	
42437	1198283	
42437	1198285	
42437	1198287	
42437	1198290	
42437	1198292	
42437	1198294	
42437	1198295	
42437	1198297	
42437	1198299	
42437	1198301	
42437	1198303	
42437	1198304	
42437	1198307	
42437	1198309	
42437	1198310	
42437	1198312	
42437	1198314	
42437	1198316	
42437	1198318	
42437	1198320	
42437	1198322	
42437	1198323	
42437	1198325	
42437	1198327	
42437	1198329	
42437	1198331	
42437	1198333	
42437	1198334	
42437	1198336	
42437	1198338	
42437	1198340	
42437	1198341	
42437	1198343	
42437	1198345	
42437	1198347	
42437	1198349	
42437	1198352	
42437	1198354	
42437	1198356	
42437	1198358	
42437	1198360	
42437	1198362	
42437	1198364	
42437	1198366	
42437	1198368	
42437	1198370	
42437	1198372	
42437	1198374	
42437	1198377	
42437	1198379	
42437	1198381	
42437	1198383	
42437	1198385	
42437	1198387	
42437	1198389	
42437	1198391	
42437	1198392	
42437	1198394	
42437	1198396	
42437	1198398	
42437	1198400	
42437	1198403	
42437	1198405	
42437	1198407	
42437	1198409	
42437	1198411	
42437	1198413	
42437	1198415	
42437	1198417	
42437	1198419	
42437	1198421	
42437	1198423	
42437	1198425	
42437	1198427	
42437	1198429	
42437	1198431	
42437	1198434	
42437	1198436	
42437	1198438	
42437	1198440	
42437	1198442	
42437	1198444	
42437	1198446	
42437	1198448	
42437	1198450	
42437	1198451	
42437	1198453	
42437	1198455	
42437	1198457	
42437	1198459	
42437	1198461	
42437	1198463	
42437	1198466	
42437	1198468	
42437	1198469	
42437	1198471	
42437	1198474	
42437	1198475	
42437	1198478	
42437	1198480	
42437	1198482	
42437	1198485	
42437	1198487	
42437	1198489	
42437	1198491	
42437	1198493	
42437	1198495	
42437	1198497	
42437	1198499	
42437	1198501	
42437	1198503	
42437	1198505	
42437	1198507	
42437	1198509	
42437	1198511	
42437	1198513	
42437	1198515	
42437	1198516	
42437	1198518	
42437	1198520	
42437	1198522	
42437	1198524	
42437	1198526	
42437	1198528	
42437	1198530	
42437	1198532	
42437	1198535	
42437	1198537	
42437	1198539	
42437	1198541	
42437	1198543	
42437	1198545	
42437	1198547	
42437	1198549	
42437	1198551	
42437	1198553	
42437	1198555	
42437	1198556	
42437	1198557	
42437	1198558	
42437	1198559	
42437	1198560	
42437	1198561	
42437	1198562	
42437	1198563	
42437	1198564	
42437	1198565	
42437	1198566	
42437	1198567	
42437	1198568	
42437	1198569	
42437	1198570	
42437	1198571	
42437	1198572	
42437	1198573	
42437	1198574	
42437	1198575	
42437	1198576	
42437	1198577	
42437	1198578	
42437	1198579	
42437	1198580	
42437	1198581	
42437	1198582	
42437	1198583	
42437	1198584	
42437	1198585	
42437	1198586	
42437	1198587	
42437	1198588	
42437	1198589	
42437	1198590	
42437	1198591	
42437	1198592	
42437	1198593	
42437	1198594	
42437	1198595	
42437	1198596	
42437	1198597	
42437	1198598	
42437	1198599	
42437	1198600	
42437	1198601	
42437	1198602	
42437	1198603	
42437	1198604	
42437	1198605	
42437	1198606	
42437	1198607	
42437	1198608	
42437	1198609	
42437	1198610	
42437	1198611	
42437	1198612	
42437	1198613	
42437	1198614	
42437	1198615	
42437	1198616	
42437	1198617	
42437	1198618	
42437	1198619	
42437	1198620	
42437	1198621	
42437	1198622	
42437	1198623	
42437	1198624	
42437	1198625	
42437	1198626	
42437	1198627	
42437	1198628	
42437	1198629	
42437	1198630	
42437	1198631	
42437	1198632	
42437	1198633	
42437	1198634	
42437	1198635	
42437	1198636	
42437	1198637	
42437	1198638	
42437	1198639	
42437	1198640	
42437	1198641	
42437	1198642	
42437	1198643	
42437	1198644	
42437	1198645	
42437	1198646	
42437	1198647	
42437	1198648	
42437	1198649	
42437	1198650	
42437	1198651	
42437	1198652	
42437	1198653	
42437	1198654	
42437	1198655	
42437	1198656	
42437	1198657	
42437	1198658	
42437	1198659	
42437	1198660	
42437	1198661	
42437	1198662	
42437	1198663	
42437	1198664	
42437	1198665	
42437	1198666	
42437	1198667	
42437	1198668	
42437	1198669	
42437	1198670	
42437	1198671	
42437	1198672	
42437	1198673	
42437	1198674	
42437	1198675	
42437	1198676	
42437	1198677	
42437	1198678	
42437	1198679	
42437	1198680	
42437	1198681	
42437	1198682	
42437	1198683	
42437	1198684	
42437	1198685	
42437	1198686	
42437	1198687	
42437	1198688	
42437	1198689	
42437	1198690	
42437	1198691	
42437	1198692	
42437	1198693	
42437	1198694	
42437	1198695	
42437	1198696	
42437	1198697	
42437	1198698	
42437	1198699	
42437	1198700	
42437	1198701	
42437	1198702	
42437	1198703	
42437	1198704	
42437	1198705	
42437	1198706	
42437	1198707	
42437	1198708	
42437	1198709	
42437	1198710	
42437	1198711	
42437	1198712	
42437	1198713	
42437	1198714	
42437	1198715	
42437	1198716	
42437	1198717	
42437	1198718	
42437	1198719	
42437	1198720	
42437	1198721	
42437	1198722	
42437	1198723	
42437	1198724	
42437	1198725	
42437	1198726	
42437	1198727	
42437	1198728	
42437	1198729	
42437	1198730	
42437	1198731	
42437	1198732	
42437	1198733	
42437	1198734	
42437	1198735	
42437	1198736	
42437	1198737	
42437	1198738	
42437	1198739	
42437	1198740	
42437	1198741	
42437	1198742	
42437	1198743	
42437	1198744	
42437	1198745	
42437	1198746	
42437	1198747	
42437	1198748	
42437	1198749	
42437	1198750	
42437	1198751	
42437	1198752	
42437	1198753	
42437	1198754	
42437	1198755	
42437	1198756	
42437	1198757	
42437	1198758	
42437	1198759	
42437	1198760	
42437	1198761	
42437	1198762	
42437	1198763	
42437	1198764	
42437	1198765	
42437	1198766	
42437	1198767	
42437	1198768	
42437	1198769	
42437	1198770	
42437	1198771	
42437	1198772	
42437	1198773	
42437	1198774	
42437	1198775	
42437	1198776	
42437	1198777	
42437	1198778	
42437	1198779	
42437	1198780	
42437	1198781	
42437	1198782	
42437	1198783	
42437	1198784	
42437	1198785	
42437	1198786	
42437	1198787	
42437	1198788	
42437	1198789	
42437	1198790	
42437	1198791	
42437	1198792	
42437	1198793	
42437	1198794	
42437	1198795	
42437	1198796	
42437	1198797	
42437	1198798	
42437	1198799	
42437	1198800	
42437	1198801	
42437	1198802	
42437	1198803	
42437	1198804	
42437	1198805	
42437	1198806	
42437	1198807	
42437	1198808	
42437	1198809	
42437	1198810	
42437	1198811	
42437	1198812	
42437	1198813	
42437	1198814	
42437	1198815	
42437	1198816	
42437	1198817	
42437	1198818	
42437	1198819	
42437	1198820	
42437	1198821	
42437	1198822	
42437	1198823	
42437	1198824	
42437	1198825	
42437	1198826	
42437	1198827	
42437	1198828	
42437	1198829	
42437	1198830	
42437	1198831	
42437	1198832	
42437	1198833	
42437	1198834	
42437	1198835	
42437	1198836	
42437	1198837	
42437	1198838	
42437	1198839	
42437	1198840	
42437	1198841	
42437	1198842	
42437	1198843	
42437	1198844	
42437	1198845	
42437	1198846	
42437	1198847	
42437	1198848	
42437	1198849	
42437	1198850	
42437	1198851	
42437	1198852	
42437	1198853	
42437	1198854	
42437	1198855	
42437	1198856	
42437	1198857	
42437	1198858	
42437	1198859	
42437	1198860	
42437	1198861	
42437	1198862	
42437	1198863	
42437	1198864	
42437	1198865	
42437	1198866	
42437	1198867	
42437	1198868	
42437	1198869	
42437	1198870	
42437	1198871	
42437	1198872	
42437	1198873	
42437	1198874	
42437	1198875	
42437	1198876	
42437	1198877	
42437	1198878	
42437	1198879	
42437	1198880	
42437	1198881	
42437	1198882	
42437	1198883	
42437	1198884	
42437	1198885	
42437	1198886	
42437	1198887	
42437	1198888	
42437	1198889	
42437	1198890	
42437	1198891	
42437	1198892	
42437	1198893	
42437	1198894	
42437	1198895	
42437	1198896	
42437	1198897	
42437	1198898	
42437	1198899	
42437	1198900	
42437	1198901	
42437	1198902	
42437	1198903	
42437	1198904	
42437	1198905	
42437	1198906	
42437	1198907	
42437	1198908	
42437	1198909	
42437	1198910	
42437	1198911	
42437	1198912	
42437	1198913	
42437	1198914	
42437	1198915	
42437	1198916	
42437	1198917	
42437	1198918	
42437	1198919	
42437	1198920	
42437	1198921	
42437	1198922	
42437	1198923	
42437	1198924	
42437	1198925	
42437	1198926	
42437	1198927	
42437	1198928	
42437	1198929	
42437	1198930	
42437	1198931	
42437	1198932	
42437	1198933	
42437	1198934	
42437	1198935	
42437	1198936	
42437	1198937	
42437	1198938	
42437	1198939	
42437	1198940	
42437	1198941	
42437	1198942	
42437	1198943	
42437	1198944	
42437	1198945	
42437	1198946	
42437	1198947	
42437	1198948	
42437	1198949	
42437	1198950	
42437	1198951	
42437	1198952	
42437	1198953	
42437	1198954	
42437	1198955	
42437	1198956	
42437	1198957	
42437	1198958	
42437	1198959	
42437	1198960	
42437	1198961	
42437	1198962	
42437	1198963	
42437	1198964	
42437	1198965	
42437	1198966	
42437	1198967	
42437	1198968	
42437	1198969	
42437	1198970	
42437	1198971	
42437	1198972	
42437	1198973	
42437	1198975	
42437	1198977	
42437	1198979	
42437	1198981	
42437	1198983	
42437	1198985	
42437	1198987	
42437	1198989	
42437	1198991	
42437	1198993	
42437	1198995	
42437	1198997	
42437	1198999	
42437	1199002	
42437	1199004	
42437	1199007	
42437	1199009	
42437	1199011	
42437	1199013	
42437	1199015	
42437	1199017	
42437	1199019	
42437	1199021	
42437	1199023	
42437	1199026	
42437	1199028	
42437	1199030	
42437	1199032	
42437	1199034	
42437	1199035	
42437	1199038	
42437	1199040	
42437	1199042	
42437	1199043	
42437	1199045	
42437	1199049	
42437	1199052	
42437	1199054	
42437	1199056	
42437	1199058	
42437	1199061	
42437	1199063	
42437	1199064	
42437	1199066	
42437	1199068	
42437	1199070	
42437	1199072	
42437	1199074	
42437	1199076	
42437	1199078	
42437	1199080	
42437	1199082	
42437	1199084	
42437	1199086	
42437	1199088	
42437	1199090	
42437	1199093	
42437	1199095	
42437	1199098	
42437	1199100	
42437	1199102	
42437	1199104	
42437	1199106	
42437	1199109	
42437	1199110	
42437	1199112	
42437	1199115	
42437	1199117	
42437	1199119	
42437	1199120	
42437	1199122	
42437	1199125	
42437	1199127	
42437	1199129	
42437	1199131	
42437	1199134	
42437	1199136	
42437	1199137	
42437	1199140	
42437	1199141	
42437	1199144	
42437	1199146	
42437	1199148	
42437	1199150	
42437	1199151	
42437	1199153	
42437	1199154	
42437	1199156	
42437	1199158	
42437	1199159	
42437	1199161	
42437	1199163	
42437	1199165	
42437	1199166	
42437	1199168	
42437	1199170	
42437	1199172	
42437	1199174	
42437	1199176	
42437	1199178	
42437	1199179	
42437	1199181	
42437	1199183	
42437	1199186	
42437	1199188	
42437	1199190	
42437	1199192	
42437	1199195	
42437	1199196	
42437	1199198	
42437	1199200	
42437	1199202	
42437	1199204	
42437	1199206	
42437	1199208	
42437	1199210	
42437	1199212	
42437	1199215	
42437	1199217	
42437	1199219	
42437	1199221	
42437	1199223	
42437	1199225	
42437	1199228	
42437	1199230	
42437	1199232	
42437	1199234	
42437	1199237	
42437	1199239	
42437	1199241	
42437	1199243	
42437	1199244	
42437	1199246	
42437	1199249	
42437	1199251	
42437	1199253	
42437	1199254	
42437	1199256	
42437	1199258	
42437	1199260	
42437	1199261	
42437	1199263	
42437	1199265	
42437	1199268	
42437	1199270	
42437	1199273	
42437	1199277	
42437	1199280	
42437	1199283	
42437	1199288	
42437	1199291	
42437	1199294	
42437	1199299	
42437	1199302	
42437	1199304	
42437	1199307	
42437	1199310	
42437	1199313	
42437	1199315	
42437	1199318	
42437	1199321	
42437	1199324	
42437	1199326	
42437	1199329	
42437	1199333	
42437	1199336	
42437	1199338	
42437	1199343	
42437	1199345	
42437	1199349	
42437	1199351	
42437	1199355	
42437	1199359	
42437	1199362	
42437	1199365	
42437	1199368	
42437	1199370	
42437	1199374	
42437	1199377	
42437	1199379	
42437	1199382	
42437	1199385	
42437	1199387	
42437	1199391	
42437	1199394	
42437	1199397	
42437	1199399	
42437	1199401	
42437	1199404	
42437	1199407	
42437	1199410	
42437	1199413	
42437	1199416	
42437	1199419	
42437	1199421	
42437	1199424	
42437	1199427	
42437	1199430	
42437	1199432	
42437	1199436	
42437	1199439	
42437	1199442	
42437	1199445	
42437	1199447	
42437	1199450	
42437	1199453	
42437	1199457	
42437	1199459	
42437	1199462	
42437	1199465	
42437	1199468	
42437	1199471	
42437	1199473	
42437	1199478	
42437	1199483	
42437	1199484	
42437	1199487	
42437	1199489	
42437	1199492	
42437	1199495	
42437	1199497	
42437	1199502	
42437	1199505	
42437	1199508	
42437	1199513	
42437	1199515	
42437	1199518	
42437	1199521	
42437	1199524	
42437	1199527	
42437	1199530	
42437	1199532	
42437	1199534	
42437	1199538	
42437	1199541	
42437	1199543	
42437	1199546	
42437	1199549	
42437	1199552	
42437	1199555	
42437	1199558	
42437	1199561	
42437	1199564	
42437	1199569	
42437	1199572	
42437	1199574	
42437	1199577	
42437	1199580	
42437	1199583	
42437	1199586	
42437	1199588	
42437	1199591	
42437	1199594	
42437	1199596	
42437	1199599	
42437	1199602	
42437	1199605	
42437	1199607	
42437	1199610	
42437	1199613	
42437	1199616	
42437	1199619	
42437	1199622	
42437	1199626	
42437	1199629	
42437	1199632	
42437	1199635	
42437	1199640	
42437	1199643	
42437	1199647	
42437	1199649	
42437	1199652	
42437	1199655	
42437	1199658	
42437	1199659	
42437	1199663	
42437	1199665	
42437	1199667	
42437	1199670	
42437	1199672	
42437	1199675	
42437	1199677	
42437	1199680	
42437	1199683	
42437	1199685	
42437	1199688	
42437	1199692	
42437	1199694	
42437	1199698	
42437	1199701	
42437	1199702	
42437	1199705	
42437	1199708	
42437	1199711	
42437	1199714	
42437	1199717	
42437	1199720	
42437	1199723	
42437	1199726	
42437	1199729	
42437	1199733	
42437	1199737	
42437	1199740	
42437	1199743	
42437	1199745	
42437	1199748	
42437	1199751	
42437	1199754	
42437	1199756	
42437	1199759	
42437	1199763	
42437	1199766	
42437	1199769	
42437	1199771	
42437	1199773	
42437	1199777	
42437	1199779	
42437	1199782	
42437	1199785	
42437	1199788	
42437	1199791	
42437	1199794	
42437	1199797	
42437	1199800	
42437	1199803	
42437	1199806	
42437	1199809	
42437	1199812	
42437	1199815	
42437	1199818	
42437	1199820	
42437	1199823	
42437	1199825	
42437	1199827	
42437	1199830	
42437	1199833	
42437	1199835	
42437	1199838	
42437	1199841	
42437	1199844	
42437	1199846	
42437	1199849	
42437	1199852	
42437	1199855	
42437	1199857	
42437	1199861	
42437	1199864	
42437	1199869	
42437	1199872	
42437	1199875	
42437	1199877	
42437	1199880	
42437	1199884	
42437	1199887	
42437	1199889	
42437	1199892	
42437	1199895	
42437	1199898	
42437	1199901	
42437	1199903	
42437	1199906	
42437	1199909	
42437	1199912	
42437	1199915	
42437	1199918	
42437	1199921	
42437	1199924	
42437	1199926	
42437	1199929	
42437	1199932	
42437	1199935	
42437	1199938	
42437	1199941	
42437	1199944	
42437	1199946	
42437	1199949	
42437	1199952	
42437	1199955	
42437	1199958	
42437	1199961	
42437	1199964	
42437	1199966	
42437	1199969	
42437	1199971	
42437	1199974	
42437	1199976	
42437	1199979	
42437	1199981	
42437	1199983	
42437	1199986	
42437	1199988	
42437	1199991	
42437	1199994	
42437	1199996	
42437	1199999	
42437	1200001	
42437	1200006	
42437	1200009	
42437	1200012	
42437	1200014	
42437	1200018	
42437	1200021	
42437	1200023	
42437	1200026	
42437	1200028	
42437	1200030	
42437	1200033	
42437	1200036	
42437	1200039	
42437	1200042	
42437	1200045	
42437	1200047	
42437	1200050	
42437	1200053	
42437	1200056	
42437	1200059	
42437	1200062	
42437	1200065	
42437	1200067	
42437	1200070	
42437	1200073	
42437	1200077	
42437	1200080	
42437	1200083	
42437	1200086	
42437	1200089	
42437	1200090	
42437	1200093	
42437	1200096	
42437	1200100	
42437	1200103	
42437	1200105	
42437	1200108	
42437	1200111	
42437	1200114	
42437	1200116	
42437	1200121	
42437	1200124	
42437	1200129	
42437	1200132	
42437	1200134	
42437	1200137	
42437	1200140	
42437	1200143	
42437	1200145	
42437	1200147	
42437	1200150	
42437	1200153	
42437	1200156	
42437	1200159	
42437	1200162	
42437	1200165	
42437	1200168	
42437	1200170	
42437	1200171	
42437	1200174	
