474	196	1	795	713	868	271	198	321	844	334	160	922	975	636	533	974	898	197	
720	99	2	522	246	875	555	102	19	785	821	
3	374	575	117	189	45	
866	352	470	571	467	4	100	
811	904	930	162	925	5	580	932	202	664	986	715	903	546	801	569	817	884	
866	96	131	716	6	606	675	704	546	831	
300	994	797	7	187	241	702	546	880	991	703	
140	8	12	125	
593	240	126	9	16	641	500	
85	230	646	55	72	501	576	659	549	776	479	941	287	139	448	10	
262	11	274	866	623	687	617	637	93	991	610	42	
447	13	222	714	432	433	632	815	577	
14	811	326	866	50	650	616	68	80	46	155	627	928	942	43	
190	816	138	110	34	404	756	830	551	15	629	
319	672	17	53	737	275	158	460	
527	814	300	489	55	751	899	940	513	620	861	372	385	854	992	18	841	924	554	197	
547	948	753	647	20	752	488	955	367	936	660	959	671	629	567	
938	393	36	634	774	541	874	658	413	673	700	840	525	422	21	732	882	
471	22	564	211	772	328	845	791	810	998	581	755	286	793	947	870	369	629	
550	744	657	905	417	788	860	910	777	718	645	652	977	23	661	
24	257	602	994	133	395	
25	401	539	897	402	602	559	264	815	836	202	933	287	644	188	643	
918	696	846	79	26	815	917	392	40	982	830	335	879	182	133	275	528	943	
431	27	560	847	219	706	133	759	651	760	
699	123	300	439	839	299	498	916	28	872	823	164	35	
29	89	359	134	75	202	830	
815	785	269	30	
471	31	325	236	379	
811	725	485	107	741	931	635	310	32	908	297	415	461	802	990	
115	268	220	33	
37	136	668	852	968	966	565	406	864	837	202	350	981	292	380	708	
938	883	677	172	900	693	531	786	186	339	921	38	964	653	902	104	351	
594	988	84	503	39	168	306	600	
419	970	163	951	162	520	565	983	41	769	119	396	923	957	311	990	991	801	49	
471	473	44	481	248	
61	341	201	602	47	387	384	
355	536	670	941	259	48	598	
353	507	546	478	118	642	51	
814	52	601	295	528	629	
341	54	312	570	868	106	997	293	522	761	896	770	765	999	133	159	629	
527	891	55	386	767	58	952	465	425	680	963	615	67	870	717	309	
811	64	646	55	830	192	537	
55	180	71	475	267	
613	162	62	101	56	835	318	976	818	946	738	794	315	296	276	
251	744	553	300	560	565	57	459	807	726	690	524	472	
572	788	828	865	757	103	344	59	279	524	
938	876	694	937	541	181	223	815	540	215	81	822	596	60	
665	895	190	646	63	819	513	385	781	678	356	785	524	621	
684	705	509	363	69	463	698	757	604	65	383	455	385	971	261	347	
745	287	190	352	364	780	733	860	66	273	978	357	545	958	483	173	92	909	324	566	
352	443	757	208	340	70	275	
458	609	190	73	480	78	
74	587	177	453	450	730	671	204	
667	663	510	785	437	521	76	
471	638	298	77	784	860	654	291	459	862	255	712	954	133	82	740	591	885	
277	128	83	116	
285	234	809	994	582	86	247	317	87	530	869	
287	792	901	541	622	121	618	418	586	990	991	88	492	209	
608	90	674	328	889	94	805	914	941	824	258	515	735	
91	527	289	175	358	511	
341	671	682	757	132	779	806	304	721	95	785	934	446	127	727	421	282	456	
477	798	783	97	111	328	843	863	284	775	193	710	
689	950	98	457	560	782	394	149	110	548	849	826	528	329	
103	154	122	280	
744	754	527	522	762	103	469	229	400	378	
814	426	103	420	206	801	
249	995	142	646	328	788	411	972	103	513	648	834	985	614	199	848	197	
105	228	226	561	275	294	
419	799	969	352	519	860	108	231	195	266	452	459	429	493	750	956	183	742	
341	739	265	789	695	260	403	385	640	109	543	
973	988	556	135	787	868	171	110	941	584	221	459	691	707	336	409	639	719	
322	744	649	300	856	565	532	110	263	368	746	888	
894	996	120	328	731	686	768	842	110	868	217	605	926	185	801	197	
542	560	112	656	633	165	681	878	790	152	890	129	
113	734	491	416	327	919	812	832	256	244	962	915	166	502	666	
744	352	724	860	870	366	522	114	697	701	338	441	301	557	
370	207	345	124	506	389	
419	316	427	589	801	529	130	
137	361	728	434	729	302	766	156	
938	388	466	722	838	399	237	960	867	953	141	935	308	424	
578	218	390	405	585	143	
346	988	476	412	144	216	
592	307	748	597	804	360	757	825	145	
278	408	250	320	146	
419	967	646	994	565	859	808	886	679	147	833	459	275	323	
148	504	626	579	438	283	407	
866	190	877	796	150	375	747	513	858	518	505	449	365	
562	630	980	423	871	151	868	574	495	588	272	857	944	892	870	558	
435	523	611	153	513	803	763	736	330	
811	157	238	239	161	
544	162	595	354	941	348	494	287	514	855	
535	410	162	205	669	583	444	
178	167	527	464	331	788	820	538	685	1000	203	850	853	920	989	349	462	243	711	362	
341	800	827	988	333	771	994	343	313	655	440	907	851	993	512	397	436	169	912	
305	212	191	170	662	508	490	
225	563	939	814	671	979	906	929	174	965	911	454	961	227	385	528	
534	590	484	176	526	235	
758	398	202	749	179	773	991	709	
692	602	541	184	683	546	624	197	
471	814	541	813	342	288	829	194	625	
988	607	788	560	599	517	270	603	628	200	314	
949	984	945	893	913	232	987	631	224	210	612	873	764	487	927	881	619	
391	522	371	723	213	332	688	887	497	778	214	671	
938	524	990	233	
242	290	516	376	337	381	870	
254	568	496	245	990	373	
252	468	382	445	377	
573	676	486	499	743	253	552	830	
528	482	281	414	303	
419	602	451	430	442	428	524	
