417	1	630	253	574	722	856	352	633	512	8	
629	824	430	270	375	896	799	876	475	902	293	975	939	501	535	815	126	847	548	772	146	214	176	226	50	44	834	289	626	995	485	474	813	148	536	366	914	306	893	117	165	193	958	88	963	89	538	9	308	259	341	652	223	495	904	15	28	830	2	276	756	622	425	614	833	269	817	745	524	892	720	445	782	345	141	132	29	136	544	778	279	842	411	735	590	315	688	317	879	945	121	170	549	23	286	326	741	880	489	942	190	953	150	354	496	711	858	615	662	220	864	5	149	882	719	296	952	138	57	917	640	110	742	725	936	157	275	764	913	487	231	281	798	79	95	877	83	101	761	552	551	241	202	696	807	234	139	822	434	243	885	90	531	291	320	636	537	796	827	414	213	946	393	400	76	426	446	235	863	228	368	376	40	439	716	941	413	888	776	330	916	204	183	476	603	1000	809	329	457	701	
252	361	658	896	349	450	389	628	909	324	55	125	419	660	465	423	899	800	474	783	404	657	78	256	908	759	578	348	509	61	997	387	431	672	191	25	363	4	625	973	667	31	62	604	514	786	905	11	301	43	428	678	751	752	477	732	104	239	571	526	988	103	839	283	835	697	454	554	82	347	96	979	66	547	631	837	377	217	938	575	273	564	3	545	502	681	639	511	436	710	891	598	816	616	275	120	48	135	299	506	79	532	618	797	836	197	659	179	395	470	773	987	949	518	257	444	895	181	787	579	780	131	446	124	600	647	583	508	373	378	820	788	916	204	723	127	240	401	925	265	802	
107	646	307	784	397	911	656	738	634	56	158	807	174	6	783	
646	70	471	147	319	391	794	18	215	339	504	74	928	977	108	342	26	874	297	508	890	490	818	172	123	605	7	731	835	449	702	
10	116	218	316	812	260	990	311	12	33	388	561	610	267	462	981	65	884	14	873	331	792	458	420	254	474	24	726	188	724	943	164	460	608	894	322	929	967	365	663	806	965	357	793	31	464	484	216	382	59	557	340	415	906	648	838	481	695	513	970	581	402	934	42	167	563	728	562	473	959	573	272	671	198	673	553	209	859	151	274	969	86	635	278	883	962	182	620	559	821	500	160	595	601	991	693	976	552	327	202	855	773	966	63	529	261	971	72	290	335	262	424	390	314	572	446	560	51	285	143	228	613	159	749	591	924	546	680	685	916	505	727	886	714	85	91	567	705	525	236	569	
280	576	73	584	369	860	980	582	364	118	166	921	757	663	737	391	898	684	621	703	606	694	386	570	931	69	39	194	94	405	19	438	766	67	986	427	746	577	644	353	467	99	820	153	13	440	713	119	814	985	482	64	791	92	819	303	555	515	835	831	
113	690	683	824	45	71	638	480	268	396	418	109	609	852	875	587	593	612	984	443	399	550	502	872	541	222	105	133	488	371	343	918	46	16	583	910	367	483	924	288	669	778	795	527	60	783	739	123	180	700	350	649	255	34	351	755	937	947	999	412	435	491	850	449	152	
139	907	249	860	27	207	531	972	503	803	663	437	866	895	31	145	332	709	588	699	242	277	41	968	267	58	960	230	790	583	927	205	632	717	408	439	195	616	374	200	551	229	38	870	533	123	175	447	17	452	409	592	134	
646	670	758	860	763	520	49	689	747	896	923	933	323	740	676	519	611	989	623	251	346	926	173	540	131	379	20	679	494	779	32	871	930	994	665	282	381	857	275	467	212	359	404	708	785	177	344	674	853	768	245	337	596	686	302	992	305	466	84	912	463	246	
469	21	516	668	820	336	
824	828	733	651	730	140	692	978	399	380	859	769	142	47	488	384	478	398	468	712	271	832	752	87	227	22	542	778	528	432	442	760	144	948	266	385	881	543	897	
754	900	752	753	130	616	607	248	30	247	202	161	372	
687	201	486	781	472	264	940	851	97	675	859	889	589	865	854	451	312	32	602	128	137	54	705	283	461	416	867	
523	677	951	627	93	168	848	750	263	507	232	267	643	75	765	922	704	743	111	585	734	771	558	974	586	328	915	295	810	950	244	383	777	194	294	698	114	184	642	956	237	406	599	775	707	650	954	534	944	479	459	283	829	68	565	801	298	250	356	993	98	502	112	274	653	156	498	52	840	580	35	983	321	532	868	154	826	410	996	221	552	510	403	208	773	998	360	641	808	499	805	391	522	185	399	421	637	666	115	53	169	228	210	32	508	862	439	568	924	287	957	964	1000	36	100	539	
129	122	394	448	37	
869	355	748	77	935	492	545	645	887	233	718	467	333	493	204	566	932	362	162	901	919	706	729	807	
404	211	79	453	682	789	955	178	545	654	774	841	762	844	225	845	903	736	551	334	
196	80	392	
370	238	139	258	429	655	456	594	664	849	497	661	313	318	102	843	861	895	961	617	804	274	878	194	131	203	441	982	920	744	770	219	81	455	811	517	619	358	192	199	449	556	
532	186	488	106	338	
292	155	521	597	624	
422	433	304	721	823	163	189	1000	691	531	825	206	846	
300	715	284	171	224	309	325	407	530	310	705	187	767	
