403	990	802	202	597	751	580	623	24	107	268	498	351	179	387	714	163	1	631	892	746	754	400	346	552	842	369	503	256	135	985	965	130	72	217	742	203	
27	949	718	913	37	59	105	2	558	734	573	673	708	707	167	927	396	19	686	47	608	622	826	438	285	610	330	257	528	174	34	52	301	352	688	
283	278	755	186	245	30	207	272	269	162	458	307	674	695	760	138	530	624	354	363	887	898	63	940	22	17	941	66	648	690	844	666	454	51	739	921	199	465	431	542	632	772	111	173	944	581	784	475	32	878	357	701	194	645	474	54	404	656	200	864	823	77	303	191	661	791	962	934	694	114	193	813	886	984	145	955	513	299	865	932	761	917	328	621	412	109	539	827	342	664	157	593	185	671	709	836	653	372	176	385	447	526	640	837	971	192	697	80	312	314	432	8	717	828	846	919	830	936	326	588	730	284	847	859	171	667	165	954	731	843	29	3	647	704	367	721	355	280	551	335	777	733	809	378	785	736	60	315	783	616	88	244	236	492	724	567	67	950	96	208	818	239	246	366	829	99	565	574	44	811	206	771	858	684	306	960	572	963	21	992	370	641	510	469	
416	238	732	999	365	371	720	874	625	243	798	553	569	82	776	848	630	473	477	223	144	548	504	4	53	
12	678	840	123	288	627	881	547	805	281	988	692	462	279	993	50	209	947	635	540	590	658	137	446	959	741	577	524	525	511	646	605	1000	309	448	866	118	983	5	544	566	128	422	
495	795	181	126	478	729	570	467	6	945	980	277	98	265	410	292	333	634	434	995	996	425	383	321	419	472	356	197	74	807	393	116	603	9	506	86	274	745	856	752	775	43	455	835	514	46	55	427	65	23	189	190	184	459	957	249	470	235	518	267	426	790	820	33	345	253	227	
974	334	591	95	20	672	7	201	924	521	576	550	973	484	443	450	140	685	655	758	57	903	35	216	14	349	531	681	998	654	609	517	389	507	612	933	487	83	155	665	852	129	669	397	224	255	16	428	857	311	
417	392	561	819	149	499	382	441	177	769	522	834	89	166	221	908	218	401	970	620	254	100	814	759	559	679	64	833	916	738	234	659	220	774	259	381	977	509	10	584	93	613	276	172	956	766	575	626	815	753	322	237	677	205	831	943	215	505	368	153	364	13	982	402	804	696	801	598	501	250	121	942	589	879	374	939	151	773	101	327	564	972	183	639	293	127	
452	78	849	240	338	726	806	914	651	592	270	601	928	45	90	81	555	882	158	803	961	273	377	390	439	435	500	911	11	968	508	719	660	
537	586	652	429	15	468	587	976	347	405	286	106	375	491	104	332	527	876	822	159	108	636	248	935	764	958	406	84	337	73	461	722	662	808	62	373	115	42	
25	444	76	810	816	204	781	94	408	282	693	657	79	119	698	607	18	895	187	765	727	901	997	147	728	668	839	838	141	851	56	433	340	75	486	
391	938	143	360	617	890	120	571	48	68	350	124	233	700	862	723	725	494	889	604	313	713	602	538	600	929	275	951	49	409	376	180	394	757	252	599	909	324	289	964	749	705	353	900	787	131	893	824	380	302	793	763	902	298	897	28	423	178	290	918	702	31	85	529	894	546	930	479	445	260	748	905	532	520	146	379	456	796	316	263	154	196	490	536	175	812	242	26	689	986	
424	953	142	440	937	230	762	703	867	768	906	325	466	91	258	797	782	170	619	496	554	841	926	910	36	161	825	
687	483	418	297	453	861	516	211	344	920	295	323	643	266	680	61	737	329	262	563	386	457	214	615	868	614	308	515	395	122	706	533	97	770	415	682	650	946	699	304	358	966	480	310	872	113	485	716	981	786	991	229	463	219	482	710	210	336	117	683	388	519	294	854	915	792	883	789	198	670	799	638	891	821	549	231	978	152	779	133	560	873	712	969	421	904	38	744	871	743	817	711	853	
788	899	747	880	845	39	156	414	442	594	888	967	912	71	676	112	750	869	398	420	476	778	925	287	582	633	320	629	343	877	451	896	585	481	979	341	241	767	863	832	164	87	618	628	132	649	436	922	296	611	300	
471	931	407	226	583	578	222	875	92	348	40	70	399	512	557	568	110	493	860	780	579	212	464	134	264	449	160	850	69	543	489	596	102	800	437	488	251	884	989	535	642	644	675	907	182	213	125	430	523	168	169	331	359	228	384	291	271	
318	361	595	756	411	195	885	362	545	534	606	136	497	691	855	460	994	150	139	247	637	987	225	715	870	339	103	502	41	261	948	562	188	663	58	556	975	148	735	232	952	541	319	413	305	794	317	740	923	
