55838	1246856	
42573	1246856	
42987	1246856	
183664	1246856	
195648	1246856	
350387	1246856	
359322	1246856	
889775	1246856	
889814	1246856	
890128	1246856	
890205	1246856	
890355	1246856	
890427	1246856	
992637	1246856	
1014539	1246856	
1000093	1246856	
991726	1246856	
1097400	1246856	
1124463	1246856	
1060610	1246856	
1050467	1246856	
1020297	1246856	
1074629	1246856	
1084989	1246856	
1105556	1246856	
1226573	1246856	
1226804	1246856	
1212887	1246856	
1214975	1246856	
1160936	1246856	
1223095	1246856	
1164976	1246856	
1235703	1246856	
1246856	1250144	
1246856	1259928	
1246856	1271570	
1246856	1280637	
1246856	1312541	
1246856	1342598	
1246856	1345440	
1246856	1353163	
1246856	1375702	
1246856	1379749	
1246856	1390383	
1246856	1394375	
1246856	1397026	
1246856	1406646	
1246856	1418159	
1246856	1433858	
1246856	1444526	
1246856	1457237	
1246856	1468414	
1246856	1485001	
1246856	1489814	
1246856	1525259	
1246856	1586689	
1246856	1630387	
1246856	1633264	
1246856	1653003	
1246856	1660687	
1246856	1679063	
1246856	1683634	
1246856	1690083	
1246856	1705119	
1246856	1705143	
1246856	1789564	
1246856	1807830	
1246856	1837699	
1246856	1875981	
1246856	1875986	
1246856	1876088	
1246856	1876150	
1246856	1876552	
1246856	1876605	
1246856	1876819	
1246856	1963740	
1246856	1987626	
1246856	2068589	
1246856	2068835	
1246856	2071656	
1246856	2075785	
1246856	2078699	
1246856	2078742	
1246856	2081598	
1246856	2081646	
1246856	2081965	
1246856	2082008	
1246856	2084654	
1246856	2088523	
1246856	2088548	
1246856	2088559	
1246856	2088561	
1246856	2088576	
1246856	2088604	
1246856	2088968	
1246856	2092852	
1246856	2092906	
1246856	2092964	
1246856	2092992	
1246856	2093060	
1246856	2093123	
1246856	2093203	
1246856	2093815	
1246856	2096746	
1246856	2096784	
1246856	2097639	
1246856	2099184	
1246856	2099230	
1246856	2099361	
1246856	2099784	
1246856	2101555	
1246856	2102201	
1246856	2102436	
1246856	2102580	
1246856	2108712	
1246856	2108894	
1246856	2110324	
1246856	2110351	
1246856	2111275	
1246856	2111370	
1246856	2112273	
1246856	2114556	
1246856	2114597	
1246856	2114677	
1246856	2114717	
1246856	2114724	
1246856	2115010	
1246856	2117292	
1246856	2117305	
1246856	2117404	
1246856	2117418	
1246856	2120097	
1246856	2121433	
1246856	2126429	
1246856	2126442	
1246856	2126449	
1246856	2128006	
1246856	2130451	
1246856	2137324	
1246856	2140430	
1246856	2140490	
1246856	2147605	
1246856	2262740	
1246856	2353216	
1246856	2689300	
1246856	2712163	
4857	195648	
3208	183664	
3482	195648	
691	55838	
692	42573	
692	42987	
700	42987	
8123	350387	
8123	359322	
8195	350387	
11082	195648	
11101	42987	
26778	350387	
47542	350387	
30635	350387	
34598	889775	
34598	889814	
34598	890128	
34598	890205	
34598	890355	
34598	890427	
48200	1987626	
42610	195648	
42610	992637	
42610	1097400	
46272	1226804	
46275	183664	
46277	350387	
46278	350387	
46297	183664	
46298	350387	
46331	350387	
46361	350387	
46392	195648	
46425	195648	
46429	195648	
46432	1390383	
46453	1963740	
44873	350387	
40940	183664	
42713	1259928	
43031	991726	
43031	992637	
43031	1105556	
43031	1226573	
43031	1259928	
43031	1485001	
43296	195648	
43296	359322	
43296	1342598	
55659	195648	
55678	195648	
55682	195648	
55703	2120097	
55704	1433858	
55704	1705119	
55709	1433858	
55709	1875981	
55709	2110351	
55714	1875981	
55716	2102201	
55717	1390383	
55718	55838	
55718	359322	
55718	1050467	
55718	1160936	
55718	1394375	
55718	1433858	
55718	1705119	
55718	1705143	
55718	1876819	
55718	2071656	
55718	2126449	
55718	2130451	
55726	1160936	
55726	1394375	
55726	1705119	
55726	2071656	
55728	889814	
55728	890128	
55728	890205	
55728	1705119	
55728	1875981	
55728	1876819	
55733	2068589	
55733	2068835	
55736	2088968	
55741	890128	
55741	1394375	
55741	1433858	
55741	1457237	
55741	1705119	
55741	2071656	
55741	2088523	
55741	2088548	
55741	2088559	
55741	2088561	
55741	2088576	
55741	2088604	
55745	1705119	
55745	1875981	
55745	2071656	
55746	55838	
55746	1433858	
55752	1705119	
55755	889775	
55755	890128	
55755	1394375	
55755	1433858	
55755	1705119	
55755	1705143	
55755	1876552	
55755	1876819	
55755	2093815	
55756	889814	
55756	890128	
55756	1212887	
55756	1223095	
55756	1433858	
55756	1705119	
55756	1876819	
55756	2078699	
55756	2081646	
55756	2110351	
55758	195648	
55758	890355	
55758	1223095	
55758	1394375	
55758	1705119	
55758	1876088	
55758	1963740	
55758	2071656	
55758	2078699	
55758	2078742	
55765	195648	
55766	195648	
55766	2084654	
55768	195648	
55773	1433858	
55773	1876819	
55776	2068589	
55777	1875981	
55786	1160936	
55786	1875981	
55787	1485001	
55787	2068589	
55787	2081965	
55787	2097639	
55789	889775	
55789	889814	
55789	1160936	
55789	1586689	
55789	2137324	
55793	1097400	
55794	195648	
55796	890128	
55796	1223095	
55796	2082008	
55796	2088523	
55797	1433858	
55797	1875981	
55797	1876819	
55798	1223095	
55798	1394375	
55798	1705119	
55798	1875981	
55798	2093815	
55799	55838	
55799	359322	
55799	890128	
55799	1050467	
55799	1223095	
55799	1705119	
55799	1875981	
55799	1876819	
55799	2082008	
55800	890128	
55800	1394375	
55800	1433858	
55800	1705119	
55800	2071656	
55800	2075785	
55801	890128	
55801	1223095	
55801	1433858	
55801	1679063	
55801	1705119	
55801	1875981	
55801	1876819	
55801	2071656	
55801	2101555	
55802	890128	
55802	1394375	
55802	1433858	
55802	1705119	
55802	1875981	
55802	1876819	
55804	890128	
55804	1394375	
55804	1705119	
55804	2126449	
55804	2147605	
55807	890128	
55807	1705119	
55807	2071656	
55808	55838	
55808	1679063	
55808	1876819	
55811	195648	
55822	890128	
55822	1394375	
55822	1705119	
55822	1705143	
55822	1875981	
55822	1875986	
55822	1876819	
55822	2093815	
55822	2110351	
55824	890128	
55824	1223095	
55824	2082008	
55824	2099361	
55826	195648	
55826	359322	
55826	889775	
55826	889814	
55826	890128	
55826	1050467	
55826	1212887	
55826	1223095	
55826	1394375	
55826	1433858	
55826	1705119	
55826	1705143	
55826	1875981	
55826	1875986	
55826	1876819	
55826	1963740	
55826	2081598	
55826	2081646	
55826	2081965	
55826	2082008	
55827	890128	
55827	1705119	
55829	1394375	
55829	1705119	
55829	2108712	
55831	890128	
55831	1050467	
55831	1160936	
55831	1164976	
55831	1212887	
55831	1223095	
55831	1312541	
55831	1394375	
55831	1433858	
55831	1705119	
55831	1705143	
55831	1876150	
55831	1876819	
55831	2071656	
55831	2092852	
55831	2092906	
55831	2092964	
55831	2092992	
55831	2093060	
55831	2093123	
55831	2093203	
55834	55838	
55834	1160936	
55834	1394375	
55834	1705119	
55834	1705143	
55834	1876819	
55834	2071656	
55834	2092906	
55834	2093815	
55834	2126449	
55834	2147605	
55838	55913	
55838	55951	
55838	229992	
55838	249436	
55838	355648	
55838	357624	
55838	357805	
55838	358012	
55838	363644	
55838	367287	
55838	464078	
55838	464867	
55838	467209	
55838	468778	
55838	471546	
55838	473801	
55838	476336	
55838	480680	
55838	497123	
55838	668317	
55838	668441	
55838	889794	
55838	890268	
55838	931958	
55838	970530	
55838	970766	
55838	992545	
55838	993057	
55838	1008666	
55838	1008901	
55838	1009016	
55838	1009099	
55838	1009116	
55838	1009853	
55838	1009979	
55838	1024656	
55838	1029482	
55838	1030081	
55838	1033146	
55838	1035083	
55838	1050613	
55838	1052589	
55838	1060106	
55838	1061312	
55838	1071442	
55838	1073420	
55838	1077531	
55838	1083134	
55838	1083387	
55838	1088734	
55838	1091972	
55838	1104265	
55838	1109711	
55838	1135760	
55838	1141606	
55838	1145158	
55838	1156834	
55838	1162994	
55838	1168367	
55838	1174032	
55838	1181019	
55838	1186742	
55838	1187902	
55838	1188027	
55838	1190589	
55838	1191399	
55838	1212060	
55838	1214145	
55838	1215058	
55838	1215428	
55838	1217433	
55838	1218756	
55838	1229277	
55838	1245603	
55838	1278371	
55838	1295840	
55838	1297041	
55838	1308149	
55838	1318781	
55838	1320096	
55838	1336894	
55838	1337255	
55838	1343592	
55838	1350306	
55838	1360264	
55838	1383751	
55838	1383967	
55838	1394375	
55838	1415684	
55838	1446084	
55838	1446704	
55838	1449556	
55838	1452516	
55838	1467514	
55838	1478042	
55838	1479083	
55838	1483626	
55838	1490211	
55838	1507129	
55838	1520544	
55838	1526202	
55838	1526277	
55838	1529353	
55838	1540898	
55838	1561247	
55838	1612211	
55838	1622209	
55838	1630591	
55838	1632893	
55838	1652366	
55838	1664025	
55838	1665297	
55838	1669517	
55838	1669532	
55838	1705105	
55838	1705111	
55838	1705119	
55838	1705135	
55838	1705143	
55838	1705156	
55838	1705161	
55838	1705209	
55838	1720901	
55838	1721393	
55838	1724159	
55838	1733006	
55838	1733541	
55838	1738053	
55838	1743950	
55838	1748907	
55838	1761152	
55838	1783252	
55838	1788321	
55838	1790239	
55838	1801410	
55838	1801433	
55838	1822207	
55838	1825709	
55838	1869548	
55838	1870109	
55838	1872978	
55838	1875902	
55838	1875908	
55838	1876112	
55838	1876119	
55838	1876322	
55838	1876452	
55838	1876501	
55838	1876523	
55838	1876557	
55838	1876634	
55838	1876674	
55838	1876771	
55838	1876799	
55838	1876819	
55838	1876863	
55838	1877092	
55838	1944958	
55838	2066618	
55838	2066646	
55838	2067028	
55838	2067032	
55838	2067053	
55838	2067069	
55838	2067093	
55838	2067166	
55838	2069699	
55838	2069704	
55838	2070010	
55838	2071596	
55838	2071606	
55838	2071659	
55838	2071680	
55838	2075605	
55838	2075774	
55838	2075938	
55838	2075944	
55838	2076119	
55838	2076174	
55838	2076272	
55838	2076510	
55838	2077336	
55838	2079149	
55838	2081653	
55838	2086588	
55838	2087852	
55838	2089280	
55838	2092117	
55838	2093003	
55838	2093312	
55838	2093926	
55838	2097942	
55838	2106727	
55838	2108849	
55838	2111344	
55838	2113807	
55838	2114770	
55838	2114771	
55838	2114774	
55838	2114776	
55838	2114781	
55838	2114789	
55838	2114792	
55838	2114795	
55838	2114801	
55838	2114803	
55838	2114804	
55838	2114807	
55838	2114809	
55838	2114810	
55838	2114811	
55838	2114813	
55838	2114814	
55838	2114815	
55838	2114816	
55838	2114818	
55838	2114821	
55838	2114822	
55838	2114827	
55838	2114828	
55838	2114832	
55838	2114833	
55838	2114836	
55838	2114838	
55838	2114841	
55838	2114843	
55838	2114847	
55838	2114850	
55838	2114855	
55838	2114856	
55838	2114861	
55838	2114862	
55838	2114867	
55838	2114874	
55838	2114876	
55838	2114880	
55838	2114881	
55838	2114885	
55838	2114888	
55838	2114893	
55838	2114894	
55838	2114896	
55838	2114902	
55838	2114905	
55838	2114912	
55838	2114917	
55838	2114919	
55838	2114920	
55838	2114922	
55838	2114924	
55838	2114926	
55838	2114928	
55838	2114929	
55838	2114930	
55838	2114933	
55838	2114935	
55838	2114939	
55838	2114940	
55838	2114942	
55838	2114944	
55838	2114945	
55838	2114948	
55838	2114950	
55838	2114951	
55838	2114953	
55838	2114954	
55838	2114956	
55838	2114959	
55838	2114960	
55838	2114961	
55838	2114963	
55838	2114966	
55838	2114967	
55838	2114971	
55838	2114974	
55838	2114975	
55838	2114977	
55838	2114980	
55838	2114981	
55838	2114983	
55838	2114987	
55838	2114990	
55838	2114993	
55838	2114994	
55838	2114996	
55838	2114998	
55838	2115001	
55838	2115003	
55838	2115006	
55838	2115010	
55838	2115013	
55838	2115016	
55838	2115018	
55838	2115021	
55838	2115022	
55838	2115024	
55838	2115027	
55838	2115028	
55838	2115031	
55838	2115037	
55838	2115039	
55838	2115041	
55838	2115042	
55838	2115045	
55838	2115047	
55838	2115049	
55838	2115051	
55838	2115055	
55838	2115057	
55838	2115059	
55838	2115063	
55838	2115067	
55838	2115068	
55838	2115069	
55838	2115071	
55838	2115076	
55838	2115079	
55838	2115081	
55838	2115084	
55838	2115086	
55838	2115089	
55838	2115092	
55838	2115094	
55838	2115096	
55838	2115098	
55838	2115101	
55838	2115104	
55838	2115108	
55838	2115110	
55838	2115111	
55838	2115114	
55838	2115116	
55838	2115118	
55838	2115120	
55838	2115121	
55838	2147504	
55839	1312541	
55839	1394375	
55839	1433858	
55839	1705119	
55839	1876819	
55839	2071656	
55839	2092906	
55839	2102201	
55839	2111275	
55839	2126429	
55839	2126442	
55839	2126449	
55847	1164976	
55847	1223095	
55847	1394375	
55847	1433858	
55847	1705119	
55847	2071656	
55847	2110351	
55848	359322	
55848	1050467	
55848	1084989	
55848	1164976	
55848	1212887	
55848	1223095	
55848	1259928	
55848	1394375	
55848	1705119	
55848	1875981	
55848	1875986	
55848	1876819	
55848	1963740	
55848	2078742	
55848	2088968	
55848	2093815	
55848	2101555	
55848	2114556	
55848	2114597	
55848	2114677	
55848	2114717	
55848	2114724	
55852	1705119	
55852	2071656	
55853	1060610	
55853	1876150	
55853	2068589	
55853	2088968	
55854	195648	
55855	890128	
55855	1050467	
55855	1394375	
55855	1433858	
55855	1705119	
55855	1705143	
55855	1876819	
55855	2093815	
55855	2111370	
55863	2110324	
55864	1212887	
55864	2071656	
55864	2093815	
55869	1433858	
55869	1705119	
55869	1876819	
55871	2068835	
55871	2075785	
55871	2108894	
55872	1433858	
55874	890128	
55874	1705119	
55874	2093815	
55876	890128	
55876	1050467	
55876	1223095	
55876	1433858	
55876	1457237	
55876	1630387	
55876	1705119	
55876	1876819	
55876	2071656	
55876	2075785	
55876	2081646	
55876	2081965	
55876	2088576	
55876	2088604	
55876	2101555	
55876	2102436	
55876	2114717	
55876	2117292	
55876	2117305	
55876	2117404	
55876	2117418	
55877	890128	
55877	1394375	
55877	1433858	
55877	1705119	
55877	1705143	
55877	1876819	
55877	2093815	
55877	2099784	
55878	2071656	
55879	1223095	
55879	1630387	
55879	1705119	
55879	1963740	
55883	1705119	
55883	2130451	
55886	2121433	
55888	1705119	
55889	1705119	
55889	2071656	
55889	2093815	
55891	890128	
55891	890205	
55891	1160936	
55891	1394375	
55891	1433858	
55891	1705119	
55891	1705143	
55891	1875981	
55891	1876150	
55891	1876819	
55891	2093815	
55893	1223095	
55893	1875986	
55893	1963740	
55893	2078742	
55896	1223095	
55896	1468414	
55896	2093815	
55897	1705143	
55897	2071656	
55898	889775	
55898	889814	
55898	890128	
55898	1050467	
55898	1223095	
55898	1394375	
55898	1433858	
55898	1705119	
55898	1875986	
55898	1876819	
55898	2082008	
55898	2099784	
55898	2111370	
55898	2140430	
55898	2140490	
55899	1060610	
55899	2068589	
55899	2088968	
55901	1394375	
55903	1050467	
55903	1164976	
55903	1223095	
55903	1394375	
55903	1705119	
55903	1705143	
55903	1876819	
55903	2071656	
55903	2081965	
55903	2093815	
55904	1214975	
55904	1342598	
55904	2097639	
55908	1223095	
55909	2068589	
55910	889814	
55910	1705119	
55910	1876819	
55910	2071656	
55911	2096746	
55911	2096784	
55912	1705119	
55912	2093815	
55913	890128	
55913	1433858	
55913	1705143	
55913	1875981	
55913	1876819	
55923	1394375	
55923	1705119	
55925	890128	
55925	1394375	
55925	1875981	
55925	1876819	
55927	1312541	
55927	1586689	
55927	1705119	
55927	1876150	
55927	1963740	
55927	2102201	
55927	2102436	
55927	2102580	
55930	2096746	
55931	890128	
55931	1160936	
55931	1394375	
55931	1705119	
55931	1875981	
55931	2071656	
55932	890128	
55932	1050467	
55932	1394375	
55932	1433858	
55932	1705119	
55932	1705143	
55932	1875981	
55932	1876819	
55937	1875981	
55938	2071656	
55938	2093815	
55939	359322	
55939	992637	
55939	1271570	
55939	1789564	
55943	890128	
55943	1050467	
55943	1160936	
55943	1394375	
55943	1705119	
55943	1705143	
55943	1876819	
55950	1433858	
55951	1223095	
55951	1394375	
55951	1705119	
55951	2078742	
55951	2088559	
55953	1223095	
55953	1705119	
55953	2071656	
55953	2088968	
55956	2068589	
55956	2097639	
55956	2099184	
55956	2099230	
55957	1705119	
55957	2071656	
55959	890128	
55959	1164976	
55959	1705119	
55959	1875981	
55959	1876819	
55959	2071656	
55959	2093815	
55962	359322	
55962	1060610	
55962	1223095	
55962	1433858	
55962	1705119	
55962	1705143	
55962	2075785	
55962	2078742	
55965	195648	
55966	195648	
55967	2071656	
55967	2093815	
55971	890128	
55971	1433858	
55971	1705119	
55971	1876819	
55971	2078742	
55971	2093815	
55974	1394375	
55974	1433858	
55974	1630387	
55974	1876819	
55974	2093815	
55974	2101555	
55977	195648	
55978	1705119	
55979	1433858	
55979	1705119	
55979	1876819	
55979	2071656	
55979	2111275	
55980	1164976	
55980	1876150	
55980	2068589	
55980	2088968	
55980	2110324	
55981	890128	
55981	1705143	
55981	1876819	
55981	2071656	
55983	195648	
55984	1394375	
55989	890128	
55989	1050467	
55989	1160936	
55989	1705119	
55989	1705143	
55989	1875981	
55989	1876819	
55989	2071656	
55991	359322	
55991	992637	
55995	1705119	
55995	2071656	
55997	889814	
55997	890128	
55997	1394375	
55997	1433858	
55997	1876819	
55997	2071656	
55997	2112273	
56000	2128006	
56001	1433858	
56001	1705119	
56003	1705119	
56004	1223095	
42144	42573	
42144	42987	
42144	992637	
42146	1468414	
42148	1014539	
42154	42573	
42154	42987	
42154	195648	
42154	992637	
42157	42573	
42157	42987	
42157	195648	
42157	992637	
42159	992637	
42164	992637	
42165	42573	
42165	1259928	
42166	1000093	
42169	42987	
42169	992637	
42176	42573	
42179	991726	
42180	42573	
42180	42987	
42180	195648	
42180	1097400	
42183	42573	
42183	992637	
42185	42573	
42189	42573	
42192	359322	
42192	1124463	
42194	195648	
42194	992637	
42195	42573	
42195	359322	
42197	42573	
42201	42573	
42201	195648	
42208	890355	
42211	992637	
42214	359322	
42221	359322	
42228	1060610	
42231	42573	
42231	42987	
42231	992637	
42236	992637	
42236	1050467	
42239	42573	
42240	195648	
42241	1020297	
42245	992637	
42248	42573	
42248	195648	
42248	1690083	
42257	42573	
42269	42573	
42271	1074629	
42272	1084989	
42273	1014539	
42276	992637	
42279	42987	
42282	1014539	
42284	992637	
42291	359322	
42291	991726	
42297	42573	
42305	42573	
42308	42573	
42309	992637	
42318	42987	
42324	42573	
42324	991726	
42325	42573	
42325	992637	
42330	195648	
42332	1485001	
42340	42573	
42340	42987	
42340	195648	
42361	42573	
42372	42573	
42372	42987	
42372	992637	
42374	195648	
42378	195648	
42380	42573	
42380	42987	
42380	992637	
42381	1124463	
42383	42573	
42383	992637	
42384	42573	
42384	991726	
42384	1280637	
42385	42573	
42385	992637	
42385	1105556	
42390	195648	
42391	42573	
42393	42573	
42393	992637	
42394	195648	
42394	992637	
42394	1050467	
42398	42987	
42399	42987	
42402	992637	
42406	195648	
42409	1226573	
42409	1226804	
42412	42573	
42412	992637	
42412	1097400	
42416	42573	
42416	992637	
42423	42573	
42424	42573	
42428	42573	
42428	195648	
42428	1050467	
42429	42573	
42429	992637	
42429	1124463	
42431	195648	
42431	359322	
42431	1124463	
42431	1212887	
42431	1214975	
42432	42573	
42433	195648	
42436	42573	
42437	992637	
42441	1312541	
42444	195648	
42446	991726	
42448	42573	
42448	992637	
42448	1050467	
42451	992637	
42468	42573	
42469	42573	
42475	42573	
42475	42987	
42477	1160936	
42479	195648	
42480	42573	
42493	42573	
42496	42573	
42496	195648	
42496	1050467	
42496	1223095	
42506	1394375	
42507	359322	
42507	1124463	
42512	42573	
42512	42987	
42512	992637	
42514	42573	
42514	195648	
42514	992637	
42516	42573	
42519	195648	
42525	1164976	
42525	1397026	
42528	42573	
42528	1097400	
42528	1375702	
42530	195648	
42530	992637	
42535	42987	
42543	195648	
42545	42573	
42545	42987	
42546	195648	
42551	359322	
42552	42573	
42553	42573	
42553	42987	
42554	42987	
42560	1235703	
42563	42573	
42565	42573	
42565	195648	
42569	195648	
42571	42573	
42573	42582	
42573	42596	
42573	42608	
42573	42615	
42573	42618	
42573	42620	
42573	42621	
42573	42650	
42573	42652	
42573	42667	
42573	42672	
42573	42678	
42573	42681	
42573	42701	
42573	42705	
42573	42707	
42573	42717	
42573	42723	
42573	42754	
42573	42759	
42573	42760	
42573	42774	
42573	42779	
42573	42789	
42573	42804	
42573	42808	
42573	42824	
42573	42829	
42573	42849	
42573	42850	
42573	42851	
42573	42860	
42573	42878	
42573	42879	
42573	42910	
42573	42922	
42573	42925	
42573	42939	
42573	42950	
42573	42953	
42573	42964	
42573	42970	
42573	43027	
42573	43031	
42573	43033	
42573	43050	
42573	43076	
42573	43099	
42573	43110	
42573	43114	
42573	43126	
42573	43129	
42573	43131	
42573	43133	
42573	43146	
42573	43152	
42573	43168	
42573	43173	
42573	43190	
42573	43192	
42573	43201	
42573	43204	
42573	43209	
42573	43217	
42573	43231	
42573	43241	
42573	43247	
42573	43248	
42573	43273	
42573	43275	
42573	43279	
42573	43284	
42573	43293	
42573	43304	
42573	43305	
42573	43307	
42573	43324	
42573	43329	
42573	43345	
42573	43349	
42573	43369	
42573	43380	
42573	43391	
42573	43394	
42573	43410	
42573	43411	
42573	43416	
42573	43417	
42573	43424	
42573	43427	
42573	43429	
42573	43441	
42573	43446	
42573	43456	
42573	43457	
42573	43463	
42573	43466	
42573	43481	
42573	43482	
42573	43505	
42573	43512	
42573	43516	
42573	43525	
42573	43528	
42573	43538	
42573	43541	
42573	43547	
42573	43548	
42573	43588	
42573	43591	
42573	43606	
42573	43607	
42573	43611	
42573	43627	
42573	43643	
42573	43646	
42573	43650	
42573	43666	
42573	43667	
42573	43687	
42573	43702	
42573	43707	
42573	43719	
42573	43721	
42573	43750	
42573	43754	
42573	43766	
42573	43769	
42573	43771	
42573	43800	
42573	43805	
42573	43806	
42573	43809	
42573	43822	
42573	43827	
42573	43837	
42573	43850	
42573	43874	
42573	43875	
42573	43890	
42573	43899	
42573	43916	
42573	43922	
42573	43923	
42573	43941	
42573	43947	
42573	43959	
42573	43960	
42573	43979	
42573	43998	
42573	43999	
42573	44004	
42573	44028	
42573	44035	
42573	44066	
42573	44106	
42573	44108	
42573	44153	
42573	44170	
42573	44199	
42573	44209	
42573	44219	
42573	44250	
42573	44256	
42573	44259	
42573	44277	
42573	44279	
42573	51977	
42573	51987	
42573	55792	
42573	55851	
42573	55955	
42573	55965	
42573	56002	
42573	63300	
42573	79280	
42573	108944	
42573	126685	
42573	149540	
42573	166324	
42573	166369	
42573	173764	
42573	189451	
42573	189456	
42573	192884	
42573	195483	
42573	195495	
42573	195510	
42573	195648	
42573	195727	
42573	197254	
42573	210049	
42573	226948	
42573	229329	
42573	229425	
42573	229592	
42573	230144	
42573	230170	
42573	239095	
42573	243808	
42573	246338	
42573	248175	
42573	248294	
42573	248422	
42573	248473	
42573	248512	
42573	248603	
42573	248616	
42573	248654	
42573	248658	
42573	248674	
42573	248683	
42573	248702	
42573	248715	
42573	248724	
42573	248747	
42573	248748	
42573	248751	
42573	248758	
42573	248765	
42573	248767	
42573	248768	
42573	248775	
42573	248792	
42573	248796	
42573	248797	
42573	248803	
42573	248815	
42573	248817	
42573	248818	
42573	248824	
42573	248828	
42573	248835	
42573	248866	
42573	248870	
42573	248887	
42573	248905	
42573	248918	
42573	248945	
42573	248969	
42573	248977	
42573	248997	
42573	249006	
42573	249024	
42573	249025	
42573	249029	
42573	249047	
42573	249051	
42573	249055	
42573	249059	
42573	249070	
42573	249071	
42573	249090	
42573	249111	
42573	249145	
42573	249161	
42573	249171	
42573	249180	
42573	249188	
42573	249197	
42573	249199	
42573	249207	
42573	249222	
42573	249232	
42573	249236	
42573	249253	
42573	249258	
42573	249268	
42573	249281	
42573	249296	
42573	249300	
42573	249328	
42573	249330	
42573	249333	
42573	249366	
42573	249377	
42573	249399	
42573	249400	
42573	249403	
42573	249405	
42573	249426	
42573	249448	
42573	249450	
42573	249483	
42573	249495	
42573	249503	
42573	249511	
42573	249525	
42573	249532	
42573	249566	
42573	249573	
42573	249610	
42573	249639	
42573	249670	
42573	250381	
42573	258777	
42573	266440	
42573	278769	
42573	282688	
42573	296045	
42573	301253	
42573	306779	
42573	306849	
42573	306850	
42573	306851	
42573	306993	
42573	307004	
42573	307022	
42573	307230	
42573	307288	
42573	307301	
42573	307308	
42573	307326	
42573	307328	
42573	307338	
42573	307343	
42573	307419	
42573	307466	
42573	307500	
42573	307529	
42573	307543	
42573	307583	
42573	307585	
42573	307602	
42573	335613	
42573	342890	
42573	346749	
42573	347521	
42573	347618	
42573	347884	
42573	347901	
42573	348016	
42573	348246	
42573	348419	
42573	348426	
42573	348550	
42573	349072	
42573	350670	
42573	351023	
42573	351263	
42573	351761	
42573	352112	
42573	352121	
42573	352157	
42573	353081	
42573	353422	
42573	353683	
42573	353685	
42573	353704	
42573	353711	
42573	353718	
42573	353725	
42573	353728	
42573	353793	
42573	353827	
42573	353879	
42573	353895	
42573	353896	
42573	353909	
42573	353917	
42573	353976	
42573	354021	
42573	354052	
42573	354069	
42573	354071	
42573	354112	
42573	354114	
42573	354118	
42573	354168	
42573	354176	
42573	354184	
42573	354207	
42573	354243	
42573	354265	
42573	354288	
42573	354323	
42573	354345	
42573	354349	
42573	354388	
42573	354395	
42573	354401	
42573	354445	
42573	354451	
42573	354466	
42573	354521	
42573	354532	
42573	354552	
42573	354605	
42573	354647	
42573	354675	
42573	354830	
42573	354841	
42573	354844	
42573	354852	
42573	354867	
42573	354900	
42573	354915	
42573	355020	
42573	355086	
42573	355088	
42573	355095	
42573	355096	
42573	355115	
42573	355129	
42573	355149	
42573	355181	
42573	355186	
42573	355191	
42573	355203	
42573	355216	
42573	355247	
42573	355278	
42573	355322	
42573	355397	
42573	355410	
42573	355454	
42573	355577	
42573	355581	
42573	355597	
42573	355603	
42573	355698	
42573	355713	
42573	355770	
42573	355772	
42573	355775	
42573	355815	
42573	355875	
42573	355888	
42573	355900	
42573	355932	
42573	355961	
42573	355996	
42573	356006	
42573	356053	
42573	356072	
42573	356076	
42573	356082	
42573	356128	
42573	356155	
42573	356170	
42573	356209	
42573	356229	
42573	356312	
42573	356328	
42573	356368	
42573	356370	
42573	356440	
42573	356463	
42573	356500	
42573	356578	
42573	356623	
42573	356627	
42573	356665	
42573	356687	
42573	356781	
42573	356861	
42573	356864	
42573	356913	
42573	356970	
42573	356980	
42573	356992	
42573	356993	
42573	356995	
42573	357017	
42573	357045	
42573	357061	
42573	357076	
42573	357104	
42573	357115	
42573	357129	
42573	357201	
42573	357241	
42573	357263	
42573	357285	
42573	357287	
42573	357299	
42573	357301	
42573	357302	
42573	357311	
42573	357335	
42573	357358	
42573	357360	
42573	357399	
42573	357472	
42573	357477	
42573	357490	
42573	357492	
42573	357552	
42573	357568	
42573	357573	
42573	357575	
42573	357649	
42573	357668	
42573	357681	
42573	357711	
42573	357758	
42573	357781	
42573	357827	
42573	357879	
42573	357880	
42573	357914	
42573	357931	
42573	357996	
42573	358016	
42573	358024	
42573	358026	
42573	358038	
42573	358051	
42573	358092	
42573	358121	
42573	358161	
42573	358171	
42573	358201	
42573	358213	
42573	358248	
42573	358296	
42573	358307	
42573	358330	
42573	358353	
42573	358363	
42573	358368	
42573	358404	
42573	358477	
42573	358492	
42573	358498	
42573	358501	
42573	358509	
42573	358521	
42573	358535	
42573	358560	
42573	358633	
42573	358678	
42573	358711	
42573	358720	
42573	358775	
42573	358812	
42573	358814	
42573	358816	
42573	358822	
42573	358834	
42573	358847	
42573	358866	
42573	358899	
42573	358937	
42573	358961	
42573	358962	
42573	358977	
42573	358984	
42573	358990	
42573	358991	
42573	359011	
42573	359012	
42573	359019	
42573	359021	
42573	359030	
42573	359032	
42573	359055	
42573	359078	
42573	359116	
42573	359125	
42573	359139	
42573	359142	
42573	359146	
42573	359166	
42573	359169	
42573	359290	
42573	359309	
42573	359313	
42573	359334	
42573	359349	
42573	359355	
42573	359424	
42573	359449	
42573	359479	
42573	359506	
42573	359514	
42573	359537	
42573	359563	
42573	359566	
42573	359575	
42573	359576	
42573	359615	
42573	359621	
42573	359625	
42573	359635	
42573	359638	
42573	359662	
42573	359716	
42573	359717	
42573	359735	
42573	359755	
42573	359797	
42573	359802	
42573	359806	
42573	359817	
42573	359862	
42573	359887	
42573	359899	
42573	359913	
42573	359919	
42573	359920	
42573	359922	
42573	359927	
42573	359975	
42573	359979	
42573	359994	
42573	359997	
42573	360028	
42573	360087	
42573	360151	
42573	360201	
42573	360238	
42573	360275	
42573	360342	
42573	360364	
42573	360387	
42573	360389	
42573	360392	
42573	360409	
42573	360423	
42573	360437	
42573	360469	
42573	360481	
42573	360483	
42573	360501	
42573	360529	
42573	360546	
42573	360567	
42573	360572	
42573	360612	
42573	360628	
42573	360660	
42573	360676	
42573	360706	
42573	360759	
42573	360786	
42573	360801	
42573	360817	
42573	360820	
42573	360826	
42573	360859	
42573	360911	
42573	360943	
42573	360986	
42573	360994	
42573	361001	
42573	361004	
42573	361005	
42573	361016	
42573	361047	
42573	361053	
42573	361060	
42573	361070	
42573	361087	
42573	361149	
42573	361178	
42573	361186	
42573	361199	
42573	361221	
42573	361274	
42573	361286	
42573	361412	
42573	361415	
42573	361445	
42573	361465	
42573	361470	
42573	361473	
42573	361526	
42573	361537	
42573	361593	
42573	361641	
42573	361645	
42573	361648	
42573	361696	
42573	361746	
42573	361765	
42573	361780	
42573	361795	
42573	361843	
42573	361901	
42573	361954	
42573	361956	
42573	361993	
42573	362074	
42573	362096	
42573	362102	
42573	362171	
42573	362194	
42573	362246	
42573	362296	
42573	362298	
42573	362307	
42573	362317	
42573	362322	
42573	362324	
42573	362344	
42573	362357	
42573	362378	
42573	362382	
42573	362394	
42573	362402	
42573	362407	
42573	362443	
42573	362476	
42573	362500	
42573	362513	
42573	362552	
42573	362588	
42573	362593	
42573	362608	
42573	362612	
42573	362618	
42573	362644	
42573	362646	
42573	362687	
42573	362701	
42573	362731	
42573	362733	
42573	362734	
42573	362735	
42573	362737	
42573	362738	
42573	362744	
42573	362817	
42573	362818	
42573	362824	
42573	362828	
42573	362834	
42573	362870	
42573	362879	
42573	362895	
42573	362934	
42573	362944	
42573	362986	
42573	362989	
42573	363000	
42573	363003	
42573	363006	
42573	363024	
42573	363047	
42573	363073	
42573	363112	
42573	363113	
42573	363145	
42573	363153	
42573	363187	
42573	363199	
42573	363225	
42573	363262	
42573	363265	
42573	363294	
42573	363298	
42573	363327	
42573	363349	
42573	363362	
42573	363372	
42573	363374	
42573	363376	
42573	363384	
42573	363396	
42573	363401	
42573	363411	
42573	363472	
42573	363502	
42573	363539	
42573	363547	
42573	363571	
42573	363587	
42573	363638	
42573	363674	
42573	363688	
42573	363699	
42573	363706	
42573	363707	
42573	363755	
42573	363770	
42573	363776	
42573	363795	
42573	363796	
42573	363815	
42573	363825	
42573	363833	
42573	363888	
42573	363907	
42573	363930	
42573	363947	
42573	363951	
42573	363996	
42573	364076	
42573	364193	
42573	364197	
42573	364203	
42573	364222	
42573	364268	
42573	364271	
42573	364316	
42573	364318	
42573	364353	
42573	364502	
42573	364504	
42573	364528	
42573	364590	
42573	364604	
42573	364629	
42573	364639	
42573	364738	
42573	364808	
42573	364821	
42573	364891	
42573	364941	
42573	364943	
42573	364964	
42573	365005	
42573	365008	
42573	365036	
42573	365135	
42573	365401	
42573	365631	
42573	373230	
42573	373232	
42573	373239	
42573	373312	
42573	373316	
42573	377460	
42573	377601	
42573	384359	
42573	421555	
42573	429194	
42573	431715	
42573	439827	
42573	439888	
42573	443808	
42573	445998	
42573	446374	
42573	446487	
42573	447403	
42573	452554	
42573	455014	
42573	456150	
42573	456805	
42573	457803	
42573	458202	
42573	460931	
42573	461450	
42573	461514	
42573	461636	
42573	461778	
42573	462092	
42573	464573	
42573	464788	
42573	464826	
42573	464837	
42573	465054	
42573	465060	
42573	465108	
42573	467108	
42573	467444	
42573	468324	
42573	468393	
42573	468395	
42573	468500	
42573	468533	
42573	468566	
42573	468575	
42573	468662	
42573	468886	
42573	468905	
42573	468921	
42573	470284	
42573	470296	
42573	470357	
42573	470360	
42573	470528	
42573	470583	
42573	470642	
42573	470739	
42573	471166	
42573	471254	
42573	471625	
42573	471920	
42573	471957	
42573	471980	
42573	472001	
42573	472012	
42573	472062	
42573	472733	
42573	473580	
42573	473771	
42573	474043	
42573	474475	
42573	476101	
42573	476253	
42573	476386	
42573	476421	
42573	476472	
42573	476478	
42573	476485	
42573	477132	
42573	477176	
42573	477923	
42573	479318	
42573	482015	
42573	485573	
42573	487034	
42573	492383	
42573	497329	
42573	523889	
42573	533037	
42573	533065	
42573	533112	
42573	533131	
42573	533138	
42573	533146	
42573	533227	
42573	533235	
42573	533268	
42573	533274	
42573	533911	
42573	534016	
42573	534050	
42573	534182	
42573	534192	
42573	534276	
42573	554225	
42573	557552	
42573	557841	
42573	560578	
42573	563487	
42573	578483	
42573	598973	
42573	610909	
42573	637249	
42573	641827	
42573	642184	
42573	642252	
42573	642278	
42573	648238	
42573	648308	
42573	648948	
42573	662124	
42573	668278	
42573	668672	
42573	673845	
42573	675206	
42573	676499	
42573	678657	
42573	691705	
42573	697348	
42573	697635	
42573	698599	
42573	704223	
42573	711376	
42573	714701	
42573	725169	
42573	725481	
42573	726225	
42573	728697	
42573	729775	
42573	730590	
42573	733589	
42573	733728	
42573	734727	
42573	735014	
42573	735018	
42573	739949	
42573	748389	
42573	748406	
42573	748433	
42573	748470	
42573	750592	
42573	752512	
42573	775366	
42573	775407	
42573	775731	
42573	775906	
42573	778026	
42573	778134	
42573	778306	
42573	778403	
42573	778504	
42573	779009	
42573	779039	
42573	779129	
42573	779144	
42573	779313	
42573	779349	
42573	779360	
42573	779932	
42573	783990	
42573	794779	
42573	796201	
42573	796259	
42573	796448	
42573	808802	
42573	819489	
42573	831163	
42573	831190	
42573	831235	
42573	831273	
42573	831508	
42573	831523	
42573	831570	
42573	831681	
42573	831937	
42573	832085	
42573	833248	
42573	833286	
42573	836816	
42573	836937	
42573	837184	
42573	837409	
42573	837552	
42573	837638	
42573	837904	
42573	838018	
42573	838102	
42573	838227	
42573	838284	
42573	838533	
42573	839065	
42573	844305	
42573	844559	
42573	848257	
42573	861571	
42573	862744	
42573	865164	
42573	865698	
42573	872441	
42573	888701	
42573	889030	
42573	890038	
42573	890118	
42573	890295	
42573	897011	
42573	899805	
42573	918102	
42573	920189	
42573	931928	
42573	943996	
42573	952960	
42573	952975	
42573	966756	
42573	966807	
42573	969378	
42573	969837	
42573	970024	
42573	970035	
42573	970502	
42573	973259	
42573	973555	
42573	973852	
42573	975398	
42573	976511	
42573	979558	
42573	980939	
42573	985027	
42573	985166	
42573	987413	
42573	987423	
42573	987436	
42573	987470	
42573	987489	
42573	987499	
42573	987504	
42573	987514	
42573	987517	
42573	987522	
42573	987524	
42573	987525	
42573	987535	
42573	987536	
42573	987539	
42573	987575	
42573	987585	
42573	987600	
42573	987604	
42573	987620	
42573	987621	
42573	987623	
42573	987660	
42573	987662	
42573	987681	
42573	987691	
42573	987712	
42573	987713	
42573	987720	
42573	987727	
42573	987738	
42573	987741	
42573	987751	
42573	987755	
42573	987760	
42573	987763	
42573	987779	
42573	987789	
42573	987791	
42573	987792	
42573	987794	
42573	987799	
42573	987803	
42573	987816	
42573	987827	
42573	987836	
42573	987843	
42573	987848	
42573	987857	
42573	987860	
42573	987863	
42573	987871	
42573	987875	
42573	987876	
42573	987900	
42573	987905	
42573	987915	
42573	987917	
42573	987920	
42573	987926	
42573	987933	
42573	987940	
42573	987948	
42573	987952	
42573	987980	
42573	987983	
42573	987987	
42573	987995	
42573	988015	
42573	988017	
42573	988020	
42573	988021	
42573	988025	
42573	988027	
42573	988030	
42573	988033	
42573	988036	
42573	988038	
42573	988043	
42573	988058	
42573	988074	
42573	988083	
42573	988099	
42573	988101	
42573	988114	
42573	988118	
42573	988125	
42573	988135	
42573	988139	
42573	988157	
42573	988179	
42573	988181	
42573	988182	
42573	988193	
42573	988194	
42573	988229	
42573	988248	
42573	988270	
42573	988276	
42573	988280	
42573	988285	
42573	988295	
42573	988308	
42573	988310	
42573	988314	
42573	988351	
42573	988446	
42573	988473	
42573	988474	
42573	989021	
42573	989039	
42573	989054	
42573	989069	
42573	989130	
42573	989139	
42573	989155	
42573	989219	
42573	989234	
42573	989261	
42573	989292	
42573	989303	
42573	989325	
42573	989328	
42573	989329	
42573	989364	
42573	989402	
42573	990397	
42573	990472	
42573	990787	
42573	990913	
42573	991020	
42573	991149	
42573	991283	
42573	991325	
42573	991772	
42573	991799	
42573	991841	
42573	991868	
42573	992083	
42573	992084	
42573	992090	
42573	992114	
42573	992128	
42573	992129	
42573	992134	
42573	992135	
42573	992139	
42573	992155	
42573	992156	
42573	992157	
42573	992158	
42573	992165	
42573	992170	
42573	992183	
42573	992185	
42573	992189	
42573	992192	
42573	992196	
42573	992200	
42573	992204	
42573	992205	
42573	992212	
42573	992219	
42573	992228	
42573	992229	
42573	992245	
42573	992248	
42573	992254	
42573	992269	
42573	992280	
42573	992286	
42573	992291	
42573	992296	
42573	992303	
42573	992314	
42573	992321	
42573	992325	
42573	992332	
42573	992341	
42573	992349	
42573	992358	
42573	992360	
42573	992362	
42573	992363	
42573	992366	
42573	992375	
42573	992376	
42573	992388	
42573	992389	
42573	992390	
42573	992391	
42573	992404	
42573	992405	
42573	992415	
42573	992416	
42573	992423	
42573	992425	
42573	992426	
42573	992428	
42573	992436	
42573	992443	
42573	992447	
42573	992469	
42573	992475	
42573	992485	
42573	992488	
42573	992491	
42573	992492	
42573	992494	
42573	992496	
42573	992511	
42573	992515	
42573	992526	
42573	992530	
42573	992531	
42573	992542	
42573	992550	
42573	992552	
42573	992561	
42573	992566	
42573	992567	
42573	992570	
42573	992579	
42573	992590	
42573	992592	
42573	992598	
42573	992600	
42573	992603	
42573	992610	
42573	992622	
42573	992627	
42573	992632	
42573	992634	
42573	992642	
42573	992643	
42573	992645	
42573	992646	
42573	992652	
42573	992672	
42573	992675	
42573	992676	
42573	992678	
42573	992686	
42573	992698	
42573	992704	
42573	992709	
42573	992725	
42573	992727	
42573	992733	
42573	992734	
42573	992744	
42573	992752	
42573	992753	
42573	992754	
42573	992763	
42573	992764	
42573	992768	
42573	992783	
42573	992793	
42573	992810	
42573	992819	
42573	992822	
42573	992824	
42573	992829	
42573	992836	
42573	992838	
42573	992888	
42573	992891	
42573	994060	
42573	994153	
42573	994159	
42573	994178	
42573	994247	
42573	994381	
42573	994433	
42573	994439	
42573	994446	
42573	994478	
42573	994497	
42573	994506	
42573	994546	
42573	994596	
42573	994629	
42573	994795	
42573	994816	
42573	994873	
42573	994894	
42573	994898	
42573	994957	
42573	994980	
42573	995010	
42573	995011	
42573	995043	
42573	995054	
42573	995086	
42573	995331	
42573	995471	
42573	995685	
42573	995726	
42573	995735	
42573	995737	
42573	995750	
42573	995765	
42573	995788	
42573	995829	
42573	995830	
42573	995836	
42573	995855	
42573	995861	
42573	995878	
42573	995884	
42573	995897	
42573	995901	
42573	995907	
42573	995911	
42573	995918	
42573	995919	
42573	995944	
42573	995947	
42573	995956	
42573	995961	
42573	995970	
42573	995971	
42573	995975	
42573	995976	
42573	995985	
42573	995991	
42573	995999	
42573	996025	
42573	996033	
42573	996038	
42573	996044	
42573	996049	
42573	996053	
42573	996059	
42573	996079	
42573	996082	
42573	996097	
42573	996110	
42573	996113	
42573	996114	
42573	996118	
42573	996119	
42573	996123	
42573	996132	
42573	996133	
42573	996135	
42573	996136	
42573	996154	
42573	996518	
42573	996589	
42573	996614	
42573	997822	
42573	997863	
42573	997943	
42573	997958	
42573	998073	
42573	998102	
42573	998285	
42573	998303	
42573	998340	
42573	998343	
42573	998345	
42573	998385	
42573	998399	
42573	998556	
42573	998589	
42573	998592	
42573	998613	
42573	998868	
42573	999361	
42573	999539	
42573	999565	
42573	999594	
42573	999603	
42573	999605	
42573	999612	
42573	999667	
42573	999698	
42573	999755	
42573	999777	
42573	1000264	
42573	1000280	
42573	1000299	
42573	1000340	
42573	1000354	
42573	1000368	
42573	1000522	
42573	1000551	
42573	1000565	
42573	1000575	
42573	1000600	
42573	1000605	
42573	1000661	
42573	1000721	
42573	1000722	
42573	1000728	
42573	1000740	
42573	1000778	
42573	1000782	
42573	1000792	
42573	1000794	
42573	1000806	
42573	1000811	
42573	1000815	
42573	1000833	
42573	1000840	
42573	1000858	
42573	1000859	
42573	1000890	
42573	1000916	
42573	1000943	
42573	1000948	
42573	1000977	
42573	1001134	
42573	1001161	
42573	1001194	
42573	1001208	
42573	1001238	
42573	1001242	
42573	1001257	
42573	1001422	
42573	1001423	
42573	1001505	
42573	1001981	
42573	1002100	
42573	1002119	
42573	1002127	
42573	1002184	
42573	1002187	
42573	1002194	
42573	1002205	
42573	1002246	
42573	1002260	
42573	1002279	
42573	1002285	
42573	1002407	
42573	1002433	
42573	1002795	
42573	1003338	
42573	1003532	
42573	1003541	
42573	1003551	
42573	1003553	
42573	1003555	
42573	1003557	
42573	1003563	
42573	1003578	
42573	1003582	
42573	1003587	
42573	1003591	
42573	1003614	
42573	1003624	
42573	1003640	
42573	1003666	
42573	1003676	
42573	1003678	
42573	1003691	
42573	1003695	
42573	1003696	
42573	1003697	
42573	1004001	
42573	1004027	
42573	1004028	
42573	1004048	
42573	1004102	
42573	1004124	
42573	1004133	
42573	1004173	
42573	1004219	
42573	1004220	
42573	1004223	
42573	1004231	
42573	1004238	
42573	1004252	
42573	1004272	
42573	1004279	
42573	1004284	
42573	1004297	
42573	1004318	
42573	1004335	
42573	1004382	
42573	1004398	
42573	1004411	
42573	1004413	
42573	1004433	
42573	1004459	
42573	1004465	
42573	1004478	
42573	1004492	
42573	1004495	
42573	1004507	
42573	1004520	
42573	1004544	
42573	1004555	
42573	1004565	
42573	1004567	
42573	1004568	
42573	1004573	
42573	1004616	
42573	1004626	
42573	1004639	
42573	1004640	
42573	1004688	
42573	1004734	
42573	1004737	
42573	1004741	
42573	1004756	
42573	1004757	
42573	1004763	
42573	1004778	
42573	1004782	
42573	1004797	
42573	1004849	
42573	1004850	
42573	1004860	
42573	1004878	
42573	1004887	
42573	1004896	
42573	1004916	
42573	1004969	
42573	1004981	
42573	1005002	
42573	1005016	
42573	1005026	
42573	1005046	
42573	1005048	
42573	1005056	
42573	1005076	
42573	1005117	
42573	1005122	
42573	1005127	
42573	1005167	
42573	1005204	
42573	1005220	
42573	1005240	
42573	1005249	
42573	1005261	
42573	1005264	
42573	1005301	
42573	1005302	
42573	1005355	
42573	1005369	
42573	1005406	
42573	1005413	
42573	1005435	
42573	1005461	
42573	1005468	
42573	1005470	
42573	1005479	
42573	1005488	
42573	1005543	
42573	1005545	
42573	1005628	
42573	1005795	
42573	1005902	
42573	1005910	
42573	1005911	
42573	1005941	
42573	1006005	
42573	1006013	
42573	1006018	
42573	1006115	
42573	1006130	
42573	1006161	
42573	1006171	
42573	1006213	
42573	1006223	
42573	1006266	
42573	1006271	
42573	1006342	
42573	1006359	
42573	1006365	
42573	1006370	
42573	1006389	
42573	1006425	
42573	1006442	
42573	1006452	
42573	1006460	
42573	1006465	
42573	1006481	
42573	1006514	
42573	1006537	
42573	1006549	
42573	1006566	
42573	1006586	
42573	1006628	
42573	1006649	
42573	1006661	
42573	1006670	
42573	1006714	
42573	1006724	
42573	1006760	
42573	1006784	
42573	1006895	
42573	1006901	
42573	1006914	
42573	1006945	
42573	1006965	
42573	1006995	
42573	1007103	
42573	1007125	
42573	1007137	
42573	1007142	
42573	1007164	
42573	1007177	
42573	1007179	
42573	1007271	
42573	1007283	
42573	1007297	
42573	1007333	
42573	1007355	
42573	1007388	
42573	1007503	
42573	1007523	
42573	1007540	
42573	1007544	
42573	1007563	
42573	1007584	
42573	1007597	
42573	1007633	
42573	1007636	
42573	1007681	
42573	1007705	
42573	1007714	
42573	1007732	
42573	1007763	
42573	1007764	
42573	1007775	
42573	1007799	
42573	1007816	
42573	1007826	
42573	1007828	
42573	1007889	
42573	1007942	
42573	1007959	
42573	1007979	
42573	1007986	
42573	1008001	
42573	1008032	
42573	1008061	
42573	1008112	
42573	1008128	
42573	1008134	
42573	1008144	
42573	1008155	
42573	1008185	
42573	1008234	
42573	1008243	
42573	1008331	
42573	1008375	
42573	1008401	
42573	1008423	
42573	1008428	
42573	1008438	
42573	1008456	
42573	1008460	
42573	1008514	
42573	1008532	
42573	1008556	
42573	1008605	
42573	1008661	
42573	1008672	
42573	1008727	
42573	1008745	
42573	1008770	
42573	1008798	
42573	1008806	
42573	1008845	
42573	1008847	
42573	1008856	
42573	1008868	
42573	1008909	
42573	1008933	
42573	1008940	
42573	1008974	
42573	1009053	
42573	1009064	
42573	1009103	
42573	1009105	
42573	1009107	
42573	1009149	
42573	1009212	
42573	1009296	
42573	1009316	
42573	1009324	
42573	1009366	
42573	1009388	
42573	1009415	
42573	1009431	
42573	1009434	
42573	1009444	
42573	1009445	
42573	1009453	
42573	1009467	
42573	1009482	
42573	1009495	
42573	1009498	
42573	1009523	
42573	1009572	
42573	1009592	
42573	1009597	
42573	1009598	
42573	1009664	
42573	1009666	
42573	1009668	
42573	1009722	
42573	1009733	
42573	1009831	
42573	1009834	
42573	1009898	
42573	1009921	
42573	1009930	
42573	1009937	
42573	1009945	
42573	1010018	
42573	1010081	
42573	1010097	
42573	1010131	
42573	1010134	
42573	1010170	
42573	1010230	
42573	1010273	
42573	1010288	
42573	1010333	
42573	1010356	
42573	1010366	
42573	1010385	
42573	1010456	
42573	1010509	
42573	1010572	
42573	1010591	
42573	1010615	
42573	1010628	
42573	1010638	
42573	1010644	
42573	1010649	
42573	1010700	
42573	1010702	
42573	1010706	
42573	1010835	
42573	1010874	
42573	1010882	
42573	1010888	
42573	1010951	
42573	1011028	
42573	1011046	
42573	1011087	
42573	1011100	
42573	1011127	
42573	1011129	
42573	1011171	
42573	1011175	
42573	1011180	
42573	1011184	
42573	1011290	
42573	1011316	
42573	1011340	
42573	1011342	
42573	1011355	
42573	1011366	
42573	1011367	
42573	1011389	
42573	1011414	
42573	1011457	
42573	1011466	
42573	1011470	
42573	1011489	
42573	1011500	
42573	1011506	
42573	1011507	
42573	1011519	
42573	1011537	
42573	1011541	
42573	1011546	
42573	1011552	
42573	1011592	
42573	1011606	
42573	1011624	
42573	1011676	
42573	1011697	
42573	1011711	
42573	1011767	
42573	1011775	
42573	1011797	
42573	1011803	
42573	1011919	
42573	1011928	
42573	1011936	
42573	1011970	
42573	1012023	
42573	1012034	
42573	1012043	
42573	1012058	
42573	1012066	
42573	1012068	
42573	1012083	
42573	1012114	
42573	1012128	
42573	1012278	
42573	1012286	
42573	1012302	
42573	1012318	
42573	1012348	
42573	1012355	
42573	1012405	
42573	1012424	
42573	1012462	
42573	1012505	
42573	1012525	
42573	1012531	
42573	1012546	
42573	1012556	
42573	1012580	
42573	1012632	
42573	1012690	
42573	1012730	
42573	1012733	
42573	1012743	
42573	1012771	
42573	1012801	
42573	1012802	
42573	1012824	
42573	1012877	
42573	1012880	
42573	1012891	
42573	1012915	
42573	1012943	
42573	1012944	
42573	1012967	
42573	1012979	
42573	1012991	
42573	1013004	
42573	1013005	
42573	1013050	
42573	1013054	
42573	1013065	
42573	1013069	
42573	1013095	
42573	1013123	
42573	1013152	
42573	1013166	
42573	1013221	
42573	1013229	
42573	1013243	
42573	1013244	
42573	1013254	
42573	1013286	
42573	1013372	
42573	1013412	
42573	1013419	
42573	1013458	
42573	1013513	
42573	1013527	
42573	1013570	
42573	1013577	
42573	1013588	
42573	1013590	
42573	1013621	
42573	1013622	
42573	1013626	
42573	1013644	
42573	1013763	
42573	1013818	
42573	1013880	
42573	1013913	
42573	1013938	
42573	1013960	
42573	1014026	
42573	1014048	
42573	1014062	
42573	1014078	
42573	1014127	
42573	1014143	
42573	1014145	
42573	1014174	
42573	1014187	
42573	1014296	
42573	1014333	
42573	1014391	
42573	1014407	
42573	1014545	
42573	1014557	
42573	1014736	
42573	1014765	
42573	1014774	
42573	1014804	
42573	1014825	
42573	1014847	
42573	1014856	
42573	1014904	
42573	1014915	
42573	1014916	
42573	1014928	
42573	1014945	
42573	1015000	
42573	1015003	
42573	1015008	
42573	1015014	
42573	1015055	
42573	1015081	
42573	1015098	
42573	1015147	
42573	1015148	
42573	1015168	
42573	1015180	
42573	1015188	
42573	1015213	
42573	1015238	
42573	1015257	
42573	1015260	
42573	1015280	
42573	1015288	
42573	1015309	
42573	1015311	
42573	1015354	
42573	1015357	
42573	1015375	
42573	1015410	
42573	1015447	
42573	1015454	
42573	1015485	
42573	1015491	
42573	1015513	
42573	1015518	
42573	1015523	
42573	1015525	
42573	1015527	
42573	1015530	
42573	1015534	
42573	1015567	
42573	1015573	
42573	1015585	
42573	1015608	
42573	1015639	
42573	1015646	
42573	1015680	
42573	1015699	
42573	1015701	
42573	1015802	
42573	1015812	
42573	1015847	
42573	1015876	
42573	1015882	
42573	1015889	
42573	1015895	
42573	1015896	
42573	1015931	
42573	1015932	
42573	1015953	
42573	1015965	
42573	1016042	
42573	1016065	
42573	1016126	
42573	1016141	
42573	1016186	
42573	1016212	
42573	1016240	
42573	1016243	
42573	1016270	
42573	1016272	
42573	1016283	
42573	1016292	
42573	1016335	
42573	1016355	
42573	1016379	
42573	1016396	
42573	1016460	
42573	1016461	
42573	1016530	
42573	1016534	
42573	1016538	
42573	1016557	
42573	1016560	
42573	1016574	
42573	1016581	
42573	1016597	
42573	1016631	
42573	1016633	
42573	1016648	
42573	1016651	
42573	1016659	
42573	1016677	
42573	1016693	
42573	1016707	
42573	1016969	
42573	1017264	
42573	1017308	
42573	1017676	
42573	1017991	
42573	1018224	
42573	1018235	
42573	1018244	
42573	1018279	
42573	1018288	
42573	1018308	
42573	1018313	
42573	1018315	
42573	1018398	
42573	1018450	
42573	1018458	
42573	1018512	
42573	1018534	
42573	1018582	
42573	1018612	
42573	1018635	
42573	1018667	
42573	1018689	
42573	1018696	
42573	1018731	
42573	1018734	
42573	1018833	
42573	1018873	
42573	1018955	
42573	1018974	
42573	1019020	
42573	1019041	
42573	1019055	
42573	1019069	
42573	1019087	
42573	1019104	
42573	1019118	
42573	1019206	
42573	1019209	
42573	1019310	
42573	1019348	
42573	1019350	
42573	1019429	
42573	1019436	
42573	1019437	
42573	1019443	
42573	1019445	
42573	1019457	
42573	1019559	
42573	1019586	
42573	1019630	
42573	1019646	
42573	1019657	
42573	1019681	
42573	1019708	
42573	1019736	
42573	1019779	
42573	1019810	
42573	1019816	
42573	1019826	
42573	1019906	
42573	1019924	
42573	1019950	
42573	1019976	
42573	1019983	
42573	1020023	
42573	1020059	
42573	1020076	
42573	1020089	
42573	1020094	
42573	1020108	
42573	1020171	
42573	1020226	
42573	1020237	
42573	1020258	
42573	1020330	
42573	1020336	
42573	1020348	
42573	1020354	
42573	1020365	
42573	1020388	
42573	1020397	
42573	1020445	
42573	1020465	
42573	1020482	
42573	1020486	
42573	1020564	
42573	1020600	
42573	1020613	
42573	1020626	
42573	1020655	
42573	1020669	
42573	1020699	
42573	1020756	
42573	1020795	
42573	1020826	
42573	1020827	
42573	1020860	
42573	1020866	
42573	1020910	
42573	1020962	
42573	1021052	
42573	1021162	
42573	1021210	
42573	1021218	
42573	1021297	
42573	1021595	
42573	1021673	
42573	1021699	
42573	1021758	
42573	1021769	
42573	1021898	
42573	1021920	
42573	1021993	
42573	1022015	
42573	1022454	
42573	1022458	
42573	1022547	
42573	1022925	
42573	1023215	
42573	1023302	
42573	1023307	
42573	1023351	
42573	1023389	
42573	1023402	
42573	1023479	
42573	1023537	
42573	1023590	
42573	1023696	
42573	1023755	
42573	1023938	
42573	1024036	
42573	1024300	
42573	1024393	
42573	1024408	
42573	1024435	
42573	1024492	
42573	1024511	
42573	1024622	
42573	1024759	
42573	1024765	
42573	1024904	
42573	1024921	
42573	1024951	
42573	1025009	
42573	1025016	
42573	1025120	
42573	1025180	
42573	1025181	
42573	1025217	
42573	1025235	
42573	1025276	
42573	1025315	
42573	1025325	
42573	1025398	
42573	1025401	
42573	1025473	
42573	1025600	
42573	1025639	
42573	1025720	
42573	1025726	
42573	1025734	
42573	1025785	
42573	1025810	
42573	1025837	
42573	1025859	
42573	1025862	
42573	1025893	
42573	1025966	
42573	1025972	
42573	1025988	
42573	1026020	
42573	1026021	
42573	1026023	
42573	1026032	
42573	1026061	
42573	1026102	
42573	1026204	
42573	1026244	
42573	1026280	
42573	1026435	
42573	1026456	
42573	1026538	
42573	1026575	
42573	1026618	
42573	1026649	
42573	1026651	
42573	1026666	
42573	1026699	
42573	1026776	
42573	1026796	
42573	1026811	
42573	1026846	
42573	1026938	
42573	1026942	
42573	1026946	
42573	1026991	
42573	1027079	
42573	1027161	
42573	1027239	
42573	1027257	
42573	1027287	
42573	1027361	
42573	1027530	
42573	1027586	
42573	1027588	
42573	1027609	
42573	1027660	
42573	1027693	
42573	1027700	
42573	1027722	
42573	1027735	
42573	1027738	
42573	1027747	
42573	1027751	
42573	1027796	
42573	1027821	
42573	1027823	
42573	1027828	
42573	1027841	
42573	1027854	
42573	1027874	
42573	1028003	
42573	1028019	
42573	1028048	
42573	1028070	
42573	1028076	
42573	1028087	
42573	1028136	
42573	1028170	
42573	1028207	
42573	1028224	
42573	1028282	
42573	1028318	
42573	1028362	
42573	1028375	
42573	1028378	
42573	1028382	
42573	1028394	
42573	1028395	
42573	1028445	
42573	1028458	
42573	1028464	
42573	1028469	
42573	1028485	
42573	1028542	
42573	1028557	
42573	1028582	
42573	1028671	
42573	1028713	
42573	1028745	
42573	1028813	
42573	1028850	
42573	1028856	
42573	1028862	
42573	1028981	
42573	1028986	
42573	1028987	
42573	1029016	
42573	1029088	
42573	1029097	
42573	1029116	
42573	1029120	
42573	1029182	
42573	1029211	
42573	1029219	
42573	1029231	
42573	1029236	
42573	1029288	
42573	1029328	
42573	1029331	
42573	1029361	
42573	1029388	
42573	1029399	
42573	1029417	
42573	1029443	
42573	1029482	
42573	1029494	
42573	1029506	
42573	1029548	
42573	1029562	
42573	1029615	
42573	1029622	
42573	1029643	
42573	1029653	
42573	1029670	
42573	1029698	
42573	1029734	
42573	1029863	
42573	1029884	
42573	1029944	
42573	1029953	
42573	1029962	
42573	1029965	
42573	1030089	
42573	1030116	
42573	1030132	
42573	1030141	
42573	1030145	
42573	1030167	
42573	1030176	
42573	1030297	
42573	1030305	
42573	1030329	
42573	1030339	
42573	1030404	
42573	1030454	
42573	1030479	
42573	1030488	
42573	1030510	
42573	1030520	
42573	1030543	
42573	1030581	
42573	1030597	
42573	1030610	
42573	1030623	
42573	1030647	
42573	1030649	
42573	1030675	
42573	1030691	
42573	1030708	
42573	1030724	
42573	1030789	
42573	1030812	
42573	1030825	
42573	1030827	
42573	1030855	
42573	1030932	
42573	1030933	
42573	1030956	
42573	1030964	
42573	1030970	
42573	1030983	
42573	1031079	
42573	1031091	
42573	1031181	
42573	1031232	
42573	1031284	
42573	1031285	
42573	1031296	
42573	1031302	
42573	1031339	
42573	1031383	
42573	1031396	
42573	1031421	
42573	1031526	
42573	1031528	
42573	1031548	
42573	1031652	
42573	1031662	
42573	1031698	
42573	1031716	
42573	1031725	
42573	1031824	
42573	1031831	
42573	1031849	
42573	1031856	
42573	1031886	
42573	1031891	
42573	1031902	
42573	1031953	
42573	1031959	
42573	1032145	
42573	1032181	
42573	1032270	
42573	1032284	
42573	1032303	
42573	1032340	
42573	1032341	
42573	1032359	
42573	1032369	
42573	1032381	
42573	1032534	
42573	1032541	
42573	1032548	
42573	1032652	
42573	1032670	
42573	1032688	
42573	1032716	
42573	1032722	
42573	1032756	
42573	1032815	
42573	1032925	
42573	1032983	
42573	1033024	
42573	1033033	
42573	1033066	
42573	1033114	
42573	1033132	
42573	1033137	
42573	1033140	
42573	1033160	
42573	1033182	
42573	1033210	
42573	1033226	
42573	1033289	
42573	1033316	
42573	1033369	
42573	1033370	
42573	1033372	
42573	1033377	
42573	1033443	
42573	1033444	
42573	1033485	
42573	1033512	
42573	1033513	
42573	1033559	
42573	1033582	
42573	1033592	
42573	1033600	
42573	1033606	
42573	1033624	
42573	1033655	
42573	1033660	
42573	1033671	
42573	1033721	
42573	1033757	
42573	1033823	
42573	1033831	
42573	1033840	
42573	1033879	
42573	1033891	
42573	1033975	
42573	1034025	
42573	1034144	
42573	1034232	
42573	1034249	
42573	1034259	
42573	1034269	
42573	1034318	
42573	1034341	
42573	1034366	
42573	1034369	
42573	1034394	
42573	1034408	
42573	1034428	
42573	1034453	
42573	1034492	
42573	1034494	
42573	1034495	
42573	1034531	
42573	1034569	
42573	1034587	
42573	1034590	
42573	1034624	
42573	1034688	
42573	1034800	
42573	1035023	
42573	1035080	
42573	1035141	
42573	1035184	
42573	1035257	
42573	1035375	
42573	1035381	
42573	1035500	
42573	1035563	
42573	1035592	
42573	1035798	
42573	1035967	
42573	1035993	
42573	1036010	
42573	1036143	
42573	1036144	
42573	1036157	
42573	1036190	
42573	1036194	
42573	1036225	
42573	1036314	
42573	1036423	
42573	1036462	
42573	1036538	
42573	1036615	
42573	1036998	
42573	1037214	
42573	1037234	
42573	1037392	
42573	1037438	
42573	1037467	
42573	1037476	
42573	1037484	
42573	1037498	
42573	1037511	
42573	1037524	
42573	1037606	
42573	1038600	
42573	1038771	
42573	1038844	
42573	1038863	
42573	1038884	
42573	1038960	
42573	1039125	
42573	1039183	
42573	1039255	
42573	1039280	
42573	1039340	
42573	1039395	
42573	1039405	
42573	1039436	
42573	1039456	
42573	1039464	
42573	1039485	
42573	1039500	
42573	1039506	
42573	1039507	
42573	1039532	
42573	1039534	
42573	1039559	
42573	1039566	
42573	1039600	
42573	1039642	
42573	1039660	
42573	1039672	
42573	1039681	
42573	1039685	
42573	1039692	
42573	1039729	
42573	1039763	
42573	1039783	
42573	1039895	
42573	1039947	
42573	1040107	
42573	1040189	
42573	1040207	
42573	1040410	
42573	1040795	
42573	1040811	
42573	1040975	
42573	1041079	
42573	1041117	
42573	1041161	
42573	1041185	
42573	1041201	
42573	1041228	
42573	1041250	
42573	1041277	
42573	1041318	
42573	1041408	
42573	1041415	
42573	1041418	
42573	1041440	
42573	1041447	
42573	1041474	
42573	1041486	
42573	1041490	
42573	1041515	
42573	1041517	
42573	1041527	
42573	1041536	
42573	1041542	
42573	1041558	
42573	1041589	
42573	1041590	
42573	1041621	
42573	1041628	
42573	1041645	
42573	1041647	
42573	1041675	
42573	1041676	
42573	1041682	
42573	1041704	
42573	1041718	
42573	1041803	
42573	1041807	
42573	1041838	
42573	1041848	
42573	1041868	
42573	1041875	
42573	1041883	
42573	1041905	
42573	1041924	
42573	1041936	
42573	1041949	
42573	1041955	
42573	1041957	
42573	1041963	
42573	1041978	
42573	1041980	
42573	1041983	
42573	1041990	
42573	1041995	
42573	1042002	
42573	1042013	
42573	1042020	
42573	1042044	
42573	1042049	
42573	1042066	
42573	1042095	
42573	1042096	
42573	1042146	
42573	1042178	
42573	1042188	
42573	1042205	
42573	1042215	
42573	1042219	
42573	1042242	
42573	1042246	
42573	1042249	
42573	1042259	
42573	1042267	
42573	1042278	
42573	1042300	
42573	1042303	
42573	1042309	
42573	1042324	
42573	1042334	
42573	1042340	
42573	1042390	
42573	1042407	
42573	1042434	
42573	1042436	
42573	1042467	
42573	1042476	
42573	1042494	
42573	1042503	
42573	1042531	
42573	1042535	
42573	1042538	
42573	1042629	
42573	1042636	
42573	1042651	
42573	1042660	
42573	1042668	
42573	1042669	
42573	1042688	
42573	1042707	
42573	1042708	
42573	1042717	
42573	1042730	
42573	1042736	
42573	1042742	
42573	1042744	
42573	1042756	
42573	1042758	
42573	1042759	
42573	1042781	
42573	1042784	
42573	1042793	
42573	1042829	
42573	1042873	
42573	1042878	
42573	1042902	
42573	1042932	
42573	1042957	
42573	1042962	
42573	1042971	
42573	1042989	
42573	1042996	
42573	1043047	
42573	1043048	
42573	1043064	
42573	1043096	
42573	1043098	
42573	1043138	
42573	1043142	
42573	1043146	
42573	1043147	
42573	1043163	
42573	1043196	
42573	1043207	
42573	1043225	
42573	1043241	
42573	1043257	
42573	1043259	
42573	1043275	
42573	1043284	
42573	1043297	
42573	1043430	
42573	1043592	
42573	1043604	
42573	1043730	
42573	1043737	
42573	1043836	
42573	1043899	
42573	1043947	
42573	1043951	
42573	1043983	
42573	1043998	
42573	1044108	
42573	1044331	
42573	1044432	
42573	1044435	
42573	1044489	
42573	1044497	
42573	1044611	
42573	1044660	
42573	1044702	
42573	1044749	
42573	1044777	
42573	1044795	
42573	1044834	
42573	1044946	
42573	1045086	
42573	1045094	
42573	1045100	
42573	1045179	
42573	1045215	
42573	1045289	
42573	1045299	
42573	1045493	
42573	1045648	
42573	1045728	
42573	1045785	
42573	1045791	
42573	1045792	
42573	1045833	
42573	1045961	
42573	1045972	
42573	1045994	
42573	1046020	
42573	1046037	
42573	1046092	
42573	1046149	
42573	1046276	
42573	1046319	
42573	1046369	
42573	1046401	
42573	1046600	
42573	1046614	
42573	1046617	
42573	1046632	
42573	1046677	
42573	1046706	
42573	1046730	
42573	1046736	
42573	1046937	
42573	1047061	
42573	1047109	
42573	1047112	
42573	1047158	
42573	1047182	
42573	1047298	
42573	1047349	
42573	1047356	
42573	1047483	
42573	1047558	
42573	1047639	
42573	1047801	
42573	1047819	
42573	1047838	
42573	1047859	
42573	1047862	
42573	1047889	
42573	1047942	
42573	1047994	
42573	1048058	
42573	1048170	
42573	1048298	
42573	1048370	
42573	1048482	
42573	1048504	
42573	1048599	
42573	1048608	
42573	1048686	
42573	1048750	
42573	1048795	
42573	1048804	
42573	1048909	
42573	1048912	
42573	1048939	
42573	1048962	
42573	1048963	
42573	1049032	
42573	1049067	
42573	1049160	
42573	1049228	
42573	1049256	
42573	1049293	
42573	1049323	
42573	1049334	
42573	1049474	
42573	1049514	
42573	1049581	
42573	1049643	
42573	1049724	
42573	1049802	
42573	1049859	
42573	1049866	
42573	1049894	
42573	1049895	
42573	1049932	
42573	1050031	
42573	1050056	
42573	1050092	
42573	1050093	
42573	1050139	
42573	1050209	
42573	1050297	
42573	1050352	
42573	1050365	
42573	1050478	
42573	1050756	
42573	1050795	
42573	1050852	
42573	1050883	
42573	1050985	
42573	1051062	
42573	1051301	
42573	1051617	
42573	1051622	
42573	1051691	
42573	1051796	
42573	1051862	
42573	1051942	
42573	1052206	
42573	1052605	
42573	1052619	
42573	1052769	
42573	1052946	
42573	1053034	
42573	1053048	
42573	1053150	
42573	1053151	
42573	1053218	
42573	1053314	
42573	1053322	
42573	1053493	
42573	1053521	
42573	1053690	
42573	1053719	
42573	1053790	
42573	1053979	
42573	1054020	
42573	1054134	
42573	1054194	
42573	1054207	
42573	1054213	
42573	1054249	
42573	1054360	
42573	1054369	
42573	1054377	
42573	1054416	
42573	1054440	
42573	1054565	
42573	1054662	
42573	1054800	
42573	1054816	
42573	1054887	
42573	1054973	
42573	1054975	
42573	1054982	
42573	1055022	
42573	1055115	
42573	1055198	
42573	1055258	
42573	1055352	
42573	1055371	
42573	1055430	
42573	1055469	
42573	1055507	
42573	1055557	
42573	1055586	
42573	1055607	
42573	1055722	
42573	1055750	
42573	1055828	
42573	1055843	
42573	1055873	
42573	1055916	
42573	1055933	
42573	1055996	
42573	1056060	
42573	1056114	
42573	1056198	
42573	1056214	
42573	1056245	
42573	1056390	
42573	1056451	
42573	1056557	
42573	1056619	
42573	1056680	
42573	1056779	
42573	1056851	
42573	1056948	
42573	1057002	
42573	1057011	
42573	1057055	
42573	1057072	
42573	1057203	
42573	1057210	
42573	1057242	
42573	1057252	
42573	1057266	
42573	1057276	
42573	1057300	
42573	1057363	
42573	1057364	
42573	1057368	
42573	1057387	
42573	1057535	
42573	1057671	
42573	1057790	
42573	1058071	
42573	1058128	
42573	1058786	
42573	1059025	
42573	1059067	
42573	1059116	
42573	1059677	
42573	1059816	
42573	1059881	
42573	1060925	
42573	1061192	
42573	1061642	
42573	1061691	
42573	1061728	
42573	1061744	
42573	1061856	
42573	1062170	
42573	1062245	
42573	1062299	
42573	1062364	
42573	1062591	
42573	1063079	
42573	1063441	
42573	1063486	
42573	1063747	
42573	1064205	
42573	1064566	
42573	1064701	
42573	1064850	
42573	1064880	
42573	1064881	
42573	1064969	
42573	1065033	
42573	1065048	
42573	1065075	
42573	1065095	
42573	1065228	
42573	1065377	
42573	1065391	
42573	1065404	
42573	1065544	
42573	1065559	
42573	1065572	
42573	1065591	
42573	1065610	
42573	1065653	
42573	1065676	
42573	1065697	
42573	1065796	
42573	1065815	
42573	1065827	
42573	1065844	
42573	1065867	
42573	1065937	
42573	1065964	
42573	1066043	
42573	1066071	
42573	1066072	
42573	1066094	
42573	1066096	
42573	1066222	
42573	1066249	
42573	1066252	
42573	1066258	
42573	1066266	
42573	1066560	
42573	1066569	
42573	1066731	
42573	1066996	
42573	1067187	
42573	1067250	
42573	1067307	
42573	1067328	
42573	1067341	
42573	1067350	
42573	1067366	
42573	1067385	
42573	1067470	
42573	1067475	
42573	1067564	
42573	1067607	
42573	1067617	
42573	1067626	
42573	1067807	
42573	1067948	
42573	1068001	
42573	1068009	
42573	1068102	
42573	1068178	
42573	1068180	
42573	1068240	
42573	1068252	
42573	1068286	
42573	1068290	
42573	1068295	
42573	1068312	
42573	1068314	
42573	1068388	
42573	1068442	
42573	1068664	
42573	1068773	
42573	1068829	
42573	1068848	
42573	1068979	
42573	1068993	
42573	1069032	
42573	1069092	
42573	1069103	
42573	1069136	
42573	1069165	
42573	1069193	
42573	1069208	
42573	1069252	
42573	1069779	
42573	1069788	
42573	1070030	
42573	1070097	
42573	1070292	
42573	1070342	
42573	1070432	
42573	1070888	
42573	1070932	
42573	1071169	
42573	1071225	
42573	1071567	
42573	1071668	
42573	1071697	
42573	1072609	
42573	1072649	
42573	1072671	
42573	1072720	
42573	1072736	
42573	1072755	
42573	1073090	
42573	1073127	
42573	1073131	
42573	1073241	
42573	1074242	
42573	1074376	
42573	1074565	
42573	1074801	
42573	1074890	
42573	1075250	
42573	1075254	
42573	1075262	
42573	1075264	
42573	1075268	
42573	1075269	
42573	1075274	
42573	1075275	
42573	1075277	
42573	1075278	
42573	1075280	
42573	1075283	
42573	1075292	
42573	1075294	
42573	1075297	
42573	1075305	
42573	1075310	
42573	1075311	
42573	1075312	
42573	1075313	
42573	1075314	
42573	1075317	
42573	1075355	
42573	1075359	
42573	1075362	
42573	1075368	
42573	1075373	
42573	1075388	
42573	1075393	
42573	1075395	
42573	1075402	
42573	1075404	
42573	1075406	
42573	1075408	
42573	1075409	
42573	1075411	
42573	1075414	
42573	1075423	
42573	1075427	
42573	1075429	
42573	1075430	
42573	1075431	
42573	1075435	
42573	1075437	
42573	1075440	
42573	1075443	
42573	1075448	
42573	1075457	
42573	1075462	
42573	1075465	
42573	1075630	
42573	1075632	
42573	1075644	
42573	1075649	
42573	1075666	
42573	1075713	
42573	1076269	
42573	1076513	
42573	1076767	
42573	1076865	
42573	1076884	
42573	1076898	
42573	1076922	
42573	1076980	
42573	1077013	
42573	1077127	
42573	1077179	
42573	1077237	
42573	1077331	
42573	1077433	
42573	1077540	
42573	1077605	
42573	1077609	
42573	1077664	
42573	1077700	
42573	1077872	
42573	1078008	
42573	1078558	
42573	1078652	
42573	1078824	
42573	1078937	
42573	1078985	
42573	1079656	
42573	1080547	
42573	1080750	
42573	1080919	
42573	1081519	
42573	1081745	
42573	1081824	
42573	1081836	
42573	1082152	
42573	1082161	
42573	1082211	
42573	1082458	
42573	1082564	
42573	1082648	
42573	1082698	
42573	1082784	
42573	1082819	
42573	1082859	
42573	1082890	
42573	1083164	
42573	1083171	
42573	1083428	
42573	1083506	
42573	1083521	
42573	1083525	
42573	1083668	
42573	1083681	
42573	1083692	
42573	1083740	
42573	1083806	
42573	1083828	
42573	1083863	
42573	1083875	
42573	1083896	
42573	1083928	
42573	1083950	
42573	1083986	
42573	1083990	
42573	1084001	
42573	1084033	
42573	1084081	
42573	1084148	
42573	1084202	
42573	1084280	
42573	1084296	
42573	1084342	
42573	1084382	
42573	1084492	
42573	1084517	
42573	1084545	
42573	1084557	
42573	1084584	
42573	1084606	
42573	1084617	
42573	1084644	
42573	1084695	
42573	1084817	
42573	1084901	
42573	1084913	
42573	1084943	
42573	1085001	
42573	1085023	
42573	1085027	
42573	1085060	
42573	1085101	
42573	1085172	
42573	1085242	
42573	1085310	
42573	1085342	
42573	1085411	
42573	1085424	
42573	1085441	
42573	1085533	
42573	1085542	
42573	1085759	
42573	1085944	
42573	1085991	
42573	1086003	
42573	1086017	
42573	1086022	
42573	1086212	
42573	1086230	
42573	1086231	
42573	1086236	
42573	1086237	
42573	1086239	
42573	1086240	
42573	1086253	
42573	1086254	
42573	1086261	
42573	1086698	
42573	1088076	
42573	1088136	
42573	1088468	
42573	1088504	
42573	1088670	
42573	1088835	
42573	1090072	
42573	1090264	
42573	1090367	
42573	1090445	
42573	1090628	
42573	1090707	
42573	1090874	
42573	1090949	
42573	1090979	
42573	1091077	
42573	1091096	
42573	1091105	
42573	1091237	
42573	1091258	
42573	1091335	
42573	1091390	
42573	1091391	
42573	1091429	
42573	1091443	
42573	1091479	
42573	1091681	
42573	1092364	
42573	1093254	
42573	1094224	
42573	1094516	
42573	1094676	
42573	1094856	
42573	1094937	
42573	1094958	
42573	1095047	
42573	1095138	
42573	1095219	
42573	1095220	
42573	1095223	
42573	1095236	
42573	1095890	
42573	1096509	
42573	1096971	
42573	1097039	
42573	1097439	
42573	1097796	
42573	1097955	
42573	1098001	
42573	1098697	
42573	1099178	
42573	1099302	
42573	1100039	
42573	1100753	
42573	1101337	
42573	1101681	
42573	1101695	
42573	1101895	
42573	1102064	
42573	1102107	
42573	1102275	
42573	1102292	
42573	1102298	
42573	1102471	
42573	1102951	
42573	1103615	
42573	1103668	
42573	1104109	
42573	1104508	
42573	1104660	
42573	1104772	
42573	1104878	
42573	1104972	
42573	1105056	
42573	1105351	
42573	1105382	
42573	1105511	
42573	1106308	
42573	1106439	
42573	1106442	
42573	1106498	
42573	1106514	
42573	1106787	
42573	1106882	
42573	1106973	
42573	1106997	
42573	1107035	
42573	1107081	
42573	1107270	
42573	1107539	
42573	1107963	
42573	1108259	
42573	1109008	
42573	1109355	
42573	1109398	
42573	1109402	
42573	1109459	
42573	1109460	
42573	1109488	
42573	1109508	
42573	1109536	
42573	1109662	
42573	1109707	
42573	1109719	
42573	1109777	
42573	1109782	
42573	1109842	
42573	1109882	
42573	1109913	
42573	1109955	
42573	1110003	
42573	1110018	
42573	1110098	
42573	1110125	
42573	1110148	
42573	1110219	
42573	1110267	
42573	1110367	
42573	1110465	
42573	1110469	
42573	1110507	
42573	1110512	
42573	1110523	
42573	1110566	
42573	1110585	
42573	1110598	
42573	1110612	
42573	1110613	
42573	1110720	
42573	1110884	
42573	1111270	
42573	1111283	
42573	1111507	
42573	1111524	
42573	1111952	
42573	1112029	
42573	1112080	
42573	1112410	
42573	1112458	
42573	1112890	
42573	1112900	
42573	1112944	
42573	1112966	
42573	1113053	
42573	1113085	
42573	1113093	
42573	1113204	
42573	1113205	
42573	1113301	
42573	1113311	
42573	1114714	
42573	1114771	
42573	1114800	
42573	1114802	
42573	1114847	
42573	1115035	
42573	1115153	
42573	1115171	
42573	1115352	
42573	1115568	
42573	1115602	
42573	1115644	
42573	1115664	
42573	1115958	
42573	1116097	
42573	1116360	
42573	1117183	
42573	1117206	
42573	1117237	
42573	1117622	
42573	1117717	
42573	1118301	
42573	1118348	
42573	1118366	
42573	1118466	
42573	1118499	
42573	1118503	
42573	1118711	
42573	1118728	
42573	1118962	
42573	1119563	
42573	1120268	
42573	1120889	
42573	1120978	
42573	1121238	
42573	1121275	
42573	1121276	
42573	1121386	
42573	1121667	
42573	1121798	
42573	1122082	
42573	1123009	
42573	1123015	
42573	1123090	
42573	1123133	
42573	1123226	
42573	1123242	
42573	1123244	
42573	1123257	
42573	1123305	
42573	1123323	
42573	1123339	
42573	1123345	
42573	1123364	
42573	1123380	
42573	1123441	
42573	1123444	
42573	1123494	
42573	1123502	
42573	1123514	
42573	1123538	
42573	1123573	
42573	1123588	
42573	1123600	
42573	1123631	
42573	1123640	
42573	1123641	
42573	1123668	
42573	1123675	
42573	1123755	
42573	1123761	
42573	1123951	
42573	1123994	
42573	1123998	
42573	1124003	
42573	1124007	
42573	1124011	
42573	1124014	
42573	1124021	
42573	1124038	
42573	1124065	
42573	1124214	
42573	1124240	
42573	1124248	
42573	1124249	
42573	1124254	
42573	1124267	
42573	1124276	
42573	1124323	
42573	1124326	
42573	1124330	
42573	1124336	
42573	1124345	
42573	1124354	
42573	1124359	
42573	1124362	
42573	1124387	
42573	1124447	
42573	1124463	
42573	1124465	
42573	1124474	
42573	1124494	
42573	1124525	
42573	1124550	
42573	1124554	
42573	1124667	
42573	1124844	
42573	1124908	
42573	1124924	
42573	1125056	
42573	1125109	
42573	1125119	
42573	1125138	
42573	1125185	
42573	1125190	
42573	1125232	
42573	1125238	
42573	1125245	
42573	1125273	
42573	1125279	
42573	1125305	
42573	1125306	
42573	1125321	
42573	1125326	
42573	1125352	
42573	1125358	
42573	1125382	
42573	1125409	
42573	1125410	
42573	1125456	
42573	1125470	
42573	1125473	
42573	1125488	
42573	1125497	
42573	1125505	
42573	1125532	
42573	1125542	
42573	1125543	
42573	1125557	
42573	1125563	
42573	1125600	
42573	1125622	
42573	1125639	
42573	1125672	
42573	1125707	
42573	1125724	
42573	1125775	
42573	1125821	
42573	1125827	
42573	1125867	
42573	1125900	
42573	1125905	
42573	1125914	
42573	1125935	
42573	1125955	
42573	1125958	
42573	1126031	
42573	1126036	
42573	1126041	
42573	1126044	
42573	1126048	
42573	1126051	
42573	1126077	
42573	1126090	
42573	1126115	
42573	1126183	
42573	1126234	
42573	1126237	
42573	1126242	
42573	1126255	
42573	1126277	
42573	1126293	
42573	1126308	
42573	1126324	
42573	1126349	
42573	1126360	
42573	1126361	
42573	1126380	
42573	1126383	
42573	1126394	
42573	1126405	
42573	1126410	
42573	1126450	
42573	1126468	
42573	1126481	
42573	1126508	
42573	1126510	
42573	1126555	
42573	1126563	
42573	1126570	
42573	1126591	
42573	1126659	
42573	1126679	
42573	1126687	
42573	1126699	
42573	1126743	
42573	1126745	
42573	1126754	
42573	1126796	
42573	1126831	
42573	1126837	
42573	1126853	
42573	1126869	
42573	1126874	
42573	1126880	
42573	1126888	
42573	1126900	
42573	1126914	
42573	1126944	
42573	1126950	
42573	1126976	
42573	1127091	
42573	1127097	
42573	1127111	
42573	1127114	
42573	1127265	
42573	1127423	
42573	1127836	
42573	1127914	
42573	1127926	
42573	1128003	
42573	1128101	
42573	1128626	
42573	1129135	
42573	1129632	
42573	1129698	
42573	1130069	
42573	1130093	
42573	1130095	
42573	1130098	
42573	1130265	
42573	1130271	
42573	1130279	
42573	1130292	
42573	1130293	
42573	1130308	
42573	1130316	
42573	1130331	
42573	1130346	
42573	1130360	
42573	1130364	
42573	1130373	
42573	1130375	
42573	1130395	
42573	1130400	
42573	1130416	
42573	1130437	
42573	1130442	
42573	1130452	
42573	1130457	
42573	1130460	
42573	1130464	
42573	1130467	
42573	1130567	
42573	1130580	
42573	1130586	
42573	1130596	
42573	1130597	
42573	1130616	
42573	1130664	
42573	1130700	
42573	1130711	
42573	1130720	
42573	1130741	
42573	1130781	
42573	1130786	
42573	1130788	
42573	1130828	
42573	1130872	
42573	1130891	
42573	1130927	
42573	1130947	
42573	1130951	
42573	1130958	
42573	1130978	
42573	1130992	
42573	1131030	
42573	1131048	
42573	1131071	
42573	1131077	
42573	1131112	
42573	1131120	
42573	1131130	
42573	1131137	
42573	1131147	
42573	1131159	
42573	1131189	
42573	1131195	
42573	1131196	
42573	1131204	
42573	1131252	
42573	1131255	
42573	1131269	
42573	1131278	
42573	1131284	
42573	1131326	
42573	1131355	
42573	1131381	
42573	1131402	
42573	1131435	
42573	1131451	
42573	1131466	
42573	1131471	
42573	1131489	
42573	1131503	
42573	1131536	
42573	1131540	
42573	1131563	
42573	1131565	
42573	1131576	
42573	1131619	
42573	1131630	
42573	1131659	
42573	1131717	
42573	1131734	
42573	1131736	
42573	1131741	
42573	1131762	
42573	1131797	
42573	1131817	
42573	1131824	
42573	1131832	
42573	1131833	
42573	1131837	
42573	1131842	
42573	1131852	
42573	1131873	
42573	1131909	
42573	1131953	
42573	1131964	
42573	1131990	
42573	1132010	
42573	1132014	
42573	1132042	
42573	1132060	
42573	1132065	
42573	1132085	
42573	1132088	
42573	1132107	
42573	1132110	
42573	1132129	
42573	1132137	
42573	1132152	
42573	1132159	
42573	1132160	
42573	1132187	
42573	1132192	
42573	1132208	
42573	1132216	
42573	1132220	
42573	1132242	
42573	1132246	
42573	1132248	
42573	1132259	
42573	1132290	
42573	1132558	
42573	1132733	
42573	1132811	
42573	1132874	
42573	1133134	
42573	1134338	
42573	1135290	
42573	1136001	
42573	1137036	
42573	1137096	
42573	1137225	
42573	1137267	
42573	1137496	
42573	1140651	
42573	1140896	
42573	1140980	
42573	1140992	
42573	1141007	
42573	1141033	
42573	1141149	
42573	1141191	
42573	1141195	
42573	1141346	
42573	1141350	
42573	1141389	
42573	1141585	
42573	1141677	
42573	1141686	
42573	1142078	
42573	1142109	
42573	1142176	
42573	1142217	
42573	1142354	
42573	1142412	
42573	1142447	
42573	1142485	
42573	1142633	
42573	1142808	
42573	1142822	
42573	1142930	
42573	1142975	
42573	1143020	
42573	1143070	
42573	1143257	
42573	1143295	
42573	1143670	
42573	1144002	
42573	1144183	
42573	1144361	
42573	1144702	
42573	1144713	
42573	1144911	
42573	1145097	
42573	1145255	
42573	1145264	
42573	1145326	
42573	1145500	
42573	1145755	
42573	1145811	
42573	1145860	
42573	1145941	
42573	1146146	
42573	1146392	
42573	1146494	
42573	1146545	
42573	1146599	
42573	1146793	
42573	1146794	
42573	1146803	
42573	1146896	
42573	1147022	
42573	1147396	
42573	1147437	
42573	1147502	
42573	1147800	
42573	1147943	
42573	1147949	
42573	1148102	
42573	1148121	
42573	1148147	
42573	1148397	
42573	1148741	
42573	1148885	
42573	1148969	
42573	1149000	
42573	1149037	
42573	1149215	
42573	1149220	
42573	1149342	
42573	1149421	
42573	1149583	
42573	1149973	
42573	1150002	
42573	1150019	
42573	1150035	
42573	1150358	
42573	1150598	
42573	1150608	
42573	1150646	
42573	1150707	
42573	1151360	
42573	1151398	
42573	1151664	
42573	1151753	
42573	1151798	
42573	1152042	
42573	1152094	
42573	1152582	
42573	1153098	
42573	1153126	
42573	1153296	
42573	1154360	
42573	1154849	
42573	1154909	
42573	1155083	
42573	1155225	
42573	1155239	
42573	1155271	
42573	1155793	
42573	1155938	
42573	1156005	
42573	1156403	
42573	1156464	
42573	1156509	
42573	1156633	
42573	1156656	
42573	1156713	
42573	1156760	
42573	1157219	
42573	1157239	
42573	1157327	
42573	1157430	
42573	1157599	
42573	1157615	
42573	1157814	
42573	1158118	
42573	1158508	
42573	1158571	
42573	1159054	
42573	1159078	
42573	1159297	
42573	1159343	
42573	1159499	
42573	1159793	
42573	1160264	
42573	1160333	
42573	1160832	
42573	1161795	
42573	1162284	
42573	1162422	
42573	1162478	
42573	1162512	
42573	1162523	
42573	1162622	
42573	1162661	
42573	1162695	
42573	1163023	
42573	1163061	
42573	1163081	
42573	1163096	
42573	1163203	
42573	1163284	
42573	1163388	
42573	1163767	
42573	1163892	
42573	1164046	
42573	1164284	
42573	1164388	
42573	1164453	
42573	1164663	
42573	1164670	
42573	1165453	
42573	1165459	
42573	1165593	
42573	1165752	
42573	1166611	
42573	1167183	
42573	1167331	
42573	1168306	
42573	1168644	
42573	1168806	
42573	1168813	
42573	1168822	
42573	1169652	
42573	1169945	
42573	1170542	
42573	1170717	
42573	1170792	
42573	1172066	
42573	1172141	
42573	1172209	
42573	1172492	
42573	1172782	
42573	1173502	
42573	1173579	
42573	1173779	
42573	1173822	
42573	1174046	
42573	1174151	
42573	1174646	
42573	1174659	
42573	1175333	
42573	1175755	
42573	1176445	
42573	1178001	
42573	1178160	
42573	1178775	
42573	1179267	
42573	1179354	
42573	1179490	
42573	1180468	
42573	1181742	
42573	1182533	
42573	1182623	
42573	1182634	
42573	1182700	
42573	1182888	
42573	1182945	
42573	1183129	
42573	1183697	
42573	1184229	
42573	1184389	
42573	1184631	
42573	1185315	
42573	1185382	
42573	1185409	
42573	1185652	
42573	1185665	
42573	1186001	
42573	1186019	
42573	1186121	
42573	1186185	
42573	1186198	
42573	1186655	
42573	1186777	
42573	1187191	
42573	1187515	
42573	1187751	
42573	1187930	
42573	1188754	
42573	1189433	
42573	1189487	
42573	1189627	
42573	1189629	
42573	1189798	
42573	1189804	
42573	1189880	
42573	1189947	
42573	1189972	
42573	1189987	
42573	1189996	
42573	1190007	
42573	1190023	
42573	1190047	
42573	1190090	
42573	1190099	
42573	1190230	
42573	1190243	
42573	1190256	
42573	1190277	
42573	1190296	
42573	1190302	
42573	1190341	
42573	1190356	
42573	1190361	
42573	1190386	
42573	1190401	
42573	1190459	
42573	1190479	
42573	1190507	
42573	1190545	
42573	1190599	
42573	1190624	
42573	1190628	
42573	1190661	
42573	1190705	
42573	1190717	
42573	1190741	
42573	1190760	
42573	1190811	
42573	1190824	
42573	1190839	
42573	1190861	
42573	1190895	
42573	1190943	
42573	1190954	
42573	1190957	
42573	1190964	
42573	1190994	
42573	1191011	
42573	1191014	
42573	1191084	
42573	1191220	
42573	1191232	
42573	1191324	
42573	1191375	
42573	1191463	
42573	1191501	
42573	1191515	
42573	1191519	
42573	1191538	
42573	1191540	
42573	1191566	
42573	1191585	
42573	1191628	
42573	1191686	
42573	1191689	
42573	1191700	
42573	1191708	
42573	1191723	
42573	1191761	
42573	1191765	
42573	1191800	
42573	1191816	
42573	1191827	
42573	1191835	
42573	1191843	
42573	1191848	
42573	1191873	
42573	1191882	
42573	1191890	
42573	1191969	
42573	1191974	
42573	1192047	
42573	1192065	
42573	1192115	
42573	1192154	
42573	1192175	
42573	1192179	
42573	1192238	
42573	1192252	
42573	1192255	
42573	1192279	
42573	1192305	
42573	1192319	
42573	1192323	
42573	1192331	
42573	1192357	
42573	1192423	
42573	1192510	
42573	1192526	
42573	1192587	
42573	1192633	
42573	1192655	
42573	1193305	
42573	1193395	
42573	1193451	
42573	1193509	
42573	1194098	
42573	1194365	
42573	1195106	
42573	1196550	
42573	1199096	
42573	1200180	
42573	1200525	
42573	1201257	
42573	1202060	
42573	1202077	
42573	1204763	
42573	1204764	
42573	1205037	
42573	1205151	
42573	1205535	
42573	1206036	
42573	1209788	
42573	1210685	
42573	1210975	
42573	1211089	
42573	1211809	
42573	1211892	
42573	1211965	
42573	1212064	
42573	1212102	
42573	1212120	
42573	1212272	
42573	1212297	
42573	1212529	
42573	1212625	
42573	1212659	
42573	1212740	
42573	1212925	
42573	1212929	
42573	1212943	
42573	1213035	
42573	1213072	
42573	1213129	
42573	1213231	
42573	1213883	
42573	1213972	
42573	1214031	
42573	1214093	
42573	1214451	
42573	1214654	
42573	1214669	
42573	1215052	
42573	1215203	
42573	1215577	
42573	1215619	
42573	1216003	
42573	1216124	
42573	1216278	
42573	1216312	
42573	1216436	
42573	1216454	
42573	1216532	
42573	1216548	
42573	1216634	
42573	1216804	
42573	1216909	
42573	1216911	
42573	1217366	
42573	1217435	
42573	1217481	
42573	1217530	
42573	1217611	
42573	1217679	
42573	1217682	
42573	1217700	
42573	1217713	
42573	1217721	
42573	1217810	
42573	1217855	
42573	1217861	
42573	1218174	
42573	1218259	
42573	1218269	
42573	1218274	
42573	1218289	
42573	1218302	
42573	1218329	
42573	1218330	
42573	1218451	
42573	1218488	
42573	1218556	
42573	1218633	
42573	1218726	
42573	1218770	
42573	1218782	
42573	1218835	
42573	1218900	
42573	1219005	
42573	1219055	
42573	1219067	
42573	1219068	
42573	1219099	
42573	1219149	
42573	1219223	
42573	1219256	
42573	1219275	
42573	1219318	
42573	1219502	
42573	1219557	
42573	1222173	
42573	1222433	
42573	1222784	
42573	1223161	
42573	1223431	
42573	1223551	
42573	1223967	
42573	1224112	
42573	1224207	
42573	1224368	
42573	1224607	
42573	1225326	
42573	1225375	
42573	1225446	
42573	1225447	
42573	1225490	
42573	1225493	
42573	1225498	
42573	1225655	
42573	1225673	
42573	1225775	
42573	1225836	
42573	1225849	
42573	1225850	
42573	1225870	
42573	1225991	
42573	1226064	
42573	1226084	
42573	1226125	
42573	1226143	
42573	1226144	
42573	1226145	
42573	1226439	
42573	1226447	
42573	1226512	
42573	1226638	
42573	1226874	
42573	1227107	
42573	1227111	
42573	1227204	
42573	1227585	
42573	1227718	
42573	1227745	
42573	1228093	
42573	1228312	
42573	1228698	
42573	1228783	
42573	1228968	
42573	1229173	
42573	1229214	
