43308	1607355	
360450	1607355	
509198	1607355	
988033	1607355	
1190522	1607355	
990856	1607355	
1323603	1607355	
1015378	1607355	
1107871	1607355	
1142595	1607355	
1164499	1607355	
1194371	1607355	
1266061	1607355	
1268026	1607355	
1322857	1607355	
1391765	1607355	
1290312	1607355	
1417657	1607355	
1417667	1607355	
1417674	1607355	
1417719	1607355	
1417762	1607355	
1417767	1607355	
1417784	1607355	
1417792	1607355	
1417939	1607355	
1417959	1607355	
1400288	1607355	
1400432	1607355	
1486937	1607355	
1360195	1607355	
1425088	1607355	
1607352	1607355	
1544394	1607355	
1474923	1607355	
1480655	1607355	
1548074	1607355	
1607316	1607355	
1607318	1607355	
1607321	1607355	
1607322	1607355	
1607326	1607355	
1607347	1607355	
1607349	1607355	
1607355	1607357	
1607355	1607360	
1607355	1607367	
1607355	1607370	
1607355	1607371	
1607355	1607380	
1607355	1607381	
1607355	1607384	
1607355	1607390	
1607355	1607394	
1607355	1607398	
1607355	1607399	
1607355	1607404	
1607355	1607407	
1607355	1607410	
1607355	1607414	
1607355	1607422	
1607355	1607426	
1607355	1607428	
1607355	1607434	
1607355	1607440	
1607355	1607441	
1607355	1607456	
1607355	1607457	
1607355	1607463	
1607355	1607464	
1607355	1607466	
1607355	1607467	
1607355	1607471	
1607355	1607478	
1607355	1607479	
1607355	1607485	
1607355	1607490	
1607355	1607494	
1607355	1607503	
1607355	1627051	
1607355	1653645	
1607355	1666670	
1607355	1725794	
1607355	1944166	
1607355	2012201	
1607355	2106223	
1607355	2233988	
1607355	2328313	
1607355	2328838	
1607355	2339149	
1607355	2340259	
1607355	2413390	
1607355	2521326	
1607355	2544411	
1607355	2562397	
1607355	2615139	
1607355	2750797	
692	43308	
8123	360450	
12241	509198	
50360	2012201	
42610	1164499	
44198	1607380	
46432	1944166	
42713	1015378	
42713	1627051	
43296	1190522	
55893	2106223	
42139	988033	
42165	988033	
42165	1190522	
42176	43308	
42179	990856	
42183	43308	
42189	43308	
42195	43308	
42201	43308	
42224	1323603	
42231	43308	
42241	990856	
42257	1015378	
42273	1015378	
42308	43308	
42322	988033	
42325	43308	
42340	43308	
42374	1107871	
42383	43308	
42385	43308	
42393	43308	
42398	43308	
42412	43308	
42428	1142595	
42429	988033	
42429	1190522	
42429	1323603	
42431	988033	
42432	43308	
42439	1107871	
42493	1015378	
42512	43308	
42514	1190522	
42525	1164499	
42530	1194371	
42549	1194371	
42553	43308	
42565	43308	
42573	988033	
42582	43308	
42583	1194371	
42597	1015378	
42604	988033	
42604	1266061	
42604	1268026	
42620	43308	
42623	43308	
42652	1015378	
42652	1322857	
42652	1323603	
42681	1391765	
42708	1290312	
42717	43308	
42783	1417657	
42783	1417667	
42783	1417674	
42783	1417719	
42783	1417762	
42783	1417767	
42783	1417784	
42783	1417792	
42783	1417939	
42783	1417959	
42788	1400288	
42788	1400432	
42789	43308	
42808	1486937	
42809	1015378	
42819	1360195	
42824	43308	
42824	1323603	
42827	1190522	
42829	1190522	
42849	1190522	
42850	43308	
42859	1015378	
42861	1164499	
42878	43308	
42879	43308	
42881	43308	
42883	990856	
42910	43308	
42922	43308	
42930	1425088	
42939	43308	
42953	43308	
42955	43308	
42963	988033	
42964	43308	
42970	43308	
42989	988033	
42989	1607352	
42998	1666670	
43002	1190522	
43049	509198	
43055	1544394	
43064	1725794	
43078	1474923	
43085	1480655	
43099	43308	
43110	43308	
43143	1323603	
43146	43308	
43184	1190522	
43187	43308	
43204	43308	
43217	43308	
43226	1548074	
43245	1190522	
43257	1323603	
43273	43308	
43293	43308	
43307	1107871	
43308	43369	
43308	43394	
43308	43417	
43308	43429	
43308	43466	
43308	43528	
43308	43538	
43308	43581	
43308	43606	
43308	43611	
43308	43650	
43308	43702	
43308	43707	
43308	43750	
43308	43771	
43308	43806	
43308	43850	
43308	43876	
43308	43890	
43308	43916	
43308	43941	
43308	43947	
43308	43959	
43308	43960	
43308	43998	
43308	44084	
43308	44108	
43308	44112	
43308	44199	
43308	44209	
43308	44239	
43308	219384	
43308	248494	
43308	249102	
43308	306805	
43308	306832	
43308	307597	
43308	327450	
43308	348994	
43308	350747	
43308	353896	
43308	353969	
43308	353973	
43308	354334	
43308	354401	
43308	354675	
43308	354913	
43308	355031	
43308	355088	
43308	355436	
43308	355827	
43308	355847	
43308	355881	
43308	356025	
43308	356231	
43308	356908	
43308	357017	
43308	357075	
43308	357098	
43308	357107	
43308	357179	
43308	357448	
43308	357698	
43308	357844	
43308	357914	
43308	358020	
43308	358171	
43308	358206	
43308	358274	
43308	358279	
43308	358366	
43308	358602	
43308	358612	
43308	358708	
43308	358847	
43308	358899	
43308	359225	
43308	359537	
43308	359950	
43308	360126	
43308	360146	
43308	360277	
43308	360303	
43308	360360	
43308	360590	
43308	360771	
43308	361070	
43308	361166	
43308	361285	
43308	361436	
43308	361544	
43308	361756	
43308	361823	
43308	362080	
43308	362125	
43308	362298	
43308	362388	
43308	362397	
43308	362421	
43308	362509	
43308	362750	
43308	362927	
43308	363103	
43308	363182	
43308	363186	
43308	363727	
43308	364544	
43308	364808	
43308	367315	
43308	371690	
43308	377534	
43308	451479	
43308	473491	
43308	482047	
43308	642252	
43308	676772	
43308	698599	
43308	748470	
43308	838227	
43308	838505	
43308	908135	
43308	919359	
43308	976504	
43308	987571	
43308	987681	
43308	987792	
43308	988033	
43308	988038	
43308	988084	
43308	988280	
43308	990347	
43308	991576	
43308	991801	
43308	992134	
43308	992891	
43308	994177	
43308	994397	
43308	995087	
43308	995971	
43308	996109	
43308	1000186	
43308	1000301	
43308	1000734	
43308	1000794	
43308	1003574	
43308	1004854	
43308	1006013	
43308	1006628	
43308	1007775	
43308	1007938	
43308	1009388	
43308	1009498	
43308	1009592	
43308	1010273	
43308	1011340	
43308	1011676	
43308	1012066	
43308	1013221	
43308	1013244	
43308	1013273	
43308	1013644	
43308	1014509	
43308	1015798	
43308	1015896	
43308	1016345	
43308	1016439	
43308	1018224	
43308	1019296	
43308	1019796	
43308	1020669	
43308	1021843	
43308	1021920	
43308	1021993	
43308	1022184	
43308	1023515	
43308	1024836	
43308	1025079	
43308	1025151	
43308	1025734	
43308	1026409	
43308	1026575	
43308	1026835	
43308	1027660	
43308	1027726	
43308	1028447	
43308	1029017	
43308	1029894	
43308	1029950	
43308	1030215	
43308	1030301	
43308	1030581	
43308	1030636	
43308	1030703	
43308	1030773	
43308	1031521	
43308	1031860	
43308	1031977	
43308	1032046	
43308	1032306	
43308	1032391	
43308	1032594	
43308	1032898	
43308	1033328	
43308	1033436	
43308	1033559	
43308	1033565	
43308	1034199	
43308	1034341	
43308	1034342	
43308	1034478	
43308	1034504	
43308	1034620	
43308	1034802	
43308	1035125	
43308	1035955	
43308	1037832	
43308	1038808	
43308	1038896	
43308	1038921	
43308	1039036	
43308	1039048	
43308	1039079	
43308	1039090	
43308	1039132	
43308	1039329	
43308	1039414	
43308	1039435	
43308	1039444	
43308	1039478	
43308	1039486	
43308	1039492	
43308	1039587	
43308	1039612	
43308	1039637	
43308	1039667	
43308	1039723	
43308	1039783	
43308	1039888	
43308	1039947	
43308	1040076	
43308	1040150	
43308	1040210	
43308	1040251	
43308	1040508	
43308	1040749	
43308	1040843	
43308	1040892	
43308	1040973	
43308	1040975	
43308	1041127	
43308	1041195	
43308	1041266	
43308	1041285	
43308	1041318	
43308	1041338	
43308	1041357	
43308	1041373	
43308	1041404	
43308	1041418	
43308	1041523	
43308	1041543	
43308	1041546	
43308	1041622	
43308	1041655	
43308	1041701	
43308	1041773	
43308	1041787	
43308	1041817	
43308	1041819	
43308	1041899	
43308	1041942	
43308	1041954	
43308	1041966	
43308	1042178	
43308	1042262	
43308	1042430	
43308	1042457	
43308	1042506	
43308	1042509	
43308	1042519	
43308	1044131	
43308	1044615	
43308	1044985	
43308	1045881	
43308	1053690	
43308	1055115	
43308	1057352	
43308	1057354	
43308	1059009	
43308	1066300	
43308	1076896	
43308	1077867	
43308	1078021	
43308	1078210	
43308	1078223	
43308	1078937	
43308	1083067	
43308	1083693	
43308	1083720	
43308	1083771	
43308	1083866	
43308	1085311	
43308	1085852	
43308	1096948	
43308	1103668	
43308	1107846	
43308	1111729	
43308	1124074	
43308	1124914	
43308	1125390	
43308	1125451	
43308	1125596	
43308	1125805	
43308	1126305	
43308	1127078	
43308	1139441	
43308	1142595	
43308	1157814	
43308	1157931	
43308	1187290	
43308	1218564	
43308	1225309	
43308	1225461	
43308	1225595	
43308	1225600	
43308	1225615	
43308	1225679	
43308	1225689	
43308	1225884	
43308	1225916	
43308	1235036	
43308	1269890	
43308	1271366	
43308	1271593	
43308	1272042	
43308	1272048	
43308	1286913	
43308	1319527	
43308	1323603	
43308	1346696	
43308	1361586	
43308	1413061	
43308	1417651	
43308	1417674	
43308	1417685	
43308	1417693	
43308	1417763	
43308	1417767	
43308	1417779	
43308	1417793	
43308	1417851	
43308	1417866	
43308	1417939	
43308	1421036	
43308	1443496	
43308	1488837	
43308	1544394	
43308	1577357	
43308	1607307	
43308	1607308	
43308	1607309	
43308	1607310	
43308	1607311	
43308	1607312	
43308	1607313	
43308	1607314	
43308	1607315	
43308	1607316	
43308	1607317	
43308	1607318	
43308	1607319	
43308	1607320	
43308	1607321	
43308	1607322	
43308	1607323	
43308	1607324	
43308	1607325	
43308	1607326	
43308	1607327	
43308	1607328	
43308	1607329	
43308	1607330	
43308	1607331	
43308	1607332	
43308	1607333	
43308	1607334	
43308	1607335	
43308	1607336	
43308	1607337	
43308	1607338	
43308	1607339	
43308	1607340	
43308	1607341	
43308	1607342	
43308	1607343	
43308	1607344	
43308	1607345	
43308	1607346	
43308	1607347	
43308	1607348	
43308	1607349	
43308	1607350	
43308	1607351	
43308	1607352	
43308	1607353	
43308	1607354	
43308	1607356	
43308	1607357	
43308	1607358	
43308	1607359	
43308	1607360	
43308	1607361	
43308	1607362	
43308	1607363	
43308	1607364	
43308	1607365	
43308	1607366	
43308	1607367	
43308	1607368	
43308	1607369	
43308	1607370	
43308	1607371	
43308	1607372	
43308	1607373	
43308	1607374	
43308	1607375	
43308	1607376	
43308	1607377	
43308	1607378	
43308	1607379	
43308	1607380	
43308	1607381	
43308	1607382	
43308	1607383	
43308	1607384	
43308	1607385	
43308	1607386	
43308	1607387	
43308	1607388	
43308	1607389	
43308	1607390	
43308	1607391	
43308	1607392	
43308	1607393	
43308	1607394	
43308	1607395	
43308	1607396	
43308	1607397	
43308	1607398	
43308	1607399	
43308	1607400	
43308	1607401	
43308	1607402	
43308	1607403	
43308	1607404	
43308	1607405	
43308	1607406	
43308	1607407	
43308	1607408	
43308	1607409	
43308	1607410	
43308	1607411	
43308	1607412	
43308	1607413	
43308	1607414	
43308	1607415	
43308	1607416	
43308	1607417	
43308	1607418	
43308	1607419	
43308	1607420	
43308	1607421	
43308	1607422	
43308	1607423	
43308	1607424	
43308	1607425	
43308	1607426	
43308	1607427	
43308	1607428	
43308	1607429	
43308	1607430	
43308	1607431	
43308	1607432	
43308	1607433	
43308	1607434	
43308	1607435	
43308	1607436	
43308	1607437	
43308	1607438	
43308	1607439	
43308	1607440	
43308	1607441	
43308	1607442	
43308	1607443	
43308	1607444	
43308	1607445	
43308	1607446	
43308	1607447	
43308	1607448	
43308	1607449	
43308	1607450	
43308	1607451	
43308	1607452	
43308	1607453	
43308	1607454	
43308	1607455	
43308	1607456	
43308	1607457	
43308	1607458	
43308	1607459	
43308	1607460	
43308	1607461	
43308	1607462	
43308	1607463	
43308	1607464	
43308	1607465	
43308	1607466	
43308	1607467	
43308	1607468	
43308	1607469	
43308	1607470	
43308	1607471	
43308	1607472	
43308	1607473	
43308	1607474	
43308	1607475	
43308	1607476	
43308	1607477	
43308	1607478	
43308	1607479	
43308	1607480	
43308	1607481	
43308	1607482	
43308	1607483	
43308	1607484	
43308	1607485	
43308	1607486	
43308	1607487	
43308	1607488	
43308	1607489	
43308	1607490	
43308	1607491	
43308	1607492	
43308	1607493	
43308	1607494	
43308	1607495	
43308	1607496	
43308	1607497	
43308	1607498	
43308	1607499	
43308	1607500	
43308	1607501	
43308	1607502	
43308	1607503	
43341	1653645	
43357	1627051	
43367	988033	
43367	1360195	
43379	1190522	
43441	1666670	
43504	988033	
43525	1015378	
43586	1164499	
43586	1194371	
43643	988033	
43643	1360195	
43718	1360195	
43721	1190522	
43746	1107871	
43763	1015378	
43766	988033	
43805	1190522	
43839	1480655	
43865	1190522	
43874	988033	
43899	1360195	
43919	1190522	
43931	988033	
43994	1164499	
44023	988033	
44023	1323603	
44023	1480655	
44052	988033	
44106	1015378	
44149	1190522	
44204	1190522	
63117	2233988	
65385	1266061	
65385	2233988	
73211	1164499	
67681	2233988	
71434	2328313	
71434	2328838	
71931	2340259	
71940	2339149	
85756	2544411	
82220	1360195	
77580	2413390	
83472	2521326	
87213	2562397	
103706	2750797	
103709	1164499	
95116	2012201	
95281	2339149	
93954	2615139	
119082	1266061	
119082	1268026	
148403	509198	
165787	2233988	
166300	1653645	
173863	2106223	
180316	2233988	
180697	1486937	
197190	1360195	
191577	1164499	
195579	1190522	
195648	1164499	
195648	1944166	
225511	2615139	
226474	2233988	
226654	990856	
239083	990856	
239125	1266061	
229301	1190522	
229576	1400288	
229624	1391765	
229828	2328838	
229956	2106223	
230192	1190522	
247898	990856	
247990	2413390	
248048	1015378	
248048	2339149	
248094	1015378	
248504	1107871	
248666	1548074	
248672	2106223	
248708	1360195	
248781	1107871	
249017	1627051	
249038	1653645	
249190	1290312	
249344	2328838	
249503	1107871	
249503	1607352	
249595	1015378	
249595	1268026	
249595	1627051	
249631	1107871	
251069	1425088	
303637	1607428	
295680	1360195	
296024	1360195	
308741	1266061	
306887	2544411	
307000	2106223	
307015	990856	
307084	1627051	
307154	1725794	
307154	2413390	
307409	990856	
307452	1322857	
309210	2328313	
321098	1627051	
321099	1944166	
332075	2233988	
347667	1266061	
348239	2750797	
348626	1194371	
350721	1190522	
353480	2233988	
353908	509198	
354101	1548074	
354168	1627051	
354198	1190522	
354291	1653645	
354361	2339149	
354371	509198	
354399	1194371	
354502	2562397	
354711	1391765	
354758	990856	
354934	1391765	
355144	2328838	
355192	1391765	
355248	1164499	
355462	990856	
355472	1164499	
355805	1164499	
355805	2562397	
355820	360450	
355873	2012201	
355905	990856	
356029	1944166	
356057	2544411	
356090	1627051	
356162	1417762	
356310	2106223	
356314	1164499	
356433	1607456	
356433	2339149	
356570	1164499	
356718	360450	
356723	1190522	
356870	360450	
356912	1391765	
356994	2012201	
357017	1015378	
357133	360450	
357191	2328838	
357206	2340259	
357417	2615139	
357495	1400432	
357526	1360195	
357537	1164499	
357557	2106223	
357711	1015378	
357806	990856	
357849	1015378	
357871	1417667	
357945	1548074	
358018	2328838	
358121	1480655	
358319	990856	
358476	509198	
358565	509198	
358763	360450	
358812	2012201	
358928	1391765	
359065	990856	
359102	2012201	
359104	990856	
359114	990856	
359273	1666670	
359319	988033	
359482	1266061	
359485	1323603	
359512	2562397	
359516	1266061	
359694	1391765	
359743	990856	
359905	1391765	
359920	1323603	
360450	361780	
360450	471748	
360450	936512	
360450	992235	
360450	992487	
360450	999697	
360450	1006598	
360450	1013012	
360450	1035579	
360450	1077100	
360450	1094741	
360450	1116292	
360450	1141283	
360450	1174903	
360450	1175356	
360450	1233264	
360450	1260741	
360450	1299651	
360450	1300973	
360450	1355620	
360450	1373572	
360450	1456748	
360450	1456768	
360450	1551419	
360450	1551578	
360450	1564062	
360450	1575579	
360450	1580861	
360450	1655232	
360450	1711969	
360450	1729935	
360450	1831910	
360450	1857795	
360450	2248755	
360450	2780438	
360450	2934201	
360485	509198	
360673	1548074	
360710	1627051	
360770	1323603	
360804	2562397	
360841	2106223	
360971	1323603	
361123	1266061	
361423	2562397	
361813	1015378	
362002	990856	
362062	1400432	
362086	2328313	
362215	1417674	
362344	1480655	
362355	2328838	
362452	1164499	
362513	1323603	
362547	1164499	
362718	1015378	
362749	1015378	
362804	988033	
363269	1266061	
363731	1725794	
363772	2750797	
363799	1015378	
364033	1944166	
364108	1015378	
364364	1944166	
364531	1190522	
364756	988033	
377314	1944166	
371433	2233988	
371705	2233988	
392631	2544411	
428658	990856	
439893	1480655	
439908	1266061	
439908	1268026	
442537	1323603	
445790	2340259	
446070	1425088	
446417	988033	
446487	988033	
455227	1391765	
451490	990856	
454354	1391765	
479521	2615139	
462854	1190522	
462883	2012201	
462927	1266061	
462971	1391765	
463033	1391765	
463037	1391765	
472733	1015378	
478750	2562397	
479384	990856	
457782	1391765	
466535	2750797	
471614	1417767	
471913	1164499	
459811	1360195	
459924	1474923	
460660	1607380	
458534	1164499	
458987	1360195	
458987	1607326	
465206	1322857	
465218	1360195	
465318	1725794	
464687	1486937	
464871	1164499	
465094	1015378	
464088	990856	
474351	1190522	
474572	1322857	
458756	1164499	
459100	2328838	
461190	1474923	
463489	1425088	
458237	1164499	
458744	1360195	
458837	1400432	
459026	1607352	
459093	1486937	
459396	2615139	
477068	2750797	
477244	1400288	
477335	1190522	
477395	1425088	
462526	2012201	
462528	509198	
483548	2106223	
479740	509198	
470263	509198	
473928	990856	
475154	1607428	
475194	1391765	
475411	1391765	
471102	2106223	
472240	1425088	
472412	1164499	
497075	2106223	
480682	1164499	
480802	1391765	
480936	509198	
486836	1944166	
486848	1666670	
467232	509198	
467352	1142595	
468950	1190522	
473359	509198	
492199	1391765	
489756	2233988	
515102	1666670	
509198	581743	
509198	600420	
509198	640986	
509198	775675	
509198	778813	
509198	959483	
509198	970819	
509198	987635	
509198	990904	
509198	995257	
509198	1000446	
509198	1007403	
509198	1008653	
509198	1008682	
509198	1009634	
509198	1010357	
509198	1018055	
509198	1018899	
509198	1026365	
509198	1027935	
509198	1028486	
509198	1028922	
509198	1030525	
509198	1030943	
509198	1036180	
509198	1039339	
509198	1040757	
509198	1045579	
509198	1045952	
509198	1046056	
509198	1048386	
509198	1048804	
509198	1051947	
509198	1053266	
509198	1054297	
509198	1056316	
509198	1060907	
509198	1062977	
509198	1063897	
509198	1065099	
509198	1066889	
509198	1067052	
509198	1071489	
509198	1076221	
509198	1080163	
509198	1080395	
509198	1091338	
509198	1091960	
509198	1092894	
509198	1094836	
509198	1100252	
509198	1101880	
509198	1106283	
509198	1106979	
509198	1107170	
509198	1109720	
509198	1110310	
509198	1119745	
509198	1121405	
509198	1130776	
509198	1130962	
509198	1134676	
509198	1139988	
509198	1140976	
509198	1142312	
509198	1145250	
509198	1145727	
509198	1146151	
509198	1151572	
509198	1152367	
509198	1153596	
509198	1155144	
509198	1156626	
509198	1162183	
509198	1162338	
509198	1162388	
509198	1164819	
509198	1169195	
509198	1169499	
509198	1173151	
509198	1176247	
509198	1176545	
509198	1180298	
509198	1181592	
509198	1189681	
509198	1189857	
509198	1191554	
509198	1195148	
509198	1195998	
509198	1202350	
509198	1203926	
509198	1214789	
509198	1215747	
509198	1216442	
509198	1220738	
509198	1222322	
509198	1222726	
509198	1223487	
509198	1226278	
509198	1226615	
509198	1226720	
509198	1227274	
509198	1227479	
509198	1228033	
509198	1229569	
509198	1230098	
509198	1232623	
509198	1235424	
509198	1240508	
509198	1240522	
509198	1247160	
509198	1248578	
509198	1248739	
509198	1249473	
509198	1256199	
509198	1258632	
509198	1270316	
509198	1270999	
509198	1274596	
509198	1275557	
509198	1276489	
509198	1280059	
509198	1282294	
509198	1287814	
509198	1287911	
509198	1295687	
509198	1298724	
509198	1304622	
509198	1305712	
509198	1305906	
509198	1307437	
509198	1307456	
509198	1307844	
509198	1308277	
509198	1312010	
509198	1316231	
509198	1319197	
509198	1321724	
509198	1323080	
509198	1323391	
509198	1328650	
509198	1336075	
509198	1339137	
509198	1343126	
509198	1346052	
509198	1347199	
509198	1352429	
509198	1357408	
509198	1363003	
509198	1368367	
509198	1369291	
509198	1373201	
509198	1377718	
509198	1378452	
509198	1380646	
509198	1392155	
509198	1393097	
509198	1395164	
509198	1406660	
509198	1415912	
509198	1417216	
509198	1420143	
509198	1424167	
509198	1439476	
509198	1439664	
509198	1445113	
509198	1445479	
509198	1445516	
509198	1445689	
509198	1446050	
509198	1446674	
509198	1449351	
509198	1456622	
509198	1460216	
509198	1460406	
509198	1460613	
509198	1460690	
509198	1460721	
509198	1460856	
509198	1461862	
509198	1462934	
509198	1464345	
509198	1467766	
509198	1476659	
509198	1477131	
509198	1479771	
509198	1480089	
509198	1493375	
509198	1506715	
509198	1517912	
509198	1534991	
509198	1545167	
509198	1558292	
509198	1559980	
509198	1577032	
509198	1582658	
509198	1589831	
509198	1590976	
509198	1594312	
509198	1595891	
509198	1611515	
509198	1613207	
509198	1622122	
509198	1625258	
509198	1633897	
509198	1636276	
509198	1638048	
509198	1640973	
509198	1651227	
509198	1654515	
509198	1657932	
509198	1660214	
509198	1666670	
509198	1668073	
509198	1675526	
509198	1675880	
509198	1677197	
509198	1682454	
509198	1684598	
509198	1688229	
509198	1696406	
509198	1698673	
509198	1704147	
509198	1710507	
509198	1713610	
509198	1719416	
509198	1730773	
509198	1731325	
509198	1736013	
509198	1736674	
509198	1738362	
509198	1743273	
509198	1755782	
509198	1758734	
509198	1765239	
509198	1765241	
509198	1784411	
509198	1789728	
509198	1793244	
509198	1807776	
509198	1808273	
509198	1818238	
509198	1822361	
509198	1824737	
509198	1829541	
509198	1830924	
509198	1834468	
509198	1839743	
509198	1840392	
509198	1849993	
509198	1850603	
509198	1852893	
509198	1854726	
509198	1854939	
509198	1856629	
509198	1857740	
509198	1859844	
509198	1860430	
509198	1860550	
509198	1861003	
509198	1867252	
509198	1872293	
509198	1872986	
509198	1873297	
509198	1873657	
509198	1874678	
509198	1875147	
509198	1875761	
509198	1876648	
509198	1895656	
509198	1902069	
509198	1936718	
509198	1992444	
509198	2019888	
509198	2021156	
509198	2028414	
509198	2068889	
509198	2070622	
509198	2073606	
509198	2087281	
509198	2099279	
509198	2121655	
509198	2127769	
509198	2134629	
509198	2153277	
509198	2176063	
509198	2178783	
509198	2185458	
509198	2232528	
509198	2260976	
509198	2262486	
509198	2263746	
509198	2350202	
509198	2350621	
509198	2436682	
509198	2459789	
509198	2493325	
509198	2512662	
509198	2551517	
509198	2596604	
509198	2597836	
509198	2598633	
509198	2605218	
509198	2637233	
509198	2646137	
509198	2649185	
509198	2678225	
509198	2684242	
509198	2761386	
509198	2765128	
509198	2776494	
509198	2801706	
509198	2841332	
509198	2934190	
509198	2957603	
509198	2957606	
509198	2960186	
509198	2969808	
509198	3040878	
507271	2012201	
507283	2750797	
509075	1360195	
509877	1425088	
522634	1323603	
533269	988033	
533285	988033	
533286	988033	
533820	2562397	
533909	1142595	
534184	1015378	
553785	1425088	
557688	990856	
557745	2106223	
561194	2521326	
560087	2750797	
560141	1290312	
560141	1400288	
560141	1400432	
560141	2750797	
560172	1400288	
560172	1400432	
560172	1607352	
560208	1607428	
560455	1190522	
560456	1107871	
563447	2012201	
577144	2615139	
586969	2544411	
598709	2562397	
592355	1107871	
594195	1725794	
594243	2328838	
594249	1417657	
594249	1417667	
594249	1417792	
594253	1607456	
594253	1725794	
594257	1725794	
594259	2339149	
594881	1190522	
601942	1164499	
602616	1607322	
610786	2750797	
610915	1666670	
610960	1666670	
611030	2233988	
611055	2106223	
630582	2328838	
641035	2615139	
640440	1666670	
648239	1266061	
648239	1268026	
641957	2012201	
641972	1164499	
651186	2012201	
668139	2562397	
668480	1548074	
662439	1190522	
685995	2012201	
682751	1391765	
710430	2750797	
697620	1391765	
694284	2012201	
694791	2750797	
694793	2750797	
694801	2750797	
694804	2750797	
694876	2750797	
694877	2750797	
695059	2750797	
698392	1360195	
714701	1164499	
714701	1323603	
714701	1666670	
714701	2012201	
714701	2233988	
720181	2750797	
724797	2615139	
724995	1107871	
725024	1666670	
725212	1425088	
725218	2012201	
725260	1391765	
730590	2012201	
729633	1164499	
729832	1190522	
730313	2106223	
722687	990856	
723465	1607485	
723532	2562397	
734845	1944166	
749253	1666670	
751459	2750797	
761113	1164499	
760688	1607428	
767438	2750797	
775395	2012201	
775473	1360195	
775473	1417674	
775473	1417784	
775473	1417792	
775685	2328838	
775699	2106223	
775710	1425088	
775721	1360195	
775774	990856	
776956	2544411	
777987	1290312	
778128	2544411	
778134	1474923	
778167	1360195	
778184	1474923	
778225	2562397	
778444	2544411	
778536	2544411	
778765	2544411	
778974	990856	
778994	1653645	
779353	2544411	
779473	1425088	
779689	2012201	
779730	1266061	
789824	1400288	
800813	1548074	
801497	2562397	
802002	2562397	
796101	2233988	
795921	2750797	
796054	1391765	
797628	2012201	
807851	2233988	
806881	1607318	
822708	1360195	
824998	1164499	
823172	2012201	
823173	2012201	
831397	2328313	
831548	1391765	
831622	2106223	
831938	1360195	
832082	2233988	
833187	2012201	
835050	1666670	
836652	988033	
836652	2339149	
837016	2233988	
837230	1480655	
837275	2750797	
837290	2328313	
837403	2106223	
837459	2340259	
837672	988033	
837672	1607380	
837743	990856	
837798	1391765	
838384	1360195	
838408	990856	
838505	1607322	
838505	1607347	
838505	1607357	
838544	2521326	
844578	2544411	
844600	2012201	
856735	1391765	
864498	1548074	
864530	2328313	
865157	1015378	
862706	1322857	
862706	1360195	
862942	2106223	
863211	1666670	
873007	1194371	
873007	1607463	
865710	2106223	
865713	1480655	
865713	2106223	
880668	2750797	
879470	990856	
879792	1268026	
889066	1360195	
889770	2233988	
893184	1474923	
893368	1190522	
896891	1290312	
899761	1944166	
899762	1607410	
899828	2106223	
899973	1607380	
900080	1425088	
900136	1190522	
900148	1190522	
893672	2340259	
893691	1400432	
893710	1400432	
897001	1400432	
908127	1725794	
908135	1360195	
908135	1417657	
908135	1417667	
908135	1417674	
908135	1417762	
908135	1417767	
908135	1417792	
908135	1607381	
908135	1607440	
908143	1015378	
908143	1417657	
908143	1417674	
908143	1417767	
908143	1607381	
908143	1607384	
908143	1607434	
908147	1417667	
908147	1417784	
908147	1417792	
908147	1607456	
908147	1725794	
908154	1417762	
908154	1607414	
908154	1607466	
908160	1417657	
908160	1417667	
908160	1607467	
908162	1417667	
908162	1417719	
908162	1417959	
908162	1607466	
909227	1164499	
907218	2521326	
912244	1417959	
912244	2339149	
926282	1480655	
919359	1360195	
919359	1417939	
919359	1607394	
919359	1607422	
919359	1725794	
922553	2339149	
927314	1486937	
927324	1486937	
929998	2544411	
935625	990856	
938984	1627051	
952975	1164499	
966271	1425088	
962400	2106223	
976036	2339149	
976430	2106223	
966720	2328313	
978582	2012201	
969593	1627051	
970400	1360195	
970154	990856	
970412	1266061	
970678	1164499	
970998	2562397	
971004	1725794	
971077	1266061	
973153	2106223	
973166	2750797	
973221	1360195	
973229	2012201	
973382	2012201	
973417	2328838	
973452	2012201	
973479	1360195	
973480	2328838	
973583	1360195	
973654	1323603	
973704	1360195	
973962	1391765	
980398	2544411	
980458	1164499	
980779	1607347	
979547	1425088	
979666	1190522	
985463	2615139	
985155	1391765	
985175	1944166	
987611	1417657	
987611	1417667	
987611	1417674	
987611	1548074	
987611	1607349	
987635	2562397	
988318	1194371	
997881	1190522	
1001271	2562397	
990319	1164499	
1002308	1323603	
1017843	1480655	
994591	1164499	
994591	1290312	
997742	1164499	
997742	1323603	
1075094	2012201	
1075171	2012201	
988071	1164499	
988114	1266061	
988114	1268026	
987860	2012201	
987874	990856	
987881	990856	
988033	992235	
988033	992799	
988033	992876	
988033	998761	
988033	999650	
988033	1004578	
988033	1004583	
988033	1011597	
988033	1012660	
988033	1012884	
988033	1013159	
988033	1015378	
988033	1019443	
988033	1021660	
988033	1021674	
988033	1022610	
988033	1035137	
988033	1037448	
988033	1037615	
988033	1046400	
988033	1050926	
988033	1063748	
988033	1069909	
988033	1078559	
988033	1102120	
988033	1104824	
988033	1142793	
988033	1150180	
988033	1150978	
988033	1174113	
988033	1174493	
988033	1175324	
988033	1178413	
988033	1234401	
988033	1242744	
988033	1298260	
988033	1308007	
988033	1316363	
988033	1337150	
988033	1356585	
988033	1361586	
988033	1366344	
988033	1366471	
988033	1392889	
988033	1396529	
988033	1406755	
988033	1407134	
988033	1413645	
988033	1417674	
988033	1417707	
988033	1417763	
988033	1455849	
988033	1460597	
988033	1507717	
988033	1518615	
988033	1524907	
988033	1525071	
988033	1548074	
988033	1601074	
988033	1606992	
988033	1607318	
988033	1607324	
988033	1607347	
988033	1607352	
988033	1607357	
988033	1607358	
988033	1607393	
988033	1607408	
988033	1607432	
988033	1607446	
988033	1607459	
988033	1607464	
988033	1610599	
988033	1618075	
988033	1618875	
988033	1623732	
988033	1627199	
988033	1627540	
988033	1627968	
988033	1632097	
988033	1636441	
988033	1638635	
988033	1661511	
988033	1666751	
988033	1679616	
988033	1697320	
988033	1705944	
988033	1710643	
988033	1716267	
988033	1719692	
988033	1725094	
988033	1732850	
988033	1748866	
988033	1760360	
988033	1760628	
988033	1768964	
988033	1784704	
988033	1824000	
988033	1832941	
988033	1834454	
988033	1852005	
988033	1853922	
988033	1882505	
988033	1917144	
988033	1958261	
988033	2072692	
988033	2089561	
988033	2130533	
988033	2150184	
988033	2228389	
988033	2328554	
988033	2600287	
988033	2821642	
988033	2822167	
988033	2912882	
988033	2979683	
995993	2328838	
1080430	1190522	
1094271	2562397	
1094308	1164499	
1094327	1268026	
995395	1417762	
1050417	1266061	
1099469	1417667	
1119690	2339149	
995791	1015378	
995795	1391765	
991669	2012201	
991866	1190522	
999539	1015378	
999539	1268026	
1012016	1607426	
1025329	1266061	
1025329	1268026	
1026740	1400432	
1030486	2012201	
1060560	1666670	
1088726	1164499	
1102895	2106223	
1103004	2106223	
1103068	1607321	
1103408	1400288	
1103408	1400432	
1103430	1607422	
1103465	2106223	
1103546	2012201	
1103583	2562397	
1103664	2750797	
1103698	2106223	
1103721	2106223	
1103756	2106223	
1103804	2106223	
1104107	1190522	
987267	2012201	
991570	1391765	
991861	1360195	
992487	1360195	
1009262	1107871	
1010219	1266061	
1028218	1142595	
1083975	1164499	
1029709	1290312	
1029709	1400288	
1172305	2328838	
1172387	2562397	
1172442	1548074	
991174	1480655	
994738	1190522	
994738	1944166	
1004985	2413390	
1013405	1323603	
1014779	2328838	
1021144	1480655	
1023493	1164499	
1037650	1190522	
1039893	1480655	
1047895	1266061	
1053883	1607357	
1064536	1944166	
1064549	1944166	
1064557	2328838	
1064613	2106223	
1064655	1164499	
1064790	2106223	
1064846	2106223	
1065349	2328838	
1065380	1944166	
1065619	2339149	
1065619	2413390	
1065900	1164499	
1066069	1266061	
1066179	1400288	
1066247	1164499	
1066304	2106223	
1066475	2562397	
1066577	2544411	
1066616	2328838	
1066624	1391765	
1066688	1164499	
1066991	1425088	
1067033	1607371	
1067738	2012201	
1068056	1944166	
1068511	1323603	
1068511	2562397	
1068795	1391765	
1010910	1015378	
1014359	1015378	
1005795	1360195	
990324	1290312	
990324	1400288	
990324	1400432	
990324	2750797	
990357	2339149	
990472	1015378	
990557	1323603	
994926	1194371	
994926	1607322	
1069457	1666670	
1173813	2012201	
1173813	2328313	
987003	990856	
991321	1627051	
991865	2328838	
991954	1322857	
992165	2562397	
992375	1107871	
992695	2562397	
996473	1107871	
1002800	1190522	
1004127	1164499	
1004137	1015378	
1004741	1015378	
1005098	1015378	
1005352	1480655	
1005354	1268026	
1006086	1548074	
1006159	1164499	
1006186	1107871	
1006221	1322857	
1006387	2012201	
1006423	2544411	
1006493	1323603	
1006551	1323603	
1006622	1323603	
1006694	1015378	
1006735	1164499	
1006735	1323603	
1006796	2615139	
1006846	1107871	
1006850	1400288	
1006850	1400432	
1006977	2106223	
1007106	1015378	
1007129	2328838	
1007604	2106223	
1007773	1391765	
1008036	2544411	
1008130	1944166	
1008159	2328838	
1008259	2106223	
1008273	2544411	
1008276	2106223	
1008376	1190522	
1008490	1107871	
1008517	1391765	
1008570	2012201	
1008876	2562397	
1008935	1164499	
1008945	1107871	
1009089	1190522	
1009103	1266061	
1009130	2340259	
1009218	1164499	
1009347	1190522	
1009440	1653645	
1009620	1391765	
1009686	2339149	
1009850	1107871	
1010058	2012201	
1010060	1268026	
1010072	1480655	
1010294	1323603	
1010502	1194371	
1010740	1480655	
1010759	1015378	
1010851	2106223	
1011550	1323603	
1011620	1323603	
1011830	1607380	
1011966	1107871	
1012062	1107871	
1012387	1164499	
1012424	1164499	
1012479	1107871	
1012722	1268026	
1012809	1190522	
1013148	1015378	
1021855	1400432	
989066	1194371	
989126	1194371	
990816	1290312	
990816	1400288	
990816	1400432	
999653	1190522	
1016374	1417792	
1016374	1607352	
1016374	1607464	
1016374	2328838	
1022055	1323603	
1024546	2328313	
1024583	1627051	
1024706	1107871	
1024711	1417674	
1024735	1164499	
1024868	1425088	
1024982	1290312	
1025125	2328313	
1025134	1474923	
1025168	2012201	
1025209	2328313	
1025489	2012201	
1025651	1480655	
1026157	2328313	
1026211	1190522	
1026242	2544411	
1026576	1607381	
1026601	1164499	
1026601	1400432	
1026977	2012201	
1027099	1194371	
1027196	1391765	
1027349	1417674	
1027954	1164499	
1027967	1164499	
1028033	1425088	
1028409	1266061	
1028537	2328838	
1028598	2339149	
1028684	1266061	
1028690	2562397	
1029206	2012201	
1029283	1607318	
1029283	1607367	
1029283	1607404	
1029283	1607428	
1029283	1607463	
1029444	1544394	
1029681	1266061	
1029862	2615139	
1030278	2615139	
1030418	1391765	
1030737	1266061	
1030838	1190522	
1030838	1266061	
1030859	1944166	
1031140	2615139	
1031523	1391765	
1031565	2615139	
1032136	1666670	
1032407	1360195	
1033363	1164499	
1033479	1190522	
1033532	1391765	
1033537	1142595	
1033617	1190522	
1033716	2106223	
1033989	1290312	
991825	1190522	
999691	1190522	
1001257	1015378	
1014650	1164499	
1020920	1190522	
1037283	2562397	
1003216	1944166	
1003231	1290312	
1003297	1194371	
993919	1190522	
993940	1944166	
999072	1164499	
999252	2339149	
999252	2521326	
989392	1015378	
995706	1627051	
1000281	1164499	
1000734	1164499	
1004087	1323603	
1004919	1015378	
1014274	1015378	
1014401	1015378	
1016554	2328838	
1023516	1323603	
1027693	2328838	
1036384	1190522	
1041627	1268026	
1042075	1480655	
1071332	1164499	
1075370	1391765	
1075787	2562397	
1090962	1391765	
1100094	1653645	
1107076	2615139	
1109390	1323603	
1109870	2012201	
1115352	1666670	
1116834	1164499	
1161483	2233988	
1164519	1360195	
1164706	1190522	
1172271	1627051	
1190522	1193451	
1190522	1196615	
1190522	1199207	
1190522	1205249	
1190522	1209654	
1190522	1209780	
1190522	1230717	
1190522	1233863	
1190522	1237465	
1190522	1240577	
1190522	1244807	
1190522	1244898	
1190522	1244936	
1190522	1248517	
1190522	1262092	
1190522	1272425	
1190522	1276793	
1190522	1284130	
1190522	1284222	
1190522	1285403	
1190522	1287284	
1190522	1287556	
1190522	1288285	
1190522	1289216	
1190522	1293621	
1190522	1297430	
1190522	1300743	
1190522	1303375	
1190522	1303543	
1190522	1304932	
1190522	1306321	
1190522	1308230	
1190522	1320590	
1190522	1323070	
1190522	1324741	
1190522	1341090	
1190522	1341315	
1190522	1342764	
1190522	1342798	
1190522	1345338	
1190522	1346478	
1190522	1353779	
1190522	1361829	
1190522	1363783	
1190522	1366501	
1190522	1371409	
1190522	1373963	
1190522	1385132	
1190522	1385949	
1190522	1389447	
1190522	1391257	
1190522	1392358	
1190522	1393097	
1190522	1396753	
1190522	1408600	
1190522	1410796	
1190522	1411500	
1190522	1418603	
1190522	1423408	
1190522	1428127	
1190522	1435587	
1190522	1442070	
1190522	1442229	
1190522	1444582	
1190522	1446585	
1190522	1455779	
1190522	1456718	
1190522	1467370	
1190522	1468072	
1190522	1477210	
1190522	1480337	
1190522	1484430	
1190522	1493090	
1190522	1520411	
1190522	1524492	
1190522	1528215	
1190522	1529931	
1190522	1532913	
1190522	1539431	
1190522	1541771	
1190522	1544329	
1190522	1544406	
1190522	1549087	
1190522	1552834	
1190522	1562002	
1190522	1567532	
1190522	1571871	
1190522	1574858	
1190522	1575409	
1190522	1575473	
1190522	1575551	
1190522	1583582	
1190522	1594976	
1190522	1594981	
1190522	1598437	
1190522	1616724	
1190522	1622723	
1190522	1623131	
1190522	1623858	
1190522	1623891	
1190522	1623915	
1190522	1624034	
1190522	1624261	
1190522	1625071	
1190522	1625757	
1190522	1638244	
1190522	1640556	
1190522	1642711	
1190522	1644453	
1190522	1645232	
1190522	1647251	
1190522	1647256	
1190522	1647376	
1190522	1653431	
1190522	1658184	
1190522	1661547	
1190522	1667997	
1190522	1668803	
1190522	1674144	
1190522	1678605	
1190522	1679635	
1190522	1684252	
1190522	1690958	
1190522	1694730	
1190522	1706974	
1190522	1712199	
1190522	1717196	
1190522	1719594	
1190522	1719773	
1190522	1730184	
1190522	1741096	
1190522	1759276	
1190522	1759987	
1190522	1772869	
1190522	1773863	
1190522	1786575	
1190522	1788568	
1190522	1789656	
1190522	1789812	
1190522	1792559	
1190522	1795939	
1190522	1798304	
1190522	1814574	
1190522	1814720	
1190522	1815264	
1190522	1819209	
1190522	1819271	
1190522	1827130	
1190522	1844133	
1190522	1868400	
1190522	1923124	
1190522	1924437	
1190522	1948838	
1190522	1962423	
1190522	1979343	
1190522	1991041	
1190522	2035084	
1190522	2086542	
1190522	2091519	
1190522	2091618	
1190522	2102419	
1190522	2108619	
1190522	2110850	
1190522	2112433	
1190522	2113225	
1190522	2123605	
1190522	2124195	
1190522	2124382	
1190522	2129394	
1190522	2130807	
1190522	2133040	
1190522	2135124	
1190522	2171898	
1190522	2197076	
1190522	2248679	
1190522	2263010	
1190522	2265661	
1190522	2265922	
1190522	2313196	
1190522	2338555	
1190522	2339448	
1190522	2350574	
1190522	2351609	
1190522	2432850	
1190522	2453747	
1190522	2462956	
1190522	2489740	
1190522	2557519	
1190522	2602302	
1190522	2607023	
1190522	2664474	
1190522	2708386	
1190522	2747138	
1190522	2748593	
1190522	2751765	
1190522	2751772	
1190522	2751813	
1190522	2751831	
1190522	2772979	
1190522	2779567	
1190522	2784127	
1190522	2786134	
1190522	2801806	
1190522	2807063	
1190522	2838156	
1190522	2843601	
1190522	2883613	
1190522	2915094	
1190522	2963224	
1190522	2976205	
1190522	2976640	
1190522	3021423	
1190522	3024075	
1256504	2012201	
1257465	2750797	
1257722	1391765	
1257948	2562397	
1257959	1548074	
1258106	1391765	
1258115	2562397	
1258482	1425088	
1258506	2562397	
1258938	2106223	
1259440	1944166	
1259462	1266061	
1260003	1391765	
1260805	2615139	
1260820	2562397	
1261006	2562397	
1261021	2562397	
1261829	1323603	
999819	1391765	
1000057	2339149	
1000227	1666670	
1069719	2562397	
1069798	2328838	
1032976	1391765	
1085216	2328838	
1092039	1944166	
1092212	1164499	
1092284	1360195	
1092313	2106223	
1092479	1548074	
1092601	2615139	
1092670	2339149	
1127686	1266061	
1273531	2615139	
989491	2339149	
1137517	2012201	
1231492	1627051	
1231635	2012201	
1231652	2012201	
1231771	2012201	
1231939	2012201	
1232033	2012201	
1232243	1400288	
990603	2233988	
990856	990867	
990856	990879	
990856	991856	
990856	992119	
990856	992746	
990856	995562	
990856	997476	
990856	1001271	
990856	1002965	
990856	1004123	
990856	1008515	
990856	1009376	
990856	1009758	
990856	1010616	
990856	1019173	
990856	1026176	
990856	1028169	
990856	1028790	
990856	1032660	
990856	1035675	
990856	1036040	
990856	1038206	
990856	1039339	
990856	1040470	
990856	1041089	
990856	1042017	
990856	1042261	
990856	1043042	
990856	1044430	
990856	1046344	
990856	1047651	
990856	1048939	
990856	1049384	
990856	1052250	
990856	1053878	
990856	1053896	
990856	1053951	
990856	1054118	
990856	1058263	
990856	1059780	
990856	1060203	
990856	1060907	
990856	1060958	
990856	1066334	
990856	1066442	
990856	1072901	
990856	1076836	
990856	1077012	
990856	1077755	
990856	1081047	
990856	1088595	
990856	1088825	
990856	1092253	
990856	1094297	
990856	1094835	
990856	1099065	
990856	1102521	
990856	1111105	
990856	1112220	
990856	1114018	
990856	1129226	
990856	1129271	
990856	1130420	
990856	1131035	
990856	1132120	
990856	1133071	
990856	1133814	
990856	1134807	
990856	1134843	
990856	1135277	
990856	1141646	
990856	1144285	
990856	1146795	
990856	1150269	
990856	1151143	
990856	1151694	
990856	1153445	
990856	1156725	
990856	1158205	
990856	1160180	
990856	1165983	
990856	1169061	
990856	1169661	
990856	1173283	
990856	1173922	
990856	1175052	
990856	1178670	
990856	1182923	
990856	1185349	
990856	1185370	
990856	1185389	
990856	1186154	
990856	1194756	
990856	1201547	
990856	1212582	
990856	1215771	
990856	1219418	
990856	1219848	
990856	1223052	
990856	1227397	
990856	1227763	
990856	1229254	
990856	1229424	
990856	1230010	
990856	1230593	
990856	1230925	
990856	1233883	
990856	1237934	
990856	1239069	
990856	1239688	
990856	1240189	
990856	1240200	
990856	1240508	
990856	1240599	
990856	1240794	
990856	1241042	
990856	1241427	
990856	1241924	
990856	1241952	
990856	1242052	
990856	1243131	
990856	1244221	
990856	1247920	
990856	1250462	
990856	1255119	
990856	1260329	
990856	1261006	
990856	1262989	
990856	1266953	
990856	1268511	
990856	1271670	
990856	1271754	
990856	1283774	
990856	1286074	
990856	1289947	
990856	1290316	
990856	1290839	
990856	1298002	
990856	1300176	
990856	1300424	
990856	1300940	
990856	1301204	
990856	1302727	
990856	1303112	
990856	1303143	
990856	1303353	
990856	1303371	
990856	1304513	
990856	1304657	
990856	1304685	
990856	1304818	
990856	1304914	
990856	1304918	
990856	1305287	
990856	1306555	
990856	1306855	
990856	1307456	
990856	1308185	
990856	1308189	
990856	1308283	
990856	1309212	
990856	1311243	
990856	1313135	
990856	1313188	
990856	1316225	
990856	1318195	
990856	1319022	
990856	1319431	
990856	1327135	
990856	1330704	
990856	1341863	
990856	1342945	
990856	1345783	
990856	1346120	
990856	1346530	
990856	1356843	
990856	1360274	
990856	1361150	
990856	1361536	
990856	1364898	
990856	1366346	
990856	1370500	
990856	1373872	
990856	1373877	
990856	1374646	
990856	1375315	
990856	1375486	
990856	1379191	
990856	1381341	
990856	1383148	
990856	1389538	
990856	1390822	
990856	1392101	
990856	1393097	
990856	1415274	
990856	1420682	
990856	1434695	
990856	1439532	
990856	1439673	
990856	1441801	
990856	1444473	
990856	1453855	
990856	1464201	
990856	1464408	
990856	1471286	
990856	1471476	
990856	1476124	
990856	1487254	
990856	1487532	
990856	1491800	
990856	1497488	
990856	1498871	
990856	1499206	
990856	1500477	
990856	1503288	
990856	1504520	
990856	1509178	
990856	1522156	
990856	1522275	
990856	1537429	
990856	1539978	
990856	1547445	
990856	1552054	
990856	1563752	
990856	1563759	
990856	1564431	
990856	1568809	
990856	1570702	
990856	1571298	
990856	1579842	
990856	1585967	
990856	1586749	
990856	1588719	
990856	1590270	
990856	1593112	
990856	1593313	
990856	1611924	
990856	1614765	
990856	1617317	
990856	1625244	
990856	1630081	
990856	1630324	
990856	1638246	
990856	1638582	
990856	1639364	
990856	1640552	
990856	1642344	
990856	1651539	
990856	1655996	
990856	1656227	
990856	1658508	
990856	1663650	
990856	1664106	
990856	1665866	
990856	1668370	
990856	1669955	
990856	1675253	
990856	1676360	
990856	1676939	
990856	1677042	
990856	1677044	
990856	1677106	
990856	1677300	
990856	1677317	
990856	1680131	
990856	1687217	
990856	1688137	
990856	1688983	
990856	1692266	
990856	1696200	
990856	1696362	
990856	1697600	
990856	1713802	
990856	1717148	
990856	1721276	
990856	1722602	
990856	1724308	
990856	1727500	
990856	1731205	
990856	1737626	
990856	1739133	
990856	1739760	
990856	1743951	
990856	1746903	
990856	1747445	
990856	1752598	
990856	1753132	
990856	1753191	
990856	1754158	
990856	1765548	
990856	1772467	
990856	1772676	
990856	1777829	
990856	1789781	
990856	1789805	
990856	1793040	
990856	1794091	
990856	1797626	
990856	1813172	
990856	1822383	
990856	1831534	
990856	1833042	
990856	1838929	
990856	1841185	
990856	1854806	
990856	1854881	
990856	1860079	
990856	1861146	
990856	1867788	
990856	1870443	
990856	1872543	
990856	1873581	
990856	1874121	
990856	1938059	
990856	1943100	
990856	1953623	
990856	1962540	
990856	1980804	
990856	2029784	
990856	2036609	
990856	2080770	
990856	2096351	
990856	2097075	
990856	2104207	
990856	2114226	
990856	2114342	
990856	2123512	
990856	2132903	
990856	2136911	
990856	2206075	
990856	2242926	
990856	2242965	
990856	2262233	
990856	2263522	
990856	2328784	
990856	2345308	
990856	2378475	
990856	2379187	
990856	2379580	
990856	2433017	
990856	2496159	
990856	2562342	
990856	2597124	
990856	2602746	
990856	2602839	
990856	2644008	
990856	2702771	
990856	2838859	
990856	2936017	
990856	3058217	
991227	1290312	
991871	1194371	
1028380	2562397	
1033893	1164499	
1096685	2750797	
1096949	1391765	
1097013	1666670	
1097215	1944166	
1097215	2106223	
1097403	1666670	
1097513	1400288	
1003538	1194371	
1026196	1400288	
1026492	2012201	
1026511	2012201	
1026549	2750797	
1026683	2012201	
1026683	2339149	
1026796	2544411	
1026854	2106223	
1026854	2340259	
1026873	1190522	
1026917	2106223	
1026917	2750797	
1027049	1360195	
1027113	2615139	
1027667	1627051	
1027852	2106223	
1027981	2750797	
1028105	1944166	
1028253	1391765	
1028745	1607485	
1028763	1944166	
1028781	1164499	
1029251	2750797	
1029361	1627051	
1029555	2615139	
1029636	1627051	
1030431	2562397	
1030751	2328838	
1030916	1417784	
1030916	2339149	
1031179	2340259	
1031490	2328838	
1031947	1391765	
1033043	2339149	
1033395	1266061	
1034083	2012201	
1021985	1480655	
1022222	1142595	
1022272	1627051	
1002026	1323603	
1003680	1164499	
1004196	1015378	
1014093	1015378	
1016631	2544411	
1018633	1323603	
1040474	2562397	
1058951	1164499	
1100370	1190522	
1123202	1607367	
1123255	2012201	
1123278	2012201	
1123575	1425088	
1123614	1266061	
1123685	2106223	
1124194	2544411	
1124800	2562397	
1125131	2750797	
1125537	1944166	
1126136	1627051	
1126370	1480655	
1126758	1944166	
989261	1015378	
989261	1266061	
989261	1268026	
989265	1015378	
989389	1015378	
992294	1107871	
992456	1164499	
992605	1653645	
992756	1190522	
992769	1480655	
992914	1322857	
1041201	1391765	
1102072	1391765	
1060555	1190522	
1019161	1323603	
1211244	2012201	
1211308	1268026	
1186936	2106223	
1187041	2340259	
1036642	1190522	
1054304	1290312	
1052412	1194371	
1236528	1486937	
1052370	1164499	
1092775	2012201	
995298	1548074	
995301	2562397	
995552	2562397	
996850	1360195	
996850	2328313	
1078732	1190522	
1078768	2615139	
1078914	1425088	
1079087	1190522	
1079144	1190522	
1079222	1164499	
1080283	1190522	
1080365	1360195	
1080491	2328838	
1080654	1164499	
1080670	1190522	
1101037	2233988	
1101084	1266061	
1101223	2562397	
1101360	1266061	
1101595	2106223	
1099413	1391765	
997657	1607428	
997829	1015378	
1013785	1391765	
1019001	1268026	
1036883	1164499	
1039589	2562397	
1039678	1164499	
1044278	1417762	
1071570	1164499	
1076689	1607326	
1077873	1480655	
1083824	2328838	
1112484	1323603	
1150466	1266061	
1150766	1548074	
1150978	1194371	
1150978	1548074	
1151143	2562397	
1017518	2328313	
1058637	1400288	
1058637	1400432	
1058645	1400432	
1058653	1400288	
1058721	1400288	
1058721	1400432	
1058890	1400288	
1058992	1391765	
1059016	1400432	
1004871	1425088	
1018127	1480655	
1002025	1164499	
1002036	1015378	
1002115	1266061	
1002115	1268026	
1002300	1417762	
1002429	1268026	
1001247	1323603	
993337	1164499	
1019149	1548074	
1036896	1266061	
1039348	2012201	
1052008	1474923	
1052671	1425088	
1075295	1627051	
1076895	1474923	
1077033	1391765	
1077187	1666670	
1077405	1486937	
1077420	2012201	
1077614	1944166	
1077755	2562397	
1077825	1607464	
1078079	1164499	
1078402	1194371	
1079120	2562397	
1079291	1400432	
1022352	1194371	
1004175	1164499	
1015008	1164499	
1019560	1323603	
1058186	1480655	
1089101	1607410	
1115874	1190522	
1146268	1417762	
1323603	1332191	
1323603	1416550	
1323603	1417767	
1323603	1425623	
1323603	1476032	
1323603	1528990	
1323603	1544394	
1323603	1563951	
1323603	1570336	
1323603	1601810	
1323603	1607352	
1323603	1607360	
1323603	1607367	
1323603	1607370	
1323603	1607384	
1323603	1607385	
1323603	1607404	
1323603	1607410	
1323603	1607422	
1323603	1607441	
1323603	1607457	
1323603	1607463	
1323603	1607464	
1323603	1607466	
1323603	1607471	
1323603	1607485	
1323603	1607494	
1323603	1621064	
1323603	1635861	
1323603	1693300	
1323603	1708192	
1323603	1747178	
1323603	1747213	
1323603	1761662	
1323603	1784033	
1323603	1806633	
1323603	1859202	
1323603	2131161	
1323603	2136260	
1323603	2235143	
1323603	2270925	
1323603	2292192	
1323603	2486286	
1323603	2593740	
1390867	1666670	
1464048	2106223	
1464263	2328313	
1464510	1607464	
1464532	2340259	
1058582	1190522	
1034667	2544411	
1034759	1607410	
1034853	2750797	
1034913	1164499	
1034913	1666670	
1034925	1266061	
1034949	1666670	
1034949	2328838	
1035147	1391765	
1035254	2106223	
1035436	2562397	
1035581	1666670	
1035699	1548074	
1035749	1194371	
1036366	2339149	
1036703	2012201	
1001349	1268026	
1001841	1360195	
1037579	1194371	
1003724	1653645	
1003759	1266061	
1003791	1266061	
1003813	1653645	
1003850	1653645	
999379	2233988	
999480	1360195	
999565	1015378	
999565	2233988	
1062920	1190522	
1062923	1425088	
1063009	1425088	
1063088	2106223	
1063273	2106223	
1000598	2106223	
1000686	2328838	
1043208	1360195	
1050309	1323603	
1053955	1474923	
1059890	1268026	
1095431	2012201	
1099706	1360195	
1100140	2012201	
1121840	1653645	
1177040	1360195	
1177140	1360195	
1177157	1607407	
1177254	2012201	
1177276	1607414	
1177371	2012201	
1177520	1266061	
1177737	1417792	
1177737	1548074	
1177737	1607316	
1177737	1607347	
1177737	1607357	
1177737	2413390	
1177759	1323603	
1177759	1360195	
1177774	1290312	
1178053	1474923	
1178086	2615139	
1178281	2012201	
1178293	2615139	
1178551	1391765	
1178902	1360195	
1178978	1474923	
1178985	1607326	
1179081	2328838	
1179152	1607326	
1179245	2012201	
1179308	1607410	
1179374	2339149	
1013363	1164499	
1019436	1268026	
1020322	1323603	
1037920	2012201	
1050368	1627051	
1050546	1194371	
1050547	2106223	
1051171	1266061	
1052163	1164499	
1052276	2562397	
1052782	1164499	
1052864	2106223	
1052929	1194371	
1053066	2562397	
1053224	1417762	
1053684	1194371	
1053771	1194371	
1054185	1194371	
1054297	1548074	
1054652	1266061	
1054669	1266061	
1054913	1194371	
1055155	1548074	
1055221	1190522	
1055875	1194371	
1056052	1164499	
1056561	1164499	
1056626	1194371	
1056746	1194371	
1047398	1194371	
1047880	1486937	
1048318	1194371	
1175426	1548074	
1004078	1323603	
1004163	1417762	
1004264	1391765	
1004291	1268026	
1004346	1417762	
1004578	1194371	
1004639	1015378	
1004720	1015378	
1004763	1015378	
1005196	1015378	
1005269	1015378	
1005287	1323603	
1118886	1190522	
1119017	1425088	
1119398	2012201	
1119433	1425088	
1013422	1015378	
1018305	1164499	
1018354	1323603	
1018404	1290312	
1018748	2328838	
1019003	1607347	
1019277	1480655	
1019300	1607485	
1019429	1323603	
1019513	1323603	
1019698	1323603	
1020065	1323603	
1020167	1268026	
1020414	1164499	
1040047	2562397	
1140391	1360195	
1140421	1360195	
1140454	1190522	
1140722	1190522	
1002895	1666670	
1003033	1190522	
1037651	1544394	
1037722	1548074	
1037783	1548074	
1037972	1266061	
1038060	1194371	
1038143	2339149	
1038220	2012201	
1038312	1548074	
1038598	1194371	
1098982	1268026	
1173525	2106223	
1238064	1360195	
1298348	1360195	
1311833	2750797	
1313333	2012201	
1451109	2106223	
1451138	1627051	
1451138	2233988	
1451150	2106223	
1451224	2615139	
1021223	1323603	
1021227	1323603	
1043387	2562397	
1043409	1627051	
1043409	2413390	
1043607	2106223	
1044059	1391765	
1044286	1360195	
1044312	2544411	
1044362	1944166	
1044451	1290312	
1044451	1400288	
1044451	2413390	
1044759	1400288	
1044990	1164499	
1044990	2328313	
1045091	1290312	
1045091	1400288	
1045091	1400432	
1045330	2521326	
1045511	1607321	
1045659	2012201	
1045985	1164499	
1045985	2328838	
1046149	2012201	
1046322	1164499	
1046372	1391765	
1046609	1400288	
1046609	1400432	
1046656	1607326	
1046708	1190522	
1046828	2106223	
1046834	2562397	
1046937	2106223	
1046987	1400432	
1047068	2562397	
1047196	1607404	
1047390	1400288	
1047430	1164499	
1047643	1607321	
1047891	1164499	
1048066	1653645	
1048072	2562397	
1048084	1607321	
1048222	1944166	
1048539	2340259	
1048875	1607321	
1049005	2750797	
1049009	1607410	
1049009	1607463	
1049061	2106223	
1049343	2562397	
1049392	1391765	
1049555	2328838	
1049617	1164499	
1049929	1391765	
1049929	2106223	
1049961	1944166	
1050055	1164499	
1050387	2340259	
1050782	1666670	
1052568	1323603	
1052637	2521326	
1053126	1391765	
1053567	1653645	
1054177	2106223	
1056669	1164499	
1057015	1190522	
1057083	2615139	
1057451	2106223	
1057460	1400288	
1057460	1400432	
1070700	1164499	
1122341	1360195	
1301626	2012201	
1301748	1360195	
1301949	1360195	
1301952	1653645	
1302140	1360195	
1302659	2012201	
1058907	2340259	
1059163	1391765	
1059368	1194371	
1059610	2012201	
1002805	1164499	
1022894	2328838	
1022958	2615139	
1022969	2328838	
1022971	1666670	
1022971	2012201	
1022971	2328313	
1023050	1725794	
1023145	2562397	
1023925	1164499	
1121157	1268026	
1015378	1016213	
1015378	1017197	
1015378	1018332	
1015378	1018334	
1015378	1018360	
1015378	1018442	
1015378	1018480	
1015378	1018637	
1015378	1019110	
1015378	1019238	
1015378	1019248	
1015378	1019526	
1015378	1019545	
1015378	1019677	
1015378	1020080	
1015378	1020108	
1015378	1020117	
1015378	1020984	
1015378	1022877	
1015378	1023050	
1015378	1023971	
1015378	1024262	
1015378	1027349	
1015378	1032763	
1015378	1035612	
1015378	1036274	
1015378	1037396	
1015378	1041603	
1015378	1042062	
1015378	1042260	
1015378	1043722	
1015378	1044004	
1015378	1045164	
1015378	1054135	
1015378	1054585	
1015378	1058546	
1015378	1061693	
1015378	1066369	
1015378	1067073	
1015378	1069957	
1015378	1074177	
1015378	1076245	
1015378	1083615	
1015378	1090979	
1015378	1091382	
1015378	1093173	
1015378	1094102	
1015378	1094153	
1015378	1094327	
1015378	1094450	
1015378	1094509	
1015378	1097188	
1015378	1100798	
1015378	1102311	
1015378	1104049	
1015378	1105167	
1015378	1107219	
1015378	1109651	
1015378	1110964	
1015378	1111129	
1015378	1121407	
1015378	1126205	
1015378	1127247	
1015378	1134338	
1015378	1137191	
1015378	1141011	
1015378	1144446	
1015378	1146979	
1015378	1147052	
1015378	1147173	
1015378	1147795	
1015378	1149064	
1015378	1150049	
1015378	1150062	
1015378	1150068	
1015378	1150124	
1015378	1150146	
1015378	1150149	
1015378	1150184	
1015378	1150294	
1015378	1150383	
1015378	1153450	
1015378	1156166	
1015378	1159243	
1015378	1163539	
1015378	1163567	
1015378	1163662	
1015378	1163698	
1015378	1163752	
1015378	1164016	
1015378	1164068	
1015378	1165945	
1015378	1166352	
1015378	1167458	
1015378	1172865	
1015378	1174113	
1015378	1181621	
1015378	1185836	
1015378	1185913	
1015378	1190566	
1015378	1191819	
1015378	1194371	
1015378	1213417	
1015378	1214222	
1015378	1221398	
1015378	1222897	
1015378	1228177	
1015378	1231108	
1015378	1231526	
1015378	1233723	
1015378	1234227	
1015378	1242744	
1015378	1249323	
1015378	1254386	
1015378	1267265	
1015378	1270978	
1015378	1295131	
1015378	1299763	
1015378	1299992	
1015378	1300362	
1015378	1303695	
1015378	1304283	
1015378	1304476	
1015378	1306196	
1015378	1313709	
1015378	1313840	
1015378	1314695	
1015378	1316078	
1015378	1318747	
1015378	1321248	
1015378	1321883	
1015378	1326971	
1015378	1351773	
1015378	1356951	
1015378	1359195	
1015378	1361710	
1015378	1364737	
1015378	1378216	
1015378	1389790	
1015378	1394062	
1015378	1396857	
1015378	1399967	
1015378	1400004	
1015378	1403107	
1015378	1413645	
1015378	1414089	
1015378	1415973	
1015378	1417834	
1015378	1426330	
1015378	1435156	
1015378	1435856	
1015378	1438676	
1015378	1447058	
1015378	1451254	
1015378	1456582	
1015378	1459239	
1015378	1459252	
1015378	1459287	
1015378	1459289	
1015378	1459290	
1015378	1459294	
1015378	1459436	
1015378	1480512	
1015378	1497502	
1015378	1508395	
1015378	1515401	
1015378	1524907	
1015378	1525114	
1015378	1536677	
1015378	1548450	
1015378	1558441	
1015378	1563322	
1015378	1598460	
1015378	1607334	
1015378	1607488	
1015378	1616119	
1015378	1623732	
1015378	1624296	
1015378	1627148	
1015378	1627540	
1015378	1627968	
1015378	1633687	
1015378	1636441	
1015378	1636851	
1015378	1640658	
1015378	1649677	
1015378	1658987	
1015378	1659427	
1015378	1659431	
1015378	1706704	
1015378	1706773	
1015378	1710643	
1015378	1715327	
1015378	1718243	
1015378	1728963	
1015378	1731985	
1015378	1732709	
1015378	1732850	
1015378	1760228	
1015378	1760360	
1015378	1761088	
1015378	1768964	
1015378	1776564	
1015378	1783254	
1015378	1789336	
1015378	1816543	
1015378	1835435	
1015378	1844554	
1015378	1851923	
1015378	1852005	
1015378	1852340	
1015378	1852526	
1015378	1857844	
1015378	1867778	
1015378	1881775	
1015378	1919805	
1015378	1946874	
1015378	1958261	
1015378	2034766	
1015378	2036128	
1015378	2040694	
1015378	2086192	
1015378	2096701	
1015378	2116209	
1015378	2120803	
1015378	2131161	
1015378	2184957	
1015378	2194917	
1015378	2195299	
1015378	2467560	
1015378	2467743	
1015378	2468037	
1015378	2468163	
1015378	2496217	
1015378	2623863	
1015378	2678403	
1015378	2788013	
1015378	2912882	
1015378	2934449	
1015378	2996067	
1015378	2996080	
1015378	3048556	
1086060	1417792	
1110739	1142595	
1111006	1391765	
1111129	1194371	
1111138	1653645	
1111343	1266061	
1111507	1268026	
1111973	1548074	
1112408	1548074	
1112426	2328838	
1112743	1548074	
1061398	2012201	
1061399	1194371	
1061400	1194371	
1061460	1944166	
1061788	1194371	
1327935	2012201	
1036876	2544411	
1037050	1190522	
1037087	1194371	
1059679	2012201	
1059834	1164499	
1060180	1607463	
1128998	1360195	
1166164	1190522	
1237890	1607422	
1260635	1474923	
1016934	2328838	
1016991	2012201	
1088569	1944166	
1088689	1266061	
1088785	1391765	
1088905	1607410	
1088913	1164499	
1061675	1266061	
1061675	1268026	
1021297	1360195	
1074269	1194371	
1074296	2012201	
1074566	1194371	
1085019	2106223	
1085421	2106223	
1014147	1391765	
1014466	1391765	
1014896	1015378	
1015019	1391765	
1015041	1666670	
1015901	1266061	
1015901	1268026	
1015957	1194371	
1016013	1391765	
1016071	1548074	
1016668	1164499	
1137506	1268026	
1137727	2328313	
1138023	1360195	
1021407	1360195	
1021419	1164499	
1095629	1194371	
1095777	2012201	
1104718	1666670	
1104824	2233988	
1104912	1266061	
1017186	1360195	
1017208	1323603	
1017323	2012201	
1017363	1417762	
1017363	1544394	
1069954	2562397	
1070023	2328838	
1070063	1474923	
1070311	1417762	
1070367	2562397	
1070503	1266061	
1070685	1323603	
1070831	2562397	
1071044	2562397	
1071501	1480655	
1071589	1194371	
1071740	1627051	
1071757	1323603	
1107151	1323603	
1143113	2233988	
1166047	1323603	
1221425	1548074	
1014269	1015378	
1042696	2328838	
1042747	1666670	
1099920	2328838	
1135820	2328838	
1142793	1417767	
1142793	1607321	
1142793	1607347	
1142793	1607357	
1142793	1607394	
1143771	1607326	
1149186	1190522	
1155905	1164499	
1156424	1480655	
1156650	2615139	
1157520	2615139	
1157897	1266061	
1157904	1164499	
1158704	2106223	
1159793	1164499	
1013459	1015378	
1013810	1607367	
1042970	2233988	
1043290	1266061	
1043786	1417674	
1044054	1400288	
1044054	1400432	
1130369	2012201	
1063438	1107871	
1063511	1107871	
1063533	2012201	
1060196	1360195	
1060233	2012201	
1060398	1164499	
1060491	1653645	
1038895	1164499	
1038914	2012201	
1108196	1474923	
1108204	1474923	
1108263	1544394	
1108263	1607322	
1108263	1607399	
1108263	1607428	
1108263	1607478	
1108383	1944166	
1089037	1425088	
1089107	1425088	
1089176	1391765	
1089250	1607410	
1089255	2012201	
1089371	1607490	
1091699	1266061	
1091788	1266061	
1091788	1268026	
1091833	1417762	
1181829	1417657	
1181829	1417667	
1181829	1417674	
1181829	1417719	
1181829	1417762	
1181829	1417784	
1181829	1417939	
1181829	1607349	
1352307	2562397	
1352440	1666670	
1352440	2106223	
1352574	1607479	
1352684	1417767	
1352684	1607410	
1353085	1607463	
1353131	1725794	
1073511	2106223	
1073609	1360195	
1073703	2012201	
1073737	2328313	
1073757	1360195	
1073919	2106223	
1081879	1944166	
1137095	2562397	
1252331	2544411	
1252424	2544411	
1088015	2106223	
1088306	1194371	
1086847	2340259	
1235194	1417667	
1368609	2012201	
1117496	1417719	
1132320	1194371	
1132471	2562397	
1133071	2562397	
1083330	1360195	
1086648	1607428	
1086666	2328313	
1086882	1194371	
1086882	2339149	
1087114	1190522	
1095980	1194371	
1128822	1266061	
1057685	1164499	
1075438	2233988	
1094519	1323603	
1095020	1194371	
1095072	1480655	
1095448	1666670	
1095577	1266061	
1095596	1164499	
1095923	1164499	
1244495	1480655	
1313100	1627051	
1328664	1480655	
1377896	2012201	
1387963	1480655	
1388128	2012201	
1389957	1480655	
1182348	1417767	
1182348	1544394	
1182348	1548074	
1182348	1607316	
1182348	1607318	
1182348	1607326	
1182348	1607347	
1182348	1607357	
1182348	1607426	
1182348	1607440	
1182348	1607485	
1182379	1548074	
1136271	1323603	
1136631	2012201	
1086238	1666670	
1184214	2012201	
1184286	2012201	
1184297	1266061	
1184297	1268026	
1184335	2012201	
1184344	2328313	
1184630	1190522	
1085293	1164499	
1141409	1360195	
1238075	1360195	
1306815	2106223	
1386247	2106223	
1145085	2562397	
1180110	1417674	
1100620	1666670	
1116072	1400288	
1116719	1194371	
1285584	1400288	
1285704	1323603	
1085522	1322857	
1057577	1653645	
1057638	1653645	
1057666	2012201	
1057712	2012201	
1057812	2012201	
1057888	1290312	
1057985	1266061	
1296822	1417719	
1296822	1607390	
1296822	1607422	
1297190	2521326	
1237239	1360195	
1238218	2328838	
1331287	1360195	
1095251	1400288	
1061726	2106223	
1062482	1360195	
1113731	2012201	
1113925	2562397	
1114280	2562397	
1114302	1400288	
1080782	1164499	
1080882	1360195	
1080924	1266061	
1080924	1268026	
1081072	1190522	
1074654	1666670	
1238754	1417657	
1238754	1417667	
1238754	1417674	
1238754	1417719	
1238754	1417762	
1238754	1417792	
1238754	1417959	
1238754	1544394	
1238754	1607349	
1238754	1607352	
1238754	1607381	
1082075	1322857	
1082075	1607352	
1082075	1607464	
1082075	1627051	
1082075	2339149	
1082075	2413390	
1082334	2413390	
1082538	1266061	
1082538	1268026	
1083470	2521326	
1083664	1425088	
1083707	1725794	
1083718	1391765	
1083831	2012201	
1100066	2328838	
1168634	2012201	
1168872	2012201	
1168935	1425088	
1169093	1548074	
1169278	1190522	
1169453	1607384	
1169453	1607490	
1169456	2562397	
1169778	2012201	
1170129	1944166	
1170149	1190522	
1170177	2328313	
1170211	2012201	
1155329	2012201	
1155389	2328313	
1226480	2106223	
1480092	2328838	
1512667	2106223	
1412671	1548074	
1412690	2328838	
1081461	1107871	
1081920	1607380	
1081930	2562397	
1081958	1360195	
1082051	1266061	
1082056	2562397	
1082109	1391765	
1148504	1164499	
1337979	2106223	
1122544	1190522	
1122684	2562397	
1170025	1607347	
1135789	1360195	
1135891	1360195	
1135921	1360195	
1135954	1400288	
1149974	2562397	
1063928	2012201	
1064040	1360195	
1064154	1164499	
1079705	1360195	
1080226	2521326	
1108955	1360195	
1109244	1544394	
1163033	1164499	
1142119	1391765	
1183134	2106223	
1186922	2562397	
1287697	2012201	
1287807	1666670	
1117813	2328313	
1063789	1266061	
1107871	1128537	
1107871	1159938	
1107871	1187862	
1107871	1191797	
1107871	1211438	
1107871	1284413	
1107871	1303381	
1107871	1342152	
1107871	1395707	
1107871	1555316	
1107871	1607352	
1107871	1607464	
1107871	1609378	
1107871	1617580	
1107871	1662011	
1082173	2012201	
1082650	1360195	
1096550	1391765	
1099679	2012201	
1099708	1360195	
1099837	1360195	
1099856	1360195	
1099969	1194371	
1100065	1360195	
1100065	1607326	
1100123	2012201	
1100123	2328838	
1100143	2012201	
1100176	1190522	
1100180	2012201	
1100214	2012201	
1100231	2012201	
1100331	1391765	
1100332	2012201	
1100378	1480655	
1100407	1425088	
1100419	2012201	
1100467	1391765	
1100488	2328838	
1100503	2012201	
1100594	1164499	
1191811	1323603	
1244395	1607404	
1266434	1480655	
1297994	1391765	
1299430	1480655	
1098350	1360195	
1247927	1266061	
1281823	1360195	
1281823	1607466	
1281932	1627051	
1281932	2339149	
1282085	1607457	
1104815	1290312	
1104815	1400288	
1104815	1400432	
1104974	1400432	
1105322	1627051	
1142100	2562397	
1174617	1400288	
1202619	1268026	
1216112	1607380	
1277935	1290312	
1277935	1400432	
1278042	2339149	
1278187	2328838	
1278192	1607410	
1278793	1607428	
1279203	1725794	
1279330	1474923	
1279375	1607347	
1279407	1607410	
1279613	2012201	
1279968	1607410	
1280323	1391765	
1280359	1417767	
1280359	1607352	
1280359	1607384	
1280677	1607441	
1280839	1417767	
1281241	1607384	
1281241	1607478	
1281568	2012201	
1098053	2562397	
1098341	1194371	
1098733	1164499	
1098804	1666670	
1099103	2562397	
1099303	1391765	
1162700	1360195	
1162785	1391765	
1176837	1417792	
1186371	1627051	
1210445	1944166	
1321703	2106223	
1321715	1944166	
1321731	1944166	
1321768	1548074	
1321818	2562397	
1321934	2106223	
1322049	2106223	
1322110	1391765	
1322247	1391765	
1322386	2106223	
1322524	2106223	
1322534	2106223	
1153849	2106223	
1153945	1323603	
1106563	1480655	
1109901	1607390	
1120620	2615139	
1120728	1164499	
1120797	1190522	
1120989	1391765	
1121048	2328838	
1133239	1194371	
1133264	1194371	
1190227	1627051	
1198657	1417762	
1221039	2012201	
1303593	1607485	
1303993	2562397	
1351704	2562397	
1351773	1360195	
1351773	1725794	
1354354	1548074	
1374346	1607349	
1375843	1417667	
1375843	1417719	
1375843	1417792	
1375843	1607349	
1375843	1607381	
1375843	1607434	
1378681	2562397	
1306998	1391765	
1098158	1268026	
1174838	1190522	
1222927	2521326	
1300266	2521326	
1361261	2106223	
1393378	1607380	
1418643	2562397	
1420682	2562397	
1470097	2521326	
1491672	2340259	
1491676	2521326	
1492349	2521326	
1493465	2012201	
1496361	2012201	
1496789	2521326	
1497916	2521326	
1498565	1607441	
1498729	2521326	
1499730	1607380	
1500205	2012201	
1500541	1548074	
1501176	2521326	
1505030	2521326	
1507929	1607441	
1508714	2339149	
1508817	2106223	
1509012	1548074	
1513446	2562397	
1515787	2562397	
1517098	2328313	
1092997	2328838	
1093303	1360195	
1090167	1400288	
1090167	1400432	
1090292	1266061	
1090696	1290312	
1090749	1360195	
1077048	1391765	
1128687	1266061	
1141172	1627051	
1166574	1653645	
1166710	1474923	
1167113	2106223	
1226783	1391765	
1226851	1486937	
1434731	2233988	
1188938	2012201	
1415722	2562397	
1415743	2328313	
1415884	2562397	
1153505	1627051	
1093641	1360195	
1093757	1548074	
1093865	1607414	
1093865	1607440	
1233018	1607485	
1224158	1666670	
1098536	2012201	
1098753	2340259	
1098756	1425088	
1098791	1391765	
1106785	1164499	
1107257	2562397	
1090113	2012201	
1090166	2544411	
1090187	2328838	
1090348	2328838	
1090500	2328838	
1109764	2012201	
1102356	2233988	
1131011	1391765	
1223101	1480655	
1255470	1480655	
1255527	2106223	
1255534	2106223	
1255640	1266061	
1255671	1607371	
1255779	1607352	
1221370	1607466	
1221370	1627051	
1143501	2012201	
1290142	2106223	
1295869	2012201	
1114708	1190522	
1115264	1391765	
1252249	1391765	
1130601	1266061	
1130671	1391765	
1131197	1391765	
1140875	2106223	
1140951	1391765	
1140956	1607428	
1140957	2339149	
1140965	2750797	
1141030	1164499	
1141036	1323603	
1141103	1360195	
1141185	2328838	
1141270	1268026	
1141483	1190522	
1142367	2106223	
1142382	2521326	
1142489	1190522	
1142595	1160772	
1142595	1161514	
1142595	1233819	
1142595	1313943	
1142595	1365680	
1142595	1365712	
1142595	1375843	
1142595	1417696	
1142595	1417698	
1142595	1417729	
1142595	1417758	
1142595	1417767	
1142595	1417815	
1142595	1417959	
1142595	1422868	
1142595	1527595	
1142595	1544394	
1142595	1597444	
1142595	1607307	
1142595	1607316	
1142595	1607320	
1142595	1607326	
1142595	1607343	
1142595	1607349	
1142595	1607365	
1142595	1607367	
1142595	1607370	
1142595	1607371	
1142595	1607375	
1142595	1607384	
1142595	1607394	
1142595	1607399	
1142595	1607401	
1142595	1607404	
1142595	1607410	
1142595	1607414	
1142595	1607422	
1142595	1607428	
1142595	1607434	
1142595	1607441	
1142595	1607445	
1142595	1607451	
1142595	1607456	
1142595	1607457	
1142595	1607466	
1142595	1607485	
1142595	1607489	
1142595	1607494	
1142595	1610257	
1142595	1610284	
1142595	1649263	
1142595	1669190	
1142595	1686817	
1142595	1725794	
1142595	1822492	
1142595	1833624	
1142595	1853710	
1142595	1866897	
1142595	2183755	
1142595	2601698	
1142595	2782078	
1142714	2106223	
1142809	1607407	
1142993	1290312	
1143006	1164499	
1143034	2413390	
1143172	1425088	
1143645	1607326	
1143675	1190522	
1143691	1266061	
1143691	1268026	
1143784	1190522	
1143877	1190522	
1144239	1194371	
1144297	1607478	
1144655	2012201	
1144704	1290312	
1145910	2012201	
1146048	2233988	
1146192	2544411	
1146401	2562397	
1146480	2544411	
1146952	1417784	
1146952	1607456	
1147031	1266061	
1148623	1268026	
1148763	1474923	
1148991	1400288	
1149068	2521326	
1149200	2328838	
1133630	1194371	
1190443	2328838	
1345937	1400288	
1346696	1417667	
1346696	1417674	
1346696	1607349	
1121970	1194371	
1173118	1391765	
1211795	2750797	
1211828	2106223	
1212137	1607380	
1212246	1653645	
1212274	2562397	
1212521	1548074	
1212802	1544394	
1213138	1666670	
1213410	1666670	
1214636	1391765	
1214736	1266061	
1214933	1548074	
1215764	1391765	
1215862	2562397	
1216545	1417784	
1216545	1607456	
1216545	1607503	
1216545	1725794	
1216876	1666670	
1217132	1607404	
1218245	2562397	
1218705	1627051	
1130106	1164499	
1130246	1544394	
1130246	1607398	
1130299	1666670	
1130300	1425088	
1130386	1400288	
1130386	1400432	
1131021	2106223	
1131163	1391765	
1131174	1666670	
1131272	2340259	
1131278	1266061	
1131287	1164499	
1131885	1653645	
1131965	1322857	
1132033	1607349	
1154562	1266061	
1186109	1391765	
1199073	1400432	
1199187	2328838	
1199209	1400432	
1199438	1400432	
1199528	2012201	
1199560	2012201	
1199682	2615139	
1199767	1400288	
1199828	1360195	
1199891	1400432	
1200007	2012201	
1200523	2012201	
1200541	1391765	
1200845	1400288	
1200845	1400432	
1164636	1290312	
1267354	1391765	
1400863	2328838	
1400893	2562397	
1401318	2562397	
1133888	2012201	
1194919	1653645	
1195451	2562397	
1202495	1391765	
1202815	1548074	
1203468	1391765	
1206767	2562397	
1206890	1391765	
1207206	2562397	
1121473	2562397	
1121618	2328838	
1121859	1391765	
1135588	2339149	
1404887	1725794	
1168064	2615139	
1158832	1607426	
1158850	1190522	
1158895	1164499	
1159005	1190522	
1245765	1486937	
1246066	1391765	
1114320	1474923	
1186656	1360195	
1237015	2106223	
1237015	2413390	
1237113	1360195	
1237160	1360195	
1237218	1360195	
1237417	2615139	
1237422	2339149	
1237511	1266061	
1237511	1268026	
1237607	1360195	
1237972	1360195	
1238124	1360195	
1238128	2328838	
1238178	1944166	
1238227	1360195	
1238461	1360195	
1238478	1425088	
1236196	1607434	
1236243	2106223	
1236256	1360195	
1236304	2328838	
1139631	1944166	
1548429	2340259	
1182109	1266061	
1305497	2233988	
1225487	2328838	
1272826	1360195	
1273084	2012201	
1273149	2328838	
1340891	1548074	
1170836	1944166	
1152383	1391765	
1152512	1360195	
1152631	1190522	
1152651	1474923	
1152653	2012201	
1152783	1627051	
1152787	1360195	
1403267	2012201	
1114612	1268026	
1209766	1323603	
1186339	2106223	
1300670	1425088	
1302646	1653645	
1335816	1360195	
1366141	2012201	
1366145	2328838	
1366326	2106223	
1366471	2339149	
1366624	1607407	
1311180	1666670	
1185976	2106223	
1186066	1266061	
1186283	2328838	
1133771	1190522	
1133926	2012201	
1134015	2328838	
1183591	1266061	
1244764	2106223	
1160692	1360195	
1160721	1360195	
1160801	1360195	
1160941	1360195	
1161109	2340259	
1161144	2012201	
1161185	1290312	
1161185	1400288	
1161204	1360195	
1161217	1360195	
1161270	1360195	
1161355	1607463	
1161514	1360195	
1134469	2750797	
1134592	1322857	
1134715	1164499	
1134746	2328838	
1134997	2562397	
1135087	2012201	
1135129	1266061	
1135195	2544411	
1185445	1548074	
1138440	2615139	
1138538	1190522	
1168357	1322857	
1168357	1417792	
1168357	1627051	
1168357	2233988	
1168450	1627051	
1127532	1391765	
1127910	2233988	
1153761	2012201	
1186448	1266061	
1381845	2328838	
1146695	1607322	
1146804	1480655	
1147206	1164499	
1147215	1944166	
1147338	2562397	
1147527	2562397	
1148732	1653645	
1182593	1391765	
1182647	1266061	
1182705	1391765	
1182865	1323603	
1179545	2562397	
1179821	1400288	
1164656	1417762	
1239403	1653645	
1239435	1266061	
1239644	1653645	
1240069	1290312	
1240410	1607422	
1241639	1607367	
1242093	2012201	
1242170	1653645	
1242286	2340259	
1242405	1548074	
1242744	1360195	
1242744	1607394	
1242744	1607410	
1242744	2339149	
1242794	2521326	
1243016	2339149	
1136785	1164499	
1136837	1944166	
1189622	1391765	
1189646	1417792	
1133420	1190522	
1133463	1194371	
1159678	1607349	
1160112	1164499	
1394078	2012201	
1394270	1474923	
1394583	1666670	
1394692	1400288	
1395463	1548074	
1170738	1391765	
1170744	2012201	
1286745	2339149	
1336894	1607322	
1336919	1486937	
1337106	1944166	
1337218	2562397	
1189686	2328838	
1190371	2562397	
1190461	1391765	
1190839	1548074	
1192255	1266061	
1192442	2328838	
1187767	2012201	
1188374	1666670	
1188474	2012201	
1188510	2012201	
1188523	2012201	
1188711	1290312	
1188796	1190522	
1188849	2012201	
1188893	1290312	
1188898	2012201	
1188928	2012201	
1188952	2328838	
1189019	2562397	
1189026	1666670	
1189026	2012201	
1189040	1666670	
1189070	2750797	
1189152	2012201	
1150269	2562397	
1176566	2328313	
1181590	2328838	
1181654	1417667	
1181654	1417719	
1181654	1417939	
1181654	1607349	
1182002	2544411	
1349402	1417792	
1349402	1627051	
1349402	2233988	
1184767	2106223	
1184950	2544411	
1184951	1486937	
1184981	2339149	
1183157	1607466	
1183210	1607466	
1176475	1194371	
1176494	1548074	
1163595	1290312	
1163694	1725794	
1163997	1360195	
1164385	1164499	
1164499	1164670	
1164499	1166393	
1164499	1167220	
1164499	1167525	
1164499	1170317	
1164499	1173200	
1164499	1173270	
1164499	1173333	
1164499	1173492	
1164499	1174081	
1164499	1174668	
1164499	1181765	
1164499	1183255	
1164499	1185861	
1164499	1186069	
1164499	1186998	
1164499	1190991	
1164499	1192162	
1164499	1194320	
1164499	1194507	
1164499	1210940	
1164499	1211068	
1164499	1213261	
1164499	1214442	
1164499	1216322	
1164499	1220549	
1164499	1221666	
1164499	1223338	
1164499	1226368	
1164499	1226557	
1164499	1226803	
1164499	1227432	
1164499	1227642	
1164499	1227894	
1164499	1228385	
1164499	1229424	
1164499	1230069	
1164499	1230522	
1164499	1230901	
1164499	1233048	
1164499	1233477	
1164499	1234079	
1164499	1235752	
1164499	1238416	
1164499	1241126	
1164499	1245925	
1164499	1247539	
1164499	1248899	
1164499	1249133	
1164499	1249229	
1164499	1249350	
1164499	1249860	
1164499	1251705	
1164499	1254785	
1164499	1254965	
1164499	1257791	
1164499	1260902	
1164499	1262363	
1164499	1262656	
1164499	1269876	
1164499	1273876	
1164499	1274434	
1164499	1274596	
1164499	1275511	
1164499	1280927	
1164499	1284102	
1164499	1294361	
1164499	1298705	
1164499	1299671	
1164499	1300995	
1164499	1302378	
1164499	1303197	
1164499	1303463	
1164499	1303987	
1164499	1304248	
1164499	1308746	
1164499	1313474	
1164499	1314008	
1164499	1314471	
1164499	1317844	
1164499	1321716	
1164499	1321728	
1164499	1321855	
1164499	1321934	
1164499	1322521	
1164499	1325276	
1164499	1325645	
1164499	1339901	
1164499	1341352	
1164499	1343111	
1164499	1346775	
1164499	1349779	
1164499	1350089	
1164499	1350222	
1164499	1350648	
1164499	1353167	
1164499	1354426	
1164499	1360359	
1164499	1361419	
1164499	1361678	
1164499	1363045	
1164499	1366062	
1164499	1366326	
1164499	1367329	
1164499	1368764	
1164499	1369088	
1164499	1369815	
1164499	1373937	
1164499	1378790	
1164499	1379691	
1164499	1381850	
1164499	1381949	
1164499	1382874	
1164499	1391585	
1164499	1393275	
1164499	1393533	
1164499	1394808	
1164499	1398518	
1164499	1404516	
1164499	1406504	
1164499	1406591	
1164499	1406898	
1164499	1406910	
1164499	1406937	
1164499	1407383	
1164499	1407663	
1164499	1411062	
1164499	1412948	
1164499	1413519	
1164499	1413644	
1164499	1415615	
1164499	1421479	
1164499	1427392	
1164499	1427572	
1164499	1427794	
1164499	1429684	
1164499	1431745	
1164499	1434287	
1164499	1436578	
1164499	1436751	
1164499	1437253	
1164499	1437338	
1164499	1441279	
1164499	1441899	
1164499	1450824	
1164499	1452598	
1164499	1454262	
1164499	1454290	
1164499	1454392	
1164499	1454545	
1164499	1460796	
1164499	1462625	
1164499	1465768	
1164499	1469101	
1164499	1474984	
1164499	1479936	
1164499	1480177	
1164499	1480667	
1164499	1481593	
1164499	1482178	
1164499	1501321	
1164499	1501328	
1164499	1505417	
1164499	1518944	
1164499	1519246	
1164499	1521688	
1164499	1522108	
1164499	1522270	
1164499	1522406	
1164499	1529960	
1164499	1530796	
1164499	1531773	
1164499	1531861	
1164499	1535877	
1164499	1536629	
1164499	1536650	
1164499	1536661	
1164499	1536675	
1164499	1536680	
1164499	1536684	
1164499	1536717	
1164499	1536719	
1164499	1537063	
1164499	1538384	
1164499	1538954	
1164499	1539457	
1164499	1544135	
1164499	1545291	
1164499	1551994	
1164499	1563060	
1164499	1563077	
1164499	1563229	
1164499	1563334	
1164499	1565511	
1164499	1566676	
1164499	1571593	
1164499	1571668	
1164499	1574791	
1164499	1575857	
1164499	1577121	
1164499	1577437	
1164499	1581582	
1164499	1587463	
1164499	1588342	
1164499	1591925	
1164499	1592384	
1164499	1597872	
1164499	1597940	
1164499	1611150	
1164499	1611502	
1164499	1618653	
1164499	1623132	
1164499	1624155	
1164499	1624321	
1164499	1624370	
1164499	1625193	
1164499	1625893	
1164499	1627007	
1164499	1630364	
1164499	1633063	
1164499	1633216	
1164499	1633288	
1164499	1637036	
1164499	1637672	
1164499	1638170	
1164499	1638575	
1164499	1638786	
1164499	1638796	
1164499	1638852	
1164499	1641143	
1164499	1641691	
1164499	1648467	
1164499	1648592	
1164499	1649415	
1164499	1652617	
1164499	1658932	
1164499	1659111	
1164499	1666077	
1164499	1667091	
1164499	1673608	
1164499	1674194	
1164499	1675943	
1164499	1678385	
1164499	1678608	
1164499	1683506	
1164499	1683744	
1164499	1684034	
1164499	1688974	
1164499	1695144	
1164499	1695242	
1164499	1696172	
1164499	1696229	
1164499	1696480	
1164499	1696558	
1164499	1696607	
1164499	1696642	
1164499	1696647	
1164499	1696834	
1164499	1697067	
1164499	1697160	
1164499	1697171	
1164499	1697581	
1164499	1701429	
1164499	1703363	
1164499	1706019	
1164499	1706252	
1164499	1706636	
1164499	1710756	
1164499	1710914	
1164499	1714599	
1164499	1724613	
1164499	1729090	
1164499	1729191	
1164499	1731899	
1164499	1732550	
1164499	1732910	
1164499	1748969	
1164499	1750224	
1164499	1757986	
1164499	1758068	
1164499	1758098	
1164499	1760322	
1164499	1760419	
1164499	1761282	
1164499	1762972	
1164499	1771585	
1164499	1776786	
1164499	1779387	
1164499	1781272	
1164499	1781604	
1164499	1783194	
1164499	1787089	
1164499	1789858	
1164499	1790414	
1164499	1794240	
1164499	1800128	
1164499	1808045	
1164499	1810781	
1164499	1815072	
1164499	1830985	
1164499	1833490	
1164499	1834491	
1164499	1841045	
1164499	1843981	
1164499	1851948	
1164499	1852008	
1164499	1852357	
1164499	1852358	
1164499	1852396	
1164499	1853720	
1164499	1854806	
1164499	1865609	
1164499	1865877	
1164499	1865972	
1164499	1867029	
1164499	1868135	
1164499	1872116	
1164499	1874909	
1164499	1874931	
1164499	1876517	
1164499	1876784	
1164499	1879708	
1164499	1935818	
1164499	1936651	
1164499	1938059	
1164499	1941563	
1164499	1958384	
1164499	1958420	
1164499	1994316	
1164499	2067216	
1164499	2076902	
1164499	2080267	
1164499	2080274	
1164499	2097134	
1164499	2105033	
1164499	2105754	
1164499	2106194	
1164499	2107721	
1164499	2108574	
1164499	2113563	
1164499	2114376	
1164499	2116202	
1164499	2117794	
1164499	2117827	
1164499	2117899	
1164499	2121658	
1164499	2122956	
1164499	2125677	
1164499	2128234	
1164499	2131643	
1164499	2132989	
1164499	2133033	
1164499	2137200	
1164499	2172902	
1164499	2202575	
1164499	2235323	
1164499	2328715	
1164499	2368962	
1164499	2427116	
1164499	2455799	
1164499	2455861	
1164499	2510317	
1164499	2546907	
1164499	2551477	
1164499	2551523	
1164499	2551654	
1164499	2593703	
1164499	2593924	
1164499	2600566	
1164499	2666634	
1164499	2683364	
1164499	2686632	
1164499	2686855	
1164499	2748128	
1164499	2748187	
1164499	2748286	
1164499	2748333	
1164499	2748460	
1164499	2748479	
1164499	2748495	
1164499	2748514	
1164499	2748601	
1164499	2749199	
1164499	2749328	
1164499	2749376	
1164499	2838659	
1164499	2841808	
1164499	2843163	
1164499	2858137	
1164499	2876914	
1164499	2887860	
1164499	2904470	
1164499	2970233	
1164563	1607456	
1164564	1190522	
1164644	1391765	
1164807	1548074	
1165302	1268026	
1165346	2562397	
1165377	2106223	
1166179	1391765	
1214159	1480655	
1386569	2750797	
1386575	2750797	
1386576	2750797	
1386577	2750797	
1386592	2750797	
1386609	2750797	
1386616	2750797	
1386621	2750797	
1386639	2750797	
1386648	2750797	
1386657	2750797	
1386682	2328838	
1386682	2750797	
1386702	2750797	
1213567	1391765	
1228790	2562397	
1249323	2012201	
1299303	1360195	
1305563	2340259	
1305900	1474923	
1328569	1360195	
1368632	1425088	
1369124	1480655	
1369138	2012201	
1369264	2012201	
1369655	1391765	
1370033	1486937	
1370152	2012201	
1370272	2544411	
1370286	2340259	
1370349	2340259	
1370395	2012201	
1370492	1944166	
1370728	2012201	
1370771	1391765	
1370772	2012201	
1370975	2106223	
1371080	1391765	
1371098	2012201	
1371212	1400288	
1371338	2012201	
1371344	2012201	
1371344	2328838	
1371405	1653645	
1371592	1480655	
1371696	1627051	
1371821	1607404	
1371975	1391765	
1372186	2328838	
1372258	2328838	
1372667	2012201	
1372813	1607399	
1372965	2012201	
1373007	1391765	
1373539	2012201	
1374365	1607456	
1374396	2012201	
1374904	2328838	
1375493	1425088	
1375500	2106223	
1375615	2012201	
1376410	2012201	
1376765	1400432	
1377454	1666670	
1377657	2012201	
1378364	2340259	
1378580	1400288	
1378580	1400432	
1378968	1474923	
1379085	1391765	
1380140	1391765	
1380203	2106223	
1380347	2012201	
1380395	1417792	
1380395	1607407	
1380643	1417667	
1380643	1417674	
1380643	1417792	
1380643	1607404	
1380738	1666670	
1380886	2106223	
1380993	2012201	
1381563	2012201	
1174369	1194371	
1194371	1206447	
1194371	1214881	
1194371	1222799	
1194371	1228177	
1194371	1229874	
1194371	1237172	
1194371	1268008	
1194371	1275426	
1194371	1275820	
1194371	1285245	
1194371	1286913	
1194371	1288652	
1194371	1295646	
1194371	1295696	
1194371	1302512	
1194371	1308565	
1194371	1310909	
1194371	1311053	
1194371	1311454	
1194371	1316363	
1194371	1320491	
1194371	1322857	
1194371	1341972	
1194371	1346838	
1194371	1378576	
1194371	1396529	
1194371	1412015	
1194371	1416267	
1194371	1416912	
1194371	1417024	
1194371	1417667	
1194371	1417668	
1194371	1417698	
1194371	1417707	
1194371	1462655	
1194371	1467614	
1194371	1524907	
1194371	1536784	
1194371	1548074	
1194371	1607311	
1194371	1607322	
1194371	1607327	
1194371	1607339	
1194371	1607373	
1194371	1607389	
1194371	1607418	
1194371	1607421	
1194371	1607464	
1194371	1607466	
1194371	1607475	
1194371	1607478	
1194371	1610492	
1194371	1620636	
1194371	1623732	
1194371	1627038	
1194371	1627148	
1194371	1627540	
1194371	1627968	
1194371	1649677	
1194371	1652976	
1194371	1666751	
1194371	1681611	
1194371	1689015	
1194371	1696751	
1194371	1696917	
1194371	1703203	
1194371	1731985	
1194371	1732850	
1194371	1736336	
1194371	1748399	
1194371	1751545	
1194371	1753091	
1194371	1758062	
1194371	1769971	
1194371	1801602	
1194371	1801621	
1194371	1835435	
1194371	1853864	
1194371	1857844	
1194371	1958261	
1194371	2036128	
1194371	2228344	
1194371	2833611	
1194371	2837225	
1194371	2837722	
1194371	2845982	
1194371	2996067	
1194371	2996080	
1226879	2106223	
1227054	2328838	
1227131	1391765	
1227514	2562397	
1227569	1548074	
1227823	1607404	
1228079	2562397	
1228834	2562397	
1228946	1474923	
1228967	1266061	
1228984	2339149	
1229130	2562397	
1229286	1391765	
1229410	2562397	
1229756	1266061	
1229891	1548074	
1229992	2562397	
1230562	1391765	
1230593	2562397	
1230606	1391765	
1230776	1391765	
1230788	2106223	
1230799	1417767	
1230799	1607347	
1230799	1607357	
1230799	1607426	
1230799	1607467	
1230799	1607478	
1230799	1607494	
1376602	2750797	
1230569	2615139	
1326688	2562397	
1327012	1391765	
1295587	1944166	
1171699	1486937	
1186348	1666670	
1292678	2544411	
1292784	1417657	
1292837	2544411	
1292883	2544411	
1292896	2544411	
1292970	1607410	
1292977	1360195	
1293035	1486937	
1293098	1666670	
1293144	2328838	
1293409	1391765	
1293477	2544411	
1293481	2544411	
1293883	2544411	
1293988	2544411	
1305524	2340259	
1296177	1607357	
1267591	1548074	
1267756	1725794	
1187648	1194371	
1288646	2340259	
1323857	1417767	
1323857	1607410	
1328632	1360195	
1329082	1607326	
1329452	2615139	
1330179	2233988	
1331109	1607380	
1331820	1360195	
1331901	2615139	
1332422	1607349	
1332994	1417792	
1361326	1391765	
1361855	1417939	
1361855	1607422	
1362118	2328838	
1362586	1607457	
1364085	1425088	
1364698	2413390	
1364735	1944166	
1172709	1194371	
1172709	1417767	
1172709	1607316	
1172709	1607322	
1172709	1607370	
1172709	1607428	
1172808	1391765	
1172971	2328838	
1172980	2012201	
1173054	2012201	
1173119	2012201	
1173173	2562397	
1173178	2328838	
1173217	2012201	
1173281	2328838	
1173317	1266061	
1173372	1360195	
1173387	2328838	
1173502	1944166	
1173599	2521326	
1173708	1391765	
1173936	2328313	
1173987	1391765	
1174028	2328838	
1174059	2106223	
1174113	1194371	
1174113	1417674	
1174113	2339149	
1174138	1486937	
1174152	1666670	
1174390	2012201	
1174493	1194371	
1174808	1627051	
1174949	1391765	
1175148	1425088	
1176083	1627051	
1176083	2339149	
1176179	1548074	
1246457	1391765	
1246492	1322857	
1246492	2339149	
1246562	1391765	
1246613	1391765	
1246655	1425088	
1186331	2012201	
1186390	1360195	
1186399	2562397	
1186411	1360195	
1186593	2012201	
1186746	1190522	
1186746	1360195	
1186793	1360195	
1186801	2012201	
1186808	2544411	
1186926	2615139	
1187126	1360195	
1187173	1653645	
1187202	2012201	
1187490	1360195	
1187560	1190522	
1187581	1360195	
1187611	2012201	
1187620	2012201	
1187703	2012201	
1187739	1360195	
1187755	2413390	
1187778	2012201	
1187854	1190522	
1187889	1653645	
1187895	2012201	
1187971	2562397	
1188258	2544411	
1188281	1391765	
1201047	2544411	
1235747	2106223	
1235794	1607367	
1390957	2106223	
1213261	2106223	
1473296	1725794	
1180597	1944166	
1180725	1266061	
1294686	2106223	
1372335	2544411	
1372792	2562397	
1373008	1391765	
1210423	1944166	
1210423	2106223	
1210519	1944166	
1210519	2106223	
1210590	1944166	
1210606	1944166	
1210639	1944166	
1210701	1944166	
1210716	2106223	
1210881	2106223	
1211030	1944166	
1211067	1944166	
1211138	1944166	
1266088	2562397	
1193302	1400288	
1193302	1400432	
1193303	1627051	
1193357	1400288	
1193357	1400432	
1193403	1290312	
1193403	1400288	
1193403	1400432	
1246947	1391765	
1246979	2012201	
1247042	2106223	
1247190	1322857	
1247190	1417792	
1247190	2339149	
1247582	2106223	
1248026	2106223	
1248274	1425088	
1248351	1425088	
1248892	2106223	
1248981	2562397	
1248992	2106223	
1249007	1360195	
1249239	2012201	
1249729	1391765	
1249971	2562397	
1250004	1391765	
1250555	1607404	
1250932	2544411	
1316171	1417767	
1348951	1666670	
1401866	1607380	
1402322	2340259	
1402970	1607380	
1354657	1417674	
1210177	2106223	
1290091	1360195	
1317012	1400288	
1338096	1400432	
1338098	1400288	
1338098	1400432	
1338106	1400288	
1338106	1400432	
1338117	1400432	
1338121	1400288	
1338121	1400432	
1338122	1400288	
1338122	1400432	
1338137	1400432	
1338150	1400432	
1338152	1400288	
1338169	1400288	
1338176	1400288	
1338178	1400288	
1338182	2615139	
1338185	1400432	
1338186	1400288	
1338186	1400432	
1338189	1400288	
1338192	1400288	
1338192	1400432	
1338202	1400288	
1338202	1400432	
1338206	1400288	
1338213	1400288	
1338220	1400432	
1338227	1400432	
1338231	1400288	
1338236	1400288	
1338242	1400288	
1338242	1400432	
1338251	1400432	
1338254	1400288	
1338254	1400432	
1338273	1400432	
1338276	1400288	
1338281	1400288	
1338281	1400432	
1338285	1400288	
1338286	1400288	
1338286	1400432	
1338292	1400288	
1338292	1400432	
1338300	1400288	
1338300	1400432	
1338301	1400288	
1338308	1400288	
1338308	1400432	
1338310	1400288	
1338310	1400432	
1338312	1400288	
1338320	1400288	
1338320	1400432	
1338325	1400288	
1338325	1400432	
1338326	1400288	
1338336	1400288	
1338336	1400432	
1479508	1607349	
1479568	2340259	
1194226	2562397	
1192818	2012201	
1415199	2562397	
1348927	1548074	
1471188	2562397	
1276937	1417767	
1276937	1607347	
1276937	1607478	
1363228	1391765	
1364190	1391765	
1263910	1400432	
1302999	2340259	
1391471	2106223	
1425358	2340259	
1539473	2106223	
1542946	2106223	
1543716	2544411	
1543886	2012201	
1543934	1666670	
1544222	1725794	
1545060	2750797	
1546487	2339149	
1546867	1607322	
1292185	2012201	
1193985	1360195	
1341048	1627051	
1341159	2012201	
1341249	1391765	
1341337	1425088	
1341993	2615139	
1342177	2562397	
1343100	1666670	
1343328	1391765	
1343641	2562397	
1344373	2106223	
1419685	1666670	
1226245	1266061	
1226289	2562397	
1226425	1266061	
1286913	1417767	
1286913	1544394	
1286913	1548074	
1286913	1607316	
1286913	1607318	
1286913	1607321	
1286913	1607322	
1286913	1607367	
1286913	1607370	
1286913	1607384	
1286913	1607407	
1286913	1607410	
1286913	1607426	
1286913	1607428	
1286913	1607440	
1286913	1607441	
1286913	1607466	
1286913	1607478	
1286913	1607485	
1286913	1607494	
1557906	2106223	
1225142	1607456	
1225142	1725794	
1225207	2562397	
1233352	2562397	
1262716	1417784	
1263017	1290312	
1263017	1400432	
1263096	2562397	
1263711	2012201	
1263741	1268026	
1263788	2615139	
1263886	2615139	
1264035	1417784	
1264035	1607434	
1264035	1607456	
1264044	1607426	
1264651	1607357	
1264920	1290312	
1265012	2544411	
1265021	1607479	
1265077	1266061	
1265077	1268026	
1266061	1266170	
1266061	1266298	
1266061	1268026	
1266061	1268578	
1266061	1269385	
1266061	1282217	
1266061	1289385	
1266061	1292502	
1266061	1292613	
1266061	1301564	
1266061	1303916	
1266061	1307808	
1266061	1314349	
1266061	1326644	
1266061	1337126	
1266061	1339386	
1266061	1349948	
1266061	1353342	
1266061	1354392	
1266061	1362690	
1266061	1366906	
1266061	1374996	
1266061	1401318	
1266061	1405851	
1266061	1406792	
1266061	1419185	
1266061	1422469	
1266061	1425730	
1266061	1456270	
1266061	1462244	
1266061	1482235	
1266061	1487119	
1266061	1498108	
1266061	1498900	
1266061	1518513	
1266061	1521615	
1266061	1527980	
1266061	1528511	
1266061	1530665	
1266061	1535544	
1266061	1544394	
1266061	1544825	
1266061	1545023	
1266061	1553599	
1266061	1559945	
1266061	1561798	
1266061	1571591	
1266061	1573540	
1266061	1577199	
1266061	1580350	
1266061	1580388	
1266061	1586459	
1266061	1590699	
1266061	1594902	
1266061	1595605	
1266061	1596298	
1266061	1602041	
1266061	1607352	
1266061	1607464	
1266061	1612577	
1266061	1617190	
1266061	1625545	
1266061	1626295	
1266061	1628089	
1266061	1631571	
1266061	1631649	
1266061	1638246	
1266061	1638376	
1266061	1638590	
1266061	1648153	
1266061	1653617	
1266061	1655559	
1266061	1662449	
1266061	1668524	
1266061	1671565	
1266061	1709237	
1266061	1709821	
1266061	1710209	
1266061	1716959	
1266061	1717419	
1266061	1721364	
1266061	1724601	
1266061	1728346	
1266061	1731753	
1266061	1747573	
1266061	1755640	
1266061	1781799	
1266061	1786398	
1266061	1793111	
1266061	1806558	
1266061	1846007	
1266061	1852885	
1266061	1853324	
1266061	1859450	
1266061	1864997	
1266061	1871278	
1266061	1890466	
1266061	1904480	
1266061	1922488	
1266061	1973805	
1266061	1994388	
1266061	1995906	
1266061	2027477	
1266061	2034739	
1266061	2083246	
1266061	2088503	
1266061	2092845	
1266061	2096022	
1266061	2096718	
1266061	2114970	
1266061	2117734	
1266061	2118000	
1266061	2127145	
1266061	2129761	
1266061	2132056	
1266061	2234073	
1266061	2261465	
1266061	2261762	
1266061	2262372	
1266061	2262393	
1266061	2262536	
1266061	2263231	
1266061	2263269	
1266061	2264984	
1266061	2265297	
1266061	2265849	
1266061	2448571	
1266061	2485968	
1266061	2486059	
1266061	2486099	
1266061	2486101	
1266061	2489574	
1266061	2562035	
1266061	2595554	
1266061	2615325	
1266061	2633136	
1266061	2670365	
1266061	2746468	
1266061	2779125	
1266061	2836155	
1266061	2836523	
1266061	2836816	
1266061	2837546	
1266061	2837550	
1266061	2838649	
1266061	2838705	
1266061	2839069	
1266061	2839442	
1266061	2840719	
1266061	2841619	
1266061	2845018	
1266061	2846214	
1266061	2847384	
1266061	2856848	
1266061	2868928	
1266061	2901825	
1266061	2933211	
1266061	2969755	
1266061	2996034	
1266061	3026233	
1266170	1268026	
1266298	1268026	
1266328	2413390	
1267098	1322857	
1267348	2012201	
1267711	2012201	
1267835	2562397	
1267957	2106223	
1268026	1269385	
1268026	1282217	
1268026	1292502	
1268026	1292613	
1268026	1301564	
1268026	1380092	
1268026	1405851	
1268026	1417422	
1268026	1459038	
1268026	1467829	
1268026	1519919	
1268026	1527980	
1268026	1544394	
1268026	1573540	
1268026	1596298	
1268026	1596896	
1268026	1602029	
1268026	1607352	
1268026	1612577	
1268026	1617190	
1268026	1626295	
1268026	1639592	
1268026	1662449	
1268026	1708189	
1268026	1731753	
1268026	1746286	
1268026	1864997	
1268026	1904480	
1268026	1922488	
1268026	2070574	
1268026	2073547	
1268026	2083922	
1268026	2088503	
1268026	2092845	
1268026	2127318	
1268026	2168035	
1268026	2190607	
1268026	2228454	
1268026	2234073	
1268026	2261762	
1268026	2262372	
1268026	2262393	
1268026	2262536	
1268026	2262563	
1268026	2262873	
1268026	2263180	
1268026	2263269	
1268026	2263665	
1268026	2264984	
1268026	2265297	
1268026	2469699	
1268026	2485968	
1268026	2486030	
1268026	2486059	
1268026	2486099	
1268026	2486101	
1268026	2562035	
1268026	2615325	
1268026	2633136	
1268026	2670365	
1268026	2782006	
1268026	2933211	
1268029	1548074	
1223008	2012201	
1223053	1322857	
1223053	1417792	
1223053	1607390	
1223053	1607440	
1223053	1607466	
1223053	1627051	
1223053	2233988	
1225377	2750797	
1226052	2106223	
1284077	1548074	
1284172	2562397	
1221666	2012201	
1275987	1290312	
