43644	1777796	
71777	1777796	
466459	1777796	
1092218	1777796	
1178237	1777796	
1049590	1777796	
1194899	1777796	
1220830	1777796	
1310924	1777796	
1541735	1777796	
1423932	1777796	
1456126	1777796	
1614219	1777796	
1631534	1777796	
1631714	1777796	
1631809	1777796	
1631829	1777796	
1631839	1777796	
1607152	1777796	
1769168	1777796	
1729444	1777796	
1777796	1818701	
1777796	1825377	
1777796	1840841	
1777796	1939756	
1777796	2169359	
1777796	2337323	
1777796	2337327	
1777796	2337329	
1777796	2337334	
1777796	2337348	
1777796	2337365	
1777796	2337398	
1777796	2337422	
1777796	2337426	
1777796	2337458	
1777796	2337478	
1777796	2337482	
1777796	2337658	
1777796	2337665	
1777796	2337703	
1777796	2337724	
1777796	2337746	
1777796	2337755	
1777796	2337768	
1777796	2337770	
1777796	2337797	
1777796	2337803	
1777796	2337835	
1777796	2337864	
1777796	2337874	
1777796	2337884	
1777796	2337904	
1777796	2337912	
1777796	2337919	
1777796	2337923	
1777796	2337930	
1777796	2337944	
1777796	2337953	
1777796	2337958	
1777796	2338001	
1777796	2338002	
1777796	2338007	
1777796	2338009	
1777796	2338016	
1777796	2338033	
1777796	2338035	
1777796	2338064	
1777796	2338067	
1777796	2338087	
1777796	2338099	
1777796	2338160	
1777796	2338180	
1777796	2338184	
1777796	2338187	
1777796	2338192	
1777796	2338216	
1777796	2338246	
1777796	2338270	
1777796	2338274	
1777796	2338280	
1777796	2338336	
1753367	1777796	
692	43644	
1235	71777	
8123	71777	
11065	466459	
14027	71777	
30635	71777	
48332	1220830	
45162	71777	
45162	1092218	
46319	71777	
46417	1939756	
46440	71777	
42713	43644	
55700	1178237	
42139	43644	
42140	43644	
42144	43644	
42148	43644	
42154	43644	
42157	43644	
42165	43644	
42169	1092218	
42176	43644	
42183	43644	
42185	43644	
42188	43644	
42192	43644	
42195	43644	
42197	43644	
42221	43644	
42231	43644	
42235	1178237	
42248	71777	
42248	1049590	
42269	43644	
42271	43644	
42276	43644	
42282	43644	
42291	43644	
42305	43644	
42308	43644	
42313	43644	
42325	43644	
42343	43644	
42346	43644	
42351	71777	
42358	43644	
42361	43644	
42372	43644	
42380	43644	
42383	43644	
42385	43644	
42391	43644	
42393	43644	
42402	43644	
42429	43644	
42431	43644	
42432	43644	
42437	1194899	
42448	43644	
42506	43644	
42507	43644	
42512	43644	
42514	43644	
42516	43644	
42528	71777	
42553	43644	
42590	43644	
42596	43644	
42604	71777	
42607	71777	
42616	1220830	
42620	43644	
42621	43644	
42629	71777	
42643	43644	
42644	1310924	
42645	43644	
42645	1541735	
42650	43644	
42652	43644	
42661	43644	
42664	71777	
42681	43644	
42685	43644	
42700	43644	
42710	43644	
42717	43644	
42759	43644	
42770	43644	
42774	43644	
42779	43644	
42789	43644	
42824	43644	
42829	43644	
42856	71777	
42869	43644	
42878	43644	
42922	43644	
42932	43644	
42939	43644	
42945	1423932	
42950	43644	
42963	43644	
42964	43644	
42970	43644	
42977	43644	
42977	71777	
42987	1456126	
42989	43644	
43033	43644	
43050	43644	
43076	43644	
43098	43644	
43105	43644	
43110	43644	
43114	43644	
43126	43644	
43129	43644	
43133	43644	
43146	43644	
43156	1220830	
43161	71777	
43168	71777	
43172	43644	
43176	43644	
43182	43644	
43184	43644	
43184	1614219	
43192	43644	
43204	43644	
43209	43644	
43217	43644	
43223	43644	
43228	71777	
43231	43644	
43256	43644	
43262	43644	
43273	43644	
43275	43644	
43282	1631534	
43282	1631714	
43282	1631809	
43282	1631829	
43282	1631839	
43286	1607152	
43293	43644	
43302	43644	
43322	71777	
43324	43644	
43329	43644	
43345	43644	
43349	43644	
43367	43644	
43380	43644	
43391	43644	
43394	43644	
43396	43644	
43416	43644	
43417	43644	
43429	43644	
43430	43644	
43430	1769168	
43431	43644	
43432	71777	
43441	71777	
43442	43644	
43446	43644	
43456	43644	
43463	43644	
43466	43644	
43477	71777	
43505	43644	
43512	43644	
43516	43644	
43524	43644	
43528	43644	
43530	71777	
43538	43644	
43591	43644	
43606	43644	
43608	43644	
43608	1607152	
43608	1729444	
43611	43644	
43642	43644	
43643	71777	
43644	43650	
43644	43666	
43644	43693	
43644	43702	
43644	43707	
43644	43724	
43644	43728	
43644	43766	
43644	43777	
43644	43800	
43644	43805	
43644	43806	
43644	43809	
43644	43850	
43644	43874	
43644	43888	
43644	43890	
43644	43916	
43644	43922	
43644	43931	
43644	43936	
43644	43941	
43644	43947	
43644	43956	
43644	43959	
43644	43960	
43644	43972	
43644	43979	
43644	43998	
43644	44035	
43644	44047	
43644	44049	
43644	44077	
43644	44081	
43644	44083	
43644	44108	
43644	44112	
43644	44134	
43644	44170	
43644	44199	
43644	44241	
43644	44256	
43644	44274	
43644	44277	
43644	44279	
43644	51977	
43644	51987	
43644	72003	
43644	81312	
43644	82220	
43644	90502	
43644	108841	
43644	108948	
43644	195727	
43644	224070	
43644	247945	
43644	248512	
43644	248594	
43644	248611	
43644	248724	
43644	248748	
43644	248751	
43644	248765	
43644	248775	
43644	248792	
43644	248810	
43644	248815	
43644	248828	
43644	248918	
43644	248969	
43644	248997	
43644	249006	
43644	249017	
43644	249024	
43644	249071	
43644	249163	
43644	249169	
43644	249188	
43644	249207	
43644	249222	
43644	249236	
43644	249244	
43644	249282	
43644	249300	
43644	249341	
43644	249366	
43644	249368	
43644	249377	
43644	249402	
43644	249403	
43644	249414	
43644	249452	
43644	249483	
43644	249491	
43644	249503	
43644	249525	
43644	249573	
43644	249599	
43644	249610	
43644	249639	
43644	278769	
43644	295806	
43644	301005	
43644	305490	
43644	306963	
43644	307131	
43644	307222	
43644	307240	
43644	307320	
43644	307432	
43644	307515	
43644	346749	
43644	346872	
43644	348246	
43644	348550	
43644	350053	
43644	350783	
43644	350821	
43644	351644	
43644	352147	
43644	352824	
43644	353081	
43644	353422	
43644	353704	
43644	353737	
43644	353766	
43644	353794	
43644	353798	
43644	353817	
43644	353824	
43644	353827	
43644	353848	
43644	353875	
43644	353938	
43644	353941	
43644	353976	
43644	354024	
43644	354032	
43644	354048	
43644	354112	
43644	354114	
43644	354148	
43644	354157	
43644	354172	
43644	354176	
43644	354207	
43644	354212	
43644	354216	
43644	354221	
43644	354281	
43644	354287	
43644	354306	
43644	354318	
43644	354323	
43644	354326	
43644	354345	
43644	354352	
43644	354388	
43644	354429	
43644	354444	
43644	354451	
43644	354483	
43644	354490	
43644	354555	
43644	354605	
43644	354660	
43644	354703	
43644	354744	
43644	354748	
43644	354758	
43644	354759	
43644	354766	
43644	354773	
43644	354783	
43644	354816	
43644	354830	
43644	354841	
43644	354844	
43644	354853	
43644	354893	
43644	354915	
43644	354916	
43644	354938	
43644	354948	
43644	354962	
43644	355022	
43644	355036	
43644	355076	
43644	355092	
43644	355115	
43644	355125	
43644	355141	
43644	355145	
43644	355147	
43644	355181	
43644	355193	
43644	355257	
43644	355283	
43644	355321	
43644	355330	
43644	355349	
43644	355362	
43644	355365	
43644	355385	
43644	355397	
43644	355410	
43644	355454	
43644	355569	
43644	355575	
43644	355581	
43644	355603	
43644	355606	
43644	355678	
43644	355681	
43644	355698	
43644	355713	
43644	355775	
43644	355815	
43644	355824	
43644	355834	
43644	355887	
43644	355915	
43644	355963	
43644	355996	
43644	356081	
43644	356082	
43644	356090	
43644	356104	
43644	356155	
43644	356170	
43644	356184	
43644	356200	
43644	356209	
43644	356222	
43644	356227	
43644	356232	
43644	356292	
43644	356307	
43644	356368	
43644	356440	
43644	356442	
43644	356475	
43644	356486	
43644	356493	
43644	356495	
43644	356531	
43644	356537	
43644	356538	
43644	356559	
43644	356592	
43644	356598	
43644	356603	
43644	356665	
43644	356679	
43644	356714	
43644	356715	
43644	356717	
43644	356730	
43644	356743	
43644	356862	
43644	356864	
43644	356893	
43644	356940	
43644	356970	
43644	356974	
43644	357061	
43644	357076	
43644	357112	
43644	357160	
43644	357190	
43644	357259	
43644	357285	
43644	357297	
43644	357299	
43644	357358	
43644	357360	
43644	357368	
43644	357370	
43644	357440	
43644	357464	
43644	357477	
43644	357488	
43644	357492	
43644	357501	
43644	357506	
43644	357511	
43644	357568	
43644	357635	
43644	357758	
43644	357827	
43644	357849	
43644	357863	
43644	357907	
43644	357922	
43644	357931	
43644	358016	
43644	358024	
43644	358026	
43644	358058	
43644	358092	
43644	358121	
43644	358151	
43644	358158	
43644	358161	
43644	358175	
43644	358192	
43644	358213	
43644	358219	
43644	358220	
43644	358226	
43644	358236	
43644	358277	
43644	358294	
43644	358318	
43644	358330	
43644	358342	
43644	358355	
43644	358404	
43644	358412	
43644	358419	
43644	358498	
43644	358501	
43644	358525	
43644	358555	
43644	358560	
43644	358565	
43644	358579	
43644	358678	
43644	358742	
43644	358801	
43644	358822	
43644	358837	
43644	358843	
43644	358845	
43644	358852	
43644	358866	
43644	358909	
43644	358916	
43644	358937	
43644	358961	
43644	358981	
43644	358984	
43644	359010	
43644	359018	
43644	359021	
43644	359030	
43644	359042	
43644	359048	
43644	359095	
43644	359097	
43644	359139	
43644	359140	
43644	359142	
43644	359166	
43644	359221	
43644	359299	
43644	359309	
43644	359326	
43644	359347	
43644	359410	
43644	359414	
43644	359449	
43644	359479	
43644	359488	
43644	359506	
43644	359514	
43644	359552	
43644	359581	
43644	359593	
43644	359615	
43644	359635	
43644	359641	
43644	359663	
43644	359690	
43644	359735	
43644	359815	
43644	359817	
43644	359860	
43644	359918	
43644	359979	
43644	359980	
43644	359985	
43644	360029	
43644	360032	
43644	360087	
43644	360100	
43644	360151	
43644	360157	
43644	360162	
43644	360214	
43644	360238	
43644	360244	
43644	360275	
43644	360342	
43644	360379	
43644	360463	
43644	360481	
43644	360483	
43644	360583	
43644	360596	
43644	360597	
43644	360653	
43644	360654	
43644	360706	
43644	360716	
43644	360725	
43644	360775	
43644	360786	
43644	360823	
43644	360826	
43644	360842	
43644	360850	
43644	360859	
43644	360908	
43644	360911	
43644	360943	
43644	360944	
43644	360978	
43644	361002	
43644	361012	
43644	361047	
43644	361053	
43644	361197	
43644	361213	
43644	361234	
43644	361274	
43644	361279	
43644	361324	
43644	361472	
43644	361473	
43644	361509	
43644	361526	
43644	361534	
43644	361556	
43644	361580	
43644	361604	
43644	361618	
43644	361675	
43644	361685	
43644	361732	
43644	361738	
43644	361816	
43644	361818	
43644	361850	
43644	361864	
43644	361903	
43644	361909	
43644	361945	
43644	361968	
43644	361993	
43644	362001	
43644	362102	
43644	362133	
43644	362171	
43644	362180	
43644	362241	
43644	362266	
43644	362273	
43644	362296	
43644	362322	
43644	362325	
43644	362394	
43644	362400	
43644	362402	
43644	362429	
43644	362438	
43644	362478	
43644	362490	
43644	362498	
43644	362523	
43644	362552	
43644	362612	
43644	362618	
43644	362622	
43644	362649	
43644	362682	
43644	362712	
43644	362847	
43644	362895	
43644	362986	
43644	362990	
43644	363040	
43644	363061	
43644	363082	
43644	363113	
43644	363153	
43644	363169	
43644	363245	
43644	363294	
43644	363298	
43644	363327	
43644	363354	
43644	363381	
43644	363390	
43644	363412	
43644	363430	
43644	363442	
43644	363465	
43644	363493	
43644	363587	
43644	363618	
43644	363622	
43644	363625	
43644	363674	
43644	363685	
43644	363691	
43644	363794	
43644	363815	
43644	363855	
43644	363888	
43644	363890	
43644	363935	
43644	363937	
43644	363996	
43644	364076	
43644	364086	
43644	364150	
43644	364202	
43644	364278	
43644	364316	
43644	364324	
43644	364325	
43644	364330	
43644	364384	
43644	364504	
43644	364523	
43644	364580	
43644	364604	
43644	364639	
43644	364802	
43644	364827	
43644	364941	
43644	364996	
43644	365076	
43644	365087	
43644	371989	
43644	371990	
43644	377334	
43644	377664	
43644	394452	
43644	409246	
43644	428426	
43644	439868	
43644	439896	
43644	454791	
43644	459813	
43644	460476	
43644	460497	
43644	464885	
43644	464987	
43644	465090	
43644	465169	
43644	465185	
43644	467773	
43644	468560	
43644	471045	
43644	471604	
43644	471831	
43644	471946	
43644	471960	
43644	471984	
43644	472334	
43644	474796	
43644	476134	
43644	478870	
43644	479358	
43644	480765	
43644	480816	
43644	481110	
43644	481265	
43644	487034	
43644	487150	
43644	523889	
43644	533112	
43644	533146	
43644	533172	
43644	533196	
43644	533904	
43644	533909	
43644	534118	
43644	534223	
43644	534945	
43644	560156	
43644	560365	
43644	560507	
43644	604372	
43644	668314	
43644	668672	
43644	714701	
43644	714723	
43644	727579	
43644	729626	
43644	729796	
43644	729801	
43644	729835	
43644	729844	
43644	729898	
43644	729904	
43644	729992	
43644	730071	
43644	730252	
43644	730253	
43644	733671	
43644	735008	
43644	735018	
43644	760567	
43644	777887	
43644	778504	
43644	780453	
43644	799779	
43644	831523	
43644	831612	
43644	836709	
43644	838227	
43644	858789	
43644	859162	
43644	879628	
43644	879716	
43644	888692	
43644	888752	
43644	888759	
43644	893122	
43644	893265	
43644	893408	
43644	893512	
43644	897021	
43644	945585	
43644	950591	
43644	957897	
43644	959820	
43644	976511	
43644	985000	
43644	985059	
43644	985166	
43644	987388	
43644	987423	
43644	987466	
43644	987470	
43644	987487	
43644	987499	
43644	987514	
43644	987524	
43644	987525	
43644	987536	
43644	987539	
43644	987571	
43644	987575	
43644	987585	
43644	987600	
43644	987608	
43644	987623	
43644	987640	
43644	987643	
43644	987660	
43644	987663	
43644	987665	
43644	987690	
43644	987712	
43644	987713	
43644	987738	
43644	987741	
43644	987751	
43644	987760	
43644	987789	
43644	987791	
43644	987792	
43644	987794	
43644	987803	
43644	987816	
43644	987836	
43644	987844	
43644	987848	
43644	987857	
43644	987859	
43644	987861	
43644	987876	
43644	987909	
43644	987915	
43644	987917	
43644	987923	
43644	987952	
43644	988001	
43644	988017	
43644	988025	
43644	988034	
43644	988036	
43644	988043	
43644	988083	
43644	988099	
43644	988117	
43644	988118	
43644	988136	
43644	988139	
43644	988157	
43644	988158	
43644	988182	
43644	988186	
43644	988193	
43644	988194	
43644	988199	
43644	988229	
43644	988248	
43644	988270	
43644	988288	
43644	988295	
43644	988308	
43644	988959	
43644	989004	
43644	989065	
43644	989068	
43644	989071	
43644	989081	
43644	989097	
43644	989103	
43644	989111	
43644	989125	
43644	989143	
43644	989153	
43644	989166	
43644	989203	
43644	989206	
43644	989210	
43644	989211	
43644	989222	
43644	989245	
43644	989257	
43644	989264	
43644	989275	
43644	989278	
43644	989282	
43644	989293	
43644	989301	
43644	989315	
43644	989345	
43644	989350	
43644	989369	
43644	989504	
43644	990117	
43644	990500	
43644	990795	
43644	991216	
43644	991317	
43644	991344	
43644	991501	
43644	991667	
43644	991830	
43644	991868	
43644	991872	
43644	992090	
43644	992130	
43644	992136	
43644	992158	
43644	992170	
43644	992187	
43644	992196	
43644	992244	
43644	992254	
43644	992262	
43644	992286	
43644	992295	
43644	992319	
43644	992321	
43644	992332	
43644	992347	
43644	992353	
43644	992357	
43644	992362	
43644	992381	
43644	992390	
43644	992395	
43644	992422	
43644	992426	
43644	992428	
43644	992432	
43644	992436	
43644	992441	
43644	992444	
43644	992469	
43644	992497	
43644	992518	
43644	992561	
43644	992587	
43644	992590	
43644	992593	
43644	992599	
43644	992608	
43644	992613	
43644	992632	
43644	992646	
43644	992654	
43644	992656	
43644	992669	
43644	992672	
43644	992676	
43644	992686	
43644	992711	
43644	992718	
43644	992727	
43644	992733	
43644	992737	
43644	992749	
43644	992773	
43644	992801	
43644	992809	
43644	992811	
43644	992824	
43644	992840	
43644	992846	
43644	992855	
43644	992883	
43644	992891	
43644	992898	
43644	993092	
43644	994446	
43644	994462	
43644	994510	
43644	994546	
43644	995006	
43644	995011	
43644	995097	
43644	995139	
43644	995370	
43644	995502	
43644	995685	
43644	995750	
43644	995765	
43644	995816	
43644	995836	
43644	995840	
43644	995855	
43644	995911	
43644	995952	
43644	995956	
43644	995970	
43644	995974	
43644	996053	
43644	996097	
43644	996616	
43644	997467	
43644	997479	
43644	998187	
43644	998253	
43644	998285	
43644	998303	
43644	998332	
43644	998351	
43644	998385	
43644	998399	
43644	998420	
43644	998592	
43644	998894	
43644	999046	
43644	999160	
43644	999204	
43644	999359	
43644	999426	
43644	999617	
43644	999650	
43644	999675	
43644	999677	
43644	999678	
43644	999691	
43644	999820	
43644	1000186	
43644	1000197	
43644	1000264	
43644	1000324	
43644	1000355	
43644	1000367	
43644	1000374	
43644	1000384	
43644	1000399	
43644	1000404	
43644	1000444	
43644	1000463	
43644	1000482	
43644	1000485	
43644	1000487	
43644	1000489	
43644	1000490	
43644	1000502	
43644	1000508	
43644	1000546	
43644	1000883	
43644	1000907	
43644	1000986	
43644	1002092	
43644	1002151	
43644	1002576	
43644	1002649	
43644	1003971	
43644	1004001	
43644	1004026	
43644	1004192	
43644	1004267	
43644	1004396	
43644	1004661	
43644	1004842	
43644	1004865	
43644	1004937	
43644	1005188	
43644	1005795	
43644	1005884	
43644	1005902	
43644	1005985	
43644	1005997	
43644	1006018	
43644	1006022	
43644	1006130	
43644	1006226	
43644	1006266	
43644	1006296	
43644	1006306	
43644	1006333	
43644	1006342	
43644	1006348	
43644	1006363	
43644	1006365	
43644	1006451	
43644	1006452	
43644	1006460	
43644	1006481	
43644	1006513	
43644	1006514	
43644	1006532	
43644	1006546	
43644	1006649	
43644	1006661	
43644	1006692	
43644	1006759	
43644	1006784	
43644	1006810	
43644	1006914	
43644	1006995	
43644	1006997	
43644	1007044	
43644	1007056	
43644	1007103	
43644	1007133	
43644	1007153	
43644	1007154	
43644	1007159	
43644	1007177	
43644	1007179	
43644	1007214	
43644	1007282	
43644	1007283	
43644	1007331	
43644	1007333	
43644	1007382	
43644	1007394	
43644	1007406	
43644	1007429	
43644	1007523	
43644	1007540	
43644	1007581	
43644	1007594	
43644	1007597	
43644	1007628	
43644	1007799	
43644	1007804	
43644	1007850	
43644	1007855	
43644	1007898	
43644	1007935	
43644	1007979	
43644	1008066	
43644	1008088	
43644	1008128	
43644	1008144	
43644	1008179	
43644	1008202	
43644	1008305	
43644	1008331	
43644	1008401	
43644	1008421	
43644	1008428	
43644	1008439	
43644	1008456	
43644	1008463	
43644	1008528	
43644	1008556	
43644	1008609	
43644	1008661	
43644	1008672	
43644	1008718	
43644	1008742	
43644	1008798	
43644	1008827	
43644	1008872	
43644	1008873	
43644	1008881	
43644	1008923	
43644	1008928	
43644	1008960	
43644	1009023	
43644	1009053	
43644	1009066	
43644	1009103	
43644	1009105	
43644	1009116	
43644	1009262	
43644	1009304	
43644	1009386	
43644	1009444	
43644	1009445	
43644	1009537	
43644	1009577	
43644	1009597	
43644	1009598	
43644	1009601	
43644	1009604	
43644	1009628	
43644	1009641	
43644	1009645	
43644	1009705	
43644	1009722	
43644	1009733	
43644	1009754	
43644	1009771	
43644	1009785	
43644	1009787	
43644	1009870	
43644	1009887	
43644	1009921	
43644	1010022	
43644	1010024	
43644	1010198	
43644	1010253	
43644	1010463	
43644	1010482	
43644	1010502	
43644	1010615	
43644	1010628	
43644	1010630	
43644	1010706	
43644	1010735	
43644	1010765	
43644	1010896	
43644	1010921	
43644	1010955	
43644	1010992	
43644	1011008	
43644	1011024	
43644	1011088	
43644	1011127	
43644	1011180	
43644	1011184	
43644	1011213	
43644	1011238	
43644	1011284	
43644	1011319	
43644	1011355	
43644	1011363	
43644	1011367	
43644	1011389	
43644	1011414	
43644	1011456	
43644	1011489	
43644	1011507	
43644	1011519	
43644	1011592	
43644	1011624	
43644	1011639	
43644	1011676	
43644	1011697	
43644	1011702	
43644	1011708	
43644	1011711	
43644	1011722	
43644	1011755	
43644	1011797	
43644	1011928	
43644	1011930	
43644	1011964	
43644	1012044	
43644	1012066	
43644	1012089	
43644	1012099	
43644	1012114	
43644	1012128	
43644	1012189	
43644	1012274	
43644	1012286	
43644	1012302	
43644	1012322	
43644	1012330	
43644	1012389	
43644	1012425	
43644	1012475	
43644	1012525	
43644	1012526	
43644	1012546	
43644	1012690	
43644	1012733	
43644	1012743	
43644	1012745	
43644	1012746	
43644	1012802	
43644	1012863	
43644	1012892	
43644	1012894	
43644	1012915	
43644	1012943	
43644	1013004	
43644	1013054	
43644	1013065	
43644	1013105	
43644	1013129	
43644	1013165	
43644	1013166	
43644	1013185	
43644	1013254	
43644	1013340	
43644	1013348	
43644	1013421	
43644	1013482	
43644	1013556	
43644	1013797	
43644	1013807	
43644	1013870	
43644	1013893	
43644	1013919	
43644	1013937	
43644	1014122	
43644	1014276	
43644	1014380	
43644	1014388	
43644	1014394	
43644	1014407	
43644	1014438	
43644	1014441	
43644	1014482	
43644	1014492	
43644	1014657	
43644	1014665	
43644	1014806	
43644	1014813	
43644	1014846	
43644	1014921	
43644	1014972	
43644	1015010	
43644	1015022	
43644	1015101	
43644	1015130	
43644	1015419	
43644	1015422	
43644	1015516	
43644	1015518	
43644	1015687	
43644	1015791	
43644	1015954	
43644	1015961	
43644	1015988	
43644	1016078	
43644	1016166	
43644	1016314	
43644	1016387	
43644	1016413	
43644	1016522	
43644	1016554	
43644	1016631	
43644	1018197	
43644	1018199	
43644	1018200	
43644	1018204	
43644	1018212	
43644	1018219	
43644	1018226	
43644	1018414	
43644	1018415	
43644	1018502	
43644	1018683	
43644	1018709	
43644	1018727	
43644	1018747	
43644	1018768	
43644	1018773	
43644	1018775	
43644	1018785	
43644	1018819	
43644	1018821	
43644	1018827	
43644	1018831	
43644	1018838	
43644	1018861	
43644	1018903	
43644	1018954	
43644	1019328	
43644	1019393	
43644	1019437	
43644	1019477	
43644	1019528	
43644	1019533	
43644	1019632	
43644	1019726	
43644	1019845	
43644	1020182	
43644	1020210	
43644	1020277	
43644	1020418	
43644	1020477	
43644	1020491	
43644	1020619	
43644	1020674	
43644	1020684	
43644	1020787	
43644	1020984	
43644	1021204	
43644	1021236	
43644	1021478	
43644	1021699	
43644	1021705	
43644	1021709	
43644	1021840	
43644	1022395	
43644	1022397	
43644	1022453	
43644	1022454	
43644	1022547	
43644	1022758	
43644	1022761	
43644	1022767	
43644	1022775	
43644	1022777	
43644	1022778	
43644	1022787	
43644	1022803	
43644	1022810	
43644	1022813	
43644	1022814	
43644	1022818	
43644	1022824	
43644	1022825	
43644	1022832	
43644	1022836	
43644	1022838	
43644	1022839	
43644	1022843	
43644	1022845	
43644	1022849	
43644	1022851	
43644	1022860	
43644	1022862	
43644	1022880	
43644	1022882	
43644	1022886	
43644	1022888	
43644	1022899	
43644	1022900	
43644	1022905	
43644	1022906	
43644	1022911	
43644	1022923	
43644	1022925	
43644	1022928	
43644	1022932	
43644	1022937	
43644	1022938	
43644	1022956	
43644	1022973	
43644	1023251	
43644	1023259	
43644	1023269	
43644	1023275	
43644	1023277	
43644	1023286	
43644	1023295	
43644	1023297	
43644	1023298	
43644	1023301	
43644	1023303	
43644	1023316	
43644	1023322	
43644	1023334	
43644	1023343	
43644	1023351	
43644	1023356	
43644	1023361	
43644	1023379	
43644	1023383	
43644	1023387	
43644	1023391	
43644	1023392	
43644	1023403	
43644	1023416	
43644	1023423	
43644	1023424	
43644	1023425	
43644	1023441	
43644	1023444	
43644	1023445	
43644	1023449	
43644	1023450	
43644	1023455	
43644	1023476	
43644	1023480	
43644	1023493	
43644	1023495	
43644	1023497	
43644	1023509	
43644	1023530	
43644	1023554	
43644	1023712	
43644	1023858	
43644	1023873	
43644	1024277	
43644	1024309	
43644	1024326	
43644	1024338	
43644	1024449	
43644	1024487	
43644	1024492	
43644	1024564	
43644	1024565	
43644	1024579	
43644	1024632	
43644	1024683	
43644	1024689	
43644	1024714	
43644	1024832	
43644	1024880	
43644	1024912	
43644	1024993	
43644	1025033	
43644	1025130	
43644	1025562	
43644	1025693	
43644	1025702	
43644	1025715	
43644	1025720	
43644	1025793	
43644	1025857	
43644	1025892	
43644	1025894	
43644	1025926	
43644	1025961	
43644	1026065	
43644	1026127	
43644	1026213	
43644	1026237	
43644	1026244	
43644	1026257	
43644	1026367	
43644	1026414	
43644	1026456	
43644	1026515	
43644	1026540	
43644	1026558	
43644	1026605	
43644	1026824	
43644	1026873	
43644	1026928	
43644	1026983	
43644	1027036	
43644	1027257	
43644	1027303	
43644	1027335	
43644	1027420	
43644	1027426	
43644	1027443	
43644	1027462	
43644	1027481	
43644	1027511	
43644	1027516	
43644	1027665	
43644	1027690	
43644	1027747	
43644	1027769	
43644	1027783	
43644	1027799	
43644	1027803	
43644	1028080	
43644	1028121	
43644	1028165	
43644	1028170	
43644	1028340	
43644	1028344	
43644	1028529	
43644	1028571	
43644	1028631	
43644	1028636	
43644	1028640	
43644	1028671	
43644	1028677	
43644	1028722	
43644	1028768	
43644	1028813	
43644	1028850	
43644	1028862	
43644	1028879	
43644	1028907	
43644	1028914	
43644	1028971	
43644	1028991	
43644	1029006	
43644	1029022	
43644	1029051	
43644	1029097	
43644	1029116	
43644	1029220	
43644	1029280	
43644	1029328	
43644	1029344	
43644	1029353	
43644	1029425	
43644	1029548	
43644	1029622	
43644	1029658	
43644	1029698	
43644	1029843	
43644	1029848	
43644	1029917	
43644	1029936	
43644	1029953	
43644	1029986	
43644	1030008	
43644	1030073	
43644	1030087	
43644	1030127	
43644	1030358	
43644	1030374	
43644	1030377	
43644	1030410	
43644	1030456	
43644	1030469	
43644	1030489	
43644	1030510	
43644	1030589	
43644	1030616	
43644	1030675	
43644	1030686	
43644	1030691	
43644	1030746	
43644	1030759	
43644	1030779	
43644	1030788	
43644	1030851	
43644	1030855	
43644	1030915	
43644	1030988	
43644	1031017	
43644	1031030	
43644	1031089	
43644	1031189	
43644	1031319	
43644	1031341	
43644	1031416	
43644	1031507	
43644	1031529	
43644	1031645	
43644	1031716	
43644	1031791	
43644	1031803	
43644	1031824	
43644	1031849	
43644	1032134	
43644	1032189	
43644	1032191	
43644	1032218	
43644	1032262	
43644	1032282	
43644	1032579	
43644	1032599	
43644	1032630	
43644	1032633	
43644	1032634	
43644	1032659	
43644	1032875	
43644	1032934	
43644	1032950	
43644	1032990	
43644	1032996	
43644	1033044	
43644	1033105	
43644	1033225	
43644	1033255	
43644	1033261	
43644	1033326	
43644	1033372	
43644	1033405	
43644	1033513	
43644	1033522	
43644	1033564	
43644	1033568	
43644	1033703	
43644	1033891	
43644	1033894	
43644	1033995	
43644	1033999	
43644	1034128	
43644	1034135	
43644	1034194	
43644	1034221	
43644	1034263	
43644	1034268	
43644	1034271	
43644	1034276	
43644	1034283	
43644	1034284	
43644	1034288	
43644	1034297	
43644	1034318	
43644	1034337	
43644	1034347	
43644	1034369	
43644	1034424	
43644	1034427	
43644	1034428	
43644	1034493	
43644	1034509	
43644	1034527	
43644	1034529	
43644	1034530	
43644	1034531	
43644	1034559	
43644	1034564	
43644	1034576	
43644	1034582	
43644	1034638	
43644	1034640	
43644	1034676	
43644	1034737	
43644	1034739	
43644	1034746	
43644	1034757	
43644	1034809	
43644	1034821	
43644	1034828	
43644	1034841	
43644	1034848	
43644	1034950	
43644	1035049	
43644	1035078	
43644	1035080	
43644	1035096	
43644	1035139	
43644	1035198	
43644	1035266	
43644	1035317	
43644	1035328	
43644	1035338	
43644	1035380	
43644	1035430	
43644	1035452	
43644	1035459	
43644	1035465	
43644	1035590	
43644	1035635	
43644	1035684	
43644	1035785	
43644	1035787	
43644	1035792	
43644	1035823	
43644	1035840	
43644	1035847	
43644	1035850	
43644	1035861	
43644	1035875	
43644	1035994	
43644	1036006	
43644	1036026	
43644	1036035	
43644	1036175	
43644	1036291	
43644	1036301	
43644	1036329	
43644	1036415	
43644	1036435	
43644	1036436	
43644	1036566	
43644	1036577	
43644	1036583	
43644	1036596	
43644	1036616	
43644	1036643	
43644	1036645	
43644	1036702	
43644	1037129	
43644	1037157	
43644	1037218	
43644	1037448	
43644	1037702	
43644	1038757	
43644	1038967	
43644	1039071	
43644	1039159	
43644	1039211	
43644	1039344	
43644	1039371	
43644	1039438	
43644	1039541	
43644	1039554	
43644	1039575	
43644	1039635	
43644	1039642	
43644	1039656	
43644	1039661	
43644	1039683	
43644	1039686	
43644	1039745	
43644	1039783	
43644	1039801	
43644	1039891	
43644	1039910	
43644	1039911	
43644	1040054	
43644	1040248	
43644	1040334	
43644	1040364	
43644	1040514	
43644	1040689	
43644	1041036	
43644	1041064	
43644	1041178	
43644	1041180	
43644	1041202	
43644	1041215	
43644	1041218	
43644	1041220	
43644	1041228	
43644	1041264	
43644	1041325	
43644	1041460	
43644	1041463	
43644	1041641	
43644	1041664	
43644	1041672	
43644	1041774	
43644	1041776	
43644	1041786	
43644	1041821	
43644	1041866	
43644	1041882	
43644	1041896	
43644	1041992	
43644	1042125	
43644	1042159	
43644	1042314	
43644	1042411	
43644	1042504	
43644	1042624	
43644	1042627	
43644	1042704	
43644	1043069	
43644	1043336	
43644	1043363	
43644	1043384	
43644	1043626	
43644	1043844	
43644	1043983	
43644	1044240	
43644	1044323	
43644	1044386	
43644	1044528	
43644	1044866	
43644	1044946	
43644	1045121	
43644	1045128	
43644	1045137	
43644	1045179	
43644	1047278	
43644	1047819	
43644	1048382	
43644	1049094	
43644	1049667	
43644	1049772	
43644	1049787	
43644	1049868	
43644	1049932	
43644	1050136	
43644	1050249	
43644	1050365	
43644	1050413	
43644	1050795	
43644	1052089	
43644	1052736	
43644	1052785	
43644	1052946	
43644	1053323	
43644	1053650	
43644	1054292	
43644	1054546	
43644	1054594	
43644	1054613	
43644	1054635	
43644	1054777	
43644	1054832	
43644	1054892	
43644	1055419	
43644	1055603	
43644	1055614	
43644	1055647	
43644	1055648	
43644	1055654	
43644	1055666	
43644	1055713	
43644	1055855	
43644	1055895	
43644	1056198	
43644	1056492	
43644	1057022	
43644	1057203	
43644	1057210	
43644	1057344	
43644	1057350	
43644	1057394	
43644	1057809	
43644	1060654	
43644	1062393	
43644	1062761	
43644	1063411	
43644	1063441	
43644	1063683	
43644	1064523	
43644	1064527	
43644	1064534	
43644	1064551	
43644	1064572	
43644	1064581	
43644	1064584	
43644	1064597	
43644	1064599	
43644	1064606	
43644	1064612	
43644	1064628	
43644	1064642	
43644	1064646	
43644	1064682	
43644	1064942	
43644	1065040	
43644	1065291	
43644	1065295	
43644	1065318	
43644	1065438	
43644	1065442	
43644	1065457	
43644	1065465	
43644	1065473	
43644	1065481	
43644	1065490	
43644	1065519	
43644	1065527	
43644	1065533	
43644	1065546	
43644	1065549	
43644	1065555	
43644	1065565	
43644	1065598	
43644	1065624	
43644	1065701	
43644	1065702	
43644	1065716	
43644	1065784	
43644	1065809	
43644	1065841	
43644	1065848	
43644	1065880	
43644	1065904	
43644	1065936	
43644	1065939	
43644	1068628	
43644	1068639	
43644	1069063	
43644	1069134	
43644	1069495	
43644	1070031	
43644	1070893	
43644	1071524	
43644	1071913	
43644	1072654	
43644	1072752	
43644	1072782	
43644	1072784	
43644	1072787	
43644	1073001	
43644	1073206	
43644	1073241	
43644	1073283	
43644	1073286	
43644	1073326	
43644	1073483	
43644	1075249	
43644	1075311	
43644	1075655	
43644	1076258	
43644	1076324	
43644	1076733	
43644	1077154	
43644	1077441	
43644	1077603	
43644	1077608	
43644	1077686	
43644	1077713	
43644	1077859	
43644	1077982	
43644	1078142	
43644	1078405	
43644	1078781	
43644	1079207	
43644	1081498	
43644	1081685	
43644	1082125	
43644	1083374	
43644	1083506	
43644	1083704	
43644	1083826	
43644	1083827	
43644	1084922	
43644	1085078	
43644	1085397	
43644	1085516	
43644	1085520	
43644	1086176	
43644	1088484	
43644	1090845	
43644	1090874	
43644	1090885	
43644	1090971	
43644	1091032	
43644	1091275	
43644	1091405	
43644	1091463	
43644	1091597	
43644	1094416	
43644	1094417	
43644	1094576	
43644	1094596	
43644	1094629	
43644	1094794	
43644	1094906	
43644	1094925	
43644	1095005	
43644	1095070	
43644	1100770	
43644	1101696	
43644	1101755	
43644	1101777	
43644	1101800	
43644	1101805	
43644	1102175	
43644	1102203	
43644	1102237	
43644	1104386	
43644	1104934	
43644	1105343	
43644	1107064	
43644	1108107	
43644	1109212	
43644	1109347	
43644	1109351	
43644	1109465	
43644	1110003	
43644	1110121	
43644	1110732	
43644	1111072	
43644	1111193	
43644	1111918	
43644	1112227	
43644	1112289	
43644	1112753	
43644	1112977	
43644	1113138	
43644	1113320	
43644	1115867	
43644	1115958	
43644	1116124	
43644	1116381	
43644	1116485	
43644	1116542	
43644	1116675	
43644	1116783	
43644	1116800	
43644	1116819	
43644	1116994	
43644	1118192	
43644	1118193	
43644	1118196	
43644	1118198	
43644	1118217	
43644	1118299	
43644	1118328	
43644	1118334	
43644	1118339	
43644	1118340	
43644	1118358	
43644	1118374	
43644	1118441	
43644	1118523	
43644	1118721	
43644	1118761	
43644	1118767	
43644	1118812	
43644	1118813	
43644	1118834	
43644	1120243	
43644	1120259	
43644	1120350	
43644	1120372	
43644	1120421	
43644	1120490	
43644	1120519	
43644	1121334	
43644	1122494	
43644	1123227	
43644	1123277	
43644	1123321	
43644	1123347	
43644	1123651	
43644	1123862	
43644	1123976	
43644	1124168	
43644	1124205	
43644	1124400	
43644	1124658	
43644	1125216	
43644	1125412	
43644	1125417	
43644	1125555	
43644	1125827	
43644	1125885	
43644	1126285	
43644	1126401	
43644	1126403	
43644	1126550	
43644	1126691	
43644	1126702	
43644	1126848	
43644	1126941	
43644	1127116	
43644	1127360	
43644	1127449	
43644	1127455	
43644	1127624	
43644	1127650	
43644	1127737	
43644	1127781	
43644	1127889	
43644	1127890	
43644	1127899	
43644	1128360	
43644	1128720	
43644	1131473	
43644	1137090	
43644	1138302	
43644	1141037	
43644	1141068	
43644	1141439	
43644	1141670	
43644	1141896	
43644	1142225	
43644	1143433	
43644	1143483	
43644	1143787	
43644	1144269	
43644	1144731	
43644	1145030	
43644	1145568	
43644	1145706	
43644	1145860	
43644	1145885	
43644	1146201	
43644	1146649	
43644	1146772	
43644	1147642	
43644	1147818	
43644	1148338	
43644	1148762	
43644	1148835	
43644	1149003	
43644	1149232	
43644	1149431	
43644	1149496	
43644	1150591	
43644	1150718	
43644	1150722	
43644	1151427	
43644	1151689	
43644	1152040	
43644	1152240	
43644	1152286	
43644	1153116	
43644	1153238	
43644	1154079	
43644	1154087	
43644	1154133	
43644	1154243	
43644	1155833	
43644	1155922	
43644	1155942	
43644	1155946	
43644	1156008	
43644	1156045	
43644	1156074	
43644	1156075	
43644	1156253	
43644	1156267	
43644	1156735	
43644	1156840	
43644	1157117	
43644	1157175	
43644	1157382	
43644	1157584	
43644	1158803	
43644	1158886	
43644	1158987	
43644	1159107	
43644	1159234	
43644	1159424	
43644	1159628	
43644	1159642	
43644	1159669	
43644	1159705	
43644	1160195	
43644	1160383	
43644	1160496	
43644	1160534	
43644	1160566	
43644	1161551	
43644	1161553	
43644	1162095	
43644	1162338	
43644	1162355	
43644	1162408	
43644	1162418	
43644	1162455	
43644	1162473	
43644	1162514	
43644	1162547	
43644	1162645	
43644	1162880	
43644	1162881	
43644	1163051	
43644	1163154	
43644	1163157	
43644	1163160	
43644	1163211	
43644	1163656	
43644	1164112	
43644	1164157	
43644	1164193	
43644	1164251	
43644	1164407	
43644	1164857	
43644	1165320	
43644	1165643	
43644	1166159	
43644	1166713	
43644	1167747	
43644	1167937	
43644	1168525	
43644	1168766	
43644	1168776	
43644	1168950	
43644	1170614	
43644	1171951	
43644	1172903	
43644	1173071	
43644	1173635	
43644	1173724	
43644	1173856	
43644	1174161	
43644	1174802	
43644	1175091	
43644	1175144	
43644	1180509	
43644	1180823	
43644	1180903	
43644	1181048	
43644	1181059	
43644	1182241	
43644	1182341	
43644	1182560	
43644	1182850	
43644	1182892	
43644	1182932	
43644	1185701	
43644	1185814	
43644	1185831	
43644	1185971	
43644	1187276	
43644	1188803	
43644	1189443	
43644	1189497	
43644	1189521	
43644	1190181	
43644	1190227	
43644	1191262	
43644	1191313	
43644	1192440	
43644	1193391	
43644	1193635	
43644	1196194	
43644	1199490	
43644	1204697	
43644	1206260	
43644	1213045	
43644	1213394	
43644	1213452	
43644	1213936	
43644	1214313	
43644	1214396	
43644	1214736	
43644	1215582	
43644	1216902	
43644	1217392	
43644	1217463	
43644	1217604	
43644	1217657	
43644	1217861	
43644	1218107	
43644	1218948	
43644	1219068	
43644	1219276	
43644	1219324	
43644	1221082	
43644	1221329	
43644	1221346	
43644	1221354	
43644	1221365	
43644	1221389	
43644	1221409	
43644	1222741	
43644	1222853	
43644	1222982	
43644	1225619	
43644	1226864	
43644	1227138	
43644	1229482	
43644	1229702	
43644	1230729	
43644	1231250	
43644	1231715	
43644	1234756	
43644	1234910	
43644	1235175	
43644	1235371	
43644	1235612	
43644	1237339	
43644	1237904	
43644	1239057	
43644	1239675	
43644	1241677	
43644	1241713	
43644	1242151	
43644	1242454	
43644	1243195	
43644	1243433	
43644	1243663	
43644	1244043	
43644	1244353	
43644	1244700	
43644	1244739	
43644	1245524	
43644	1245752	
43644	1245898	
43644	1245922	
43644	1246022	
43644	1248062	
43644	1248835	
43644	1250778	
43644	1254828	
43644	1254912	
43644	1255819	
43644	1256189	
43644	1256332	
43644	1256646	
43644	1257065	
43644	1257083	
43644	1257127	
43644	1257195	
43644	1257260	
43644	1257278	
43644	1257314	
43644	1257337	
43644	1257355	
43644	1257358	
43644	1257682	
43644	1259823	
43644	1261647	
43644	1261731	
43644	1261840	
43644	1262280	
43644	1269338	
43644	1269638	
43644	1270508	
43644	1271385	
43644	1271472	
43644	1272418	
43644	1272906	
43644	1273833	
43644	1274032	
43644	1275033	
43644	1275223	
43644	1276840	
43644	1279402	
43644	1281622	
43644	1283006	
43644	1283020	
43644	1284954	
43644	1285500	
43644	1285745	
43644	1285846	
43644	1286816	
43644	1286837	
43644	1288928	
43644	1289017	
43644	1296908	
43644	1297233	
43644	1297727	
43644	1298242	
43644	1298325	
43644	1300720	
43644	1301143	
43644	1301852	
43644	1302133	
43644	1304772	
43644	1309692	
43644	1309811	
43644	1313909	
43644	1314318	
43644	1315768	
43644	1317203	
43644	1317821	
43644	1317959	
43644	1320415	
43644	1320709	
43644	1321612	
43644	1321622	
43644	1323026	
43644	1324028	
43644	1324108	
43644	1324867	
43644	1324905	
43644	1325010	
43644	1325394	
43644	1326203	
43644	1327465	
43644	1327561	
43644	1337463	
43644	1337697	
43644	1339110	
43644	1339125	
43644	1339316	
43644	1340682	
43644	1340719	
43644	1340749	
43644	1340765	
43644	1342434	
43644	1345278	
43644	1347820	
43644	1348074	
43644	1348176	
43644	1349026	
43644	1349054	
43644	1349075	
43644	1349125	
43644	1349127	
43644	1349130	
43644	1349158	
43644	1349442	
43644	1350266	
43644	1350622	
43644	1352154	
43644	1352175	
43644	1352202	
43644	1352236	
43644	1352264	
43644	1352294	
43644	1352341	
43644	1352489	
43644	1352657	
43644	1352829	
43644	1352873	
43644	1352923	
43644	1353769	
43644	1353770	
43644	1353832	
43644	1355073	
43644	1355585	
43644	1356713	
43644	1358472	
43644	1364933	
43644	1366464	
43644	1368367	
43644	1368755	
43644	1369053	
43644	1369283	
43644	1369905	
43644	1370028	
43644	1370200	
43644	1370696	
43644	1371452	
43644	1371754	
43644	1372338	
43644	1372751	
43644	1373295	
43644	1374461	
43644	1376171	
43644	1376257	
43644	1377187	
43644	1377998	
43644	1378112	
43644	1378329	
43644	1378879	
43644	1379061	
43644	1379076	
43644	1379479	
43644	1379489	
43644	1379789	
43644	1379860	
43644	1380243	
43644	1380430	
43644	1380506	
43644	1380559	
43644	1380684	
43644	1380842	
43644	1381187	
43644	1381401	
43644	1382295	
43644	1383337	
43644	1383349	
43644	1383623	
43644	1384606	
43644	1385196	
43644	1385677	
43644	1387992	
43644	1388116	
43644	1388686	
43644	1390067	
43644	1390479	
43644	1392784	
43644	1394369	
43644	1394639	
43644	1395770	
43644	1396911	
43644	1396930	
43644	1397762	
43644	1401696	
43644	1401827	
43644	1401836	
43644	1402043	
43644	1403053	
43644	1405834	
43644	1405854	
43644	1406072	
43644	1407090	
43644	1407096	
43644	1410036	
43644	1414775	
43644	1415294	
43644	1419676	
43644	1420499	
43644	1423578	
43644	1424002	
43644	1424168	
43644	1425207	
43644	1425690	
43644	1426011	
43644	1430821	
43644	1431713	
43644	1435841	
43644	1436880	
43644	1437824	
43644	1437939	
43644	1439885	
43644	1439900	
43644	1439950	
43644	1441273	
43644	1441684	
43644	1443410	
43644	1446051	
43644	1446203	
43644	1446227	
43644	1447157	
43644	1447175	
43644	1447552	
43644	1448501	
43644	1448516	
43644	1449677	
43644	1449947	
43644	1449948	
43644	1454385	
43644	1455963	
43644	1456524	
43644	1457445	
43644	1457643	
43644	1457737	
43644	1458750	
43644	1458754	
43644	1458898	
43644	1459344	
43644	1459833	
43644	1459921	
43644	1460221	
43644	1465302	
43644	1465669	
43644	1465681	
43644	1465847	
43644	1468713	
43644	1470990	
43644	1471134	
43644	1471555	
43644	1475567	
43644	1475588	
43644	1476240	
43644	1481306	
43644	1486094	
43644	1486487	
43644	1494183	
43644	1499531	
43644	1502325	
43644	1504462	
43644	1510059	
43644	1512446	
43644	1512829	
43644	1513534	
43644	1517998	
43644	1521028	
43644	1524996	
43644	1530925	
43644	1531812	
43644	1531814	
43644	1532533	
43644	1533582	
43644	1533599	
43644	1533831	
43644	1534634	
43644	1535927	
43644	1537959	
43644	1538838	
43644	1541906	
43644	1542646	
43644	1543834	
43644	1547398	
43644	1549880	
43644	1550978	
43644	1552593	
43644	1552732	
43644	1553098	
43644	1553860	
43644	1553884	
43644	1553895	
43644	1554001	
43644	1557234	
43644	1558454	
43644	1558719	
43644	1559332	
43644	1562220	
43644	1565366	
43644	1565649	
43644	1566036	
43644	1567027	
43644	1567885	
43644	1568668	
43644	1569620	
43644	1572134	
43644	1574564	
43644	1575480	
43644	1575889	
43644	1579748	
43644	1580062	
43644	1581060	
43644	1581061	
43644	1581065	
43644	1581423	
43644	1585595	
43644	1586002	
43644	1588692	
43644	1589582	
43644	1589587	
43644	1589622	
43644	1589623	
43644	1589634	
43644	1589647	
43644	1589649	
43644	1589650	
43644	1589652	
43644	1589654	
43644	1589659	
43644	1589661	
43644	1589663	
43644	1589665	
43644	1589666	
43644	1589667	
43644	1589669	
43644	1589672	
43644	1589674	
43644	1589685	
43644	1589689	
43644	1589691	
43644	1589692	
43644	1589696	
43644	1589701	
43644	1589704	
43644	1589706	
43644	1589708	
43644	1589713	
43644	1589738	
43644	1589740	
43644	1589741	
43644	1589743	
43644	1589745	
43644	1589752	
43644	1589755	
43644	1589764	
43644	1589765	
43644	1589772	
43644	1589776	
43644	1589777	
43644	1589794	
43644	1589812	
43644	1589828	
43644	1589832	
43644	1589835	
43644	1589838	
43644	1589841	
43644	1589850	
43644	1589867	
43644	1589868	
43644	1589881	
43644	1589884	
43644	1589891	
43644	1589893	
43644	1589896	
43644	1589900	
43644	1589902	
43644	1589920	
43644	1589926	
43644	1589930	
43644	1589931	
43644	1589934	
43644	1589957	
43644	1589958	
43644	1589972	
43644	1589976	
43644	1589980	
43644	1589983	
43644	1589991	
43644	1589997	
43644	1589999	
43644	1590003	
43644	1590013	
43644	1590015	
43644	1590019	
43644	1590020	
43644	1590021	
43644	1591920	
43644	1593688	
43644	1593738	
43644	1594979	
43644	1595479	
43644	1595542	
43644	1596479	
43644	1599460	
43644	1601393	
43644	1604095	
43644	1606229	
43644	1606916	
43644	1610209	
43644	1617440	
43644	1617782	
43644	1617824	
43644	1617908	
43644	1618047	
43644	1618269	
43644	1619262	
43644	1619909	
43644	1620765	
43644	1630389	
43644	1630449	
43644	1630572	
43644	1631492	
43644	1632425	
43644	1632492	
43644	1633000	
43644	1633539	
43644	1640749	
43644	1645237	
43644	1645997	
43644	1655864	
43644	1658662	
43644	1658683	
43644	1658901	
43644	1659312	
43644	1663168	
43644	1663213	
43644	1670489	
43644	1673032	
43644	1677979	
43644	1679730	
43644	1682029	
43644	1684283	
43644	1684407	
43644	1687033	
43644	1687062	
43644	1687267	
43644	1694706	
43644	1694949	
43644	1695131	
43644	1695362	
43644	1695714	
43644	1695883	
43644	1697320	
43644	1699774	
43644	1702617	
43644	1702877	
43644	1703264	
43644	1703316	
43644	1706961	
43644	1706996	
43644	1708408	
43644	1714739	
43644	1714783	
43644	1719777	
43644	1723489	
43644	1725545	
43644	1725994	
43644	1728925	
43644	1728940	
43644	1731427	
43644	1731501	
43644	1733737	
43644	1739325	
43644	1740216	
43644	1740438	
43644	1740887	
43644	1741315	
43644	1743134	
43644	1745141	
43644	1745571	
43644	1749016	
43644	1749213	
43644	1752399	
43644	1755059	
43644	1755313	
43644	1755630	
43644	1755810	
43644	1755922	
43644	1755941	
43644	1755967	
43644	1756348	
43644	1760056	
43644	1761975	
43644	1764022	
43644	1766229	
43644	1769512	
43644	1772545	
43644	1775342	
43644	1775422	
43644	1776360	
43644	1777607	
43644	1777608	
43644	1777609	
43644	1777611	
43644	1777612	
43644	1777614	
43644	1777616	
43644	1777620	
43644	1777626	
43644	1777629	
43644	1777630	
43644	1777633	
43644	1777635	
43644	1777636	
43644	1777637	
43644	1777639	
43644	1777640	
43644	1777641	
43644	1777645	
43644	1777648	
43644	1777650	
43644	1777651	
43644	1777653	
43644	1777654	
43644	1777657	
43644	1777661	
43644	1777663	
43644	1777665	
43644	1777667	
43644	1777670	
43644	1777673	
43644	1777675	
43644	1777676	
43644	1777678	
43644	1777679	
43644	1777681	
43644	1777684	
43644	1777685	
43644	1777686	
43644	1777687	
43644	1777688	
43644	1777689	
43644	1777692	
43644	1777693	
43644	1777694	
43644	1777696	
43644	1777698	
43644	1777700	
43644	1777702	
43644	1777705	
43644	1777706	
43644	1777707	
43644	1777708	
43644	1777711	
43644	1777712	
43644	1777718	
43644	1777720	
43644	1777721	
43644	1777722	
43644	1777726	
43644	1777727	
43644	1777728	
43644	1777730	
43644	1777733	
43644	1777735	
43644	1777737	
43644	1777739	
43644	1777740	
43644	1777744	
43644	1777746	
43644	1777748	
43644	1777749	
43644	1777752	
43644	1777754	
43644	1777755	
43644	1777756	
43644	1777760	
43644	1777762	
43644	1777764	
43644	1777765	
43644	1777767	
43644	1777768	
43644	1777770	
43644	1777771	
43644	1777773	
43644	1777774	
43644	1777776	
43644	1777777	
43644	1777778	
43644	1777780	
43644	1777781	
43644	1777783	
43644	1777787	
43644	1777789	
43644	1777791	
43644	1777793	
43644	1777797	
43644	1777798	
43644	1777799	
43644	1777801	
43644	1777803	
43644	1777805	
43644	1777807	
43644	1777809	
43644	1777810	
43644	1777811	
43644	1777812	
43644	1777814	
43644	1777817	
43644	1777818	
43644	1777819	
43644	1777821	
43644	1777822	
43644	1777824	
43644	1777825	
43644	1777828	
43644	1777829	
43644	1777832	
43644	1777834	
43644	1777835	
43644	1777838	
43644	1777840	
43644	1777842	
43644	1777844	
43644	1777846	
43644	1777847	
43644	1777849	
43644	1777851	
43644	1777852	
43644	1777854	
43644	1777856	
43644	1777857	
43644	1777858	
43644	1777859	
43644	1777860	
43644	1777861	
43644	1777862	
43644	1777863	
43644	1777864	
43644	1777865	
43644	1777867	
43644	1777869	
43644	1777870	
43644	1777871	
43644	1777872	
43644	1777873	
43644	1777874	
43644	1777877	
43644	1777878	
43644	1777880	
43644	1777881	
43644	1777885	
43644	1777886	
43644	1777888	
43644	1777889	
43644	1777890	
43644	1777891	
43644	1777893	
43644	1777896	
43644	1777897	
43644	1777899	
43644	1777900	
43644	1777903	
43644	1777905	
43644	1777910	
43644	1777911	
43644	1777913	
43644	1777914	
43644	1777916	
43644	1777918	
43644	1777920	
43644	1777922	
43644	1777923	
43644	1777925	
43644	1777926	
43644	1777928	
43644	1777931	
43644	1777932	
43644	1777934	
43644	1777937	
43644	1777938	
43644	1777939	
43644	1777941	
43644	1777943	
43644	1777945	
43644	1777946	
43644	1777947	
43644	1777948	
43644	1777949	
43644	1777951	
43644	1777952	
43644	1777953	
43644	1777954	
43644	1777956	
43644	1777957	
43644	1777959	
43644	1777960	
43644	1777962	
43644	1777964	
43644	1777965	
43644	1777967	
43644	1777968	
43644	1777969	
43644	1777970	
43644	1777971	
43644	1777972	
43644	1777973	
43644	1777976	
43644	1777979	
43644	1777980	
43644	1777983	
43644	1777984	
43644	1777986	
43644	1777987	
43644	1777990	
43644	1777992	
43644	1777995	
43644	1777997	
43644	1777998	
43644	1777999	
43644	1778002	
43644	1778003	
43644	1778004	
43644	1778006	
43644	1778007	
43644	1778011	
43644	1778015	
43644	1778018	
43644	1778019	
43644	1778020	
43644	1778021	
43644	1778025	
43644	1778027	
43644	1778029	
43644	1778030	
43644	1778033	
43644	1778034	
43644	1778035	
43644	1778036	
43644	1778038	
43644	1778039	
43644	1778041	
43644	1778042	
43644	1778043	
43644	1778045	
43644	1778046	
43644	1778047	
43644	1778049	
43644	1778050	
43644	1778051	
43644	1778052	
43644	1778053	
43644	1778054	
43644	1778055	
43644	1778056	
43644	1778060	
43644	1778062	
43644	1778063	
43644	1778064	
43644	1778066	
43644	1778067	
43644	1778068	
43644	1778069	
43644	1778071	
43644	1778072	
43644	1778074	
43644	1778077	
43644	1778078	
43644	1778080	
43644	1778083	
43644	1778084	
43644	1778085	
43644	1778088	
43644	1778091	
43644	1778092	
43644	1778094	
43644	1778095	
43644	1778096	
43644	1778097	
43644	1778099	
43644	1778100	
43644	1778103	
43644	1778105	
43644	1778107	
43644	1778108	
43644	1778114	
43644	1778115	
43644	1778116	
43644	1778117	
43644	1778118	
43644	1778120	
43644	1778122	
43644	1778124	
43644	1778126	
43644	1778128	
43644	1778129	
43644	1778132	
43644	1778133	
43644	1778135	
43644	1778136	
43644	1778137	
43644	1778138	
43644	1778140	
43644	1778141	
43644	1778142	
43644	1778143	
43644	1778147	
43644	1778149	
43644	1778150	
43644	1778152	
43644	1778154	
43644	1778157	
43644	1778159	
43644	1778162	
43644	1778165	
43644	1778167	
43644	1778168	
43644	1778169	
43644	1778171	
43644	1778172	
43644	1778173	
43644	1778175	
43644	1778176	
43644	1778177	
43644	1778178	
43644	1778180	
43644	1778181	
43644	1778182	
43644	1778183	
43644	1778184	
43644	1778186	
43644	1778187	
43644	1778188	
43644	1778191	
43644	1778192	
43644	1778195	
43644	1778196	
43644	1778197	
43644	1778199	
43644	1778200	
43644	1778201	
43644	1778202	
43644	1778203	
43644	1778204	
43644	1778206	
43644	1778207	
43644	1778208	
43644	1778212	
43644	1778213	
43644	1778214	
43644	1778216	
43644	1778218	
43644	1778219	
43644	1778220	
43644	1778221	
43644	1778222	
43644	1778223	
43644	1778224	
43644	1778225	
43644	1778226	
43644	1778227	
43644	1778228	
43644	1778229	
43644	1778230	
43644	1778231	
43644	1778232	
43644	1778233	
43644	1778234	
43644	1778235	
43644	1778236	
43644	1778237	
43644	1778238	
43644	1778239	
43644	1778240	
43644	1778241	
43644	1778242	
43644	1778243	
43644	1778244	
43644	1778245	
43644	1778246	
43644	1778247	
43644	1778248	
43644	1778249	
43644	1778250	
43644	1778251	
43644	1778252	
43644	1778253	
43644	1778254	
43644	1778255	
43644	1778256	
43644	1778257	
43644	1778258	
43644	1778259	
43644	1778260	
43644	1778261	
43644	1778262	
43644	1778263	
43644	1778264	
43644	1778265	
43644	1778266	
43644	1778267	
43644	1778268	
43644	1778269	
43644	1778270	
43644	1778271	
43644	1778272	
43644	1778273	
43644	1778274	
43644	1778275	
43644	1778276	
43644	1778277	
43644	1778278	
43644	1778279	
43644	1778280	
43644	1778281	
43644	1778282	
43644	1778283	
43644	1778284	
43644	1778285	
43644	1778286	
43644	1778287	
43644	1778288	
43644	1778289	
43644	1778290	
43644	1778291	
43644	1778292	
43644	1778293	
43644	1778294	
43644	1778295	
43644	1778296	
43644	1778297	
43644	1778298	
43644	1778299	
43644	1778300	
43644	1778301	
43644	1778302	
43644	1778303	
43644	1778304	
43644	1778305	
43644	1778306	
43644	1778307	
43644	1778308	
43644	1778309	
43644	1778310	
43644	1778311	
43644	1778312	
43644	1778313	
43644	1778314	
43644	1778315	
43644	1778316	
43644	1778317	
43644	1778318	
43644	1778319	
43644	1778320	
43644	1778321	
43644	1778322	
43644	1778323	
43644	1778324	
43644	1778325	
43644	1778326	
43644	1778327	
43644	1778328	
43644	1778329	
43644	1778330	
43644	1778331	
43644	1778332	
43644	1778333	
43644	1778334	
43644	1778335	
43644	1778336	
43644	1778337	
43644	1778338	
43644	1778339	
43644	1778340	
43644	1778341	
43644	1778342	
43644	1778343	
43644	1778344	
43644	1778345	
43644	1778346	
43644	1778347	
43644	1778348	
43644	1778349	
43644	1778350	
43644	1778351	
43644	1778352	
43644	1778353	
43644	1778354	
43644	1778355	
43644	1778356	
43644	1778357	
43644	1778358	
43644	1778359	
43644	1778360	
43644	1778361	
43644	1778362	
43644	1778363	
43644	1778364	
43644	1778365	
43644	1778366	
43644	1778367	
43644	1778368	
43644	1778369	
43644	1778370	
43644	1778371	
43644	1778372	
43644	1778373	
43644	1778374	
43644	1778375	
43644	1778376	
43644	1778377	
43644	1778378	
43644	1778379	
43644	1778380	
43644	1778381	
43644	1778382	
43644	1778383	
43644	1778384	
43644	1778385	
43644	1778386	
43644	1778387	
43644	1778388	
43644	1778389	
43644	1778390	
43644	1778391	
43644	1778392	
43644	1778393	
43644	1778394	
43644	1778395	
43644	1778396	
43644	1778397	
43644	1778398	
43644	1778399	
43644	1778400	
43644	1778401	
43644	1778402	
43644	1778403	
43644	1778404	
43644	1778405	
43644	1778406	
43644	1778407	
43644	1778408	
43644	1778409	
43644	1778410	
43644	1778411	
43644	1778412	
43644	1778413	
43644	1778414	
43644	1778415	
43644	1778416	
43644	1778417	
43644	1778418	
43644	1778419	
43644	1778420	
43644	1778421	
43644	1778422	
43644	1778423	
43644	1778424	
43644	1778425	
43644	1778426	
43644	1778427	
43644	1778428	
43644	1778429	
43644	1778430	
43644	1778431	
43644	1778432	
43644	1778433	
43644	1778434	
43644	1778435	
43644	1778436	
43644	1778437	
43644	1778438	
43644	1778439	
43644	1778440	
43644	1778441	
43644	1778442	
43644	1778443	
43644	1778444	
43644	1778445	
43644	1778446	
43644	1778447	
43644	1778448	
43644	1778449	
43644	1778450	
43644	1778451	
43644	1778452	
43644	1778453	
43644	1778454	
43644	1778455	
43644	1778456	
43644	1778457	
43644	1778458	
43644	1778459	
43644	1778460	
43644	1778461	
43644	1778462	
43644	1778463	
43644	1778464	
43644	1778465	
43644	1778466	
43644	1778467	
43644	1778468	
43644	1778469	
43644	1778470	
43644	1778471	
43644	1778472	
43644	1778473	
43644	1778474	
43644	1778475	
43644	1778476	
43644	1778477	
43644	1778478	
43644	1778479	
43644	1778480	
43644	1778481	
43644	1778482	
43644	1778483	
43644	1778484	
43644	1778485	
43644	1778486	
43644	1778487	
43644	1778488	
43644	1778489	
43644	1778490	
43644	1778491	
43644	1778492	
43644	1778493	
43644	1778494	
43644	1778495	
43644	1778496	
43644	1778497	
43644	1778498	
43644	1778499	
43644	1778500	
43644	1778501	
43644	1778502	
43644	1778503	
43644	1778504	
43644	1778505	
43644	1778506	
43644	1778507	
43644	1778508	
43644	1778509	
43644	1778510	
43644	1778511	
43644	1778512	
43644	1778513	
43644	1778514	
43644	1778515	
43644	1778516	
43644	1778517	
43644	1778518	
43644	1778519	
43644	1778520	
43644	1778521	
43644	1778522	
43644	1778523	
43644	1778524	
43644	1778525	
43644	1778526	
43644	1778527	
43644	1778528	
43644	1778529	
43644	1778530	
43644	1778531	
43644	1778532	
43644	1778533	
43644	1778534	
43644	1778535	
43644	1778536	
43644	1778537	
43644	1778538	
43644	1778539	
43644	1778540	
43644	1778541	
43644	1778542	
43644	1778543	
43644	1778544	
43644	1778545	
43644	1778546	
43644	1778547	
43644	1778548	
43644	1778549	
43644	1778550	
43644	1778551	
43644	1778552	
43644	1778553	
43644	1778554	
43644	1778555	
43644	1778556	
43647	71777	
43778	71777	
43838	1753367	
43902	1825377	
44043	1840841	
44149	71777	
44149	1818701	
57397	71777	
57557	71777	
54817	71777	
57132	2169359	
70239	71777	
67681	71777	
71777	108912	
71777	116298	
71777	120146	
71777	124934	
71777	135678	
71777	140532	
71777	147898	
71777	151641	
71777	154925	
71777	158735	
71777	186068	
71777	188452	
71777	190582	
71777	191183	
71777	192246	
71777	194888	
71777	195537	
71777	195556	
71777	195603	
71777	195676	
71777	195958	
71777	196704	
71777	214375	
71777	224585	
71777	224610	
71777	224692	
71777	229305	
71777	229486	
71777	230161	
71777	230207	
71777	230492	
71777	247587	
71777	247704	
71777	248134	
71777	248758	
71777	306958	
71777	306963	
71777	340156	
71777	347216	
71777	347942	
71777	352613	
71777	353194	
71777	355065	
71777	355285	
71777	355350	
71777	355873	
71777	355880	
71777	356466	
71777	356734	
71777	357287	
71777	357883	
71777	357972	
71777	359181	
71777	359285	
71777	359299	
71777	361375	
71777	365164	
71777	414204	
71777	429266	
71777	436887	
71777	445894	
71777	446175	
71777	446215	
71777	446300	
71777	446417	
71777	446470	
71777	446496	
71777	446534	
71777	449636	
71777	451617	
71777	454154	
71777	454197	
71777	454877	
71777	454900	
71777	455030	
71777	455057	
71777	455129	
71777	455277	
71777	456839	
71777	458218	
71777	459839	
71777	460090	
71777	461289	
71777	466062	
71777	467352	
71777	467453	
71777	472245	
71777	472531	
71777	473771	
71777	474316	
71777	474637	
71777	474791	
71777	476155	
71777	478967	
71777	482804	
71777	484984	
71777	486926	
71777	499028	
71777	520122	
71777	527280	
71777	527603	
71777	541836	
71777	556484	
71777	560649	
71777	583162	
71777	599588	
71777	660837	
71777	668541	
71777	675559	
71777	712934	
71777	714890	
71777	724053	
71777	734694	
71777	734818	
71777	734882	
71777	735009	
71777	771065	
71777	775715	
71777	778197	
71777	806375	
71777	823374	
71777	827698	
71777	833994	
71777	835608	
71777	866455	
71777	872809	
71777	879876	
71777	900065	
71777	900067	
71777	907333	
71777	907998	
71777	931619	
71777	952155	
71777	953533	
71777	957895	
71777	969926	
71777	980241	
71777	980517	
71777	987439	
71777	987895	
71777	989119	
71777	990340	
71777	990351	
71777	990629	
71777	990779	
71777	990836	
71777	990946	
71777	991011	
71777	991034	
71777	991055	
71777	991174	
71777	991739	
71777	992305	
71777	992362	
71777	992510	
71777	995720	
71777	996925	
71777	998972	
71777	999467	
71777	999475	
71777	1000019	
71777	1002246	
71777	1004867	
71777	1005963	
71777	1006027	
71777	1006240	
71777	1007069	
71777	1007089	
71777	1007515	
71777	1007719	
71777	1008700	
71777	1009532	
71777	1010474	
71777	1010682	
71777	1010768	
71777	1011014	
71777	1011177	
71777	1011557	
71777	1012750	
71777	1012995	
71777	1013121	
71777	1013999	
71777	1014659	
71777	1022076	
71777	1022270	
71777	1023673	
71777	1024147	
71777	1028609	
71777	1028713	
71777	1029058	
71777	1029538	
71777	1030002	
71777	1032444	
71777	1035139	
71777	1035175	
71777	1035177	
71777	1037506	
71777	1038232	
71777	1038323	
71777	1042781	
71777	1042859	
71777	1043059	
71777	1043319	
71777	1045506	
71777	1047962	
71777	1048854	
71777	1050662	
71777	1050846	
71777	1051932	
71777	1052008	
71777	1052066	
71777	1052528	
71777	1053099	
71777	1053140	
71777	1053149	
71777	1053629	
71777	1053912	
71777	1054025	
71777	1054222	
71777	1054606	
71777	1055235	
71777	1055991	
71777	1056008	
71777	1058343	
71777	1059534	
71777	1060638	
71777	1061160	
71777	1061245	
71777	1061775	
71777	1062761	
71777	1066779	
71777	1069531	
71777	1070201	
71777	1070282	
71777	1070331	
71777	1070966	
71777	1071036	
71777	1071274	
71777	1071434	
71777	1076041	
71777	1076514	
71777	1076609	
71777	1076798	
71777	1076864	
71777	1076867	
71777	1077283	
71777	1078794	
71777	1078833	
71777	1088535	
71777	1088690	
71777	1088865	
71777	1088905	
71777	1089101	
71777	1090670	
71777	1091756	
71777	1091779	
71777	1091936	
71777	1092204	
71777	1092356	
71777	1092457	
71777	1095942	
71777	1097006	
71777	1097302	
71777	1100117	
71777	1100578	
71777	1102021	
71777	1102620	
71777	1102915	
71777	1104517	
71777	1105112	
71777	1106777	
71777	1107521	
71777	1107921	
71777	1109249	
71777	1112074	
71777	1112186	
71777	1115715	
71777	1116163	
71777	1119273	
71777	1119316	
71777	1125279	
71777	1129651	
71777	1130712	
71777	1131802	
71777	1132672	
71777	1135116	
71777	1135123	
71777	1141361	
71777	1144104	
71777	1146492	
71777	1150698	
71777	1153374	
71777	1154400	
71777	1156505	
71777	1156735	
71777	1160651	
71777	1161645	
71777	1168756	
71777	1171666	
71777	1171671	
71777	1176402	
71777	1180929	
71777	1183273	
71777	1184042	
71777	1184189	
71777	1185680	
71777	1187571	
71777	1190641	
71777	1191992	
71777	1193936	
71777	1193987	
71777	1194083	
71777	1194303	
71777	1194450	
71777	1196322	
71777	1210604	
71777	1211042	
71777	1212215	
71777	1212374	
71777	1213814	
71777	1214736	
71777	1215088	
71777	1216364	
71777	1217232	
71777	1222789	
71777	1223393	
71777	1224994	
71777	1225202	
71777	1225269	
71777	1230259	
71777	1230964	
71777	1232185	
71777	1238522	
71777	1238713	
71777	1239102	
71777	1247555	
71777	1249086	
71777	1249711	
71777	1250074	
71777	1254769	
71777	1254969	
71777	1255254	
71777	1263684	
71777	1271444	
71777	1275421	
71777	1276140	
71777	1278556	
71777	1278837	
71777	1279146	
71777	1279397	
71777	1280147	
71777	1280311	
71777	1280483	
71777	1280555	
71777	1280645	
71777	1281579	
71777	1281587	
71777	1281796	
71777	1281830	
71777	1282130	
71777	1282917	
71777	1284007	
71777	1288346	
71777	1290277	
71777	1297548	
71777	1299297	
71777	1299721	
71777	1299727	
71777	1299807	
71777	1301421	
71777	1302079	
71777	1303707	
71777	1304613	
71777	1306026	
71777	1308447	
71777	1308848	
71777	1309766	
71777	1309874	
71777	1309950	
71777	1310892	
71777	1315261	
71777	1315313	
71777	1316716	
71777	1316859	
71777	1317344	
71777	1318485	
71777	1318505	
71777	1319109	
71777	1319229	
71777	1319812	
71777	1319832	
71777	1320108	
71777	1320170	
71777	1320313	
71777	1320789	
71777	1321299	
71777	1328260	
71777	1330375	
71777	1330471	
71777	1331663	
71777	1331769	
71777	1332113	
71777	1333675	
71777	1340293	
71777	1340296	
71777	1341810	
71777	1348240	
71777	1351525	
71777	1352494	
71777	1363351	
71777	1367662	
71777	1368336	
71777	1371734	
71777	1374858	
71777	1375799	
71777	1375859	
71777	1375896	
71777	1378145	
71777	1379105	
71777	1379181	
71777	1379255	
71777	1379290	
71777	1379761	
71777	1382158	
71777	1388308	
71777	1389905	
71777	1391218	
71777	1391461	
71777	1391852	
71777	1392459	
71777	1393279	
71777	1395785	
71777	1396649	
71777	1409434	
71777	1411676	
71777	1412061	
71777	1413887	
71777	1417448	
71777	1425111	
71777	1425162	
71777	1426438	
71777	1428567	
71777	1428591	
71777	1429409	
71777	1430163	
71777	1438645	
71777	1438996	
71777	1443290	
71777	1446036	
71777	1446289	
71777	1447486	
71777	1451649	
71777	1464935	
71777	1465093	
71777	1465340	
71777	1468001	
71777	1471141	
71777	1472130	
71777	1473289	
71777	1476544	
71777	1477398	
71777	1482812	
71777	1483341	
71777	1484576	
71777	1494810	
71777	1496529	
71777	1499958	
71777	1502002	
71777	1502307	
71777	1512536	
71777	1519616	
71777	1520132	
71777	1529350	
71777	1529695	
71777	1529761	
71777	1539260	
71777	1541592	
71777	1543243	
71777	1547287	
71777	1551056	
71777	1553457	
71777	1560969	
71777	1565819	
71777	1566314	
71777	1573814	
71777	1574265	
71777	1577424	
71777	1581671	
71777	1585552	
71777	1593938	
71777	1594866	
71777	1597064	
71777	1597883	
71777	1599575	
71777	1602976	
71777	1604717	
71777	1605396	
71777	1605738	
71777	1607143	
71777	1607152	
71777	1609188	
71777	1614219	
71777	1617000	
71777	1618295	
71777	1620511	
71777	1620566	
71777	1621259	
71777	1622380	
71777	1623380	
71777	1629020	
71777	1629293	
71777	1631433	
71777	1631515	
71777	1631534	
71777	1631639	
71777	1631808	
71777	1631839	
71777	1632053	
71777	1632544	
71777	1640307	
71777	1644988	
71777	1647932	
71777	1649652	
71777	1649873	
71777	1653127	
71777	1658074	
71777	1664718	
71777	1665468	
71777	1665668	
71777	1669620	
71777	1671020	
71777	1671290	
71777	1672182	
71777	1685961	
71777	1687407	
71777	1705507	
71777	1708163	
71777	1709352	
71777	1709704	
71777	1712302	
71777	1719979	
71777	1723697	
71777	1723869	
71777	1726068	
71777	1726666	
71777	1726719	
71777	1729637	
71777	1732515	
71777	1733464	
71777	1734114	
71777	1736765	
71777	1741052	
71777	1743392	
71777	1743798	
71777	1751692	
71777	1751850	
71777	1752047	
71777	1752055	
71777	1752185	
71777	1758533	
71777	1759772	
71777	1768958	
71777	1769168	
71777	1771965	
71777	1778733	
71777	1781756	
71777	1782506	
71777	1785213	
71777	1796224	
71777	1810032	
71777	1818701	
71777	1822225	
71777	1822288	
71777	1825643	
71777	1833012	
71777	1838517	
71777	1840523	
71777	1842668	
71777	1849071	
71777	1852738	
71777	1857272	
71777	1865702	
71777	1867537	
71777	1868164	
71777	1868205	
71777	1869603	
71777	1876686	
71777	1884792	
71777	1910564	
71777	1919194	
71777	1923002	
71777	1935033	
71777	1935919	
71777	1935963	
71777	1938860	
71777	1941534	
71777	1941966	
71777	1942071	
71777	1943003	
71777	1944897	
71777	1946526	
71777	1950883	
71777	1950931	
71777	1958815	
71777	1958956	
71777	1961434	
71777	1964971	
71777	1969973	
71777	1974118	
71777	1986035	
71777	2003699	
71777	2012527	
71777	2038629	
71777	2066204	
71777	2074886	
71777	2080550	
71777	2083643	
71777	2084865	
71777	2092641	
71777	2097394	
71777	2098250	
71777	2103775	
71777	2106237	
71777	2108565	
71777	2116919	
71777	2125948	
71777	2132691	
71777	2135426	
71777	2144785	
71777	2154297	
71777	2166129	
71777	2173620	
71777	2189549	
71777	2206643	
71777	2247326	
71777	2278810	
71777	2292330	
71777	2295572	
71777	2308128	
71777	2328647	
71777	2328900	
71777	2329047	
71777	2334886	
71777	2337321	
71777	2337322	
71777	2337323	
71777	2337324	
71777	2337325	
71777	2337326	
71777	2337327	
71777	2337328	
71777	2337329	
71777	2337330	
71777	2337331	
71777	2337332	
71777	2337333	
71777	2337334	
71777	2337335	
71777	2337336	
71777	2337337	
71777	2337338	
71777	2337339	
71777	2337340	
71777	2337341	
71777	2337342	
71777	2337343	
71777	2337344	
71777	2337345	
71777	2337346	
71777	2337347	
71777	2337348	
71777	2337349	
71777	2337350	
71777	2337351	
71777	2337352	
71777	2337353	
71777	2337354	
71777	2337355	
71777	2337356	
71777	2337357	
71777	2337358	
71777	2337359	
71777	2337360	
71777	2337361	
71777	2337362	
71777	2337363	
71777	2337364	
71777	2337365	
71777	2337366	
71777	2337367	
71777	2337368	
71777	2337369	
71777	2337370	
71777	2337371	
71777	2337372	
71777	2337373	
71777	2337374	
71777	2337375	
71777	2337376	
71777	2337377	
71777	2337379	
71777	2337380	
71777	2337382	
71777	2337383	
71777	2337384	
71777	2337386	
71777	2337387	
71777	2337388	
71777	2337390	
71777	2337391	
71777	2337392	
71777	2337393	
71777	2337394	
71777	2337395	
71777	2337396	
71777	2337397	
71777	2337398	
71777	2337399	
71777	2337400	
71777	2337401	
71777	2337403	
71777	2337404	
71777	2337405	
71777	2337406	
71777	2337408	
71777	2337411	
71777	2337412	
71777	2337414	
71777	2337415	
71777	2337416	
71777	2337418	
71777	2337419	
71777	2337420	
71777	2337421	
71777	2337422	
71777	2337424	
71777	2337425	
71777	2337426	
71777	2337427	
71777	2337428	
71777	2337433	
71777	2337434	
71777	2337436	
71777	2337437	
71777	2337438	
71777	2337439	
71777	2337440	
71777	2337441	
71777	2337442	
71777	2337443	
71777	2337447	
71777	2337449	
71777	2337451	
71777	2337452	
71777	2337453	
71777	2337457	
71777	2337458	
71777	2337461	
71777	2337463	
71777	2337468	
71777	2337472	
71777	2337473	
71777	2337474	
71777	2337477	
71777	2337478	
71777	2337480	
71777	2337481	
71777	2337482	
71777	2337484	
71777	2337486	
71777	2337487	
71777	2337491	
71777	2337492	
71777	2337493	
71777	2337495	
71777	2337497	
71777	2337499	
71777	2337502	
71777	2337504	
71777	2337508	
71777	2337509	
71777	2337511	
71777	2337516	
71777	2337517	
71777	2337519	
71777	2337525	
71777	2337532	
71777	2337534	
71777	2337536	
71777	2337537	
71777	2337538	
71777	2337539	
71777	2337543	
71777	2337544	
71777	2337545	
71777	2337547	
71777	2337552	
71777	2337555	
71777	2337560	
71777	2337565	
71777	2337567	
71777	2337571	
71777	2337574	
71777	2337575	
71777	2337576	
71777	2337577	
71777	2337580	
71777	2337581	
71777	2337582	
71777	2337585	
71777	2337587	
71777	2337588	
71777	2337590	
71777	2337591	
71777	2337594	
71777	2337599	
71777	2337601	
71777	2337603	
71777	2337606	
71777	2337611	
71777	2337613	
71777	2337618	
71777	2337619	
71777	2337625	
71777	2337627	
71777	2337629	
71777	2337630	
71777	2337632	
71777	2337633	
71777	2337634	
71777	2337635	
71777	2337636	
71777	2337637	
71777	2337638	
71777	2337643	
71777	2337645	
71777	2337647	
71777	2337648	
71777	2337651	
71777	2337653	
71777	2337657	
71777	2337658	
71777	2337659	
71777	2337660	
71777	2337661	
71777	2337662	
71777	2337663	
71777	2337665	
71777	2337666	
71777	2337668	
71777	2337670	
71777	2337672	
71777	2337673	
71777	2337674	
71777	2337675	
71777	2337677	
71777	2337680	
71777	2337681	
71777	2337683	
71777	2337684	
71777	2337685	
71777	2337687	
71777	2337688	
71777	2337691	
71777	2337692	
71777	2337694	
71777	2337696	
71777	2337697	
71777	2337699	
71777	2337700	
71777	2337702	
71777	2337703	
71777	2337705	
71777	2337706	
71777	2337707	
71777	2337710	
71777	2337713	
71777	2337715	
71777	2337716	
71777	2337717	
71777	2337718	
71777	2337720	
71777	2337722	
71777	2337724	
71777	2337725	
71777	2337726	
71777	2337732	
71777	2337733	
71777	2337735	
71777	2337737	
71777	2337739	
71777	2337741	
71777	2337743	
71777	2337744	
71777	2337746	
71777	2337748	
71777	2337750	
71777	2337752	
71777	2337753	
71777	2337754	
71777	2337755	
71777	2337756	
71777	2337759	
71777	2337762	
71777	2337764	
71777	2337766	
71777	2337767	
71777	2337768	
71777	2337770	
71777	2337773	
71777	2337776	
71777	2337777	
71777	2337780	
71777	2337782	
71777	2337783	
71777	2337785	
71777	2337786	
71777	2337789	
71777	2337793	
71777	2337796	
71777	2337797	
71777	2337800	
71777	2337802	
71777	2337803	
71777	2337805	
71777	2337810	
71777	2337812	
71777	2337818	
71777	2337819	
71777	2337821	
71777	2337822	
71777	2337824	
71777	2337825	
71777	2337826	
71777	2337827	
71777	2337828	
71777	2337829	
71777	2337830	
71777	2337832	
71777	2337835	
71777	2337836	
71777	2337837	
71777	2337838	
71777	2337839	
71777	2337840	
71777	2337841	
71777	2337842	
71777	2337843	
71777	2337844	
71777	2337845	
71777	2337846	
71777	2337847	
71777	2337848	
71777	2337849	
71777	2337850	
71777	2337851	
71777	2337852	
71777	2337853	
71777	2337854	
71777	2337855	
71777	2337856	
71777	2337857	
71777	2337858	
71777	2337859	
71777	2337860	
71777	2337861	
71777	2337862	
71777	2337863	
71777	2337864	
71777	2337865	
71777	2337866	
71777	2337867	
71777	2337868	
71777	2337869	
71777	2337870	
71777	2337871	
71777	2337872	
71777	2337873	
71777	2337874	
71777	2337875	
71777	2337876	
71777	2337877	
71777	2337878	
71777	2337879	
71777	2337880	
71777	2337881	
71777	2337882	
71777	2337883	
71777	2337884	
71777	2337885	
71777	2337886	
71777	2337887	
71777	2337888	
71777	2337889	
71777	2337890	
71777	2337891	
71777	2337892	
71777	2337893	
71777	2337894	
71777	2337895	
71777	2337896	
71777	2337897	
71777	2337898	
71777	2337899	
71777	2337900	
71777	2337901	
71777	2337902	
71777	2337903	
71777	2337904	
71777	2337905	
71777	2337906	
71777	2337907	
71777	2337908	
71777	2337909	
71777	2337910	
71777	2337911	
71777	2337912	
71777	2337913	
71777	2337914	
71777	2337915	
71777	2337916	
71777	2337917	
71777	2337918	
71777	2337919	
71777	2337920	
71777	2337921	
71777	2337922	
71777	2337923	
71777	2337924	
71777	2337925	
71777	2337926	
71777	2337927	
71777	2337928	
71777	2337929	
71777	2337930	
71777	2337931	
71777	2337932	
71777	2337933	
71777	2337934	
71777	2337935	
71777	2337936	
71777	2337937	
71777	2337938	
71777	2337939	
71777	2337940	
71777	2337941	
71777	2337942	
71777	2337943	
71777	2337944	
71777	2337945	
71777	2337946	
71777	2337947	
71777	2337948	
71777	2337949	
71777	2337950	
71777	2337951	
71777	2337952	
71777	2337953	
71777	2337954	
71777	2337955	
71777	2337956	
71777	2337957	
71777	2337958	
71777	2337959	
71777	2337960	
71777	2337961	
71777	2337962	
71777	2337963	
71777	2337964	
71777	2337965	
71777	2337966	
71777	2337967	
71777	2337968	
71777	2337969	
71777	2337970	
71777	2337971	
71777	2337972	
71777	2337974	
71777	2337975	
71777	2337977	
71777	2337978	
71777	2337979	
71777	2337981	
71777	2337982	
71777	2337984	
71777	2337986	
71777	2337988	
71777	2337990	
71777	2337992	
71777	2337993	
71777	2337994	
71777	2337995	
71777	2337996	
71777	2337997	
71777	2337998	
71777	2337999	
71777	2338000	
71777	2338001	
71777	2338002	
71777	2338003	
71777	2338004	
71777	2338005	
71777	2338006	
71777	2338007	
71777	2338008	
71777	2338009	
71777	2338010	
71777	2338011	
71777	2338012	
71777	2338013	
71777	2338014	
71777	2338015	
71777	2338016	
71777	2338017	
71777	2338018	
71777	2338019	
71777	2338020	
71777	2338021	
71777	2338022	
71777	2338023	
71777	2338024	
71777	2338025	
71777	2338026	
71777	2338027	
71777	2338028	
71777	2338029	
71777	2338030	
71777	2338031	
71777	2338033	
71777	2338035	
71777	2338036	
71777	2338037	
71777	2338038	
71777	2338039	
71777	2338040	
71777	2338044	
71777	2338045	
71777	2338046	
71777	2338047	
71777	2338048	
71777	2338049	
71777	2338050	
71777	2338052	
71777	2338053	
71777	2338054	
71777	2338056	
71777	2338057	
71777	2338059	
71777	2338061	
71777	2338062	
71777	2338064	
71777	2338065	
71777	2338067	
71777	2338069	
71777	2338070	
71777	2338071	
71777	2338072	
71777	2338073	
71777	2338074	
71777	2338076	
71777	2338077	
71777	2338078	
71777	2338079	
71777	2338080	
71777	2338081	
71777	2338082	
71777	2338084	
71777	2338086	
71777	2338087	
71777	2338089	
71777	2338093	
71777	2338097	
71777	2338099	
71777	2338101	
71777	2338103	
71777	2338105	
71777	2338107	
71777	2338108	
71777	2338111	
71777	2338113	
71777	2338114	
71777	2338116	
71777	2338117	
71777	2338118	
71777	2338120	
71777	2338121	
71777	2338122	
71777	2338123	
71777	2338126	
71777	2338128	
71777	2338129	
71777	2338133	
71777	2338136	
71777	2338137	
71777	2338140	
71777	2338141	
71777	2338142	
71777	2338145	
71777	2338147	
71777	2338148	
71777	2338150	
71777	2338151	
71777	2338152	
71777	2338155	
71777	2338156	
71777	2338158	
71777	2338160	
71777	2338161	
71777	2338164	
71777	2338165	
71777	2338167	
71777	2338170	
71777	2338171	
71777	2338173	
71777	2338175	
71777	2338176	
71777	2338177	
71777	2338178	
71777	2338179	
71777	2338180	
71777	2338181	
71777	2338182	
71777	2338183	
71777	2338184	
71777	2338185	
71777	2338186	
71777	2338187	
71777	2338188	
71777	2338189	
71777	2338190	
71777	2338191	
71777	2338192	
71777	2338193	
71777	2338194	
71777	2338195	
71777	2338196	
71777	2338197	
71777	2338198	
71777	2338199	
71777	2338200	
71777	2338201	
71777	2338202	
71777	2338203	
71777	2338204	
71777	2338205	
71777	2338206	
71777	2338207	
71777	2338208	
71777	2338209	
71777	2338210	
71777	2338211	
71777	2338212	
71777	2338213	
71777	2338214	
71777	2338215	
71777	2338216	
71777	2338217	
71777	2338218	
71777	2338219	
71777	2338220	
71777	2338221	
71777	2338222	
71777	2338223	
71777	2338224	
71777	2338225	
71777	2338226	
71777	2338227	
71777	2338228	
71777	2338229	
71777	2338230	
71777	2338231	
71777	2338232	
71777	2338233	
71777	2338234	
71777	2338235	
71777	2338236	
71777	2338237	
71777	2338238	
71777	2338239	
71777	2338240	
71777	2338241	
71777	2338242	
71777	2338243	
71777	2338244	
71777	2338245	
71777	2338246	
71777	2338247	
71777	2338248	
71777	2338249	
71777	2338250	
71777	2338251	
71777	2338252	
71777	2338253	
71777	2338254	
71777	2338255	
71777	2338256	
71777	2338257	
71777	2338258	
71777	2338259	
71777	2338260	
71777	2338261	
71777	2338262	
71777	2338263	
71777	2338264	
71777	2338265	
71777	2338266	
71777	2338267	
71777	2338268	
71777	2338269	
71777	2338270	
71777	2338271	
71777	2338272	
71777	2338273	
71777	2338274	
71777	2338275	
71777	2338276	
71777	2338277	
71777	2338278	
71777	2338279	
71777	2338280	
71777	2338281	
71777	2338282	
71777	2338283	
71777	2338284	
71777	2338285	
71777	2338286	
71777	2338287	
71777	2338288	
71777	2338289	
71777	2338290	
71777	2338291	
71777	2338292	
71777	2338293	
71777	2338294	
71777	2338295	
71777	2338296	
71777	2338297	
71777	2338298	
71777	2338299	
71777	2338300	
71777	2338301	
71777	2338302	
71777	2338303	
71777	2338304	
71777	2338305	
71777	2338306	
71777	2338307	
71777	2338308	
71777	2338309	
71777	2338313	
71777	2338315	
71777	2338316	
71777	2338320	
71777	2338322	
71777	2338325	
71777	2338327	
71777	2338329	
71777	2338331	
71777	2338333	
71777	2338336	
71777	2338339	
71777	2338341	
71777	2338342	
71777	2338343	
71777	2338344	
71777	2338349	
71777	2338352	
71777	2338355	
71777	2338357	
71777	2338361	
71777	2338362	
71777	2338364	
71777	2338365	
71777	2338367	
71777	2338369	
71777	2338371	
71777	2338373	
71777	2338376	
71777	2338377	
71777	2338379	
71777	2338381	
71777	2338383	
71777	2338386	
71777	2338387	
71777	2338390	
71777	2338391	
71777	2338392	
71777	2338394	
71777	2338395	
71777	2338397	
71777	2338401	
71777	2338403	
71777	2338405	
71777	2338407	
71777	2338408	
71777	2338409	
71777	2338411	
71777	2338413	
71777	2338414	
71777	2338416	
71777	2338417	
71777	2338419	
71777	2338420	
71777	2338422	
71777	2338424	
86462	1178237	
95174	1178237	
95175	1178237	
96232	1049590	
153885	1220830	
173729	1178237	
207289	1939756	
218696	1220830	
231350	1049590	
229663	1631829	
243957	1220830	
248048	1631839	
248458	466459	
248656	2169359	
248841	2337958	
248882	1220830	
248999	1631714	
249106	1614219	
249121	1178237	
249157	1220830	
256601	1825377	
297709	1178237	
295795	466459	
295912	2337958	
295986	1049590	
299741	1220830	
304074	2337334	
304074	2337884	
309679	2337334	
346747	1631839	
350790	2338246	
354167	1049590	
355152	2337912	
355523	1614219	
355523	2337874	
356144	2337482	
356144	2337658	
356144	2337768	
356144	2337874	
356739	1423932	
356739	2337874	
356739	2338035	
357310	1631534	
357310	1631839	
357447	2337746	
357600	1631839	
357973	2337458	
360775	1092218	
361134	1178237	
361186	2337797	
361198	1607152	
361927	1614219	
380545	1220830	
381138	1220830	
373255	2337919	
392723	1220830	
439856	1220830	
467921	1220830	
446365	1049590	
446552	2337912	
454775	1220830	
