45792	1919656	
1919656	1919657	
1919656	1919658	
672	45792	
45792	184489	
45792	1919655	
45792	1919657	
45792	1919658	
45792	1919659	
45792	1919660	
45792	1919661	
45792	1919662	
45792	1919663	
45792	1919664	
238876	1919658	
631385	1919658	
1902978	1919658	
1919535	1919658	
1919657	1919658	
1919658	2023716	
1919658	2171043	
1919658	2260566	
63	672	
659	672	
26351	184489	
4317	238876	
4637	184489	
3209	184489	
3221	184489	
3356	184489	
3472	184489	
648	672	
664	672	
672	683	
672	684	
672	688	
672	693	
672	699	
672	703	
672	33145	
672	37565	
672	37637	
672	39260	
672	39871	
672	40135	
672	40214	
672	40275	
672	40298	
672	40635	
672	41611	
672	41612	
672	41613	
672	41614	
672	41615	
672	44922	
672	44924	
672	45000	
672	45010	
672	45126	
672	45776	
672	45777	
672	45778	
672	45779	
672	45780	
672	45781	
672	45782	
672	45783	
672	45784	
672	45785	
672	45786	
672	45787	
672	45788	
672	45789	
672	45790	
672	45791	
672	45792	
672	45793	
672	45794	
672	45795	
672	45796	
672	45797	
672	45798	
672	45799	
672	45800	
672	45801	
672	1919681	
672	1919687	
18164	631385	
15627	238876	
30356	631385	
35419	631385	
46845	631385	
27221	631385	
23885	631385	
22749	631385	
22778	631385	
22786	631385	
22871	631385	
22896	184489	
23672	631385	
22095	631385	
27592	631385	
27617	631385	
27648	631385	
27668	631385	
32907	631385	
32908	631385	
32913	631385	
32918	631385	
32945	631385	
33015	631385	
40706	631385	
40718	631385	
40731	631385	
40013	631385	
51146	2023716	
51151	184489	
51198	631385	
35623	631385	
39704	184489	
48010	184489	
50423	184489	
45776	1919535	
45792	184489	
45792	1919655	
45792	1919656	
45792	1919659	
45792	1919660	
45792	1919661	
45792	1919662	
45792	1919663	
45792	1919664	
45795	1919535	
45162	1902978	
44876	631385	
41040	184489	
45861	184489	
45872	184489	
52216	631385	
52225	631385	
50513	631385	
50533	184489	
48232	184489	
53378	631385	
52653	631385	
57173	2171043	
55575	184489	
58582	631385	
52138	1902978	
61041	184489	
77298	184489	
61166	184489	
61600	184489	
61631	184489	
61673	184489	
72159	184489	
62297	184489	
67425	184489	
65790	2260566	
63287	631385	
87862	184489	
69283	631385	
69295	631385	
100254	184489	
85825	631385	
82966	238876	
80223	631385	
88958	184489	
92078	184489	
90111	184489	
96305	631385	
98061	1919661	
94750	238876	
94962	238876	
95264	1919661	
99641	631385	
102796	184489	
105955	184489	
117173	631385	
113153	631385	
111652	631385	
110829	631385	
110867	631385	
118053	631385	
121847	631385	
121859	631385	
121874	631385	
121875	631385	
123308	631385	
119211	184489	
126908	631385	
128748	184489	
130351	631385	
131540	238876	
132361	631385	
132368	631385	
132537	184489	
146250	2260566	
140003	631385	
160723	1919655	
146520	631385	
149340	631385	
161601	631385	
154781	184489	
153791	184489	
156451	631385	
171839	238876	
168430	631385	
167124	631385	
169885	2171043	
179201	631385	
173569	238876	
173831	1919661	
173905	631385	
175856	2260566	
176780	631385	
178720	1919535	
177437	631385	
180412	2260566	
177657	631385	
184489	185301	
184489	185368	
184489	185387	
184489	185394	
184489	186883	
184489	188592	
184489	194326	
184489	220700	
184489	222870	
184489	233618	
184489	248509	
184489	318329	
184489	410877	
184489	423833	
184489	464401	
184489	466803	
184489	517476	
184489	535243	
184489	554850	
184489	554957	
184489	556643	
184489	562338	
184489	601010	
184489	695149	
184489	774943	
184489	930043	
184489	944476	
184489	948819	
184489	957815	
184489	958776	
184489	963761	
184489	972944	
184489	976138	
184489	979925	
184489	1008690	
184489	1159808	
184489	1473372	
184489	1490785	
184489	1540873	
184489	1596523	
184489	1692955	
184489	1716067	
184489	1784958	
184489	1822028	
184489	1905516	
184489	1910376	
184489	1960969	
184489	1983795	
184489	1988829	
184489	1989519	
184489	2022521	
184489	2084263	
184489	2112882	
184489	2127638	
184489	2221532	
184489	2221585	
184489	2246968	
184489	2353103	
184489	2384763	
184489	2464867	
184489	2484364	
184489	2508788	
184489	2631140	
184489	2665744	
184489	2666020	
184489	2667526	
184489	2688539	
184489	2723595	
184489	2796089	
184489	2862346	
184489	2862395	
184489	3009820	
184489	3021689	
184489	3070666	
183264	184489	
185184	2260566	
185322	238876	
183729	631385	
190694	2260566	
188264	631385	
187226	631385	
200176	238876	
194919	631385	
195780	2260566	
197286	631385	
200128	631385	
195879	238876	
199618	631385	
199709	631385	
208307	631385	
212512	2260566	
218290	631385	
218498	238876	
215599	2260566	
216959	2260566	
221131	631385	
222388	631385	
225901	1902978	
226912	2260566	
225109	238876	
224418	1919660	
235037	2260566	
223766	2260566	
231333	238876	
238865	238876	
238876	238988	
238876	239020	
238876	239023	
238876	239042	
238876	239289	
238876	239293	
238876	248379	
238876	280442	
238876	295322	
238876	306882	
238876	343055	
238876	346573	
238876	349545	
238876	351216	
238876	351223	
238876	365164	
238876	369221	
238876	371031	
238876	442352	
238876	446986	
238876	447003	
238876	448860	
238876	448862	
238876	449806	
238876	453938	
238876	456130	
238876	456973	
238876	458361	
238876	466814	
238876	467213	
238876	468201	
238876	470049	
238876	470055	
238876	475152	
238876	480184	
238876	480510	
238876	484965	
238876	493811	
238876	499462	
238876	535244	
238876	535249	
238876	535256	
238876	577272	
238876	578402	
238876	675500	
238876	697458	
238876	725073	
238876	731122	
238876	731132	
238876	731136	
238876	731138	
238876	731142	
238876	731150	
238876	731155	
238876	731159	
238876	731162	
238876	731167	
238876	731170	
238876	731176	
238876	731183	
238876	731186	
238876	731201	
238876	731209	
238876	731214	
238876	731226	
238876	731241	
238876	731247	
238876	731251	
238876	731272	
238876	731282	
238876	731294	
238876	731296	
238876	731298	
238876	731344	
238876	731357	
238876	731373	
238876	731394	
238876	731407	
238876	731408	
238876	731414	
238876	731425	
238876	731428	
238876	731429	
238876	731431	
238876	731439	
238876	731468	
238876	731519	
238876	731536	
238876	731564	
238876	731569	
238876	731572	
238876	731576	
238876	731598	
238876	731600	
238876	731611	
238876	731615	
238876	731636	
238876	776970	
238876	777955	
238876	831077	
238876	847172	
238876	867480	
238876	870784	
238876	914676	
238876	918229	
238876	918244	
238876	918284	
238876	918309	
238876	918314	
238876	918388	
238876	948296	
238876	948372	
238876	948433	
238876	964489	
238876	965396	
238876	970051	
238876	971429	
238876	1102631	
238876	1236470	
238876	1533358	
238876	1619843	
238876	1650329	
238876	1686177	
238876	1686298	
238876	1703254	
238876	1723068	
238876	1724446	
238876	1814999	
238876	1815000	
238876	1886124	
238876	1886190	
238876	1902702	
238876	1909097	
238876	1911381	
238876	1914329	
238876	1919658	
238876	1919926	
238876	1931563	
238876	1942502	
238876	1943632	
238876	1965065	
238876	1967923	
238876	1967991	
238876	1968191	
238876	1974165	
238876	1983765	
238876	1986330	
238876	1986357	
238876	1986368	
238876	1986375	
238876	1986399	
238876	1986401	
238876	1986407	
238876	1986434	
238876	1986442	
238876	1986443	
238876	1986459	
238876	1986478	
238876	1986490	
238876	1986501	
238876	1986509	
238876	1986511	
238876	1986518	
238876	1986563	
238876	1986576	
238876	1986577	
238876	1986630	
238876	1986643	
238876	1986650	
238876	1986652	
238876	1986653	
238876	1986682	
238876	1986693	
238876	1986698	
238876	1986701	
238876	1986739	
238876	1988596	
238876	2011335	
238876	2050674	
238876	2058984	
238876	2148082	
238876	2173633	
238876	2173759	
238876	2173778	
238876	2175402	
238876	2187291	
238876	2189891	
238876	2212211	
238876	2212298	
238876	2212333	
238876	2219162	
238876	2224944	
238876	2251838	
238876	2258716	
238876	2261298	
238876	2267205	
238876	2268306	
238876	2289670	
238876	2291369	
238876	2293007	
238876	2293207	
238876	2293218	
238876	2334104	
238876	2334129	
238876	2334169	
238876	2334196	
238876	2334264	
238876	2334282	
238876	2334291	
238876	2334302	
238876	2334314	
238876	2347577	
238876	2353457	
238876	2418211	
238876	2421031	
238876	2452060	
238876	2452768	
238876	2454459	
238876	2459055	
238876	2461657	
238876	2461720	
238876	2463338	
238876	2463385	
238876	2463398	
238876	2463449	
238876	2463453	
238876	2463513	
238876	2463553	
238876	2463581	
238876	2463653	
238876	2463675	
238876	2463867	
238876	2463994	
238876	2464085	
238876	2464112	
238876	2464178	
238876	2464328	
238876	2464603	
238876	2464690	
238876	2465717	
238876	2468890	
238876	2476961	
238876	2484358	
238876	2484363	
238876	2484384	
238876	2484394	
238876	2484401	
238876	2484413	
238876	2484419	
238876	2484435	
238876	2484439	
238876	2484460	
238876	2484484	
238876	2484489	
238876	2484508	
238876	2484524	
238876	2484530	
238876	2486435	
238876	2491814	
238876	2491823	
238876	2491895	
238876	2491906	
238876	2491965	
238876	2492005	
238876	2492015	
238876	2492029	
238876	2492053	
238876	2492184	
238876	2492221	
238876	2492264	
238876	2496796	
238876	2499007	
238876	2499055	
238876	2499230	
238876	2508874	
238876	2529568	
238876	2568275	
238876	2581970	
238876	2582100	
238876	2621282	
238876	2621332	
238876	2628098	
238876	2628873	
238876	2632960	
238876	2632968	
238876	2633683	
238876	2634362	
238876	2635338	
238876	2635519	
238876	2635608	
238876	2637604	
238876	2645348	
238876	2645356	
238876	2645593	
238876	2645617	
238876	2646869	
238876	2647077	
238876	2647150	
238876	2647153	
238876	2647255	
238876	2647305	
238876	2647333	
238876	2647340	
238876	2647388	
238876	2647545	
238876	2649878	
238876	2650507	
238876	2650606	
238876	2650717	
238876	2650720	
238876	2652545	
238876	2655373	
238876	2659911	
238876	2663936	
238876	2664815	
238876	2666030	
238876	2666076	
238876	2666099	
238876	2666123	
238876	2666213	
238876	2666216	
238876	2669434	
238876	2670834	
238876	2671024	
238876	2671178	
238876	2671713	
238876	2671828	
238876	2671841	
238876	2672042	
238876	2672297	
238876	2672358	
238876	2673307	
238876	2673344	
238876	2673408	
238876	2673900	
238876	2673908	
238876	2673939	
238876	2675098	
238876	2677970	
238876	2678023	
238876	2678204	
238876	2679980	
238876	2680011	
238876	2683912	
238876	2685363	
238876	2688504	
238876	2689115	
238876	2774779	
238876	2872331	
238876	2883076	
238876	2893122	
238876	2919303	
238876	2967079	
238876	2971842	
238876	2971845	
238876	2990585	
238876	3043395	
238876	3050074	
238972	1919659	
243143	1919660	
246240	631385	
247652	631385	
251798	631385	
256019	631385	
258613	631385	
263852	631385	
258564	631385	
256671	631385	
256673	631385	
259228	631385	
271530	631385	
270393	2260566	
270185	631385	
277993	2260566	
297177	2023716	
301647	631385	
315683	1919535	
315683	2171043	
326866	631385	
343054	1902978	
344438	631385	
349715	1902978	
353568	1902978	
365877	1902978	
365987	631385	
381599	631385	
381646	1919661	
366925	1902978	
367965	1902978	
369556	1902978	
369563	1902978	
370784	1902978	
371227	1919535	
372485	1902978	
394399	631385	
400498	1919535	
429307	1919661	
437132	2260566	
446836	1919535	
446949	2260566	
448862	2260566	
447483	1919661	
447544	2260566	
453774	631385	
464385	1919661	
464422	2260566	
484993	1919661	
515391	631385	
525889	631385	
555079	631385	
578536	1919661	
598920	631385	
625217	631385	
631383	631385	
631385	631391	
631385	710957	
631385	771705	
631385	792669	
631385	927005	
631385	1562287	
631385	1690247	
631385	1883589	
631385	1885448	
631385	1886939	
631385	1919658	
631385	1933781	
631385	1985295	
631385	2034247	
631385	2493675	
652229	2260566	
700966	1902978	
695343	1902978	
695481	2260566	
709183	1919535	
710957	2260566	
725059	1902978	
731170	2260566	
731172	2260566	
729886	2260566	
772311	1919535	
775048	2260566	
788808	1919535	
826891	2260566	
822324	2171043	
826074	2260566	
827394	1919661	
830639	1902978	
833207	2260566	
833249	1902978	
834052	1902978	
834157	1902978	
834269	1919661	
835985	1902978	
839931	1919659	
857010	2260566	
861246	2260566	
914939	2260566	
930156	1919660	
943498	1902978	
943517	1902978	
943523	1902978	
943575	1902978	
943596	1902978	
944087	1919535	
948348	2171043	
960775	1919660	
958623	2260566	
959141	1919660	
967906	1902978	
968091	1902978	
971867	2171043	
982848	2260566	
979730	2260566	
984184	2171043	
984188	2171043	
982312	1919535	
1211294	2260566	
1087944	1919660	
1280576	2260566	
1322212	2260566	
1423635	1919661	
1548523	1919661	
1611251	1919661	
1606138	1919660	
1726467	1919535	
1776409	2260566	
1866835	1919660	
1884342	1919535	
1896411	1919535	
1901095	2171043	
1885636	1919661	
1914220	2171043	
1898853	2260566	
1898875	2260566	
1902508	1902978	
1902978	1919496	
1902978	1919658	
1902978	1951896	
1902978	1954565	
1902978	1959025	
1902978	1963326	
1902978	2029895	
1902978	2029902	
1902978	2029907	
1902978	2029913	
1902978	2029921	
1902978	2029924	
1902978	2029925	
1902978	2029936	
1902978	2029940	
1902978	2029951	
1902978	2029987	
1902978	2029989	
1902978	2029991	
1902978	2030012	
1902978	2030013	
1902978	2030016	
1902978	2030018	
1902978	2030021	
1902978	2030027	
1902978	2030030	
1902978	2030032	
1902978	2030035	
1902978	2030044	
1902978	2197578	
1902978	2206389	
1902978	2260566	
1902978	2268618	
1902978	2268918	
1902978	2703922	
1902978	2717454	
1902978	2775912	
1902978	2931273	
1902978	3027297	
1904118	1919660	
1908997	2171043	
1919535	1919536	
1919535	1919658	
1919535	1934680	
1919535	1947093	
1919535	2044243	
1919535	2171043	
1919535	2176564	
1919535	2187660	
1919535	2504698	
1919535	2562344	
1919535	2562383	
1919535	2637336	
1919535	2793330	
1919535	3071629	
1919655	2151047	
1919655	2171043	
1919656	1919657	
1919656	1919658	
1919658	2023716	
1919658	2171043	
1919658	2260566	
1919659	1986758	
1919659	2176435	
1919659	2458233	
1919659	2492192	
1919659	2650472	
1919659	2655187	
1919659	2666715	
1919659	2670843	
1919659	2674964	
1919659	2677470	
1919659	2677487	
1919659	2677597	
1919659	2677660	
1919659	2974976	
1919659	3069561	
1919660	2156618	
1919660	2237766	
1919660	2466211	
1919660	2536650	
1919660	2687867	
1919660	2687887	
1919660	2899695	
1919660	2927641	
1919660	3009994	
1919661	1974165	
1919661	1999869	
1919661	2011634	
1919661	2065908	
1919661	2173930	
1919661	2212333	
1919661	2307449	
1919661	2347431	
1919661	2458242	
1919661	2463527	
1919661	2463744	
1919661	2464029	
1919661	2464088	
1919661	2464107	
1919661	2464215	
1919661	2464250	
1919661	2492192	
1919661	2581970	
1919661	2621295	
1919661	2633381	
1919661	2645000	
1919661	2670819	
1919661	2671235	
1919661	2671259	
1919661	2671688	
1919661	2673833	
1919661	2675446	
1919661	2675581	
1919661	2677467	
1919661	2677670	
1919661	2689070	
1919661	2691390	
1919661	2693850	
1919661	2729695	
1919661	2893188	
1919661	2901057	
1919661	2971871	
1919662	2171043	
1919662	2277047	
1957150	2260566	
1947262	2171043	
1947341	2260566	
1968030	2260566	
1986497	2260566	
2023672	2023716	
2023674	2023716	
2023710	2023716	
2023716	2023733	
2023716	2023737	
2023716	2023749	
2023716	2025783	
2023716	2025878	
2023716	2050328	
2023716	2058974	
2023716	2211474	
2023716	2464525	
2023716	2541268	
2023716	2982025	
2023716	2982026	
2023716	3011575	
2023716	3061556	
2023738	2260566	
2073886	2260566	
2171043	2218479	
2171043	2277047	
2171043	2353103	
2171043	2400396	
2171043	2495162	
2171043	2563934	
2182614	2260566	
2189892	2260566	
2211713	2260566	
2216756	2260566	
2246560	2260566	
2260566	2260569	
2260566	2271973	
2260566	2293227	
2260566	2368013	
2260566	2463581	
2260566	2513803	
2260566	2530809	
2260566	2537644	
2260566	2589224	
2260566	2614345	
2260566	2628581	
2260566	2644939	
2260566	2645558	
2260566	2672174	
2260566	2678465	
2260566	2746896	
2260566	2809546	
2260566	2932937	
2260566	2953738	
2260566	2967083	
2260566	2967088	
2260566	2967090	
2260566	2967103	
2260566	2967131	
2260566	2967138	
2260566	3049350	
2260566	3065430	
2	63	
4	659	
5	63	
6	63	
63	67	
63	72	
63	81	
63	619	
63	643	
63	647	
63	648	
63	649	
63	650	
63	651	
63	652	
63	653	
63	654	
63	655	
63	656	
63	657	
63	658	
63	659	
63	660	
63	661	
63	662	
63	663	
63	664	
63	665	
63	666	
63	667	
63	668	
63	669	
63	670	
63	671	
63	672	
63	673	
63	674	
63	675	
63	676	
63	677	
63	678	
63	679	
63	680	
63	681	
63	682	
63	683	
63	684	
63	685	
63	686	
63	687	
63	688	
63	689	
63	690	
63	691	
63	692	
63	693	
63	694	
63	695	
63	696	
63	697	
63	698	
63	699	
63	700	
63	701	
63	702	
63	703	
63	704	
63	705	
63	706	
63	707	
63	708	
627	39704	
677	45787	
1037	67425	
1194	46845	
3016	22749	
3016	61041	
3016	119211	
3016	121859	
3461	3472	
3461	88958	
4072	216959	
26681	51151	
26689	772311	
26694	35419	
26694	52216	
26694	52225	
26694	63287	
26697	51151	
26703	69283	
26705	51151	
26711	774943	
26711	775048	
26711	2967079	
26712	52216	
26717	45779	
5551	51151	
6658	130351	
6668	22095	
6668	69283	
6676	301647	
659	660	
659	663	
659	664	
659	668	
659	670	
659	672	
659	676	
659	677	
659	680	
659	681	
659	683	
659	684	
659	685	
659	693	
659	695	
659	696	
659	1452	
659	2686	
659	4387	
659	5495	
659	5516	
659	5558	
659	8290	
659	8307	
659	9021	
659	9035	
659	9050	
659	9051	
659	9054	
659	16465	
659	32017	
659	35309	
659	37521	
659	37523	
659	37525	
659	37531	
659	37532	
659	37533	
659	37536	
659	37537	
659	37540	
659	37542	
659	37544	
659	37545	
659	37547	
659	37549	
659	37551	
659	37553	
659	37555	
659	37556	
659	37557	
659	37558	
659	37563	
659	37565	
659	37568	
659	37570	
659	37571	
659	37572	
659	37574	
659	37575	
659	37578	
659	37582	
659	37585	
659	37586	
659	37588	
659	37589	
659	37590	
659	37591	
659	37593	
659	37597	
659	37600	
659	37601	
659	37603	
659	37606	
659	37607	
659	37608	
659	37609	
659	37610	
659	37611	
659	37612	
659	37613	
659	37615	
659	37616	
659	37617	
659	37619	
659	37620	
659	37621	
659	37622	
659	37623	
659	37626	
659	37627	
659	37629	
659	37632	
659	37634	
659	37635	
659	37637	
659	37639	
659	37641	
659	37642	
659	37646	
659	37647	
659	37650	
659	37651	
659	37652	
659	37653	
659	37657	
659	37659	
659	37661	
659	37662	
659	37663	
659	37666	
659	37667	
659	38079	
659	38731	
659	38737	
659	38775	
659	39169	
659	39221	
659	39235	
659	39260	
659	40064	
659	40103	
659	40129	
659	40135	
659	40147	
659	40151	
659	40164	
659	40652	
659	41466	
659	41467	
659	41468	
659	41469	
659	41470	
659	41471	
659	41472	
659	41473	
659	41474	
659	41475	
659	41476	
659	41477	
659	41478	
659	41479	
659	41480	
659	41481	
659	41482	
659	41483	
659	41484	
659	41485	
659	41486	
659	41487	
659	41488	
659	41489	
659	41490	
659	41491	
659	41492	
659	41493	
659	41494	
659	41495	
659	41496	
659	41497	
659	41498	
659	41499	
659	41500	
659	41501	
659	41502	
659	41503	
659	41504	
659	41505	
659	41506	
659	41507	
659	41508	
659	41509	
659	41510	
659	41511	
659	41512	
659	41513	
659	41514	
659	41515	
659	41516	
659	41517	
659	41518	
659	41519	
659	41520	
659	41521	
659	41522	
659	41523	
659	41524	
659	41525	
659	41526	
659	41527	
659	41528	
659	41529	
659	41530	
659	41531	
659	41532	
659	41533	
659	41534	
659	41535	
659	41536	
659	41537	
659	91077	
659	235736	
659	311333	
659	375689	
659	546399	
659	929875	
659	929894	
659	932519	
659	933175	
659	981762	
9011	77298	
9011	105955	
9011	270185	
9020	45779	
9021	45794	
9028	53378	
9029	221131	
9034	199618	
9035	37565	
9035	40135	
9037	199618	
9040	22871	
9040	22896	
9040	37637	
9040	121875	
9040	208307	
9051	199618	
9053	62297	
9054	39871	
9054	40275	
9054	41613	
9054	400498	
44	63	
4378	123308	
4398	40013	
16	3221	
39	26351	
40	4317	
49	4637	
53	4637	
55	3209	
55	3221	
55	3356	
55	3472	
9072	301647	
1088	45162	
1088	58582	
5535	87862	
5536	199618	
5540	40214	
5542	87862	
5548	40214	
5548	40298	
5548	44924	
5552	102796	
5553	87862	
4007	121847	
4007	121875	
4007	177657	
4013	46845	
4015	179201	
4035	105955	
4035	121875	
4035	218290	
4035	218498	
2832	168430	
11653	100254	
5848	277993	
5880	45162	
5884	45162	
371	22749	
371	22778	
371	22786	
371	22871	
371	22896	
403	23672	
474	27592	
474	27617	
474	27648	
474	27668	
475	27221	
475	32907	
475	32908	
475	32913	
475	32918	
475	32945	
475	33015	
1602	72159	
1602	102796	
2635	72159	
19962	26351	
19970	26351	
19970	72159	
19970	90111	
228	18164	
229	3221	
309	35419	
309	46845	
487	3221	
487	35419	
527	4637	
8188	50513	
10006	423833	
10025	22871	
10025	183729	
10059	27617	
10091	27221	
10142	50513	
10146	183729	
10150	27221	
10173	27221	
10183	27221	
10184	50513	
10188	256673	
10206	50513	
10223	50513	
1426	88958	
1429	3356	
1429	92078	
1433	72159	
1433	90111	
1447	50513	
1447	80223	
1447	96305	
1450	98061	
1456	3472	
1459	4637	
1459	50513	
1459	51151	
1459	90111	
1464	94750	
1464	94962	
1464	95264	
1465	41040	
1686	85825	
735	45861	
735	45872	
738	4637	
738	48010	
738	52216	
738	52225	
747	50513	
747	50533	
761	48232	
5186	27221	
5188	27668	
5194	271530	
5195	40718	
5195	96305	
5195	126908	
5195	222388	
5195	256673	
5195	259228	
5200	194919	
5241	27592	
5248	194919	
5254	180412	
5274	27221	
5274	32908	
5274	32918	
5274	33015	
5276	53378	
5290	45861	
5293	40718	
5293	40731	
5293	130351	
5293	256671	
5296	50513	
5314	32918	
5318	35419	
5318	216959	
5324	26351	
5348	194919	
916	22095	
1931	27617	
1931	27668	
1931	51198	
1931	69283	
1931	118053	
4625	51151	
4625	69283	
4748	69283	
5886	69283	
5888	23885	
5888	51151	
5892	22095	
5892	69283	
5894	22095	
5894	51198	
5894	118053	
5895	118053	
5896	35623	
5896	69283	
5897	69283	
5900	62297	
5902	27592	
5902	62297	
5903	22871	
5903	22896	
5903	111652	
5903	119211	
5903	121847	
5903	208307	
5905	51198	
5906	118053	
5908	23885	
5909	69283	
5910	69283	
5911	69283	
5913	22871	
5913	27592	
5913	27617	
5913	27648	
5913	27668	
5914	22095	
5914	69283	
5915	27668	
5916	35419	
5916	62297	
5918	69283	
5919	22095	
5919	27617	
5919	27648	
5919	27668	
5919	51198	
5919	69283	
5919	96305	
5919	118053	
5920	27592	
5920	27617	
5920	27648	
5920	27668	
5920	69283	
5923	22095	
5923	118053	
5924	69283	
5925	118053	
5926	22095	
5926	118053	
5927	27592	
5930	118053	
5931	27668	
5933	51151	
5934	208307	
5939	27617	
5942	22786	
5942	27648	
5942	27668	
5942	69283	
5942	111652	
5943	27592	
5943	27617	
5943	27648	
5943	27668	
5943	44876	
5943	51198	
5943	111652	
5944	188264	
5945	177657	
5947	22095	
5947	118053	
5948	27592	
5948	118053	
5949	27592	
5949	62297	
5950	216959	
5950	280442	
5951	22095	
5951	51198	
5951	69283	
5952	35623	
5953	27592	
5953	27617	
5953	27648	
5953	27668	
5954	22095	
5954	118053	
5955	27592	
5955	27617	
5955	27648	
5955	27668	
5955	69283	
5955	118053	
5956	27592	
5956	118053	
5958	27592	
5958	27617	
5958	27648	
5958	27668	
5958	62297	
5962	102796	
5965	51151	
5967	69283	
5967	96305	
5967	130351	
5968	69283	
5970	51198	
5972	69283	
5973	62297	
5974	27648	
5974	27668	
5975	62297	
5978	51151	
5978	118053	
5979	69283	
5981	27592	
5981	27648	
5982	22095	
5985	69283	
5987	118053	
5989	22095	
5991	22095	
5991	69283	
5992	27592	
5992	27617	
5992	27648	
5992	27668	
5992	51198	
5992	118053	
5995	22095	
5995	118053	
5998	44876	
6002	69283	
6006	22095	
6006	118053	
6007	119211	
6008	62297	
6009	27592	
6009	27617	
6009	27648	
6009	27668	
6011	22095	
6011	51198	
6011	118053	
6012	22095	
6012	69283	
6017	22095	
6017	69283	
6017	118053	
6018	22095	
6018	35623	
6018	69283	
6019	208307	
6020	118053	
6021	22095	
6023	22095	
6026	27592	
6028	22749	
6028	22778	
6028	22786	
6028	22871	
6028	22896	
6028	58582	
6028	110829	
6028	110867	
6028	111652	
6028	119211	
6028	121847	
6028	121874	
6028	121875	
6028	177657	
6028	208307	
6031	22095	
6031	118053	
6032	23885	
6033	22095	
6034	118053	
295	15627	
302	30356	
324	27221	
338	23885	
419	22095	
422	3221	
452	3221	
458	4637	
481	27617	
481	40706	
481	40718	
481	40731	
556	3356	
559	33145	
583	40013	
592	27221	
6343	22778	
106	4637	
3852	22786	
3858	110867	
3859	45162	
3861	22871	
3861	46845	
3863	153791	
3863	183729	
3866	110867	
3869	110867	
3870	44876	
3870	132368	
3871	4637	
3873	199709	
3875	121847	
3875	121875	
3876	22871	
3876	110867	
3876	121847	
3876	121874	
3876	121875	
3878	153791	
3878	194326	
3879	22786	
3879	22871	
3879	22896	
3879	110867	
3879	121875	
3879	208307	
3883	4637	
3883	121874	
3886	80223	
3886	121847	
3888	153791	
3888	194326	
3891	45162	
3891	45795	
3891	121847	
3891	121874	
3891	121875	
3893	121847	
3895	194326	
3897	153791	
3897	194326	
3899	194326	
3900	121847	
3900	121874	
3900	153791	
3902	45162	
3902	153791	
3903	194326	
3904	121847	
3904	121875	
3906	110867	
3906	121847	
3906	177657	
3908	22749	
3908	22786	
3908	22896	
3908	121859	
3908	153791	
3909	22871	
3910	121875	
3912	153791	
3915	110867	
3915	121875	
3917	194326	
3920	4637	
3920	121847	
3920	121874	
3920	121875	
3920	153791	
3921	121847	
3921	121875	
3922	121847	
3922	121875	
3922	153791	
3922	194326	
3924	153791	
3925	4637	
3925	121875	
3930	153791	
3931	111652	
3931	208307	
3933	45162	
3934	153791	
3935	22871	
3936	212512	
3939	121847	
3940	110867	
3940	153791	
3941	183729	
3942	121875	
3943	121847	
3946	132361	
3947	22871	
3947	121847	
3947	121874	
3949	121847	
3949	121875	
3949	153791	
3951	22871	
3951	121847	
3951	121875	
3952	22871	
3952	23885	
3952	121875	
3953	22871	
3953	121847	
3953	121875	
3955	121875	
3957	153791	
3957	183729	
3958	92078	
3958	153791	
3960	121875	
3961	45162	
3961	153791	
3963	153791	
3965	121875	
3965	153791	
3966	22871	
3966	110867	
3966	121847	
3966	121874	
3966	121875	
3968	121875	
3969	22871	
3969	22896	
3969	111652	
3969	121874	
3969	121875	
3969	177657	
3970	121847	
3970	121874	
3970	121875	
3971	22871	
3971	121847	
3971	121874	
3971	121875	
3973	22786	
3973	22896	
3973	119211	
3976	121847	
3976	121874	
3976	121875	
3976	153791	
3978	4637	
3979	4637	
3982	121875	
3983	22778	
3983	22896	
3983	90111	
3983	119211	
3983	153791	
3983	194326	
2223	88958	
2474	140003	
1833	3356	
1844	72159	
1848	72159	
1856	22749	
1856	22871	
1856	111652	
1866	4637	
1878	23885	
1881	92078	
1888	62297	
1891	44876	
1894	50513	
1899	22749	
1899	22786	
1899	30356	
1899	110829	
1899	110867	
1929	50513	
1937	110867	
1937	111652	
1937	121847	
1937	121859	
1937	121874	
1937	121875	
1966	55575	
1975	23885	
1975	52653	
1975	111652	
1977	48010	
1977	52216	
2007	123308	
2010	50513	
2012	50513	
2013	44876	
2014	119211	
2021	4637	
2027	4637	
2028	77298	
2033	52216	
2042	179201	
2054	22871	
2061	4637	
2061	62297	
2080	3356	
2098	126908	
2102	26351	
2104	26351	
2104	72159	
2122	23672	
2131	96305	
2131	128748	
2148	4637	
2156	3356	
2169	130351	
2178	22786	
2183	27221	
2193	15627	
2193	131540	
828	44924	
1026	22749	
1158	45162	
8767	22871	
8767	37637	
8780	37637	
1796	105955	
1797	117173	
1813	4637	
1813	113153	
8555	119211	
8555	132537	
8788	26351	
8788	180412	
11006	90111	
16202	26351	
16769	26351	
17811	26351	
21784	26351	
21784	90111	
21784	128748	
21875	26351	
21875	53378	
24504	26351	
26102	72159	
26104	26351	
26105	180412	
26108	26351	
26108	72159	
26108	90111	
26109	128748	
26111	90111	
26112	26351	
26112	72159	
26113	26351	
26114	128748	
26117	72159	
26117	92078	
26119	26351	
26119	90111	
26119	102796	
26119	128748	
26120	26351	
26125	72159	
26128	26351	
26129	26351	
26130	72159	
26130	90111	
26133	72159	
26133	90111	
26139	26351	
26140	72159	
26141	26351	
26143	90111	
26145	72159	
26147	90111	
26151	90111	
26153	26351	
26153	72159	
26154	102796	
26154	132537	
26156	26351	
26156	72159	
26159	72159	
26160	90111	
26161	26351	
26164	26351	
26164	62297	
26164	72159	
26165	72159	
26166	90111	
26167	26351	
26171	72159	
26175	72159	
26176	26351	
26182	90111	
26184	72159	
26184	90111	
26187	72159	
26189	90111	
26190	72159	
26190	90111	
26190	470049	
26191	72159	
26191	90111	
26193	87862	
26198	72159	
26201	26351	
26201	72159	
26201	90111	
26203	72159	
26203	90111	
26205	26351	
26207	72159	
26208	26351	
26209	72159	
26210	90111	
26211	72159	
26211	90111	
26214	90111	
26216	26351	
26220	26351	
26220	72159	
26220	90111	
26225	90111	
26226	90111	
26227	72159	
26227	90111	
26233	72159	
26233	90111	
26234	72159	
26239	72159	
26240	72159	
26245	72159	
26245	90111	
26248	72159	
26248	180412	
26251	72159	
26251	90111	
26252	90111	
26256	72159	
26256	90111	
26259	53378	
26260	26351	
26264	90111	
26265	45162	
26273	128748	
26275	72159	
26275	90111	
26277	90111	
26279	26351	
26279	72159	
26280	26351	
26280	72159	
26282	72159	
26282	90111	
26284	26351	
26285	72159	
26287	26351	
26287	72159	
26287	90111	
26288	27221	
26288	200128	
26289	90111	
26290	26351	
26290	128748	
26291	26351	
26291	72159	
26291	90111	
26292	72159	
26292	90111	
26293	27221	
26295	45785	
26300	26351	
26303	26351	
26304	90111	
26305	72159	
26305	90111	
26306	72159	
26309	26351	
26309	72159	
26309	90111	
26309	128748	
26311	90111	
26312	26351	
26312	90111	
26313	26351	
26313	72159	
26313	90111	
26318	72159	
26319	90111	
26320	26351	
26320	128748	
26321	90111	
26325	26351	
26325	90111	
26326	90111	
26328	72159	
26329	26351	
26329	161601	
26332	45162	
26332	90111	
26333	26351	
26333	62297	
26333	72159	
26333	90111	
26334	26351	
26334	72159	
26335	32918	
26337	90111	
26338	72159	
26338	90111	
26338	128748	
26339	72159	
26339	90111	
26340	26351	
26340	128748	
26342	72159	
26342	90111	
26343	26351	
26343	90111	
26344	26351	
26347	72159	
26347	153791	
26351	26354	
26351	26356	
26351	26359	
26351	26361	
26351	26369	
26351	26370	
26351	26374	
26351	26377	
26351	26382	
26351	26385	
26351	26389	
26351	26393	
26351	26395	
26351	26402	
26351	26407	
26351	26413	
26351	26416	
26351	26422	
26351	26429	
26351	26431	
26351	26436	
26351	29141	
26351	29150	
26351	29216	
26351	30270	
26351	30463	
26351	31370	
26351	33131	
26351	35699	
26351	36224	
26351	38064	
26351	39906	
26351	44667	
26351	47368	
26351	47426	
26351	47433	
26351	47459	
26351	47477	
26351	47483	
26351	47486	
26351	47542	
26351	49604	
26351	50678	
26351	52295	
26351	52645	
26351	53369	
26351	53389	
26351	53416	
26351	53420	
26351	53431	
26351	53462	
26351	53483	
26351	54279	
26351	55189	
26351	55195	
26351	55282	
26351	55337	
26351	59750	
26351	60364	
26351	61040	
26351	61477	
26351	62464	
26351	63717	
26351	65186	
26351	65565	
26351	65627	
26351	66222	
26351	66239	
26351	66240	
26351	66248	
26351	66256	
26351	66259	
26351	66267	
26351	66274	
26351	66288	
26351	66295	
26351	66297	
26351	66299	
26351	66304	
26351	66312	
26351	66316	
26351	66321	
26351	66329	
26351	66336	
26351	66345	
26351	66351	
26351	66354	
26351	66359	
26351	66360	
26351	66366	
26351	66369	
26351	66376	
26351	66379	
26351	66890	
26351	66891	
26351	66902	
26351	67820	
26351	68783	
26351	68913	
26351	70310	
26351	70336	
26351	70351	
26351	70354	
26351	72131	
26351	72133	
26351	72142	
26351	72146	
26351	72151	
26351	72166	
26351	72171	
26351	72173	
26351	72190	
26351	72197	
26351	72215	
26351	72223	
26351	72247	
26351	72248	
26351	72253	
26351	72265	
26351	72269	
26351	72288	
26351	73253	
26351	90479	
26351	92446	
26351	93324	
26351	96078	
26351	96856	
26351	99958	
26351	102201	
26351	102663	
26351	102706	
26351	102721	
26351	102738	
26351	102742	
26351	102756	
26351	102757	
26351	102767	
26351	102775	
26351	102779	
26351	103622	
26351	107614	
26351	107958	
26351	107995	
26351	108561	
26351	110505	
26351	110854	
26351	113765	
26351	117074	
26351	117793	
26351	119211	
26351	121126	
26351	121556	
26351	121559	
26351	121571	
26351	121591	
26351	121594	
26351	121602	
26351	121608	
26351	121614	
26351	124569	
26351	125614	
26351	126376	
26351	127002	
26351	127010	
26351	127020	
26351	127021	
26351	127022	
26351	127023	
26351	127028	
26351	127029	
26351	127031	
26351	127038	
26351	127132	
26351	127133	
26351	127135	
26351	128728	
26351	128746	
26351	132533	
26351	132735	
26351	132746	
26351	132757	
26351	132778	
26351	132794	
26351	132858	
26351	132869	
26351	132992	
26351	133020	
26351	143315	
26351	144722	
26351	144727	
26351	145906	
26351	145912	
26351	145924	
26351	145949	
26351	145959	
26351	146044	
26351	146550	
26351	150441	
26351	152711	
26351	154581	
26351	164717	
26351	174551	
26351	178319	
26351	178371	
26351	178991	
26351	180322	
26351	184489	
26351	185610	
26351	189697	
26351	189698	
26351	189707	
26351	189735	
26351	189741	
26351	190182	
26351	191255	
26351	191256	
26351	191267	
26351	192538	
26351	198120	
26351	204766	
26351	215118	
26351	221604	
26351	225704	
26351	225739	
26351	239819	
26351	242123	
26351	242791	
26351	244552	
26351	244955	
26351	254993	
26351	273249	
26351	281726	
26351	281738	
26351	319021	
26351	333643	
26351	336384	
26351	336388	
26351	399201	
26351	403805	
26351	444650	
26351	448690	
26351	461411	
26351	461413	
26351	539003	
26351	539531	
26351	549633	
26351	578212	
26351	581302	
26351	588486	
26351	588488	
26351	606369	
26351	651045	
26351	656284	
26351	714973	
26351	714976	
26351	771759	
26351	771760	
26351	771761	
26351	771762	
26351	771763	
26352	72159	
26353	90111	
26354	72159	
26354	90111	
26355	72159	
26355	90111	
26357	90111	
26358	72159	
26358	90111	
26358	128748	
26359	87862	
26359	128748	
26361	90111	
26362	72159	
26363	90111	
26368	72159	
26369	27221	
26371	72159	
26377	72159	
26377	90111	
26378	72159	
26379	72159	
26379	90111	
26382	119211	
26383	72159	
26383	90111	
26384	90111	
26386	410877	
26387	72159	
26387	90111	
26389	128748	
26390	72159	
26390	90111	
26394	72159	
26394	90111	
26395	72159	
26395	90111	
26397	72159	
26397	90111	
26399	128748	
26402	45162	
26403	90111	
26404	72159	
26404	90111	
26405	72159	
26405	90111	
26407	72159	
26410	72159	
26410	90111	
26414	110829	
26414	128748	
26416	90111	
26423	44876	
26424	90111	
26426	199709	
26428	199709	
26430	27221	
26430	72159	
26431	90111	
26433	72159	
26433	90111	
26436	72159	
26439	90111	
26444	128748	
26445	128748	
26447	27221	
26447	72159	
26447	90111	
4281	4317	
4281	190694	
4285	225901	
4286	226912	
4289	195780	
4289	225109	
4291	15627	
4291	224418	
4293	132361	
4293	235037	
4295	223766	
4309	40718	
4309	44876	
4310	231333	
4311	50533	
4317	15017	
4317	19970	
4317	26106	
4317	26249	
4317	26339	
4317	27615	
4317	35411	
4317	36954	
4317	39765	
4317	44924	
4317	46455	
4317	58612	
4317	60761	
4317	60841	
4317	61542	
4317	64806	
4317	76201	
4317	83451	
4317	87581	
4317	88150	
4317	92378	
4317	95211	
4317	102684	
4317	107982	
4317	128268	
4317	146311	
4317	163608	
4317	165646	
4317	175407	
4317	178573	
4317	182401	
4317	183744	
4317	186739	
4317	190694	
4317	192564	
4317	194461	
4317	196005	
4317	197934	
4317	224853	
4317	225114	
4317	225236	
4317	225267	
4317	238836	
4317	238837	
4317	238838	
4317	238839	
4317	238840	
4317	238841	
4317	238842	
4317	238843	
4317	238844	
4317	238845	
4317	238846	
4317	238847	
4317	238848	
4317	238849	
4317	238850	
4317	238851	
4317	238852	
4317	238853	
4317	238854	
4317	238855	
4317	238856	
4317	238857	
4317	238858	
4317	238859	
4317	238860	
4317	238861	
4317	238862	
4317	238863	
4317	238864	
4317	238865	
4317	238866	
4317	238867	
4317	238868	
4317	238869	
4317	238870	
4317	238871	
4317	238872	
4317	238873	
4317	238874	
4317	238875	
4317	238876	
4317	238877	
4317	238878	
4317	238879	
4317	238880	
4317	238881	
4317	238882	
4317	238883	
4317	238884	
4317	238885	
4317	238886	
4317	238887	
4317	238888	
4317	238889	
4317	238890	
4317	238891	
4317	238892	
4317	238893	
4317	238894	
4317	238895	
4317	238896	
4317	238897	
4317	238898	
4317	238899	
4317	238900	
4317	238901	
4317	238902	
4317	238903	
4317	238904	
4317	238905	
4317	238906	
4317	238907	
4317	238908	
4317	238909	
4317	238910	
4317	238911	
4317	238912	
4317	238913	
4317	238914	
4317	238915	
4317	238916	
4317	238917	
4317	238918	
4317	238919	
4317	238920	
4317	238921	
4317	238922	
4317	238923	
4317	238924	
4317	238925	
4317	238926	
4317	238927	
4317	238928	
4317	238929	
4317	238930	
4317	238931	
4317	238932	
4317	238933	
4317	238934	
4317	238935	
4317	238936	
4317	238937	
4317	238938	
4317	238939	
4317	238940	
4317	238941	
4317	238942	
4317	238943	
4317	238944	
4317	238945	
4317	238946	
4317	238947	
4317	238948	
4317	238949	
4317	238950	
4317	238951	
4317	238952	
4317	238953	
4317	238954	
4317	238955	
4317	238956	
4317	238957	
4317	238958	
4317	238959	
4317	238960	
4317	238961	
4317	238962	
4317	238963	
4317	238964	
4317	238965	
4317	238966	
4317	238967	
4317	238968	
4317	238969	
4317	238970	
4317	238971	
4317	238972	
4317	238973	
4317	238974	
4317	238975	
4317	238976	
4317	238977	
4317	238978	
4317	238979	
4317	238980	
4317	238981	
4317	238982	
4317	238983	
4317	238984	
4317	238985	
4317	238986	
4317	238987	
4317	238988	
4317	238989	
4317	238990	
4317	238991	
4317	238992	
4317	238993	
4317	238994	
4317	238995	
4317	238996	
4317	238997	
4317	238998	
4317	238999	
4317	239000	
4317	239001	
4317	239002	
4317	239003	
4317	239004	
4317	239005	
4317	239006	
4317	239007	
4317	239008	
4317	239009	
4317	239010	
4317	239011	
4317	239012	
4317	239013	
4317	239014	
4317	239015	
4317	239016	
4317	239017	
4317	239018	
4317	239019	
4317	239020	
4317	239021	
4317	239022	
4317	239023	
4317	239024	
4317	239025	
4317	239026	
4317	239027	
4317	239028	
4317	239029	
4317	239030	
4317	239031	
4317	239032	
4317	239033	
4317	239034	
4317	239035	
4317	239036	
4317	239037	
4317	239038	
4317	239039	
4317	239040	
4317	239041	
4317	239042	
4317	239043	
4317	239044	
4317	239045	
4317	239046	
4317	239047	
4317	239048	
4317	239049	
4317	239050	
4317	239051	
4317	239052	
4317	239053	
4317	239054	
4317	239055	
4317	239056	
4317	239057	
4317	239058	
4317	239059	
4317	239060	
4317	239061	
4317	239062	
4317	239063	
4317	239064	
4317	239065	
4317	239066	
4317	239067	
4317	239068	
4317	239069	
4317	239070	
4317	239071	
4317	239072	
4317	239073	
4317	239074	
4317	239075	
4317	239076	
4317	239077	
4317	239078	
4317	239079	
4317	239080	
4317	239081	
4317	239082	
4317	239083	
4317	239084	
4317	239085	
4317	239086	
4317	239087	
4317	239088	
4317	239089	
4317	239090	
4317	239091	
4317	239092	
4317	239093	
4317	239094	
4317	239095	
4317	239096	
4317	239097	
4317	239098	
4317	239099	
4317	239100	
4317	239101	
4317	239102	
4317	239103	
4317	239104	
4317	239105	
4317	239106	
4317	239107	
4317	239108	
4317	239109	
4317	239110	
4317	239111	
4317	239112	
4317	239113	
4317	239114	
4317	239115	
4317	239116	
4317	239117	
4317	239118	
4317	239119	
4317	239120	
4317	239121	
4317	239122	
4317	239123	
4317	239124	
4317	239125	
4317	239126	
4317	239127	
4317	239128	
4317	239129	
4317	239130	
4317	239131	
4317	239132	
4317	239133	
4317	239134	
4317	239135	
4317	239136	
4317	239137	
4317	239138	
4317	239139	
4317	239140	
4317	239141	
4317	239142	
4317	239143	
4317	239144	
4317	239145	
4317	239146	
4317	239147	
4317	239148	
4317	239149	
4317	239150	
4317	239151	
4317	239152	
4317	239153	
4317	239154	
4317	239155	
4317	239156	
4317	239157	
4317	239158	
4317	239159	
4317	239160	
4317	239161	
4317	239162	
4317	239163	
4317	239164	
4317	239165	
4317	239166	
4317	239167	
4317	239168	
4317	239169	
4317	239170	
4317	239171	
4317	239172	
4317	239173	
4317	239174	
4317	239175	
4317	239176	
4317	239177	
4317	239178	
4317	239179	
4317	239180	
4317	239181	
4317	239182	
4317	239183	
4317	239184	
4317	239185	
4317	239186	
4317	239187	
4317	239188	
4317	239189	
4317	239190	
4317	239191	
4317	239192	
4317	239193	
4317	239194	
4317	239195	
4317	239196	
4317	239197	
4317	239198	
4317	239199	
4317	239200	
4317	239201	
4317	239202	
4317	239203	
4317	239204	
4317	239205	
4317	239206	
4317	239207	
4317	239208	
4317	239209	
4317	239210	
4317	239211	
4317	239212	
4317	239213	
4317	239214	
4317	239215	
4317	239216	
4317	239217	
4317	239218	
4317	239219	
4317	239220	
4317	239221	
4317	239222	
4317	239223	
4317	239224	
4317	239225	
4317	239226	
4317	239227	
4317	239228	
4317	239229	
4317	239230	
4317	239231	
4317	239232	
4317	239233	
4317	239234	
4317	239235	
4317	239236	
4317	239237	
4317	239238	
4317	239239	
4317	239240	
4317	239241	
4317	239242	
4317	239243	
4317	239244	
4317	239245	
4317	239246	
4317	239247	
4317	239248	
4317	239249	
4317	239250	
4317	239251	
4317	239252	
4317	239253	
4317	239254	
4317	239255	
4317	239256	
4317	239257	
4317	239258	
4317	239259	
4317	239260	
4317	239261	
4317	239262	
4317	239263	
4317	239264	
4317	239265	
4317	239266	
4317	239267	
4317	239268	
4317	239269	
4317	239270	
4317	239271	
4317	239272	
4317	239273	
4317	239274	
4317	239275	
4317	239276	
4317	239277	
4317	239278	
4317	239279	
4317	239280	
4317	239281	
4317	239282	
4317	239283	
4317	239284	
4317	239285	
4317	239286	
4317	239287	
4317	239288	
4317	239289	
4317	239290	
4317	239291	
4317	239292	
4317	239293	
4317	239294	
4317	239295	
4317	239296	
4317	239297	
4317	239298	
4317	2000008	
4327	177657	
4329	199618	
4331	15627	
4333	15627	
826	52653	
982	46845	
985	46845	
985	48010	
1034	46845	
1043	46845	
1200	52216	
3007	35419	
3008	46845	
3008	52216	
3009	169885	
3025	35623	
3036	62297	
3039	179201	
3045	50513	
3047	46845	
3051	52216	
3059	3472	
3069	40013	
3072	50513	
3085	44876	
3088	154781	
3093	80223	
3093	173569	
3093	173831	
3093	173905	
2227	90111	
2227	102796	
8726	179201	
8797	87862	
8799	40214	
8806	132537	
8810	22786	
8810	58582	
8811	132537	
8813	35623	
8813	58582	
8813	87862	
8813	102796	
8815	53378	
8816	87862	
8818	102796	
8824	87862	
8824	90111	
8824	102796	
6689	45788	
673	39871	
673	45785	
673	46845	
1009	48010	
1009	52216	
1009	52225	
1065	65790	
4065	4317	
4065	52216	
4067	199618	
4067	220700	
4070	61673	
4071	48010	
4071	52216	
4075	23885	
4076	62297	
4077	48010	
4078	52216	
4081	102796	
4085	52225	
4085	63287	
4090	23885	
4093	35419	
4093	40718	
4093	130351	
4094	46845	
4094	65790	
4095	35419	
4095	46845	
4095	52216	
4095	52225	
4100	48010	
4100	52216	
4100	63287	
4103	58582	
4104	46845	
4104	52216	
4106	37637	
4106	121859	
4113	52216	
4125	46845	
4125	52216	
4125	63287	
4127	48010	
4128	52216	
4129	222870	
4135	23885	
4135	37637	
4135	58582	
4135	121859	
4136	46845	
4136	48010	
4143	46845	
4143	52216	
4153	45780	
4163	194919	
4171	52216	
4175	23885	
4176	121847	
4178	221131	
4182	22871	
4182	37637	
4182	121859	
4185	27617	
4185	27648	
4185	27668	
4185	51198	
4185	118053	
4186	58582	
4189	48010	
4196	52216	
4197	23885	
4199	46845	
4200	48010	
4205	35419	
4210	22786	
4210	222388	
4216	35419	
4216	46845	
4216	52216	
4216	52225	
4221	23885	
4227	52216	
4231	48010	
4232	46845	
4258	87862	
4259	48010	
4263	23885	
816	45162	
824	44876	
842	37637	
842	57173	
852	55575	
858	58582	
864	52138	
871	44924	
879	51151	
3104	175856	
3113	35623	
8287	39871	
8292	33145	
8297	67425	
8300	48010	
8300	52216	
8301	45780	
8305	40214	
8305	45780	
8307	39260	
8308	44876	
7904	72159	
7904	128748	
7905	90111	
7912	50423	
7919	72159	
7919	128748	
7925	22095	
7925	80223	
7925	88958	
7925	90111	
7925	271530	
7925	343054	
7925	343055	
4637	4668	
4637	4701	
4637	4708	
4637	4729	
4637	5249	
4637	5280	
4637	5465	
4637	5680	
4637	6680	
4637	7017	
4637	7113	
4637	7137	
4637	7195	
4637	7203	
4637	7226	
4637	7240	
4637	7494	
4637	7605	
4637	8026	
4637	8346	
4637	8403	
4637	8433	
4637	8447	
4637	8613	
4637	8784	
4637	9094	
4637	10082	
4637	10471	
4637	10815	
4637	10997	
4637	11259	
4637	11305	
4637	11518	
4637	11683	
4637	12171	
4637	12183	
4637	12457	
4637	12508	
4637	12559	
4637	12694	
4637	12831	
4637	12858	
4637	12966	
4637	12973	
4637	13023	
4637	13410	
4637	13490	
4637	13666	
4637	13766	
4637	14123	
4637	14214	
4637	14376	
4637	14430	
4637	14497	
4637	14553	
4637	14945	
4637	14971	
4637	15023	
4637	15061	
4637	15196	
4637	15290	
4637	15338	
4637	15366	
4637	15496	
4637	15548	
4637	15897	
4637	16387	
4637	16844	
4637	16898	
4637	17197	
4637	17394	
4637	17451	
4637	18023	
4637	18043	
4637	18271	
4637	18394	
4637	18675	
4637	18991	
4637	19033	
4637	19119	
4637	19130	
4637	19184	
4637	19640	
4637	19673	
4637	19674	
4637	20114	
4637	20751	
4637	20825	
4637	21200	
4637	21220	
4637	21674	
4637	21867	
4637	22179	
4637	22203	
4637	22235	
4637	22579	
4637	22741	
4637	22748	
4637	22904	
4637	22907	
4637	23196	
4637	23209	
4637	23314	
4637	23316	
4637	23420	
4637	23546	
4637	23574	
4637	23777	
4637	23903	
4637	23926	
4637	23978	
4637	24259	
4637	24285	
4637	24368	
4637	24638	
4637	24860	
4637	24916	
4637	25027	
4637	25186	
4637	25442	
4637	25620	
4637	25763	
4637	25800	
4637	26115	
4637	26198	
4637	26358	
4637	26521	
4637	26845	
4637	26873	
4637	26983	
4637	27389	
4637	27678	
4637	27823	
4637	28289	
4637	28485	
4637	28487	
4637	28695	
4637	28706	
4637	29139	
4637	30125	
4637	30345	
4637	30363	
4637	30548	
4637	30558	
4637	30628	
4637	30651	
4637	31384	
4637	31565	
4637	31660	
4637	31734	
4637	31935	
4637	31980	
4637	32639	
4637	32655	
4637	32894	
4637	33421	
4637	33671	
4637	33678	
4637	33771	
4637	33773	
4637	33868	
4637	34115	
4637	34683	
4637	34784	
4637	35117	
4637	35351	
4637	35489	
4637	35553	
4637	35623	
4637	35822	
4637	36625	
4637	37002	
4637	37168	
4637	37269	
4637	37276	
4637	37351	
4637	37359	
4637	37362	
4637	37417	
4637	37596	
4637	37700	
4637	38172	
4637	38305	
4637	38366	
4637	38799	
4637	38960	
4637	39033	
4637	39174	
4637	39385	
4637	39432	
4637	39851	
4637	40021	
4637	40997	
4637	41228	
4637	41288	
4637	41715	
4637	41871	
4637	42157	
4637	44672	
4637	44755	
4637	45454	
4637	45622	
4637	45714	
4637	45810	
4637	46206	
4637	46365	
4637	46502	
4637	46524	
4637	46634	
4637	46744	
4637	46892	
4637	46955	
4637	46988	
4637	47480	
4637	47510	
4637	48081	
4637	49814	
4637	50372	
4637	50379	
4637	50430	
4637	50522	
4637	51328	
4637	51616	
4637	51937	
4637	52320	
4637	52542	
4637	53251	
4637	53269	
4637	53723	
4637	53782	
4637	53913	
4637	54273	
4637	54901	
4637	55575	
4637	56107	
4637	56229	
4637	56455	
4637	56590	
4637	56712	
4637	56806	
4637	57065	
4637	57072	
4637	57391	
4637	57552	
4637	58273	
4637	58488	
4637	58515	
4637	59012	
4637	59141	
4637	59351	
4637	59565	
4637	60269	
4637	61251	
4637	61318	
4637	61441	
4637	61609	
4637	62287	
4637	62291	
4637	62595	
4637	62664	
4637	62773	
4637	63095	
4637	63243	
4637	63246	
4637	63296	
4637	63615	
4637	63805	
4637	63892	
4637	64182	
4637	64420	
4637	64727	
4637	65045	
4637	65113	
4637	65142	
4637	65228	
4637	65235	
4637	65595	
4637	65638	
4637	67124	
4637	67812	
4637	67823	
4637	68086	
4637	68234	
4637	68302	
4637	68558	
4637	68674	
4637	68875	
4637	69629	
4637	69802	
4637	69958	
4637	70316	
4637	71309	
4637	72143	
4637	72147	
4637	72218	
4637	72769	
4637	73489	
4637	73628	
4637	73683	
4637	73741	
4637	73809	
4637	74140	
4637	74449	
4637	74976	
4637	75022	
4637	75145	
4637	75387	
4637	75614	
4637	75868	
4637	76094	
4637	76159	
4637	76306	
4637	76579	
4637	76726	
4637	76864	
4637	76946	
4637	77303	
4637	77348	
4637	77474	
4637	77510	
4637	77560	
4637	77581	
4637	77874	
4637	78511	
4637	78633	
4637	78798	
4637	79626	
4637	79677	
4637	80161	
4637	80173	
4637	80363	
4637	81864	
4637	82306	
4637	82585	
4637	83477	
4637	83829	
4637	83946	
4637	83952	
4637	83981	
4637	84296	
4637	84844	
4637	85322	
4637	85699	
4637	85725	
4637	85784	
4637	85997	
4637	86290	
4637	86304	
4637	86850	
4637	86855	
4637	87237	
4637	87315	
4637	87376	
4637	87450	
4637	87535	
4637	88984	
4637	89385	
4637	89805	
4637	89889	
4637	90181	
4637	90233	
4637	90243	
4637	90309	
4637	90440	
4637	90540	
4637	92223	
4637	92232	
4637	92239	
4637	93327	
4637	93380	
4637	93424	
4637	94469	
4637	94566	
4637	96754	
4637	97611	
4637	98386	
4637	98570	
4637	98936	
4637	99501	
4637	99708	
4637	99856	
4637	100028	
4637	100109	
4637	100764	
4637	100809	
4637	101017	
4637	101532	
4637	101589	
4637	102096	
4637	102393	
4637	102698	
4637	102752	
4637	102821	
4637	103054	
4637	103078	
4637	103635	
4637	103951	
4637	104146	
4637	104317	
4637	104776	
4637	105410	
4637	105545	
4637	105673	
4637	105949	
4637	105960	
4637	106219	
4637	106365	
4637	107077	
4637	108120	
4637	108153	
4637	108450	
4637	108530	
4637	108602	
4637	108782	
4637	109057	
4637	109109	
4637	109121	
4637	109647	
4637	110037	
4637	110625	
4637	110692	
4637	110842	
4637	111181	
4637	111661	
4637	112027	
4637	112110	
4637	112168	
4637	112362	
4637	112496	
4637	112768	
4637	112769	
4637	113412	
4637	113443	
4637	114575	
4637	115219	
4637	115635	
4637	116012	
4637	116017	
4637	116424	
4637	116593	
4637	117021	
4637	117322	
4637	117869	
4637	117923	
4637	118155	
4637	118201	
4637	118219	
4637	118310	
4637	118487	
4637	118560	
4637	118679	
4637	118791	
4637	119147	
4637	119211	
4637	119377	
4637	120187	
4637	120683	
4637	121088	
4637	121099	
4637	121795	
4637	121954	
4637	121974	
4637	122208	
4637	122219	
4637	122448	
4637	123186	
4637	123413	
4637	123534	
4637	123539	
4637	123661	
4637	123865	
4637	123870	
4637	123872	
4637	123873	
4637	124673	
4637	124812	
4637	125425	
4637	125535	
4637	125545	
4637	125552	
4637	125650	
4637	125655	
4637	125830	
4637	126085	
4637	126778	
4637	127997	
4637	128207	
4637	128394	
4637	128417	
4637	128814	
4637	128821	
4637	128827	
4637	128881	
4637	128888	
4637	128928	
4637	129604	
4637	129787	
4637	130923	
4637	131535	
4637	131580	
4637	131894	
4637	131941	
4637	132319	
4637	132602	
4637	133012	
4637	133856	
4637	134081	
4637	134099	
4637	134426	
4637	136251	
4637	136635	
4637	136657	
4637	138753	
4637	138819	
4637	138833	
4637	139051	
4637	139573	
4637	139633	
4637	139791	
4637	139934	
4637	140651	
4637	141163	
4637	142216	
4637	142286	
4637	142336	
4637	142375	
4637	142396	
4637	142460	
4637	142582	
4637	142721	
4637	142761	
4637	142990	
4637	143233	
4637	144237	
4637	145962	
4637	146177	
4637	146428	
4637	146494	
4637	147509	
4637	148360	
4637	151410	
4637	151575	
4637	152001	
4637	152395	
4637	152493	
4637	152613	
4637	153370	
4637	153754	
4637	153960	
4637	153968	
4637	154065	
4637	154465	
4637	154478	
4637	154930	
4637	154962	
4637	155520	
4637	155877	
4637	155899	
4637	156451	
4637	156474	
4637	156761	
4637	156777	
4637	156837	
4637	156968	
4637	157625	
4637	157791	
4637	157826	
4637	157828	
4637	157832	
4637	157986	
4637	158530	
4637	158961	
4637	159185	
4637	159305	
4637	159453	
4637	160219	
4637	161652	
4637	161697	
4637	161860	
4637	161913	
4637	162062	
4637	162074	
4637	162083	
4637	163005	
4637	163094	
4637	163314	
4637	163498	
4637	163886	
4637	163924	
4637	164190	
4637	164464	
4637	164952	
4637	165282	
4637	165418	
4637	165648	
4637	166430	
4637	166828	
4637	167386	
4637	167508	
4637	167919	
4637	168238	
4637	168727	
4637	169060	
4637	169081	
4637	169596	
4637	170306	
4637	170312	
4637	170769	
4637	171272	
4637	172254	
4637	172366	
4637	172406	
4637	172567	
4637	172699	
4637	172889	
4637	172982	
4637	173353	
4637	173449	
4637	173612	
4637	173671	
4637	174165	
4637	174295	
4637	174299	
4637	175433	
4637	175527	
4637	176229	
4637	176584	
4637	176805	
4637	177088	
4637	177481	
4637	177968	
4637	178001	
4637	178570	
4637	178866	
4637	179013	
4637	179710	
4637	179718	
4637	179723	
4637	179951	
4637	181535	
4637	182381	
4637	182445	
4637	183486	
4637	183544	
4637	184127	
4637	184489	
4637	184602	
4637	184653	
4637	185612	
4637	185883	
4637	186248	
4637	186976	
4637	187006	
4637	187014	
4637	187015	
4637	187032	
4637	187037	
4637	187095	
4637	187100	
4637	187107	
4637	187115	
4637	187138	
4637	187141	
4637	187152	
4637	187165	
4637	187179	
4637	187203	
4637	187205	
4637	187217	
4637	187229	
4637	187235	
4637	187246	
4637	187265	
4637	187266	
4637	187310	
4637	187311	
4637	187317	
4637	187325	
4637	187328	
4637	187352	
4637	187383	
4637	187415	
4637	187522	
4637	187717	
4637	188176	
4637	188227	
4637	188337	
4637	188437	
4637	188756	
4637	189542	
4637	189702	
4637	190145	
4637	190176	
4637	190533	
4637	190613	
4637	190732	
4637	191111	
4637	191428	
4637	191498	
4637	191602	
4637	192619	
4637	193239	
4637	193413	
4637	193500	
4637	193623	
4637	193690	
4637	194094	
4637	194853	
4637	194904	
4637	196134	
4637	196539	
4637	197006	
4637	197052	
4637	197086	
4637	197715	
4637	197744	
4637	198099	
4637	198327	
4637	198351	
4637	198479	
4637	198608	
4637	198898	
4637	199580	
4637	199680	
4637	200228	
4637	201236	
4637	201425	
4637	201543	
4637	201806	
4637	202279	
4637	202324	
4637	202537	
4637	203199	
4637	203623	
4637	203709	
4637	203740	
4637	205097	
4637	205185	
4637	205562	
4637	205773	
4637	207007	
4637	207516	
4637	207645	
4637	208228	
4637	209249	
4637	210362	
4637	210865	
4637	211082	
4637	211153	
4637	211194	
4637	211238	
4637	211291	
4637	211302	
4637	211375	
4637	211443	
4637	211454	
4637	211711	
4637	211735	
4637	211859	
4637	212060	
4637	212260	
4637	212261	
4637	212740	
4637	213169	
4637	213969	
4637	214670	
4637	214965	
4637	215446	
4637	215685	
4637	216303	
4637	216515	
4637	216575	
4637	216579	
4637	216831	
4637	217127	
4637	217482	
4637	218248	
4637	218267	
4637	218301	
4637	218416	
4637	218425	
4637	218429	
4637	218461	
4637	218488	
4637	218500	
4637	218513	
4637	218519	
4637	218536	
4637	218576	
4637	218608	
4637	218621	
4637	219091	
4637	219393	
4637	219400	
4637	219466	
4637	219598	
4637	219950	
4637	220630	
4637	221085	
4637	221491	
4637	221852	
4637	222632	
4637	222951	
4637	223262	
4637	224018	
4637	225042	
4637	225512	
4637	225591	
4637	226197	
4637	227422	
4637	227998	
4637	228800	
4637	231329	
4637	231390	
4637	232001	
4637	232026	
4637	232389	
4637	233262	
4637	233703	
4637	233903	
4637	234398	
4637	234906	
4637	234907	
4637	234994	
4637	235743	
4637	236207	
4637	236210	
4637	236257	
4637	236259	
4637	236393	
4637	236617	
4637	237177	
4637	237297	
4637	237417	
4637	237596	
4637	238479	
4637	239417	
4637	239928	
4637	240260	
4637	240664	
4637	240793	
4637	241046	
4637	241156	
4637	241634	
4637	241797	
4637	242146	
4637	242178	
4637	242555	
4637	242556	
4637	242557	
4637	242558	
4637	242559	
4637	242560	
4637	242561	
4637	242562	
4637	242563	
4637	242564	
4637	242565	
4637	242566	
4637	242567	
4637	242568	
4637	242569	
4637	242570	
4637	242571	
4637	242572	
4637	242573	
4637	242574	
4637	242575	
4637	242576	
4637	242577	
4637	242578	
4637	242579	
4637	242580	
4637	242581	
4637	242582	
4637	242583	
4637	242584	
4637	242585	
4637	242586	
4637	242587	
4637	242588	
4637	242589	
4637	242590	
4637	242591	
4637	242592	
4637	242593	
4637	242594	
4637	242595	
4637	242596	
4637	242597	
4637	242598	
4637	242599	
4637	242600	
4637	242601	
4637	242602	
4637	242603	
4637	242604	
4637	242605	
4637	242606	
4637	242607	
4637	242608	
4637	242609	
4637	242610	
4637	242611	
4637	242612	
4637	242613	
4637	242614	
4637	242615	
4637	242616	
4637	242617	
4637	242618	
4637	242619	
4637	242620	
4637	242621	
4637	242622	
4637	242623	
4637	242624	
4637	242625	
4637	242626	
4637	242627	
4637	242628	
4637	242629	
4637	242630	
4637	242631	
4637	242632	
4637	242633	
4637	242634	
4637	242635	
4637	242636	
4637	242637	
4637	242638	
4637	242639	
4637	242640	
4637	242641	
4637	242642	
4637	242643	
4637	242644	
4637	242645	
4637	242646	
4637	242647	
4637	242648	
4637	242649	
4637	242650	
4637	242651	
4637	242652	
4637	242653	
4637	242654	
4637	242655	
4637	242656	
4637	242657	
4637	242658	
4637	242659	
4637	242660	
4637	242661	
4637	242662	
4637	242663	
4637	242664	
4637	242665	
4637	242666	
4637	242667	
4637	242668	
4637	242669	
4637	242670	
4637	242671	
4637	242672	
4637	242673	
4637	242674	
4637	242675	
4637	242676	
4637	242677	
4637	242678	
4637	242679	
4637	242680	
4637	242681	
4637	242682	
4637	242683	
4637	242684	
4637	242685	
4637	242686	
4637	242687	
4637	242688	
4637	242689	
4637	242690	
4637	242691	
4637	242692	
4637	242693	
4637	242694	
4637	242695	
4637	242696	
4637	242697	
4637	242698	
4637	242699	
4637	242700	
4637	242701	
4637	242702	
4637	242703	
4637	242704	
4637	242705	
4637	242706	
4637	242707	
4637	242708	
4637	242709	
4637	242710	
4637	242711	
4637	242712	
4637	242713	
4637	242714	
4637	242715	
4637	242716	
4637	242717	
4637	242718	
4637	242719	
4637	242720	
4637	242721	
4637	242722	
4637	242723	
4637	242724	
4637	242725	
4637	242726	
4637	242727	
4637	242728	
4637	242729	
4637	242730	
4637	242731	
4637	242732	
4637	242733	
4637	242734	
4637	242735	
4637	242736	
4637	242737	
4637	242738	
4637	242739	
4637	242740	
4637	242741	
4637	242742	
4637	242743	
4637	242744	
4637	242745	
4637	242746	
4637	242747	
4637	242748	
4637	242749	
4637	242750	
4637	242751	
4637	242752	
4637	242753	
4637	242754	
4637	242755	
4637	242756	
4637	242757	
4637	242758	
4637	242759	
4637	242760	
4637	242761	
4637	242762	
4637	242763	
4637	242764	
4637	242765	
4637	242766	
4637	242767	
4637	242768	
4637	242769	
4637	242770	
4637	242771	
4637	242772	
4637	242773	
4637	242774	
4637	242775	
4637	242776	
4637	242777	
4637	242778	
4637	242779	
4637	242780	
4637	242781	
4637	242782	
4637	242783	
4637	242784	
4637	242785	
4637	242786	
4637	242787	
4637	242788	
4637	242789	
4637	242790	
4637	242791	
4637	242792	
4637	242793	
4637	242794	
4637	242795	
4637	242796	
4637	242797	
4637	242798	
4637	242799	
4637	242800	
4637	242801	
4637	242802	
4637	242803	
4637	242804	
4637	242805	
4637	242806	
4637	242807	
4637	242808	
4637	242809	
4637	242810	
4637	242811	
4637	242812	
4637	242813	
4637	242814	
4637	242815	
4637	242816	
4637	242817	
4637	242818	
4637	242819	
4637	242820	
4637	242821	
4637	242822	
4637	242823	
4637	242824	
4637	242825	
4637	242826	
4637	242827	
4637	242828	
4637	242829	
4637	242830	
4637	242831	
4637	242832	
4637	242833	
4637	242834	
4637	242835	
4637	242836	
4637	242837	
4637	242838	
4637	242839	
4637	242840	
4637	242841	
4637	242842	
4637	242843	
4637	242844	
4637	242845	
4637	242846	
4637	242847	
4637	242848	
4637	242849	
4637	242850	
4637	242851	
4637	242852	
4637	242853	
4637	242854	
4637	242855	
4637	242856	
4637	242857	
4637	242858	
4637	242859	
4637	242860	
4637	242861	
4637	242862	
4637	242863	
4637	242864	
4637	242865	
4637	242866	
4637	242867	
4637	242868	
4637	242869	
4637	242870	
4637	242871	
4637	242872	
4637	242873	
4637	242874	
4637	242875	
4637	242876	
4637	242877	
4637	242878	
4637	242879	
4637	242880	
4637	242881	
4637	242882	
4637	242883	
4637	242884	
4637	242885	
4637	242886	
4637	242887	
4637	242888	
4637	242889	
4637	242890	
4637	242891	
4637	242892	
4637	242893	
4637	242894	
4637	242895	
4637	242896	
4637	242897	
4637	242898	
4637	242899	
4637	242900	
4637	242901	
4637	242902	
4637	242903	
4637	242904	
4637	242905	
4637	242906	
4637	242907	
4637	242908	
4637	242909	
4637	242910	
4637	242911	
4637	242912	
4637	242913	
4637	242914	
4637	242915	
4637	242916	
4637	242917	
4637	242918	
4637	242919	
4637	242920	
4637	242921	
4637	242922	
4637	242923	
4637	242924	
4637	242925	
4637	242926	
4637	242927	
4637	242928	
4637	242929	
4637	242930	
4637	242931	
4637	242932	
4637	242933	
4637	242934	
4637	242935	
4637	242936	
4637	242937	
4637	242938	
4637	242939	
4637	242940	
4637	242941	
4637	242942	
4637	242943	
4637	242944	
4637	242945	
4637	242946	
4637	242947	
4637	242948	
4637	242949	
4637	242950	
4637	242951	
4637	242952	
4637	242953	
4637	242954	
4637	242955	
4637	242956	
4637	242957	
4637	242958	
4637	242959	
4637	242960	
4637	242961	
4637	242962	
4637	242963	
4637	242964	
4637	242965	
4637	242966	
4637	242967	
4637	242968	
4637	242969	
4637	242970	
4637	242971	
4637	242972	
4637	242973	
4637	242974	
4637	242975	
4637	242976	
4637	242977	
4637	242978	
4637	242979	
4637	242980	
4637	242981	
4637	242982	
4637	242983	
4637	242984	
4637	242985	
4637	242986	
4637	242987	
4637	242988	
4637	242989	
4637	242990	
4637	242991	
4637	242992	
4637	242993	
4637	242994	
4637	242995	
4637	242996	
4637	242997	
4637	242998	
4637	242999	
4637	243000	
4637	243001	
4637	243002	
4637	243003	
4637	243004	
4637	243005	
4637	243006	
4637	243007	
4637	243008	
4637	243009	
4637	243010	
4637	243011	
4637	243012	
4637	243013	
4637	243014	
4637	243015	
4637	243016	
4637	243017	
4637	243018	
4637	243019	
4637	243020	
4637	243021	
4637	243022	
4637	243023	
4637	243024	
4637	243025	
4637	243026	
4637	243027	
4637	243028	
4637	243029	
4637	243030	
4637	243031	
4637	243032	
4637	243033	
4637	243034	
4637	243035	
4637	243036	
4637	243037	
4637	243038	
4637	243039	
4637	243040	
4637	243041	
4637	243042	
4637	243043	
4637	243044	
4637	243045	
4637	243046	
4637	243047	
4637	243048	
4637	243049	
4637	243050	
4637	243051	
4637	243052	
4637	243053	
4637	243054	
4637	243055	
4637	243056	
4637	243057	
4637	243058	
4637	243059	
4637	243060	
4637	243061	
4637	243062	
4637	243063	
4637	243064	
4637	243065	
4637	243066	
4637	243067	
4637	243068	
4637	243069	
4637	243070	
4637	243071	
4637	243072	
4637	243073	
4637	243074	
4637	243075	
4637	243076	
4637	243077	
4637	243078	
4637	243079	
4637	243080	
4637	243081	
4637	243082	
4637	243083	
4637	243084	
4637	243085	
4637	243086	
4637	243087	
4637	243088	
4637	243089	
4637	243090	
4637	243091	
4637	243092	
4637	243093	
4637	243094	
4637	243095	
4637	243096	
4637	243097	
4637	243098	
4637	243099	
4637	243100	
4637	243101	
4637	243102	
4637	243103	
4637	243104	
4637	243105	
4637	243106	
4637	243107	
4637	243108	
4637	243109	
4637	243110	
4637	243111	
4637	243112	
4637	243113	
4637	243114	
4637	243115	
4637	243116	
4637	243117	
4637	243118	
4637	243119	
4637	243120	
4637	243121	
4637	243122	
4637	243123	
4637	243124	
4637	243125	
4637	243126	
4637	243127	
4637	243128	
4637	243129	
4637	243130	
4637	243131	
4637	243132	
4637	243133	
4637	243134	
4637	243135	
4637	243136	
4637	243137	
4637	243138	
4637	243139	
4637	243140	
4637	243141	
4637	243142	
4637	243143	
4637	243144	
4637	243145	
4637	243146	
4637	243147	
4637	243148	
4637	243149	
4637	243150	
4637	243151	
4637	243152	
4637	243153	
4637	243154	
4637	243155	
4637	243156	
4637	243157	
4637	243158	
4637	243159	
4637	243160	
4637	243161	
4637	243162	
4637	243163	
4637	243164	
4637	243165	
4637	243166	
4637	243167	
4637	243168	
4637	243169	
4637	243170	
4637	243171	
4637	243172	
4637	243173	
4637	243174	
4637	243175	
4637	243176	
4637	243177	
4637	243178	
4637	243179	
4637	243180	
4637	243181	
4637	243182	
4637	243183	
4637	243184	
4637	243185	
4637	243186	
4637	243187	
4637	243188	
4637	243189	
4637	243190	
4637	243191	
4637	243192	
4637	243193	
4637	243194	
4637	243195	
4637	243196	
4637	243197	
4637	243198	
4637	243199	
4637	243200	
4637	243201	
4637	243202	
4637	243203	
4637	243204	
4637	243205	
4637	243206	
4637	243207	
4637	243208	
4637	243209	
4637	243210	
4637	243211	
4637	243212	
4637	243213	
4637	243214	
4637	243215	
4637	243216	
4637	243217	
4637	243218	
4637	243219	
4637	243220	
4637	243221	
4637	243222	
4637	243223	
4637	243224	
4637	243225	
4637	243226	
4637	243227	
4637	243228	
4637	243229	
4637	243230	
4637	243231	
4637	243232	
4637	243233	
4637	243234	
4637	243235	
4637	243236	
4637	243237	
4637	243238	
4637	243239	
4637	243240	
4637	243241	
4637	243242	
4637	243243	
4637	243244	
4637	243245	
4637	243246	
4637	243247	
4637	243248	
4637	243249	
4637	243250	
4637	243251	
4637	243252	
4637	243253	
4637	243254	
4637	243255	
4637	243256	
4637	243257	
4637	243258	
4637	243259	
4637	243260	
4637	243261	
4637	243262	
4637	243263	
4637	243264	
4637	243265	
4637	243266	
4637	243267	
4637	243268	
4637	243269	
4637	243270	
4637	243271	
4637	243272	
4637	243273	
4637	243274	
4637	243275	
4637	243276	
4637	243277	
4637	243278	
4637	243279	
4637	243280	
4637	243281	
4637	243282	
4637	243283	
4637	243284	
4637	243285	
4637	243286	
4637	243287	
4637	243288	
4637	243289	
4637	243290	
4637	243291	
4637	243292	
4637	243293	
4637	243294	
4637	243295	
4637	243296	
4637	243297	
4637	243298	
4637	243299	
4637	243300	
4637	243301	
4637	243302	
4637	243303	
4637	243304	
4637	243305	
4637	243306	
4637	243307	
4637	243308	
4637	243309	
4637	243310	
4637	243311	
4637	243312	
4637	243313	
4637	243314	
4637	243315	
4637	243316	
4637	243317	
4637	243318	
4637	243319	
4637	243320	
4637	243321	
4637	243322	
4637	243323	
4637	243324	
4637	243325	
4637	243326	
4637	243327	
4637	243328	
4637	243329	
4637	243330	
4637	243331	
4637	243332	
4637	243333	
4637	243334	
4637	243335	
4637	243336	
4637	243337	
4637	243338	
4637	243339	
4637	243340	
4637	243341	
4637	243342	
4637	243343	
4637	243344	
4637	243345	
4637	243346	
4637	243347	
4637	243348	
4637	243349	
4637	243350	
4637	243351	
4637	243352	
4637	243353	
4637	243354	
4637	243355	
4637	243356	
4637	243357	
4637	243358	
4637	243359	
4637	243360	
4637	243361	
4637	243362	
4637	243363	
4637	243364	
4637	243365	
4637	243366	
4637	243367	
4637	243368	
4637	243369	
4637	243370	
4637	243371	
4637	243372	
4637	243373	
4637	243374	
4637	243375	
4637	243376	
4637	243377	
4637	243378	
4637	243379	
4637	243380	
4637	243381	
4637	243382	
4637	243383	
4637	243384	
4637	243385	
4637	243386	
4637	243387	
4637	243388	
4637	243389	
4637	243390	
4637	243391	
4637	243392	
4637	243393	
4637	243394	
4637	243395	
4637	243396	
4637	243397	
4637	243398	
4637	243399	
4637	243400	
4637	243401	
4637	243402	
4637	243403	
4637	243404	
4637	243405	
4637	243406	
4637	243407	
4637	243408	
4637	243409	
4637	243410	
4637	243411	
4637	243412	
4637	243413	
4637	243414	
4637	243415	
4637	243416	
4637	243417	
4637	243418	
4637	243419	
4637	243420	
4637	243421	
4637	243422	
4637	243423	
4637	243424	
4637	243425	
4637	243426	
4637	243427	
4637	243428	
4637	243429	
4637	243430	
4637	243431	
4637	243432	
4637	243433	
4637	243434	
4637	243435	
4637	243436	
4637	243437	
4637	243438	
4637	243439	
4637	243440	
4637	243441	
4637	243442	
4637	243443	
4637	243444	
4637	243445	
4637	243446	
4637	243447	
4637	243448	
4637	243449	
4637	243450	
4637	243451	
4637	243452	
4637	243453	
4637	243454	
4637	243455	
4637	243456	
4637	243457	
4637	243458	
4637	243459	
4637	243460	
4637	243461	
4637	243462	
4637	243463	
4637	243464	
4637	243465	
4637	243466	
4637	243467	
4637	243468	
4637	243469	
4637	243470	
4637	243471	
4637	243472	
4637	243473	
4637	243474	
4637	243475	
4637	243476	
4637	243477	
4637	243478	
4637	243479	
4637	243480	
4637	243481	
4637	243482	
4637	243483	
4637	243484	
4637	243485	
4637	243486	
4637	243487	
4637	243488	
4637	243489	
4637	243490	
4637	243491	
4637	243492	
4637	243493	
4637	243494	
4637	243495	
4637	243496	
4637	243497	
4637	243498	
4637	243499	
4637	243500	
4637	243501	
4637	243502	
4637	243503	
4637	243504	
4637	243505	
4637	243506	
4637	243507	
4637	243508	
4637	243509	
4637	243510	
4637	243511	
4637	243512	
4637	243513	
4637	243514	
4637	243515	
4637	243516	
4637	243517	
4637	243518	
4637	243519	
4637	243520	
4637	243521	
4637	243522	
4637	243523	
4637	243524	
4637	243525	
4637	243526	
4637	243527	
4637	243528	
4637	243529	
4637	243530	
4637	243531	
4637	243532	
4637	243533	
4637	243534	
4637	243535	
4637	243536	
4637	243537	
4637	243538	
4637	243539	
4637	243540	
4637	243541	
4637	243542	
4637	243543	
4637	243544	
4637	243545	
4637	243546	
4637	243547	
4637	243548	
4637	243549	
4637	243550	
4637	243551	
4637	243552	
4637	243553	
4637	243554	
4637	243555	
4637	243556	
4637	243557	
4637	243558	
4637	243559	
4637	243560	
4637	243561	
4637	243562	
4637	243563	
4637	243564	
4637	243565	
4637	243566	
4637	243567	
4637	243568	
4637	243569	
4637	243570	
4637	243571	
4637	243572	
4637	243573	
4637	243574	
4637	243575	
4637	243576	
4637	243577	
4637	243578	
4637	243579	
4637	243580	
4637	243581	
4637	243582	
4637	243583	
4637	243584	
4637	243585	
4637	243586	
4637	243587	
4637	243588	
4637	243589	
4637	243590	
4637	243591	
4637	243592	
4637	243593	
4637	243594	
4637	243595	
4637	243596	
4637	243597	
4637	243598	
4637	243599	
4637	243600	
4637	243601	
4637	243602	
4637	243603	
4637	243604	
4637	243605	
4637	243606	
4637	243607	
4637	243608	
4637	243609	
4637	243610	
4637	243611	
4637	243612	
4637	243613	
4637	243614	
4637	243615	
4637	243616	
4637	243617	
4637	243618	
4637	243619	
4637	243620	
4637	243621	
4637	243622	
4637	243623	
4637	243624	
4637	243625	
4637	243626	
4637	243627	
4637	243628	
4637	243629	
4637	243630	
4637	243631	
4637	243632	
4637	243633	
4637	243634	
4637	243635	
4637	243636	
4637	243637	
4637	243638	
4637	243639	
4637	243640	
4637	243641	
4637	243642	
4637	243643	
4637	243644	
4637	243645	
4637	243646	
4637	243647	
4637	243648	
4637	243649	
4637	243650	
4637	243651	
4637	243652	
4637	243653	
4637	243654	
4637	243655	
4637	243656	
4637	243657	
4637	243658	
4637	243659	
4637	243660	
4637	243661	
4637	243662	
4637	243663	
4637	243664	
4637	243665	
4637	243666	
4637	243667	
4637	243668	
4637	243669	
4637	243670	
4637	243671	
4637	243672	
4637	243673	
4637	243674	
4637	243675	
4637	243676	
4637	243677	
4637	243678	
4637	243679	
4637	243680	
4637	243681	
4637	243682	
4637	243683	
4637	243684	
4637	243685	
4637	243686	
4637	243687	
4637	243688	
4637	243689	
4637	243690	
4637	243691	
4637	243692	
4637	243693	
4637	243694	
4637	243695	
4637	243696	
4637	243697	
4637	243698	
4637	243699	
4637	243700	
4637	243701	
4637	243702	
4637	243703	
4637	243704	
4637	243705	
4637	243706	
4637	243707	
4637	243708	
4637	243709	
4637	243710	
4637	243711	
4637	243712	
4637	243713	
4637	243714	
4637	243715	
4637	243716	
4637	243717	
4637	243718	
4637	243719	
4637	243720	
4637	243721	
4637	243722	
4637	243723	
4637	243724	
4637	243725	
4637	243726	
4637	243727	
4637	243728	
4637	243729	
4637	243730	
4637	243731	
4637	243732	
4637	243733	
4637	243734	
4637	243735	
4637	243736	
4637	243737	
4637	243738	
4637	243739	
4637	243740	
4637	243741	
4637	243742	
4637	243743	
4637	243744	
4637	243745	
4637	243746	
4637	243747	
4637	243748	
4637	243749	
4637	243750	
4637	243751	
4637	243752	
4637	243753	
4637	243754	
4637	243755	
4637	243756	
4637	243757	
4637	243758	
4637	243759	
4637	243760	
4637	243761	
4637	243762	
4637	243763	
4637	243764	
4637	243765	
4637	243766	
4637	243767	
4637	243768	
4637	243769	
4637	243770	
4637	243771	
4637	243772	
4637	243773	
4637	243774	
4637	243775	
4637	243776	
4637	243777	
4637	243778	
4637	243779	
4637	243780	
4637	243781	
4637	243782	
4637	243783	
4637	243784	
4637	243785	
4637	243786	
4637	243787	
4637	243788	
4637	243789	
4637	243790	
4637	243791	
4637	243792	
4637	243793	
4637	243794	
4637	243795	
4637	243796	
4637	243797	
4637	243798	
4637	243799	
4637	243800	
4637	243801	
4637	243802	
4637	243803	
4637	243804	
4637	243805	
4637	243806	
4637	243807	
4637	243808	
4637	243809	
4637	243810	
4637	243811	
4637	243812	
4637	243813	
4637	243814	
4637	243815	
4637	243816	
4637	243817	
4637	243818	
4637	243819	
4637	243820	
4637	243821	
4637	243822	
4637	243823	
4637	243824	
4637	243825	
4637	243826	
4637	243827	
4637	243828	
4637	243829	
4637	243830	
4637	243831	
4637	243832	
4637	243833	
4637	243834	
4637	243835	
4637	243836	
4637	243837	
4637	243838	
4637	243839	
4637	243840	
4637	243841	
4637	243842	
4637	243843	
4637	243844	
4637	243845	
4637	243846	
4637	243847	
4637	243848	
4637	243849	
4637	243850	
4637	243851	
4637	243852	
4637	243853	
4637	243854	
4637	243855	
4637	243856	
4637	243857	
4637	243858	
4637	243859	
4637	243860	
4637	243861	
4637	243862	
4637	243863	
4637	243864	
4637	243865	
4637	243866	
4637	243867	
4637	243868	
4637	243869	
4637	243870	
4637	243871	
4637	243872	
4637	243873	
4637	243874	
4637	243875	
4637	243876	
4637	243877	
4637	243878	
4637	243879	
4637	243880	
4637	243881	
4637	243882	
4637	243883	
4637	243884	
4637	243885	
4637	243886	
4637	243887	
4637	243888	
4637	243889	
4637	243890	
4637	243891	
4637	243892	
4637	243893	
4637	243894	
4637	243895	
4637	243896	
4637	243897	
4637	243898	
4637	243899	
4637	243900	
4637	243901	
4637	243902	
4637	243903	
4637	243904	
4637	243905	
4637	243906	
4637	243907	
4637	243908	
4637	243909	
4637	243910	
4637	243911	
4637	243912	
4637	243913	
4637	243914	
4637	243915	
4637	243916	
4637	243917	
4637	243918	
4637	243919	
4637	243920	
4637	243921	
4637	243922	
4637	243923	
4637	243924	
4637	243925	
4637	243926	
4637	243927	
4637	243928	
4637	243929	
4637	243930	
4637	243931	
4637	243932	
4637	243933	
4637	243934	
4637	243935	
4637	243936	
4637	243937	
4637	243938	
4637	243939	
4637	243940	
4637	243941	
4637	243942	
4637	243943	
4637	243944	
4637	243945	
4637	243946	
4637	243947	
4637	243948	
4637	243949	
4637	243950	
4637	243951	
4637	243952	
4637	243953	
4637	243954	
4637	243955	
4637	243956	
4637	243957	
4637	243958	
4637	243959	
4637	243960	
4637	243961	
4637	243962	
4637	243963	
4637	243964	
4637	243965	
4637	243966	
4637	243967	
4637	243968	
4637	243969	
4637	243970	
4637	243971	
4637	243972	
4637	243973	
4637	243974	
4637	243975	
4637	243976	
4637	243977	
4637	243978	
4637	243979	
4637	243980	
4637	243981	
4637	243982	
4637	243983	
4637	243984	
4637	243985	
4637	243986	
4637	243987	
4637	243988	
4637	243989	
4637	243990	
4637	243991	
4637	243992	
4637	243993	
4637	243994	
4637	243995	
4637	243996	
4637	243997	
4637	243998	
4637	243999	
4637	244000	
4637	244001	
4637	244002	
4637	244003	
4637	244004	
4637	244005	
4637	244006	
4637	244007	
4637	244008	
4637	244009	
4637	244010	
4637	244011	
4637	244012	
4637	244013	
4637	244014	
4637	244015	
4637	244016	
4637	244017	
4637	244018	
4637	244019	
4637	244020	
4637	244021	
4637	244022	
4637	244023	
4637	244024	
4637	244025	
4637	244026	
4637	244027	
4637	244028	
4637	244029	
4637	244030	
4637	244031	
4637	244032	
4637	244033	
4637	244034	
4637	244035	
4637	244036	
4637	244037	
4637	244038	
4637	244039	
4637	244040	
4637	244041	
4637	244042	
4637	244043	
4637	244044	
4637	244045	
4637	244046	
4637	244047	
4637	244048	
4637	244049	
4637	244050	
4637	244051	
4637	244052	
4637	244053	
4637	244054	
4637	244055	
4637	244056	
4637	244057	
4637	244058	
4637	244059	
4637	244060	
4637	244061	
4637	391367	
4637	434467	
4637	747871	
4637	755231	
4637	770601	
4637	1906797	
4637	2220822	
4637	2407796	
7998	61041	
8003	50513	
8160	22095	
8160	22778	
8160	32907	
8160	48232	
8160	62297	
8160	111652	
8160	119211	
8160	132368	
8160	183264	
8160	222388	
8160	222870	
8160	381599	
8160	381646	
8575	326866	
8601	183729	
8602	132368	
8641	50513	
8641	132361	
8645	153791	
8650	199709	
8658	153791	
8660	50513	
8660	53378	
8671	50513	
8672	50513	
8678	50513	
8679	381599	
8682	149340	
8686	27221	
8686	200128	
8698	50513	
8710	72159	
8710	190694	
1535	50513	
1538	48010	
1611	80223	
1652	80223	
6181	121847	
1078	63287	
2655	4637	
3259	22871	
3259	40718	
3259	121847	
3259	183729	
4558	221131	
4561	23885	
4561	52653	
4561	111652	
4563	4637	
4563	35419	
4563	35623	
4563	55575	
4563	119211	
4567	46845	
4567	221131	
4578	22871	
4584	48010	
4584	63287	
4584	221131	
4585	46845	
4585	63287	
4585	149340	
4585	221131	
4588	50513	
4589	221131	
4590	100254	
4592	4637	
4592	37637	
4593	221131	
4594	23885	
4595	22871	
4595	52653	
4607	48010	
4608	87862	
4613	4637	
4614	221131	
4617	221131	
4620	221131	
4624	221131	
4629	221131	
4632	52216	
4638	52216	
4642	46845	
4642	221131	
4649	27592	
