3495	195213	
195174	195213	
195195	195213	
195208	195213	
195213	195215	
195213	195222	
195213	195225	
195213	195230	
195213	195232	
195213	195237	
195213	195239	
195213	195244	
195213	195245	
195213	195246	
195213	195250	
195213	195252	
195213	776337	
195213	2550969	
195213	2628055	
195213	2635814	
195213	2665940	
195213	2775536	
55	3495	
3495	58250	
3495	185494	
3495	195160	
3495	195161	
3495	195162	
3495	195163	
3495	195164	
3495	195165	
3495	195166	
3495	195167	
3495	195168	
3495	195169	
3495	195170	
3495	195171	
3495	195172	
3495	195173	
3495	195174	
3495	195175	
3495	195176	
3495	195177	
3495	195178	
3495	195179	
3495	195180	
3495	195181	
3495	195182	
3495	195183	
3495	195184	
3495	195185	
3495	195186	
3495	195187	
3495	195188	
3495	195189	
3495	195190	
3495	195191	
3495	195192	
3495	195193	
3495	195194	
3495	195195	
3495	195196	
3495	195197	
3495	195198	
3495	195199	
3495	195200	
3495	195201	
3495	195202	
3495	195203	
3495	195204	
3495	195205	
3495	195206	
3495	195207	
3495	195208	
3495	195209	
3495	195210	
3495	195211	
3495	195212	
3495	195214	
3495	195215	
3495	195216	
3495	195217	
3495	195218	
3495	195219	
3495	195220	
3495	195221	
3495	195222	
3495	195223	
3495	195224	
3495	195225	
3495	195226	
3495	195227	
3495	195228	
3495	195229	
3495	195230	
3495	195231	
3495	195232	
3495	195233	
3495	195234	
3495	195235	
3495	195236	
3495	195237	
3495	195238	
3495	195239	
3495	195240	
3495	195241	
3495	195242	
3495	195243	
3495	195244	
3495	195245	
3495	195246	
3495	195247	
3495	195248	
3495	195249	
3495	195250	
3495	195251	
3495	195252	
3495	195253	
3495	195254	
3495	195255	
3495	195256	
26778	776337	
86426	2550969	
94750	2628055	
94954	2628055	
95036	2635814	
95201	2665940	
95211	2635814	
108157	2775536	
130722	2550969	
130768	2550969	
132763	2550969	
173569	2550969	
173930	2665940	
173981	2550969	
201189	2775536	
201195	2635814	
201196	2635814	
195170	195208	
195174	195195	
195174	195215	
195174	195222	
195174	195225	
195174	195232	
195174	195239	
195174	195244	
195174	195246	
195174	195247	
195174	238991	
195174	419567	
195174	626255	
195174	2095807	
195174	2678535	
195174	3061566	
195195	195215	
195195	195222	
195195	195225	
195195	195230	
195195	195236	
195195	195244	
195195	2675035	
195195	2893219	
195195	2893324	
195197	195215	
195208	195222	
195208	195225	
195215	195222	
195215	195225	
195215	195230	
195215	195232	
195215	195234	
195215	195236	
195215	195237	
195215	195244	
195222	195225	
195222	195230	
195222	195232	
195222	195234	
195222	195237	
195222	195239	
195222	195244	
195222	195246	
195222	195247	
195225	195230	
195225	195232	
195225	195234	
195225	195237	
195225	195239	
195225	195244	
195225	195246	
195225	195247	
195225	195250	
195225	2689087	
195227	2550969	
195227	2775536	
195230	195236	
195230	195237	
195230	195244	
195230	195249	
195230	195252	
195230	321006	
195232	195239	
195234	195252	
195237	195244	
195237	195252	
195242	2550969	
195246	195247	
195246	195250	
195247	195250	
238865	2628055	
238865	2665940	
238966	2635814	
239054	2775536	
239203	2628055	
239210	776337	
239212	2628055	
239232	776337	
239233	776337	
239274	2628055	
240421	776337	
245452	2635814	
248848	2550969	
284772	2635814	
299715	2635814	
347258	2635814	
349000	2635814	
349130	2628055	
351223	2628055	
351482	2628055	
352831	2628055	
359650	2550969	
365397	2635814	
373429	2635814	
367993	2550969	
370127	2628055	
370187	2635814	
370317	776337	
371246	2550969	
372589	2635814	
384243	2550969	
395755	2775536	
449945	2550969	
448862	2628055	
463919	2628055	
502724	776337	
526719	2550969	
538176	2635814	
535243	2550969	
554987	2665940	
578565	2550969	
589223	2550969	
601774	2665940	
642578	2628055	
658693	2775536	
674593	2635814	
679699	2628055	
703625	2628055	
705720	776337	
699165	2775536	
731142	2628055	
731159	2628055	
731168	2628055	
731173	2628055	
731176	2628055	
731193	2628055	
731197	2628055	
731224	2628055	
731229	2628055	
731244	2628055	
731250	2628055	
731269	2550969	
731272	2628055	
731284	776337	
731293	2550969	
731368	2628055	
731391	2628055	
731394	2628055	
731395	2628055	
731402	2550969	
731459	2628055	
731469	2628055	
731520	2628055	
731559	2628055	
731563	2775536	
731569	2628055	
731615	2628055	
731624	2628055	
731627	2628055	
723377	2635814	
730221	776337	
730414	2628055	
741845	2550969	
741845	2775536	
742895	2665940	
760120	2550969	
758910	2628055	
774294	2550969	
774711	2550969	
774746	2665940	
774803	2665940	
774903	2665940	
775101	2665940	
775139	776337	
775976	776337	
776337	776772	
776337	779908	
776337	843201	
776337	1126823	
776337	1221658	
776337	1652932	
776337	1914752	
776337	1934677	
776337	1947187	
776337	2049978	
776337	2389753	
776337	2405434	
776337	2484398	
776337	2484419	
776337	2496719	
776337	2496746	
776337	2628459	
776337	2634298	
776337	2637166	
776337	2647241	
776337	2655986	
776337	2664907	
776337	2664943	
776337	2665076	
776337	2665925	
776337	2665985	
776337	2666013	
776337	2666061	
776337	2669300	
776337	2670807	
776337	2670812	
776337	2673852	
776337	2777059	
776337	2880702	
776337	2919543	
776772	2628055	
824363	2775536	
823739	2665940	
830385	2550969	
836186	2628055	
843937	2550969	
858310	2550969	
861797	2635814	
862497	2635814	
867581	2635814	
868749	2628055	
913604	2550969	
918240	2628055	
918244	2628055	
918302	2628055	
918331	2628055	
918388	2628055	
918433	2628055	
927922	2550969	
929004	2550969	
930048	2550969	
936148	2550969	
954744	2550969	
961648	2665940	
959869	2775536	
958766	2665940	
965471	2550969	
965560	2635814	
978547	2550969	
972824	2628055	
979758	2550969	
982978	2550969	
979602	2635814	
979865	2635814	
979923	2635814	
985644	2550969	
993645	2628055	
1302746	2550969	
1158923	2775536	
1116983	2628055	
1100902	2550969	
1139257	2628055	
1341370	2628055	
1396152	2550969	
1686362	2628055	
1675407	2628055	
1702492	2628055	
1807155	2628055	
1839272	2628055	
1848338	2628055	
1884333	2628055	
1891959	2550969	
1884226	2550969	
1881321	2550969	
1881321	2635814	
1883165	2628055	
1885351	2635814	
1885356	2628055	
1898892	2665940	
1900450	2628055	
1900499	2628055	
1885652	2635814	
1885286	2628055	
1898817	2665940	
1898868	2550969	
1898899	2665940	
1898923	2550969	
1898930	2635814	
1898971	2550969	
1899027	2635814	
1898397	2550969	
1909046	2635814	
1901858	2628055	
1902681	2550969	
1902873	2628055	
1905004	2628055	
1905448	2550969	
1914902	2665940	
1910367	2635814	
1920966	2665940	
1920974	2665940	
1921001	2665940	
1919962	2775536	
1921249	2665940	
1926897	2635814	
1933797	2635814	
1947187	2628055	
1967867	2550969	
1967991	2628055	
1967996	2550969	
1946313	2628055	
1948942	2550969	
1965572	2635814	
1930750	2628055	
1932829	2550969	
1932829	2628055	
1934677	2665940	
1934810	2550969	
1935109	2628055	
1960814	2550969	
1961944	2665940	
1964607	2628055	
1959275	2628055	
1962032	2628055	
1974020	2628055	
1974165	2628055	
1974958	2550969	
1974959	2665940	
1990492	2550969	
1990641	2635814	
1990655	2775536	
1991017	2775536	
1983793	2628055	
1986374	2628055	
1986381	2628055	
1986602	2628055	
1986709	2628055	
1999970	2665940	
2000052	2550969	
2015288	2628055	
2015288	2635814	
2018053	2550969	
2018124	2550969	
2019434	2775536	
2023725	2775536	
2025863	2775536	
2026910	2628055	
2026925	2635814	
2049983	2628055	
2049987	2550969	
2050026	2550969	
2050054	2550969	
2050060	2550969	
2050100	2550969	
2050116	2628055	
2058984	2550969	
2064011	2775536	
2064349	2635814	
2089891	2628055	
2169412	2635814	
2169425	2635814	
2166105	2550969	
2171083	2550969	
2164415	2550969	
2189759	2550969	
2189984	2550969	
2190034	2628055	
2190071	2550969	
2176608	2550969	
2187325	2628055	
2173598	2628055	
2173856	2628055	
2173912	2635814	
2176671	2635814	
2176686	2550969	
2176692	2550969	
2186372	2550969	
2186422	2550969	
2197265	2635814	
2200168	2628055	
2205952	2665940	
2206265	2635814	
2209424	2635814	
2209436	2635814	
2212212	2550969	
2212319	2628055	
2212656	2635814	
2212657	2665940	
2212716	2550969	
2221460	2628055	
2221463	2665940	
2221546	2628055	
2221564	2550969	
2219176	2635814	
2228188	2635814	
2249440	2550969	
2268206	2635814	
2269438	2550969	
2269908	2628055	
2271928	2665940	
2271971	2628055	
2280944	2635814	
2279969	2550969	
2279998	2550969	
2280012	2550969	
2280048	2550969	
2280074	2550969	
2284148	2550969	
2307854	2775536	
2307452	2628055	
2334169	2628055	
2334235	2628055	
2334314	2628055	
2334316	2628055	
2347431	2628055	
2358223	2628055	
2365224	2665940	
2365284	2635814	
2365302	2550969	
2388431	2665940	
2388438	2550969	
2388448	2665940	
2388458	2665940	
2388465	2665940	
2389758	2628055	
2405454	2550969	
2405465	2550969	
2405466	2775536	
2437032	2635814	
2439388	2550969	
2439388	2775536	
2448332	2635814	
2449824	2550969	
2454335	2550969	
2454335	2635814	
2454359	2628055	
2454391	2628055	
2454399	2628055	
2454401	2550969	
2454495	2550969	
2454516	2635814	
2472353	2628055	
2457798	2628055	
2456889	2628055	
2456937	2628055	
2461501	2775536	
2463316	2550969	
2463325	2628055	
2463439	2628055	
2463483	2550969	
2463483	2628055	
2463512	2628055	
2463550	2550969	
2463561	2628055	
2463583	2775536	
2463633	2628055	
2463708	2628055	
2463760	2550969	
2463904	2628055	
2463931	2665940	
2463984	2550969	
2464024	2628055	
2464088	2628055	
2464127	2628055	
2464129	2628055	
2464141	2628055	
2464158	2628055	
2464165	2628055	
2464189	2628055	
2464197	2628055	
2464215	2628055	
2464532	2628055	
2464577	2628055	
2464641	2628055	
2481212	2628055	
2484394	2628055	
2484419	2628055	
2484435	2628055	
2491967	2550969	
2492009	2628055	
2492081	2628055	
2492186	2628055	
2496779	2635814	
2496801	2665940	
2498979	2635814	
2499044	2628055	
2511631	2665940	
2511749	2628055	
2513591	2628055	
2540224	2550969	
2543065	2628055	
2541268	2550969	
2550969	2550975	
2550969	2568811	
2550969	2568814	
2550969	2568831	
2550969	2621289	
2550969	2624618	
2550969	2626847	
2550969	2626849	
2550969	2628046	
2550969	2628055	
2550969	2628282	
2550969	2628588	
2550969	2635186	
2550969	2635296	
2550969	2635444	
2550969	2635468	
2550969	2635475	
2550969	2635546	
2550969	2635697	
2550969	2635831	
2550969	2635976	
2550969	2649879	
2550969	2657408	
2550969	2659953	
2550969	2661647	
2550969	2661658	
2550969	2661659	
2550969	2661676	
2550969	2665996	
2550969	2666060	
2550969	2668925	
2550969	2669454	
2550969	2671668	
2550969	2671844	
2550969	2671982	
2550969	2673164	
2550969	2673698	
2550969	2673981	
2550969	2674033	
2550969	2675488	
2550969	2676752	
2550969	2677680	
2550969	2683919	
2550969	2691956	
2550969	2706796	
2550969	2717542	
2550969	2775536	
2550969	2835044	
2550969	2875916	
2550969	2893223	
2550969	2893228	
2550969	2893259	
2550969	2893303	
2550969	2893311	
2550969	2893333	
2550969	2895377	
2550969	2895381	
2550969	2895389	
2550969	2895394	
2550969	2895442	
2550969	2895469	
2550969	2908977	
2550969	2965089	
2550969	2982028	
2550969	2982032	
2550969	3007919	
2550969	3007923	
2550969	3012105	
2550969	3061598	
2550969	3068741	
2550969	3068742	
2550969	3071637	
2550969	3071658	
2568780	2628055	
2568802	2635814	
2568820	2775536	
2568350	2775536	
2567057	2628055	
2570952	2635814	
2598223	2628055	
2598243	2775536	
2614201	2628055	
2621272	2635814	
2621278	2665940	
2621293	2628055	
2628055	2628293	
2628055	2628325	
2628055	2628328	
2628055	2628393	
2628055	2628477	
2628055	2628491	
2628055	2628511	
2628055	2628618	
2628055	2628628	
2628055	2628742	
2628055	2628865	
2628055	2628906	
2628055	2632878	
2628055	2632941	
2628055	2632977	
2628055	2633325	
2628055	2633383	
2628055	2633408	
2628055	2634160	
2628055	2635325	
2628055	2635450	
2628055	2635471	
2628055	2635527	
2628055	2635811	
2628055	2635825	
2628055	2642312	
2628055	2644935	
2628055	2644975	
2628055	2645424	
2628055	2646124	
2628055	2646263	
2628055	2646558	
2628055	2646635	
2628055	2647162	
2628055	2647219	
2628055	2647233	
2628055	2647255	
2628055	2647287	
2628055	2649977	
2628055	2650596	
2628055	2650619	
2628055	2651592	
2628055	2651622	
2628055	2652537	
2628055	2654668	
2628055	2658537	
2628055	2658789	
2628055	2664767	
2628055	2664810	
2628055	2664815	
2628055	2664856	
2628055	2664918	
2628055	2664930	
2628055	2664944	
2628055	2664947	
2628055	2665014	
2628055	2666019	
2628055	2666060	
2628055	2666076	
2628055	2666143	
2628055	2666162	
2628055	2666262	
2628055	2666704	
2628055	2670769	
2628055	2670840	
2628055	2671013	
2628055	2671075	
2628055	2671085	
2628055	2671186	
2628055	2671210	
2628055	2671240	
2628055	2671870	
2628055	2672073	
2628055	2672086	
2628055	2672355	
2628055	2672360	
2628055	2672457	
2628055	2672508	
2628055	2672569	
2628055	2672702	
2628055	2673318	
2628055	2673328	
2628055	2673330	
2628055	2673540	
2628055	2673557	
2628055	2673580	
2628055	2673601	
2628055	2673612	
2628055	2673843	
2628055	2674011	
2628055	2674101	
2628055	2674309	
2628055	2674414	
2628055	2674538	
2628055	2674644	
2628055	2674660	
2628055	2674661	
2628055	2674679	
2628055	2674684	
2628055	2674781	
2628055	2675272	
2628055	2675309	
2628055	2675372	
2628055	2675384	
2628055	2675446	
2628055	2675476	
2628055	2675478	
2628055	2675488	
2628055	2675742	
2628055	2675813	
2628055	2675856	
2628055	2680010	
2628055	2680127	
2628055	2683945	
2628055	2687712	
2628055	2688962	
2628055	2689072	
2628055	2735543	
2628055	2832500	
2628055	2878697	
2628055	2880568	
2628055	2893188	
2628055	2893365	
2628055	2995064	
2632254	2635814	
2646376	2665940	
2626814	2628055	
2626814	2665940	
2626871	2628055	
2634461	2635814	
2627765	2665940	
2633446	2665940	
2637655	2665940	
2635281	2635814	
2639682	2775536	
2635320	2635814	
2635409	2635814	
2635420	2635814	
2635464	2665940	
2635468	2635814	
2635491	2635814	
2635504	2635814	
2635528	2635814	
2635561	2635814	
2635638	2635814	
2635652	2635814	
2635814	2645688	
2635814	2645714	
2635814	2646760	
2635814	2649879	
2635814	2649906	
2635814	2649920	
2635814	2650528	
2635814	2658625	
2635814	2658784	
2635814	2661248	
2635814	2661535	
2635814	2663885	
2635814	2663925	
2635814	2663962	
2635814	2663998	
2635814	2664071	
2635814	2664118	
2635814	2665930	
2635814	2665981	
2635814	2672018	
2635814	2674043	
2635814	2675035	
2635814	2675060	
2635814	2677188	
2635814	2680030	
2635814	2682902	
2635814	2685019	
2635814	2685031	
2635814	2693859	
2635814	2739354	
2635814	2830864	
2635814	2911203	
2635814	2968569	
2635814	2969579	
2635814	3007925	
2635814	3070461	
2639624	2665940	
2672276	2775536	
2665910	2665940	
2665925	2665940	
2665933	2665940	
2665940	2665963	
2665940	2665977	
2665940	2665980	
2665940	2666013	
2665940	2666035	
2665940	2666142	
2665940	2666209	
2665940	2688967	
2665940	3000311	
2664918	2775536	
2664787	2665940	
2677516	2775536	
2693842	2775536	
2775536	2893240	
2775536	2893260	
2775536	2908975	
2775536	2972573	
2775536	2990429	
2775536	3043388	
2775536	3071632	
6	55	
26711	730414	
26711	774711	
26711	774746	
26711	774803	
26711	774903	
16	132763	
55	229	
55	2212	
55	2556	
55	3180	
55	3181	
55	3182	
55	3183	
55	3184	
55	3185	
55	3186	
55	3187	
55	3188	
55	3189	
55	3190	
55	3191	
55	3192	
55	3193	
55	3194	
55	3195	
55	3196	
55	3197	
55	3198	
55	3199	
55	3200	
55	3201	
55	3202	
55	3203	
55	3204	
55	3205	
55	3206	
55	3207	
55	3208	
55	3209	
55	3210	
55	3211	
55	3212	
55	3213	
55	3214	
55	3215	
55	3216	
55	3217	
55	3218	
55	3219	
55	3220	
55	3221	
55	3222	
55	3223	
55	3224	
55	3225	
55	3226	
55	3227	
55	3228	
55	3229	
55	3230	
55	3231	
55	3232	
55	3233	
55	3234	
55	3235	
55	3236	
55	3237	
55	3238	
55	3239	
55	3240	
55	3241	
55	3242	
55	3243	
55	3244	
55	3245	
55	3246	
55	3247	
55	3248	
55	3249	
55	3250	
55	3251	
55	3252	
55	3253	
55	3254	
55	3255	
55	3256	
55	3257	
55	3258	
55	3259	
55	3260	
55	3261	
55	3262	
55	3263	
55	3264	
55	3265	
55	3266	
55	3267	
55	3268	
55	3269	
55	3270	
55	3271	
55	3272	
55	3273	
55	3274	
55	3275	
55	3276	
55	3277	
55	3278	
55	3279	
55	3280	
55	3281	
55	3282	
55	3283	
55	3284	
55	3285	
55	3286	
55	3287	
55	3288	
55	3289	
55	3290	
55	3291	
55	3292	
55	3293	
55	3294	
55	3295	
55	3296	
55	3297	
55	3298	
55	3299	
55	3300	
55	3301	
55	3302	
55	3303	
55	3304	
55	3305	
55	3306	
55	3307	
55	3308	
55	3309	
55	3310	
55	3311	
55	3312	
55	3313	
55	3314	
55	3315	
55	3316	
55	3317	
55	3318	
55	3319	
55	3320	
55	3321	
55	3322	
55	3323	
55	3324	
55	3325	
55	3326	
55	3327	
55	3328	
55	3329	
55	3330	
55	3331	
55	3332	
55	3333	
55	3334	
55	3335	
55	3336	
55	3337	
55	3338	
55	3339	
55	3340	
55	3341	
55	3342	
55	3343	
55	3344	
55	3345	
55	3346	
55	3347	
55	3348	
55	3349	
55	3350	
55	3351	
55	3352	
55	3353	
55	3354	
55	3355	
55	3356	
55	3357	
55	3358	
55	3359	
55	3360	
55	3361	
55	3362	
55	3363	
55	3364	
55	3365	
55	3366	
55	3367	
55	3368	
55	3369	
55	3370	
55	3371	
55	3372	
55	3373	
55	3374	
55	3375	
55	3376	
55	3377	
55	3378	
55	3379	
55	3380	
55	3381	
55	3382	
55	3383	
55	3384	
55	3385	
55	3386	
55	3387	
55	3388	
55	3389	
55	3390	
55	3391	
55	3392	
55	3393	
55	3394	
55	3395	
55	3396	
55	3397	
55	3398	
55	3399	
55	3400	
55	3401	
55	3402	
55	3403	
55	3404	
55	3405	
55	3406	
55	3407	
55	3408	
55	3409	
55	3410	
55	3411	
55	3412	
55	3413	
55	3414	
55	3415	
55	3416	
55	3417	
55	3418	
55	3419	
55	3420	
55	3421	
55	3422	
55	3423	
55	3424	
55	3425	
55	3426	
55	3427	
55	3428	
55	3429	
55	3430	
55	3431	
55	3432	
55	3433	
55	3434	
55	3435	
55	3436	
55	3437	
55	3438	
55	3439	
55	3440	
55	3441	
55	3442	
55	3443	
55	3444	
55	3445	
55	3446	
55	3447	
55	3448	
55	3449	
55	3450	
55	3451	
55	3452	
55	3453	
55	3454	
55	3455	
55	3456	
55	3457	
55	3458	
55	3459	
55	3460	
55	3461	
55	3462	
55	3463	
55	3464	
55	3465	
55	3466	
55	3467	
55	3468	
55	3469	
55	3470	
55	3471	
55	3472	
55	3473	
55	3474	
55	3475	
55	3476	
55	3477	
55	3478	
55	3479	
55	3480	
55	3481	
55	3482	
55	3483	
55	3484	
55	3485	
55	3486	
55	3487	
55	3488	
55	3489	
55	3490	
55	3491	
55	3492	
55	3493	
55	3494	
55	3495	
55	3496	
55	3497	
55	3498	
55	3499	
55	3500	
55	3501	
55	3502	
55	3503	
55	3504	
55	3505	
55	3506	
55	3507	
55	3508	
55	3509	
55	3510	
55	3511	
55	3512	
55	3513	
55	3514	
55	3515	
55	3516	
55	3517	
55	3518	
55	3519	
55	3520	
55	3521	
55	3522	
55	3523	
55	3524	
55	3525	
55	3526	
55	3527	
55	3528	
55	3529	
55	3530	
55	3531	
55	3532	
55	3533	
55	3534	
55	3535	
55	3536	
55	3537	
55	3538	
55	3539	
55	3540	
55	3541	
55	3542	
55	47461	
55	160610	
55	2864221	
55	2953176	
26655	774294	
1464	94750	
1464	94954	
1464	95036	
1464	95201	
1464	95211	
933	58250	
461	26778	
554	26778	
3915	132763	
1840	108157	
2025	26778	
2083	26778	
2175	130722	
2175	130768	
2187	108157	
4282	26778	
26119	132763	
26180	132763	
26191	132763	
26225	132763	
26246	240421	
26272	26778	
26277	132763	
26292	132763	
26325	132763	
26328	132763	
26339	132763	
26342	132763	
26350	132763	
26368	132763	
26379	132763	
26429	132763	
4291	26778	
4317	95211	
4317	238865	
4317	238966	
4317	238991	
4317	239054	
4317	239203	
4317	239210	
4317	239212	
4317	239232	
4317	239233	
4317	239274	
3009	132763	
3093	173569	
3093	173930	
3093	173981	
2225	132763	
2227	132763	
8790	132763	
8804	132763	
8813	132763	
8824	132763	
6689	321006	
8644	395755	
8689	240421	
4617	240421	
4782	245452	
4857	248848	
3188	26778	
3231	132763	
3293	185494	
3297	132763	
3481	201189	
3481	201195	
3481	201196	
3495	58250	
3495	185494	
3495	195160	
3495	195161	
3495	195162	
3495	195163	
3495	195164	
3495	195165	
3495	195166	
3495	195167	
3495	195168	
3495	195169	
3495	195170	
3495	195171	
3495	195172	
3495	195173	
3495	195175	
3495	195176	
3495	195177	
3495	195178	
3495	195179	
3495	195180	
3495	195181	
3495	195182	
3495	195183	
3495	195184	
3495	195185	
3495	195186	
3495	195187	
3495	195188	
3495	195189	
3495	195190	
3495	195191	
3495	195192	
3495	195193	
3495	195194	
3495	195196	
3495	195197	
3495	195198	
3495	195199	
3495	195200	
3495	195201	
3495	195202	
3495	195203	
3495	195204	
3495	195205	
3495	195206	
3495	195207	
3495	195209	
3495	195210	
3495	195211	
3495	195212	
3495	195213	
3495	195214	
3495	195216	
3495	195217	
3495	195218	
3495	195219	
3495	195220	
3495	195221	
3495	195223	
3495	195224	
3495	195226	
3495	195227	
3495	195228	
3495	195229	
3495	195231	
3495	195233	
3495	195234	
3495	195235	
3495	195236	
3495	195238	
3495	195240	
3495	195241	
3495	195242	
3495	195243	
3495	195247	
3495	195248	
3495	195249	
3495	195251	
3495	195253	
3495	195254	
3495	195255	
3495	195256	
3563	26778	
2224	132763	
2598	132763	
12518	58250	
8731	26778	
2233	108157	
7530	26778	
2862	58250	
1383	86426	
6039	284772	
10583	58250	
10277	132763	
14711	26778	
21438	26778	
21438	108157	
13072	26778	
13089	538176	
13134	535243	
6573	299715	
8254	384243	
7341	26778	
7731	58250	
8123	26778	
8123	239210	
8123	347258	
8123	349000	
8123	349130	
8123	351223	
8123	351482	
8123	352831	
8123	359650	
8123	365397	
8123	731224	
8177	26778	
8177	373429	
8195	201196	
8195	351482	
8195	367993	
8195	370127	
8195	370187	
8195	370317	
8195	371246	
8195	372589	
8270	26778	
9109	58250	
9830	419567	
9329	58250	
9329	132763	
11211	58250	
14581	58250	
10840	449945	
10842	108157	
10852	26778	
10900	108157	
10909	26778	
10934	448862	
10953	108157	
10984	26778	
11015	26778	
11060	58250	
11068	26778	
11071	94750	
11109	463919	
11128	463919	
11137	108157	
11142	201189	
12130	463919	
11681	108157	
25332	108157	
21538	589223	
11949	502724	
28791	240421	
28810	195163	
11957	58250	
17407	463919	
17442	463919	
14253	26778	
14338	248848	
14348	554987	
12203	58250	
14873	58250	
25419	760120	
25442	758910	
25444	26778	
12701	26778	
26747	58250	
21000	26778	
35889	913604	
35890	699165	
15201	132763	
15204	240421	
15627	578565	
15695	95036	
30242	824363	
30282	58250	
30409	823739	
30461	132763	
13410	26778	
16422	195173	
16550	601774	
16292	589223	
27459	108157	
60589	240421	
60802	240421	
65142	108157	
65142	367993	
12954	526719	
23315	108157	
23356	108157	
23457	94750	
23457	239212	
23457	349000	
23457	448862	
23457	731142	
23457	731159	
23457	731168	
23457	731173	
23457	731176	
23457	731193	
23457	731197	
23457	731224	
23457	731229	
23457	731244	
23457	731250	
23457	731269	
23457	731272	
23457	731284	
23457	731293	
23457	731368	
23457	731391	
23457	731394	
23457	731395	
23457	731402	
23457	731459	
23457	731469	
23457	731520	
23457	731559	
23457	731563	
23457	731569	
23457	731615	
23457	731624	
23457	731627	
23462	26778	
23462	108157	
23472	108157	
23484	723377	
23496	730221	
23496	730414	
23523	26778	
16272	58250	
22385	284772	
22567	589223	
22570	132763	
15359	349130	
20028	658693	
20041	58250	
23953	58250	
16090	132763	
22358	26778	
32550	823739	
32626	858310	
32637	108157	
32712	95036	
32714	861797	
32717	862497	
19003	26778	
19109	642578	
22823	240421	
17625	626255	
49952	774746	
18281	195175	
19762	26778	
19850	132763	
24744	108157	
21107	58250	
21107	674593	
21129	26778	
24420	742895	
24472	132763	
21207	26778	
21303	679699	
21308	58250	
21322	26778	
30983	843201	
22111	26778	
22117	26778	
22167	703625	
22170	626255	
22177	195180	
22191	185494	
22218	132763	
22218	705720	
22226	58250	
22231	395755	
22239	195164	
22251	699165	
22290	95211	
22294	58250	
23017	26778	
23185	2050026	
21523	58250	
31392	843937	
26557	58250	
24158	26778	
29430	58250	
23804	58250	
23810	58250	
24263	741845	
26778	26789	
26778	27678	
26778	28525	
26778	28708	
26778	30635	
26778	30660	
26778	30683	
26778	32296	
26778	34895	
26778	35633	
26778	37858	
26778	37897	
26778	40425	
26778	40964	
26778	41372	
26778	41451	
26778	42351	
26778	44702	
26778	44718	
26778	44782	
26778	44857	
26778	45402	
26778	46276	
26778	46298	
26778	46310	
26778	46340	
26778	46414	
26778	46440	
26778	46454	
26778	48075	
26778	48105	
26778	49441	
26778	50675	
26778	53852	
26778	54343	
26778	55473	
26778	56727	
26778	56788	
26778	56853	
26778	57002	
26778	57051	
26778	57392	
26778	57454	
26778	58635	
26778	64391	
26778	64662	
26778	65146	
26778	65147	
26778	65241	
26778	65246	
26778	65260	
26778	65262	
26778	65287	
26778	65617	
26778	65761	
26778	67606	
26778	68278	
26778	68293	
26778	68539	
26778	69303	
26778	69670	
26778	70002	
26778	70973	
26778	71564	
26778	71695	
26778	71718	
26778	71780	
26778	71844	
26778	71891	
26778	72016	
26778	73436	
26778	73458	
26778	74408	
26778	74439	
26778	77044	
26778	77775	
26778	78058	
26778	78158	
26778	78699	
26778	80943	
26778	81330	
26778	81336	
26778	81341	
26778	81386	
26778	81689	
26778	81833	
26778	82087	
26778	82092	
26778	82306	
26778	82400	
26778	82879	
26778	83171	
26778	83182	
26778	83454	
26778	83472	
26778	83484	
26778	83493	
26778	83548	
26778	83561	
26778	83572	
26778	83620	
26778	83708	
26778	83741	
26778	83763	
26778	83771	
26778	83774	
26778	83779	
26778	84035	
26778	84072	
26778	84161	
26778	84315	
26778	85758	
26778	85772	
26778	86083	
26778	86202	
26778	86224	
26778	86311	
26778	86456	
26778	87199	
26778	87394	
26778	87424	
26778	88731	
26778	88808	
26778	89080	
26778	90393	
26778	90749	
26778	90772	
26778	90774	
26778	90939	
26778	91410	
26778	91449	
26778	92226	
26778	92358	
26778	92403	
26778	93350	
26778	94172	
26778	94745	
26778	94748	
26778	94860	
26778	94924	
26778	94933	
26778	94972	
26778	94980	
26778	95006	
26778	95007	
26778	95041	
26778	95061	
26778	95145	
26778	95165	
26778	95185	
26778	95310	
26778	96209	
26778	97743	
26778	97836	
26778	97867	
26778	100082	
26778	102745	
26778	103236	
26778	103572	
26778	103789	
26778	104170	
26778	104218	
26778	108117	
26778	108839	
26778	108882	
26778	108911	
26778	108914	
26778	112903	
26778	113261	
26778	113756	
26778	114771	
26778	115060	
26778	116226	
26778	116418	
26778	116467	
26778	116473	
26778	117806	
26778	120146	
26778	120171	
26778	121346	
26778	123845	
26778	124399	
26778	124491	
26778	127249	
26778	127471	
26778	128206	
26778	128955	
26778	129051	
26778	130900	
26778	130903	
26778	131121	
26778	131418	
26778	131514	
26778	131623	
26778	131683	
26778	131821	
26778	131982	
26778	133508	
26778	133584	
26778	134074	
26778	137309	
26778	138373	
26778	143020	
26778	143048	
26778	143568	
26778	143570	
26778	144652	
26778	145044	
26778	146831	
26778	147412	
26778	147429	
26778	148253	
26778	149552	
26778	149575	
26778	149577	
26778	149590	
26778	150496	
26778	150753	
26778	154823	
26778	154871	
26778	154938	
26778	157867	
26778	157898	
26778	160659	
26778	161482	
26778	161484	
26778	161580	
26778	161761	
26778	162653	
26778	165774	
26778	166122	
26778	166375	
26778	167233	
26778	167492	
26778	168157	
26778	168843	
26778	169638	
26778	170127	
26778	173625	
26778	173678	
26778	174721	
26778	175679	
26778	177062	
26778	178585	
26778	179675	
26778	179751	
26778	180835	
26778	181378	
26778	181934	
26778	183047	
26778	183225	
26778	183328	
26778	183382	
26778	183768	
26778	184728	
26778	185796	
26778	185861	
26778	185873	
26778	186079	
26778	186106	
26778	187070	
26778	187528	
26778	188749	
26778	189320	
26778	190112	
26778	191552	
26778	193517	
26778	193540	
26778	193550	
26778	194459	
26778	194463	
26778	194830	
26778	195351	
26778	195868	
26778	195899	
26778	195908	
26778	195915	
26778	195924	
26778	195944	
26778	195985	
26778	196023	
26778	196063	
26778	196066	
26778	196510	
26778	197118	
26778	197597	
26778	200104	
26778	200176	
26778	202633	
26778	202637	
26778	203098	
26778	203588	
26778	204102	
26778	205106	
26778	205755	
26778	205998	
26778	206935	
26778	207062	
26778	207212	
26778	207942	
26778	207967	
26778	208232	
26778	208752	
26778	209157	
26778	209236	
26778	209279	
26778	210536	
26778	212089	
26778	212110	
26778	212146	
26778	212312	
26778	213572	
26778	213993	
26778	214090	
26778	214502	
26778	214529	
26778	214623	
26778	215625	
26778	215934	
26778	218316	
26778	218336	
26778	218496	
26778	218686	
26778	219442	
26778	219950	
26778	220465	
26778	220749	
26778	221263	
26778	221608	
26778	223013	
26778	223067	
26778	224078	
26778	224370	
26778	224377	
26778	224387	
26778	224408	
26778	224418	
26778	224430	
26778	224443	
26778	224467	
26778	224494	
26778	224498	
26778	224560	
26778	224570	
26778	224594	
26778	224600	
26778	224642	
26778	224648	
26778	224676	
26778	224721	
26778	224726	
26778	224736	
26778	224784	
26778	224836	
26778	224997	
26778	225009	
26778	225022	
26778	225080	
26778	225111	
26778	225143	
26778	225201	
26778	225223	
26778	225272	
26778	225622	
26778	226396	
26778	226443	
26778	226445	
26778	226453	
26778	226455	
26778	226467	
26778	226594	
26778	226614	
26778	226623	
26778	226674	
26778	226722	
26778	226766	
26778	226812	
26778	226817	
26778	226879	
26778	226902	
26778	226938	
26778	226948	
26778	227028	
26778	227920	
26778	228376	
26778	228485	
26778	228726	
26778	229195	
26778	229329	
26778	229360	
26778	229404	
26778	229887	
26778	229912	
26778	230454	
26778	230477	
26778	230509	
26778	230551	
26778	231315	
26778	234594	
26778	234702	
26778	234736	
26778	234994	
26778	235124	
26778	235316	
26778	236265	
26778	239044	
26778	239051	
26778	239052	
26778	241060	
26778	242077	
26778	242604	
26778	244215	
26778	245323	
26778	245586	
26778	247503	
26778	248350	
26778	248364	
26778	248489	
26778	248801	
26778	249498	
26778	250526	
26778	252707	
26778	255625	
26778	255847	
26778	258024	
26778	259082	
26778	259410	
26778	259780	
26778	261122	
26778	262949	
26778	264270	
26778	264491	
26778	264594	
26778	268175	
26778	268386	
26778	272686	
26778	274532	
26778	275159	
26778	275212	
26778	275285	
26778	275311	
26778	276417	
26778	276491	
26778	279157	
26778	279542	
26778	279833	
26778	279834	
26778	281181	
26778	284140	
26778	284277	
26778	287473	
26778	287667	
26778	290948	
26778	295311	
26778	295778	
26778	296121	
26778	297586	
26778	297735	
26778	303310	
26778	303558	
26778	304105	
26778	304152	
26778	306831	
26778	306844	
26778	307362	
26778	307390	
26778	307963	
26778	308085	
26778	309000	
26778	309019	
26778	309210	
26778	309925	
26778	311215	
26778	312861	
26778	314109	
26778	315608	
26778	324912	
26778	325403	
26778	328612	
26778	329501	
26778	330443	
26778	331107	
26778	332761	
26778	334479	
26778	334718	
26778	334841	
26778	335085	
26778	336270	
26778	337067	
26778	337398	
26778	337415	
26778	337422	
26778	337425	
26778	337439	
26778	337906	
26778	337983	
26778	338304	
26778	338319	
26778	338322	
26778	340194	
26778	340709	
26778	341433	
26778	341720	
26778	342187	
26778	342939	
26778	344067	
26778	344716	
26778	346453	
26778	346593	
26778	346807	
26778	346827	
26778	346841	
26778	346865	
26778	346966	
26778	346973	
26778	346977	
26778	346993	
26778	347015	
26778	347037	
26778	347044	
26778	347064	
26778	347083	
26778	347106	
26778	347135	
26778	347164	
26778	347186	
26778	347187	
26778	347200	
26778	347251	
26778	347261	
26778	347266	
26778	347317	
26778	347329	
26778	347343	
26778	347344	
26778	347356	
26778	347392	
26778	347435	
26778	347447	
26778	347481	
26778	347484	
26778	347504	
26778	347522	
26778	347535	
26778	347536	
26778	347540	
26778	347553	
26778	347565	
26778	347603	
26778	347610	
26778	347635	
26778	347665	
26778	347673	
26778	347717	
26778	347722	
26778	347726	
26778	347768	
26778	347789	
26778	347841	
26778	347858	
26778	347868	
26778	347878	
26778	347888	
26778	347890	
26778	347898	
26778	347899	
26778	347903	
26778	347908	
26778	347933	
26778	347946	
26778	348025	
26778	348032	
26778	348063	
26778	348076	
26778	348083	
26778	348095	
26778	348111	
26778	348123	
26778	348132	
26778	348137	
26778	348142	
26778	348173	
26778	348202	
26778	348203	
26778	348273	
26778	348284	
26778	348298	
26778	348307	
26778	348335	
26778	348359	
26778	348364	
26778	348401	
26778	348413	
26778	348430	
26778	348431	
26778	348450	
26778	348465	
26778	348471	
26778	348488	
26778	348522	
26778	348543	
26778	348566	
26778	348573	
26778	348585	
26778	348586	
26778	348619	
26778	348650	
26778	348651	
26778	348656	
26778	348693	
26778	348701	
26778	348713	
26778	348735	
26778	348785	
26778	348796	
26778	348822	
26778	348877	
26778	348939	
26778	348941	
26778	349010	
26778	349018	
26778	349020	
26778	349071	
26778	349086	
26778	349091	
26778	349134	
26778	349145	
26778	349147	
26778	349162	
26778	349210	
26778	349217	
26778	349248	
26778	349250	
26778	349256	
26778	349287	
26778	349301	
26778	349312	
26778	349339	
26778	349344	
26778	349345	
26778	349353	
26778	349355	
26778	349363	
26778	349368	
26778	349398	
26778	349410	
26778	349424	
26778	349435	
26778	349455	
26778	349514	
26778	349528	
26778	349532	
26778	349548	
26778	349558	
26778	349602	
26778	349631	
26778	349650	
26778	349652	
26778	349670	
26778	349685	
26778	349694	
26778	349715	
26778	349733	
26778	349738	
26778	349777	
26778	349787	
26778	349841	
26778	349857	
26778	349935	
26778	349959	
26778	349969	
26778	349977	
26778	349978	
26778	350000	
26778	350007	
26778	350115	
26778	350121	
26778	350124	
26778	350191	
26778	350204	
26778	350207	
26778	350225	
26778	350235	
26778	350237	
26778	350241	
26778	350242	
26778	350281	
26778	350305	
26778	350317	
26778	350326	
26778	350349	
26778	350358	
26778	350361	
26778	350375	
26778	350387	
26778	350405	
26778	350406	
26778	350423	
26778	350425	
26778	350446	
26778	350494	
26778	350495	
26778	350508	
26778	350536	
26778	350543	
26778	350583	
26778	350628	
26778	350672	
26778	350686	
26778	350720	
26778	350735	
26778	350763	
26778	350769	
26778	350785	
26778	350796	
26778	350852	
26778	350856	
26778	350858	
26778	350866	
26778	350890	
26778	350961	
26778	350995	
26778	351010	
26778	351013	
26778	351028	
26778	351055	
26778	351099	
26778	351199	
26778	351211	
26778	351236	
26778	351261	
26778	351332	
26778	351346	
26778	351347	
26778	351355	
26778	351365	
26778	351373	
26778	351384	
26778	351387	
26778	351392	
26778	351427	
26778	351428	
26778	351432	
26778	351456	
26778	351514	
26778	351552	
26778	351567	
26778	351608	
26778	351611	
26778	351702	
26778	351709	
26778	351715	
26778	351739	
26778	351752	
26778	351760	
26778	351811	
26778	351827	
26778	351855	
26778	351926	
26778	351958	
26778	351959	
26778	351969	
26778	351975	
26778	351980	
26778	352044	
26778	352064	
26778	352071	
26778	352094	
26778	352102	
26778	352109	
26778	352118	
26778	352124	
26778	352133	
26778	352158	
26778	352162	
26778	352186	
26778	352194	
26778	352229	
26778	352239	
26778	352248	
26778	352297	
26778	352304	
26778	352392	
26778	352432	
26778	352467	
26778	352487	
26778	352506	
26778	352511	
26778	352525	
26778	352545	
26778	352562	
26778	352593	
26778	352606	
26778	352612	
26778	352654	
26778	352669	
26778	352684	
26778	352689	
26778	352711	
26778	352713	
26778	352718	
26778	352756	
26778	352772	
26778	352777	
26778	352796	
26778	352820	
26778	352839	
26778	352842	
26778	352844	
26778	352857	
26778	352862	
26778	352869	
26778	352934	
26778	352965	
26778	352972	
26778	352982	
26778	353008	
26778	353022	
26778	353023	
26778	353029	
26778	353033	
26778	353040	
26778	353067	
26778	353121	
26778	353152	
26778	353155	
26778	353167	
26778	353200	
26778	353221	
26778	353279	
26778	353300	
26778	353313	
26778	353379	
26778	353381	
26778	353385	
26778	353394	
26778	353412	
26778	353415	
26778	353436	
26778	353478	
26778	353489	
26778	353494	
26778	353511	
26778	353558	
26778	353595	
26778	353627	
26778	353637	
26778	353681	
26778	353689	
26778	356520	
26778	357037	
26778	357494	
26778	357611	
26778	357693	
26778	357793	
26778	358461	
26778	358754	
26778	358953	
26778	358956	
26778	359014	
26778	359138	
26778	359329	
26778	359413	
26778	359561	
26778	359610	
26778	360779	
26778	360794	
26778	360795	
26778	361256	
26778	361357	
26778	361458	
26778	361511	
26778	361676	
26778	362285	
26778	362575	
26778	362721	
26778	362739	
26778	362742	
26778	362953	
26778	362967	
26778	363452	
26778	363891	
26778	363984	
26778	363991	
26778	364048	
26778	364113	
26778	364146	
26778	364151	
26778	364238	
26778	364248	
26778	364288	
26778	364317	
26778	364333	
26778	364404	
26778	364599	
26778	364609	
26778	364648	
26778	364652	
26778	364791	
26778	364893	
26778	364908	
26778	364988	
26778	365056	
26778	365125	
26778	365144	
26778	365244	
26778	365276	
26778	365283	
26778	365300	
26778	365333	
26778	365404	
26778	365419	
26778	365445	
26778	365452	
26778	365461	
26778	365478	
26778	365517	
26778	365840	
26778	365856	
26778	366313	
26778	366346	
26778	366347	
26778	366348	
26778	366349	
26778	366371	
26778	366387	
26778	366391	
26778	366398	
26778	366411	
26778	366460	
26778	366497	
26778	366530	
26778	366586	
26778	366599	
26778	366636	
26778	366637	
26778	366653	
26778	366680	
26778	366703	
26778	366731	
26778	366738	
26778	366751	
26778	366754	
26778	366765	
26778	366808	
26778	366816	
26778	366824	
26778	366829	
26778	366841	
26778	366864	
26778	366881	
26778	366882	
26778	366914	
26778	366926	
26778	366940	
26778	366974	
26778	366978	
26778	367023	
26778	367079	
26778	367143	
26778	367155	
26778	367192	
26778	367226	
26778	367230	
26778	367237	
26778	367239	
26778	367324	
26778	367338	
26778	367377	
26778	367401	
26778	367437	
26778	367497	
26778	367536	
26778	367555	
26778	367562	
26778	367572	
26778	367573	
26778	367583	
26778	367597	
26778	367600	
26778	367747	
26778	367781	
26778	367817	
26778	367846	
26778	367894	
26778	367927	
26778	367956	
26778	367962	
26778	368026	
26778	368038	
26778	368053	
26778	368056	
26778	368089	
26778	368115	
26778	368152	
26778	368215	
26778	368255	
26778	368317	
26778	368364	
26778	368440	
26778	368446	
26778	368456	
26778	368470	
26778	368476	
26778	368497	
26778	368505	
26778	368513	
26778	368537	
26778	368570	
26778	368583	
26778	368584	
26778	368591	
26778	368592	
26778	368598	
26778	368610	
26778	368629	
26778	368630	
26778	368640	
26778	368642	
26778	368679	
26778	368756	
26778	368770	
26778	368787	
26778	368790	
26778	368813	
26778	368847	
26778	368848	
26778	368869	
26778	368905	
26778	368920	
26778	368991	
26778	369000	
26778	369001	
26778	369017	
26778	369060	
26778	369069	
26778	369090	
26778	369105	
26778	369116	
26778	369212	
26778	369227	
26778	369272	
26778	369292	
26778	369318	
26778	369325	
26778	369339	
26778	369367	
26778	369380	
26778	369385	
26778	369390	
26778	369392	
26778	369434	
26778	369443	
26778	369487	
26778	369493	
26778	369547	
26778	369613	
26778	369620	
26778	369680	
26778	369711	
26778	369713	
26778	369727	
26778	369729	
26778	369743	
26778	369747	
26778	369777	
26778	369805	
26778	369818	
26778	369822	
26778	369876	
26778	369896	
26778	369936	
26778	369958	
26778	370028	
26778	370035	
26778	370036	
26778	370073	
26778	370138	
26778	370154	
26778	370208	
26778	370222	
26778	370240	
26778	370307	
26778	370367	
26778	370391	
26778	370423	
26778	370470	
26778	370479	
26778	370487	
26778	370492	
26778	370521	
26778	370530	
26778	370539	
26778	370585	
26778	370599	
26778	370606	
26778	370607	
26778	370620	
26778	370642	
26778	370649	
26778	370659	
26778	370670	
26778	370684	
26778	370718	
26778	370778	
26778	370811	
26778	370824	
26778	370826	
26778	370867	
26778	370925	
26778	370948	
26778	370950	
26778	370955	
26778	370969	
26778	370987	
26778	371013	
26778	371041	
26778	371042	
26778	371045	
26778	371062	
26778	371074	
26778	371093	
26778	371132	
26778	371142	
26778	371149	
26778	371150	
26778	371156	
26778	371173	
26778	371220	
26778	371251	
26778	371266	
26778	371268	
26778	371275	
26778	371293	
26778	371369	
26778	371385	
26778	371437	
26778	371451	
26778	371460	
26778	371490	
26778	371496	
26778	371518	
26778	371546	
26778	371576	
26778	371612	
26778	371622	
26778	371672	
26778	371691	
26778	371702	
26778	371712	
26778	371784	
26778	371890	
26778	371911	
26778	371945	
26778	371971	
26778	371995	
26778	372025	
26778	372059	
26778	372077	
26778	372116	
26778	372156	
26778	372207	
26778	372211	
26778	372267	
26778	372269	
26778	372288	
26778	372310	
26778	372329	
26778	372405	
26778	372481	
26778	372482	
26778	372498	
26778	372535	
26778	372552	
26778	372600	
26778	372620	
26778	372632	
26778	372899	
26778	372902	
26778	372929	
26778	372935	
26778	372957	
26778	372981	
26778	372994	
26778	373090	
26778	373104	
26778	373148	
26778	373167	
26778	373210	
26778	373316	
26778	373407	
26778	373995	
26778	374169	
26778	374190	
26778	374229	
26778	374710	
26778	375185	
26778	375769	
26778	375955	
26778	376034	
26778	376057	
26778	376095	
26778	376096	
26778	376102	
26778	376109	
26778	376142	
26778	376153	
26778	376187	
26778	376230	
26778	376246	
26778	376256	
26778	376316	
26778	376333	
26778	376437	
26778	376449	
26778	376468	
26778	376494	
26778	376537	
26778	376541	
26778	376554	
26778	376621	
26778	376681	
26778	376688	
26778	376704	
26778	376739	
26778	376752	
26778	376851	
26778	376871	
26778	376909	
26778	376944	
26778	376953	
26778	376961	
26778	377005	
26778	377020	
26778	377057	
26778	377065	
26778	377120	
26778	377218	
26778	377279	
26778	377457	
26778	377618	
26778	377620	
26778	377661	
26778	377868	
26778	377893	
26778	377914	
26778	377938	
26778	377941	
26778	377956	
26778	378281	
26778	378379	
26778	378702	
26778	378869	
26778	378903	
26778	379436	
26778	379588	
26778	379700	
26778	380280	
26778	380315	
26778	380418	
26778	380594	
26778	381054	
26778	381653	
26778	382644	
26778	390171	
26778	390932	
26778	391114	
26778	392560	
26778	393847	
26778	395319	
26778	396762	
26778	400828	
26778	401806	
26778	403449	
26778	404785	
26778	405428	
26778	405884	
26778	405896	
26778	406916	
26778	406935	
26778	407150	
26778	409547	
26778	413380	
26778	419580	
26778	420424	
26778	421142	
26778	421479	
26778	421483	
26778	425323	
26778	428027	
26778	429877	
26778	430701	
26778	431430	
26778	431573	
26778	431657	
26778	439820	
26778	439992	
26778	440813	
26778	442351	
26778	444566	
26778	445363	
26778	445885	
26778	446640	
26778	446667	
26778	446681	
26778	446693	
26778	446695	
26778	446703	
26778	446859	
26778	446973	
26778	447237	
26778	447532	
26778	447952	
26778	448307	
26778	448458	
26778	448467	
26778	448524	
26778	448536	
26778	448537	
26778	449406	
26778	449443	
26778	449455	
26778	449472	
26778	449495	
26778	449514	
26778	449557	
26778	449576	
26778	449615	
26778	449617	
26778	449621	
26778	449957	
26778	450591	
26778	451109	
26778	451740	
26778	452041	
26778	452994	
26778	453823	
26778	453834	
26778	453872	
26778	453873	
26778	454000	
26778	454006	
26778	454451	
26778	455132	
26778	455202	
26778	455921	
26778	455946	
26778	456698	
26778	456752	
26778	456786	
26778	456814	
26778	456850	
26778	456853	
26778	456894	
26778	456928	
26778	456965	
26778	457084	
26778	457144	
26778	457214	
26778	457845	
26778	457847	
26778	457852	
26778	457854	
26778	457859	
26778	458386	
26778	458413	
26778	458498	
26778	459875	
26778	460374	
26778	460437	
26778	460447	
26778	461925	
26778	464425	
26778	464730	
26778	464902	
26778	465377	
26778	466017	
26778	466131	
26778	466630	
26778	466927	
26778	466972	
26778	467031	
26778	467109	
26778	467138	
26778	467157	
26778	467386	
26778	468228	
26778	470038	
26778	470164	
26778	470314	
26778	470410	
26778	470827	
26778	471482	
26778	471652	
26778	471711	
26778	471758	
26778	471781	
26778	471861	
26778	471881	
26778	471897	
26778	471982	
26778	472011	
26778	473459	
26778	473470	
26778	473580	
26778	473584	
26778	473684	
26778	473717	
26778	473788	
26778	473867	
26778	474079	
26778	478658	
26778	479497	
26778	480132	
26778	480209	
26778	480277	
26778	480281	
26778	480326	
26778	480347	
26778	480452	
26778	480540	
26778	480563	
26778	480565	
26778	480566	
26778	480763	
26778	481419	
26778	481540	
26778	482727	
26778	485531	
26778	486024	
26778	487542	
26778	487844	
26778	488263	
26778	488757	
26778	488807	
26778	489772	
26778	492301	
26778	493304	
26778	497869	
26778	503513	
26778	505920	
26778	506445	
26778	508606	
26778	508669	
26778	511311	
26778	513810	
26778	514449	
26778	515194	
26778	515328	
26778	515525	
26778	521762	
26778	523004	
26778	523182	
26778	523594	
26778	525354	
26778	525357	
26778	525367	
26778	525378	
26778	525395	
26778	525453	
26778	525457	
26778	525464	
26778	525474	
26778	525482	
26778	525489	
26778	525500	
26778	525546	
26778	525577	
26778	525654	
26778	525716	
26778	525741	
26778	525742	
26778	525753	
26778	525768	
26778	525843	
26778	525853	
26778	525857	
26778	525922	
26778	525936	
26778	525957	
26778	525968	
26778	525985	
26778	526098	
26778	526112	
26778	526140	
26778	526143	
26778	526157	
26778	526219	
26778	526259	
26778	526290	
26778	526298	
26778	526329	
26778	526345	
26778	526372	
26778	526403	
26778	526437	
26778	526438	
26778	526552	
26778	526620	
26778	526633	
26778	526681	
26778	526824	
26778	526942	
26778	527369	
26778	527603	
26778	528875	
26778	533004	
26778	533091	
26778	538297	
26778	540418	
26778	540454	
26778	542586	
26778	543208	
26778	547356	
26778	548717	
26778	549182	
26778	549582	
26778	549743	
26778	550663	
26778	551927	
26778	553403	
26778	553415	
26778	553636	
26778	554263	
26778	555670	
26778	558531	
26778	560477	
26778	563462	
26778	565013	
26778	566729	
26778	568297	
26778	568593	
26778	571567	
26778	572497	
26778	572907	
26778	575494	
26778	577274	
26778	577275	
26778	577278	
26778	577292	
26778	577297	
26778	577435	
26778	578305	
26778	578330	
26778	578372	
26778	578397	
26778	578458	
26778	579425	
26778	579668	
26778	585432	
26778	585434	
26778	586332	
26778	586777	
26778	590647	
26778	592115	
26778	592194	
26778	592332	
26778	592595	
26778	593391	
26778	599984	
26778	600990	
26778	601348	
26778	603218	
26778	603621	
26778	604174	
26778	606473	
26778	606658	
26778	606689	
26778	606788	
26778	607268	
26778	608390	
26778	608549	
26778	608953	
26778	608990	
26778	609725	
26778	610049	
26778	610747	
26778	610757	
26778	610768	
26778	610856	
26778	610990	
26778	611023	
26778	611113	
26778	612401	
26778	612437	
26778	612487	
26778	612519	
26778	612776	
26778	614260	
26778	614751	
26778	615108	
26778	616043	
26778	616052	
26778	617627	
26778	617827	
26778	618375	
26778	619260	
26778	619719	
26778	621040	
26778	622099	
26778	622665	
26778	623842	
26778	626330	
26778	626846	
26778	627937	
26778	631436	
26778	632738	
26778	634099	
26778	635199	
26778	636151	
26778	638796	
26778	640995	
26778	641636	
26778	641650	
26778	641984	
26778	642330	
26778	642358	
26778	642589	
26778	642593	
26778	642628	
26778	642633	
26778	644368	
26778	645454	
26778	647302	
26778	648093	
26778	648136	
26778	648139	
26778	648153	
26778	648159	
26778	648195	
26778	648230	
26778	648246	
26778	648271	
26778	648275	
26778	648282	
26778	648302	
26778	648316	
26778	648319	
26778	648329	
26778	648385	
26778	648394	
26778	648511	
26778	650825	
26778	651019	
26778	654133	
26778	656360	
26778	658169	
26778	658763	
26778	663122	
26778	665351	
26778	665831	
26778	665865	
26778	666842	
26778	667556	
26778	672387	
26778	672759	
26778	672762	
26778	672783	
26778	675931	
26778	676769	
26778	676860	
26778	679654	
26778	679726	
26778	679876	
26778	680837	
26778	681275	
26778	681348	
26778	682587	
26778	682592	
26778	682602	
26778	682616	
26778	682646	
26778	682686	
26778	686653	
26778	687627	
26778	687960	
26778	688069	
26778	690161	
26778	692707	
26778	692930	
26778	693877	
26778	693997	
26778	694118	
26778	694133	
26778	694166	
26778	694265	
26778	694425	
26778	694530	
26778	694573	
26778	695344	
26778	695358	
26778	695368	
26778	695380	
26778	695386	
26778	695392	
26778	695397	
26778	695422	
26778	695424	
26778	695442	
26778	695470	
26778	695472	
26778	695511	
26778	695546	
26778	695556	
26778	695562	
26778	695681	
26778	695717	
26778	695723	
26778	695737	
26778	696553	
26778	696900	
26778	697200	
26778	697295	
26778	697315	
26778	697418	
26778	697444	
26778	697452	
26778	697495	
26778	697501	
26778	697524	
26778	697535	
26778	697556	
26778	697598	
26778	697599	
26778	697604	
26778	697606	
26778	697697	
26778	697722	
26778	697905	
26778	697937	
26778	698066	
26778	698425	
26778	698434	
26778	698515	
26778	698904	
26778	698912	
26778	698917	
26778	698924	
26778	698929	
26778	699080	
26778	699601	
26778	699637	
26778	699675	
26778	699719	
26778	700408	
26778	700589	
26778	700773	
26778	700916	
26778	701018	
26778	701119	
26778	701150	
26778	701152	
26778	701188	
26778	701244	
26778	701257	
26778	701873	
26778	702071	
26778	703532	
26778	703559	
26778	703944	
26778	703972	
26778	704042	
26778	704064	
26778	704067	
26778	704073	
26778	704121	
26778	704167	
26778	704247	
26778	704253	
26778	704261	
26778	704641	
26778	704653	
26778	704656	
26778	704889	
26778	705523	
26778	705535	
26778	705637	
26778	705752	
26778	705793	
26778	705810	
26778	705833	
26778	705874	
26778	705937	
26778	706181	
26778	706206	
26778	708516	
26778	709615	
26778	710496	
26778	710872	
26778	711266	
26778	713371	
26778	715437	
26778	715782	
26778	716670	
26778	718662	
26778	719491	
26778	720163	
26778	720827	
26778	722279	
26778	722425	
26778	723352	
26778	723918	
26778	724663	
26778	724669	
26778	724673	
26778	724674	
26778	724709	
26778	725799	
26778	726269	
26778	726607	
26778	727913	
26778	727922	
26778	727981	
26778	727988	
26778	728042	
26778	728046	
26778	728053	
26778	728071	
26778	728074	
26778	728136	
26778	728139	
26778	728154	
26778	728179	
26778	728195	
26778	728212	
26778	728239	
26778	728245	
26778	728532	
26778	729948	
26778	729966	
26778	730033	
26778	730443	
26778	731265	
26778	731299	
26778	731300	
26778	731563	
26778	731773	
26778	733124	
26778	733168	
26778	733169	
26778	733185	
26778	733239	
26778	733268	
26778	733270	
26778	733315	
26778	733415	
26778	733436	
26778	733464	
26778	733539	
26778	733543	
26778	733547	
26778	733576	
26778	733587	
26778	733644	
26778	733656	
26778	733657	
26778	733658	
26778	733705	
26778	734415	
26778	734626	
26778	736492	
26778	736900	
26778	739899	
26778	739935	
26778	744507	
26778	746326	
26778	749155	
26778	749191	
26778	749227	
26778	749299	
26778	749302	
26778	750283	
26778	751502	
26778	751594	
26778	751982	
26778	753020	
26778	753322	
26778	753326	
26778	753344	
26778	753346	
26778	753359	
26778	753360	
26778	753366	
26778	754532	
26778	756563	
26778	756588	
26778	756713	
26778	756779	
26778	757221	
26778	757395	
26778	763793	
26778	763916	
26778	765786	
26778	765838	
26778	765842	
26778	765936	
26778	771109	
26778	771765	
26778	774898	
26778	774900	
26778	774902	
26778	774904	
26778	774906	
26778	774910	
26778	774914	
26778	774916	
26778	774918	
26778	774919	
26778	774922	
26778	774924	
26778	774925	
26778	774928	
26778	774929	
26778	774931	
26778	774934	
26778	774936	
26778	774939	
26778	774941	
26778	774942	
26778	774945	
26778	774946	
26778	774948	
26778	774952	
26778	774954	
26778	774956	
26778	774958	
26778	774962	
26778	774964	
26778	774967	
26778	774971	
26778	774973	
26778	774977	
26778	774982	
26778	774983	
26778	774988	
26778	774993	
26778	774995	
26778	774997	
26778	774999	
26778	775001	
26778	775003	
26778	775007	
26778	775012	
26778	775015	
26778	775017	
26778	775021	
26778	775025	
26778	775028	
26778	775030	
26778	775035	
26778	775036	
26778	775039	
26778	775042	
26778	775044	
26778	775046	
26778	775049	
26778	775051	
26778	775053	
26778	775055	
26778	775058	
26778	775063	
26778	775067	
26778	775070	
26778	775071	
26778	775073	
26778	775076	
26778	775081	
26778	775083	
26778	775086	
26778	775088	
26778	775092	
26778	775095	
26778	775097	
26778	775099	
26778	775101	
26778	775102	
26778	775104	
26778	775109	
26778	775110	
26778	775111	
26778	775112	
26778	775113	
26778	775114	
26778	775115	
26778	775116	
26778	775117	
26778	775118	
26778	775119	
26778	775120	
26778	775121	
26778	775122	
26778	775123	
26778	775124	
26778	775125	
26778	775126	
26778	775127	
26778	775128	
26778	775129	
26778	775130	
26778	775131	
26778	775132	
26778	775133	
26778	775134	
26778	775135	
26778	775136	
26778	775137	
26778	775138	
26778	775139	
26778	775140	
26778	775141	
26778	775142	
26778	775143	
26778	775144	
26778	775145	
26778	775146	
26778	775147	
26778	775148	
26778	775149	
26778	775150	
26778	775151	
26778	775152	
26778	775153	
26778	775154	
26778	775155	
26778	775156	
26778	775157	
26778	775158	
26778	775159	
26778	775160	
26778	775161	
26778	775162	
26778	775163	
26778	775164	
26778	775165	
26778	775166	
26778	775167	
26778	775168	
26778	775169	
26778	775170	
26778	775171	
26778	775172	
26778	775173	
26778	775174	
26778	775175	
26778	775176	
26778	775177	
26778	775178	
26778	775179	
26778	775180	
26778	775181	
26778	775182	
26778	775183	
26778	775184	
26778	775185	
26778	775186	
26778	775187	
26778	775188	
26778	775189	
26778	775190	
26778	775191	
26778	775192	
26778	775193	
26778	775194	
26778	775195	
26778	775196	
26778	775197	
26778	775198	
26778	775199	
26778	775200	
26778	775201	
26778	775202	
26778	775203	
26778	775204	
26778	775205	
26778	775206	
26778	775207	
26778	775208	
26778	775209	
26778	775210	
26778	775211	
26778	775212	
26778	775213	
26778	775214	
26778	775215	
26778	775216	
26778	775217	
26778	775218	
26778	775219	
26778	775220	
26778	775221	
26778	775222	
26778	775223	
26778	775224	
26778	775225	
26778	775226	
26778	775227	
26778	775228	
26778	775229	
26778	775230	
26778	775231	
26778	775232	
26778	775233	
26778	775234	
26778	775235	
26778	775236	
26778	775237	
26778	775238	
26778	775239	
26778	775240	
26778	775241	
26778	775242	
26778	775243	
26778	775245	
26778	775247	
26778	775249	
26778	775250	
26778	775251	
26778	775252	
26778	775253	
26778	775254	
26778	775255	
26778	775256	
26778	775257	
26778	775260	
26778	775261	
26778	775262	
26778	775263	
26778	775264	
26778	775265	
26778	775266	
26778	775267	
26778	775268	
26778	775270	
26778	775272	
26778	775274	
26778	775275	
26778	775276	
26778	775277	
26778	775278	
26778	775279	
26778	775280	
26778	775281	
26778	775282	
26778	775283	
26778	775284	
26778	775285	
26778	775286	
26778	775287	
26778	775289	
26778	775290	
26778	775291	
26778	775292	
26778	775293	
26778	775294	
26778	775295	
26778	775296	
26778	775298	
26778	775299	
26778	775300	
26778	775301	
26778	775302	
26778	775303	
26778	775304	
26778	775305	
26778	775306	
26778	775307	
26778	775308	
26778	775309	
26778	775310	
26778	775311	
26778	775312	
26778	775313	
26778	775314	
26778	775315	
26778	775316	
26778	775317	
26778	775318	
26778	775319	
26778	775320	
26778	775321	
26778	775322	
26778	775323	
26778	775324	
26778	775325	
26778	775326	
26778	775327	
26778	775328	
26778	775329	
26778	775331	
26778	775332	
26778	775333	
26778	775334	
26778	775335	
26778	775336	
26778	775338	
26778	775339	
26778	775340	
26778	775341	
26778	775342	
26778	775344	
26778	775345	
26778	775346	
26778	775347	
26778	775349	
26778	775350	
26778	775351	
26778	775352	
26778	775353	
26778	775354	
26778	775355	
26778	775356	
26778	775357	
26778	775358	
26778	775359	
26778	775360	
26778	775361	
26778	775362	
26778	775363	
26778	775364	
26778	775365	
26778	775366	
26778	775367	
26778	775368	
26778	775369	
26778	775370	
26778	775371	
26778	775372	
26778	775373	
26778	775374	
26778	775375	
26778	775377	
26778	775378	
26778	775379	
26778	775380	
26778	775381	
26778	775382	
26778	775383	
26778	775385	
26778	775386	
26778	775387	
26778	775388	
26778	775389	
26778	775390	
26778	775391	
26778	775392	
26778	775393	
26778	775395	
26778	775396	
26778	775398	
26778	775400	
26778	775401	
26778	775402	
26778	775403	
26778	775404	
26778	775405	
26778	775407	
26778	775408	
26778	775409	
26778	775410	
26778	775411	
26778	775412	
26778	775415	
26778	775416	
26778	775417	
26778	775418	
26778	775419	
26778	775420	
26778	775421	
26778	775423	
26778	775424	
26778	775425	
26778	775426	
26778	775427	
26778	775428	
26778	775429	
26778	775430	
26778	775431	
26778	775432	
26778	775433	
26778	775434	
26778	775435	
26778	775436	
26778	775438	
26778	775439	
26778	775440	
26778	775441	
26778	775442	
26778	775443	
26778	775444	
26778	775445	
26778	775446	
26778	775447	
26778	775448	
26778	775449	
26778	775450	
26778	775452	
26778	775453	
26778	775455	
26778	775457	
26778	775458	
26778	775459	
26778	775462	
26778	775463	
26778	775466	
26778	775468	
26778	775469	
26778	775472	
26778	775473	
26778	775475	
26778	775477	
26778	775478	
26778	775479	
26778	775481	
26778	775483	
26778	775485	
26778	775486	
26778	775487	
26778	775489	
26778	775490	
26778	775492	
26778	775493	
26778	775495	
26778	775496	
26778	775498	
26778	775500	
26778	775501	
26778	775503	
26778	775504	
26778	775505	
26778	775507	
26778	775508	
26778	775511	
26778	775512	
26778	775513	
26778	775516	
26778	775518	
26778	775519	
26778	775520	
26778	775522	
26778	775525	
26778	775527	
26778	775528	
26778	775529	
26778	775531	
26778	775533	
26778	775534	
26778	775535	
26778	775536	
26778	775537	
26778	775538	
26778	775539	
26778	775540	
26778	775541	
26778	775542	
26778	775543	
26778	775545	
26778	775546	
26778	775547	
26778	775548	
26778	775549	
26778	775550	
26778	775551	
26778	775552	
26778	775553	
26778	775555	
26778	775556	
26778	775557	
26778	775558	
26778	775560	
26778	775561	
26778	775562	
26778	775564	
26778	775565	
26778	775567	
26778	775568	
26778	775569	
26778	775570	
26778	775572	
26778	775573	
26778	775574	
26778	775576	
26778	775578	
26778	775580	
26778	775581	
26778	775583	
26778	775584	
26778	775585	
26778	775587	
26778	775588	
26778	775590	
26778	775593	
26778	775596	
26778	775597	
26778	775598	
26778	775599	
26778	775600	
26778	775601	
26778	775602	
26778	775604	
26778	775605	
26778	775606	
26778	775608	
26778	775611	
26778	775613	
26778	775616	
26778	775617	
26778	775619	
26778	775620	
26778	775621	
26778	775622	
26778	775624	
26778	775625	
26778	775626	
26778	775627	
26778	775628	
26778	775630	
26778	775631	
26778	775633	
26778	775636	
26778	775638	
26778	775641	
26778	775642	
26778	775644	
26778	775647	
26778	775649	
26778	775650	
26778	775652	
26778	775653	
26778	775654	
26778	775655	
26778	775656	
26778	775657	
26778	775658	
26778	775659	
26778	775660	
26778	775661	
26778	775662	
26778	775663	
26778	775664	
26778	775665	
26778	775666	
26778	775667	
26778	775668	
26778	775669	
26778	775670	
26778	775671	
26778	775672	
26778	775673	
26778	775674	
26778	775675	
26778	775676	
26778	775677	
26778	775678	
26778	775679	
26778	775680	
26778	775681	
26778	775682	
26778	775683	
26778	775684	
26778	775685	
26778	775686	
26778	775687	
26778	775688	
26778	775689	
26778	775690	
26778	775691	
26778	775692	
26778	775693	
26778	775694	
26778	775695	
26778	775696	
26778	775697	
26778	775698	
26778	775699	
26778	775700	
26778	775701	
26778	775702	
26778	775703	
26778	775704	
26778	775705	
26778	775706	
26778	775707	
26778	775708	
26778	775709	
26778	775710	
26778	775711	
26778	775712	
26778	775713	
26778	775714	
26778	775715	
26778	775716	
26778	775717	
26778	775718	
26778	775719	
26778	775720	
26778	775721	
26778	775722	
26778	775723	
26778	775724	
26778	775725	
26778	775726	
26778	775727	
26778	775728	
26778	775729	
26778	775730	
26778	775731	
26778	775732	
26778	775733	
26778	775734	
26778	775735	
26778	775736	
26778	775737	
26778	775738	
26778	775739	
26778	775740	
26778	775741	
26778	775742	
26778	775743	
26778	775744	
26778	775745	
26778	775746	
26778	775747	
26778	775748	
26778	775749	
26778	775750	
26778	775751	
26778	775752	
26778	775753	
26778	775754	
26778	775755	
26778	775756	
26778	775757	
26778	775758	
26778	775759	
26778	775760	
26778	775761	
26778	775762	
26778	775763	
26778	775764	
26778	775765	
26778	775766	
26778	775767	
26778	775768	
26778	775769	
26778	775771	
26778	775772	
26778	775773	
26778	775774	
26778	775775	
26778	775776	
26778	775777	
26778	775778	
26778	775779	
26778	775780	
26778	775781	
26778	775782	
26778	775783	
26778	775784	
26778	775785	
26778	775786	
26778	775787	
26778	775788	
26778	775789	
26778	775790	
26778	775791	
26778	775792	
26778	775793	
26778	775794	
26778	775795	
26778	775796	
26778	775797	
26778	775798	
26778	775799	
26778	775800	
26778	775801	
26778	775802	
26778	775803	
26778	775805	
26778	775806	
26778	775807	
26778	775808	
26778	775809	
26778	775810	
26778	775811	
26778	775812	
26778	775813	
26778	775814	
26778	775815	
26778	775816	
26778	775817	
26778	775818	
26778	775819	
26778	775820	
26778	775821	
26778	775822	
26778	775823	
26778	775824	
26778	775827	
26778	775829	
26778	775830	
26778	775831	
26778	775832	
26778	775833	
26778	775834	
26778	775835	
26778	775836	
26778	775838	
26778	775839	
26778	775840	
26778	775841	
26778	775842	
26778	775843	
26778	775844	
26778	775845	
26778	775846	
26778	775848	
26778	775849	
26778	775851	
26778	775853	
26778	775854	
26778	775855	
26778	775856	
26778	775857	
26778	775858	
26778	775859	
26778	775860	
26778	775861	
26778	775862	
26778	775863	
26778	775864	
26778	775866	
26778	775868	
26778	775869	
26778	775871	
26778	775872	
26778	775873	
26778	775874	
26778	775875	
26778	775876	
26778	775878	
26778	775879	
26778	775880	
26778	775881	
26778	775883	
26778	775885	
26778	775888	
26778	775889	
26778	775890	
26778	775891	
26778	775892	
26778	775893	
26778	775894	
26778	775895	
26778	775896	
26778	775897	
26778	775898	
26778	775899	
26778	775900	
26778	775901	
26778	775902	
26778	775903	
26778	775904	
26778	775905	
26778	775906	
26778	775907	
26778	775908	
26778	775909	
26778	775910	
26778	775911	
26778	775912	
26778	775913	
26778	775914	
26778	775915	
26778	775916	
26778	775917	
26778	775918	
26778	775919	
26778	775920	
26778	775921	
26778	775922	
26778	775923	
26778	775924	
26778	775925	
26778	775926	
26778	775927	
26778	775928	
26778	775929	
26778	775930	
26778	775931	
26778	775932	
26778	775933	
26778	775934	
26778	775935	
26778	775936	
26778	775937	
26778	775938	
26778	775939	
26778	775940	
26778	775941	
26778	775942	
26778	775943	
26778	775944	
26778	775945	
26778	775946	
26778	775947	
26778	775948	
26778	775949	
26778	775950	
26778	775951	
26778	775952	
26778	775953	
26778	775954	
26778	775955	
26778	775956	
26778	775957	
26778	775958	
26778	775959	
26778	775960	
26778	775961	
26778	775962	
26778	775963	
26778	775964	
26778	775965	
26778	775966	
26778	775967	
26778	775968	
26778	775969	
26778	775970	
26778	775971	
26778	775972	
26778	775973	
26778	775974	
26778	775975	
26778	775976	
26778	775977	
26778	775978	
26778	775979	
26778	775980	
26778	775981	
26778	775982	
26778	775983	
26778	775984	
26778	775985	
26778	775986	
26778	775987	
26778	775988	
26778	775989	
26778	775990	
26778	775991	
26778	775992	
26778	775994	
26778	775995	
26778	775996	
26778	775997	
26778	775998	
26778	776000	
26778	776001	
26778	776002	
26778	776004	
26778	776005	
26778	776006	
26778	776007	
26778	776008	
26778	776009	
26778	776011	
26778	776013	
26778	776015	
26778	776016	
26778	776019	
26778	776020	
26778	776022	
26778	776025	
26778	776026	
26778	776027	
26778	776028	
26778	776031	
26778	776033	
26778	776034	
26778	776036	
26778	776039	
26778	776043	
26778	776044	
26778	776047	
26778	776048	
26778	776049	
26778	776052	
26778	776054	
26778	776057	
26778	776058	
26778	776059	
26778	776060	
26778	776063	
26778	776064	
26778	776065	
26778	776067	
26778	776068	
26778	776070	
26778	776071	
26778	776074	
26778	776075	
26778	776076	
26778	776077	
26778	776079	
26778	776081	
26778	776082	
26778	776083	
26778	776084	
26778	776085	
26778	776087	
26778	776089	
26778	776090	
26778	776093	
26778	776094	
26778	776095	
26778	776096	
26778	776099	
26778	776102	
26778	776103	
26778	776105	
26778	776106	
26778	776109	
26778	776110	
26778	776111	
26778	776112	
26778	776114	
26778	776115	
26778	776116	
26778	776117	
26778	776118	
26778	776119	
26778	776120	
26778	776121	
26778	776122	
26778	776124	
26778	776125	
26778	776126	
26778	776128	
26778	776129	
26778	776130	
26778	776131	
26778	776133	
26778	776135	
26778	776136	
26778	776139	
26778	776140	
26778	776142	
26778	776143	
26778	776144	
26778	776151	
26778	776152	
26778	776155	
26778	776157	
26778	776158	
26778	776160	
26778	776162	
26778	776164	
26778	776166	
26778	776167	
26778	776168	
26778	776170	
26778	776172	
26778	776174	
26778	776176	
26778	776177	
26778	776178	
26778	776179	
26778	776181	
26778	776182	
26778	776183	
26778	776184	
26778	776185	
26778	776186	
26778	776187	
26778	776188	
26778	776189	
26778	776190	
26778	776191	
26778	776192	
26778	776193	
26778	776195	
26778	776196	
26778	776198	
26778	776200	
26778	776201	
26778	776204	
26778	776205	
26778	776207	
26778	776208	
26778	776211	
26778	776213	
26778	776214	
26778	776216	
26778	776218	
26778	776220	
26778	776225	
26778	776228	
26778	776229	
26778	776230	
26778	776231	
26778	776232	
26778	776233	
26778	776234	
26778	776235	
26778	776236	
26778	776237	
26778	776238	
26778	776239	
26778	776240	
26778	776241	
26778	776242	
26778	776243	
26778	776244	
26778	776245	
26778	776246	
26778	776247	
26778	776248	
26778	776251	
26778	776252	
26778	776254	
26778	776255	
26778	776256	
26778	776257	
26778	776258	
26778	776260	
26778	776261	
26778	776262	
26778	776263	
26778	776264	
26778	776265	
26778	776266	
26778	776267	
26778	776268	
26778	776269	
26778	776270	
26778	776271	
26778	776272	
26778	776273	
26778	776274	
26778	776275	
26778	776276	
26778	776277	
26778	776278	
26778	776279	
26778	776280	
26778	776281	
26778	776282	
26778	776283	
26778	776284	
26778	776285	
26778	776287	
26778	776288	
26778	776289	
26778	776290	
26778	776291	
26778	776292	
26778	776294	
26778	776295	
26778	776296	
26778	776297	
26778	776298	
26778	776299	
26778	776301	
26778	776302	
26778	776303	
26778	776304	
26778	776306	
26778	776307	
26778	776308	
26778	776309	
26778	776311	
26778	776312	
26778	776313	
26778	776314	
26778	776315	
26778	776316	
26778	776317	
26778	776318	
26778	776319	
26778	776320	
26778	776321	
26778	776322	
26778	776323	
26778	776324	
26778	776325	
26778	776326	
26778	776327	
26778	776328	
26778	776330	
26778	776331	
26778	776332	
26778	776333	
26778	776334	
26778	776335	
26778	776336	
26778	776338	
26778	776339	
26778	776340	
26778	776341	
26778	776342	
26778	776343	
26778	776344	
26778	776345	
26778	776346	
26778	776347	
26778	776351	
26778	776353	
26778	776355	
26778	776356	
26778	776357	
26778	776358	
26778	776360	
26778	776362	
26778	776364	
26778	776365	
26778	776366	
26778	776367	
26778	776368	
26778	776369	
26778	776370	
26778	776371	
26778	776372	
26778	776373	
26778	776374	
26778	776375	
26778	776376	
26778	776377	
26778	776378	
26778	776379	
26778	776380	
26778	776381	
26778	776382	
26778	776383	
26778	776384	
26778	776385	
26778	776386	
26778	776387	
26778	776388	
26778	776389	
26778	776390	
26778	776391	
26778	776392	
26778	776393	
26778	776394	
26778	776395	
26778	776396	
26778	776397	
26778	776398	
26778	776399	
26778	776400	
26778	776401	
26778	776402	
26778	776403	
26778	776404	
26778	776405	
26778	776406	
26778	776407	
26778	776408	
26778	776409	
26778	776410	
26778	776411	
26778	776412	
26778	776413	
26778	776414	
26778	776415	
26778	776416	
26778	776417	
26778	776418	
26778	776419	
26778	776420	
26778	776421	
26778	776422	
26778	776423	
26778	776424	
26778	776425	
26778	776426	
26778	776428	
26778	776429	
26778	776430	
26778	776431	
26778	776432	
26778	776433	
26778	776434	
26778	776435	
26778	776436	
26778	776437	
26778	776438	
26778	776439	
26778	776440	
26778	776441	
26778	776442	
26778	776443	
26778	776446	
26778	776447	
26778	776448	
26778	776449	
26778	776450	
26778	776451	
26778	776452	
26778	776453	
26778	776454	
26778	776455	
26778	776456	
26778	776457	
26778	776458	
26778	776459	
26778	776460	
26778	776461	
26778	776462	
26778	776463	
26778	776464	
26778	776465	
26778	776466	
26778	776467	
26778	776468	
26778	776469	
26778	776470	
26778	776471	
26778	776473	
26778	776474	
26778	776475	
26778	776476	
26778	776477	
26778	776478	
26778	776479	
26778	776480	
26778	776481	
26778	776482	
26778	776483	
26778	776484	
26778	776485	
26778	776486	
26778	776487	
26778	776488	
26778	776489	
26778	776490	
26778	776491	
26778	776492	
26778	776493	
26778	776494	
26778	776495	
26778	776497	
26778	776498	
26778	776499	
26778	776500	
26778	776502	
26778	776504	
26778	776505	
26778	776506	
26778	776508	
26778	776509	
26778	776510	
26778	776512	
26778	776514	
26778	776516	
26778	776518	
26778	776521	
26778	776524	
26778	776526	
26778	776528	
26778	776529	
26778	776530	
26778	776531	
26778	776532	
26778	776533	
26778	776534	
26778	776535	
26778	776536	
26778	776537	
26778	776538	
26778	776539	
26778	776540	
26778	776541	
26778	776542	
26778	776543	
26778	776544	
26778	776545	
26778	776546	
26778	776547	
26778	776548	
26778	776549	
26778	776550	
26778	776551	
26778	776552	
26778	776553	
26778	776554	
26778	776555	
26778	776556	
26778	776557	
26778	776558	
26778	776559	
26778	776560	
26778	776562	
26778	776563	
26778	776565	
26778	776567	
26778	776568	
26778	776571	
26778	776573	
26778	776575	
26778	776576	
26778	776577	
26778	776580	
26778	776582	
26778	776583	
26778	776584	
26778	776585	
26778	776586	
26778	776587	
26778	776588	
26778	776589	
26778	776590	
26778	776591	
26778	776592	
26778	776593	
26778	776594	
26778	776595	
26778	776597	
26778	776598	
26778	776599	
26778	776600	
26778	776601	
26778	776604	
26778	776605	
26778	776606	
26778	776607	
26778	776608	
26778	776609	
26778	776610	
26778	776611	
26778	776612	
26778	776615	
26778	776616	
26778	776618	
26778	776620	
26778	776622	
26778	776624	
26778	776626	
26778	776629	
26778	776631	
26778	776633	
26778	776634	
26778	776636	
26778	776638	
26778	776639	
26778	776641	
26778	776642	
26778	776644	
26778	776647	
26778	776649	
26778	776650	
26778	776651	
26778	776653	
26778	776657	
26778	776658	
26778	776660	
26778	776661	
26778	776662	
26778	776663	
26778	776664	
26778	776665	
26778	776666	
26778	776667	
26778	776669	
26778	776671	
26778	776672	
26778	776675	
26778	776677	
26778	776678	
26778	776680	
26778	776681	
26778	776683	
26778	776685	
26778	776688	
26778	776690	
26778	776691	
26778	776694	
26778	776697	
26778	776700	
26778	776701	
26778	776702	
26778	776703	
26778	776705	
26778	776707	
26778	776709	
26778	776711	
26778	776714	
26778	776715	
26778	776716	
26778	776718	
26778	776719	
26778	776720	
26778	776722	
26778	776724	
26778	776726	
26778	776729	
26778	776730	
26778	776732	
26778	776733	
26778	776734	
26778	776736	
26778	776738	
26778	776740	
26778	776743	
26778	776744	
26778	776746	
26778	776749	
26778	776750	
26778	776755	
26778	776758	
26778	776760	
26778	776764	
26778	776766	
26778	776767	
26778	776769	
26778	776771	
26778	776772	
26778	776777	
26778	776778	
26778	776781	
26778	776782	
26778	776784	
26778	776787	
26778	776788	
26778	776789	
26778	776790	
26778	776793	
26778	776794	
26778	776796	
26778	776797	
26778	776800	
26778	776802	
26778	776804	
26778	776805	
26778	776806	
26778	776808	
26778	776813	
26778	776815	
26778	776818	
26778	776820	
26778	776822	
26778	776824	
26778	776826	
26778	776828	
26778	776831	
26778	776832	
26778	776835	
26778	776836	
26778	776838	
26778	776840	
26778	776844	
26778	776845	
26778	776848	
26778	776850	
26778	776852	
26778	776854	
26778	776855	
26778	776857	
26778	776859	
26778	776861	
26778	776863	
26778	776865	
26778	776867	
26778	776869	
26778	776872	
26778	776874	
26778	776876	
26778	776878	
26778	776880	
26778	776881	
26778	776882	
26778	776884	
26778	776887	
26778	776888	
26778	776890	
26778	776892	
26778	776893	
26778	776902	
26778	776905	
26778	776908	
26778	776910	
26778	776912	
26778	776915	
26778	776918	
26778	776920	
26778	776923	
26778	776925	
26778	776927	
26778	776930	
26778	776931	
26778	776933	
26778	776935	
26778	776939	
26778	776941	
26778	776942	
26778	776945	
26778	776946	
26778	776949	
26778	776951	
26778	776952	
26778	776954	
26778	776955	
26778	776956	
26778	776964	
26778	776966	
26778	776967	
26778	776970	
26778	776972	
26778	776973	
26778	776975	
26778	776976	
26778	776978	
26778	776983	
26778	776989	
26778	776994	
26778	776997	
26778	777000	
26778	777001	
26778	777003	
26778	777004	
26778	777008	
26778	777010	
26778	777015	
26778	777018	
26778	777022	
26778	777027	
26778	777029	
26778	777031	
26778	777032	
26778	777034	
26778	777037	
26778	777040	
26778	777044	
26778	777045	
26778	777047	
26778	777051	
26778	777055	
26778	777064	
26778	777066	
26778	777068	
26778	777070	
26778	777071	
26778	777072	
26778	777073	
26778	777074	
26778	777075	
26778	777076	
26778	777077	
26778	777078	
26778	777079	
26778	777080	
26778	777081	
26778	777082	
26778	777083	
26778	777084	
26778	777085	
26778	777086	
26778	777087	
26778	777088	
26778	777089	
26778	777090	
26778	777091	
26778	777092	
26778	777093	
26778	777094	
26778	777095	
26778	777096	
26778	777097	
26778	777098	
26778	777099	
26778	777101	
26778	777103	
26778	777104	
26778	777106	
26778	777108	
26778	777109	
26778	777110	
26778	777112	
26778	777113	
26778	777116	
26778	777117	
26778	777119	
26778	777120	
26778	777121	
26778	777122	
26778	777123	
26778	777124	
26778	777125	
26778	777126	
26778	777127	
26778	777128	
26778	777129	
26778	777130	
26778	777131	
26778	777132	
26778	777133	
26778	777134	
26778	777135	
26778	777136	
26778	777137	
26778	777138	
26778	777139	
26778	777140	
26778	777141	
26778	777142	
26778	777143	
26778	777144	
26778	777145	
26778	777146	
26778	777147	
26778	777148	
26778	777149	
26778	777150	
26778	777151	
26778	777152	
26778	777153	
26778	777154	
26778	777155	
26778	777156	
26778	777157	
26778	777158	
26778	777159	
26778	777160	
26778	777161	
26778	777162	
26778	777163	
26778	777164	
26778	777165	
26778	777166	
26778	777167	
26778	777168	
26778	777169	
26778	777170	
26778	777171	
26778	777172	
26778	777173	
26778	777174	
26778	777175	
26778	777176	
26778	777177	
26778	777178	
26778	777179	
26778	777180	
26778	777181	
26778	777182	
26778	777183	
26778	777184	
26778	777185	
26778	777186	
26778	777188	
26778	777189	
26778	777190	
26778	777191	
26778	777193	
26778	777194	
26778	777195	
26778	777196	
26778	777197	
26778	777200	
26778	777201	
26778	777202	
26778	777204	
26778	777206	
26778	777207	
26778	777211	
26778	777213	
26778	777216	
26778	777218	
26778	777223	
26778	777228	
26778	777229	
26778	777231	
26778	777233	
26778	777235	
26778	777237	
26778	777241	
26778	777243	
26778	777245	
26778	777247	
26778	777251	
26778	777253	
26778	777255	
26778	777258	
26778	777259	
26778	777261	
26778	777263	
26778	777265	
26778	777267	
26778	777269	
26778	777270	
26778	777272	
26778	777275	
26778	777277	
26778	777279	
26778	777281	
26778	777283	
26778	777287	
26778	777289	
26778	777290	
26778	777292	
26778	777294	
26778	777295	
26778	777299	
26778	777301	
26778	777303	
26778	777305	
26778	777308	
26778	777310	
26778	777311	
26778	777312	
26778	777313	
26778	777314	
26778	777315	
26778	777316	
26778	777317	
26778	777318	
26778	777319	
26778	777320	
26778	777321	
26778	777322	
26778	777323	
26778	777324	
26778	777325	
26778	777326	
26778	777327	
26778	777328	
26778	777329	
26778	777330	
26778	777331	
26778	777332	
26778	777333	
26778	777334	
26778	777335	
