3495	195225	
195174	195225	
195195	195225	
195208	195225	
195213	195225	
195215	195225	
195222	195225	
195225	195230	
195225	195232	
195225	195234	
195225	195237	
195225	195239	
195225	195244	
195225	195246	
195225	195247	
195225	195250	
195225	2689087	
55	3495	
3495	58250	
3495	185494	
3495	195160	
3495	195161	
3495	195162	
3495	195163	
3495	195164	
3495	195165	
3495	195166	
3495	195167	
3495	195168	
3495	195169	
3495	195170	
3495	195171	
3495	195172	
3495	195173	
3495	195174	
3495	195175	
3495	195176	
3495	195177	
3495	195178	
3495	195179	
3495	195180	
3495	195181	
3495	195182	
3495	195183	
3495	195184	
3495	195185	
3495	195186	
3495	195187	
3495	195188	
3495	195189	
3495	195190	
3495	195191	
3495	195192	
3495	195193	
3495	195194	
3495	195195	
3495	195196	
3495	195197	
3495	195198	
3495	195199	
3495	195200	
3495	195201	
3495	195202	
3495	195203	
3495	195204	
3495	195205	
3495	195206	
3495	195207	
3495	195208	
3495	195209	
3495	195210	
3495	195211	
3495	195212	
3495	195213	
3495	195214	
3495	195215	
3495	195216	
3495	195217	
3495	195218	
3495	195219	
3495	195220	
3495	195221	
3495	195222	
3495	195223	
3495	195224	
3495	195226	
3495	195227	
3495	195228	
3495	195229	
3495	195230	
3495	195231	
3495	195232	
3495	195233	
3495	195234	
3495	195235	
3495	195236	
3495	195237	
3495	195238	
3495	195239	
3495	195240	
3495	195241	
3495	195242	
3495	195243	
3495	195244	
3495	195245	
3495	195246	
3495	195247	
3495	195248	
3495	195249	
3495	195250	
3495	195251	
3495	195252	
3495	195253	
3495	195254	
3495	195255	
3495	195256	
95285	2689087	
195170	195208	
195174	195195	
195174	195213	
195174	195215	
195174	195222	
195174	195232	
195174	195239	
195174	195244	
195174	195246	
195174	195247	
195174	238991	
195174	419567	
195174	626255	
195174	2095807	
195174	2678535	
195174	3061566	
195195	195213	
195195	195215	
195195	195222	
195195	195230	
195195	195236	
195195	195244	
195195	2675035	
195195	2893219	
195195	2893324	
195197	195215	
195208	195213	
195208	195222	
195213	195215	
195213	195222	
195213	195230	
195213	195232	
195213	195237	
195213	195239	
195213	195244	
195213	195245	
195213	195246	
195213	195250	
195213	195252	
195213	776337	
195213	2550969	
195213	2628055	
195213	2635814	
195213	2665940	
195213	2775536	
195215	195222	
195215	195230	
195215	195232	
195215	195234	
195215	195236	
195215	195237	
195215	195244	
195222	195230	
195222	195232	
195222	195234	
195222	195237	
195222	195239	
195222	195244	
195222	195246	
195222	195247	
195230	195236	
195230	195237	
195230	195244	
195230	195249	
195230	195252	
195230	321006	
195232	195239	
195234	195252	
195237	195244	
195237	195252	
195246	195247	
195246	195250	
195247	195250	
697491	2689087	
839356	2689087	
2464149	2689087	
2581970	2689087	
2621274	2689087	
2651617	2689087	
2659945	2689087	
2679008	2689087	
2658534	2689087	
2675269	2689087	
6	55	
55	229	
55	2212	
55	2556	
55	3180	
55	3181	
55	3182	
55	3183	
55	3184	
55	3185	
55	3186	
55	3187	
55	3188	
55	3189	
55	3190	
55	3191	
55	3192	
55	3193	
55	3194	
55	3195	
55	3196	
55	3197	
55	3198	
55	3199	
55	3200	
55	3201	
55	3202	
55	3203	
55	3204	
55	3205	
55	3206	
55	3207	
55	3208	
55	3209	
55	3210	
55	3211	
55	3212	
55	3213	
55	3214	
55	3215	
55	3216	
55	3217	
55	3218	
55	3219	
55	3220	
55	3221	
55	3222	
55	3223	
55	3224	
55	3225	
55	3226	
55	3227	
55	3228	
55	3229	
55	3230	
55	3231	
55	3232	
55	3233	
55	3234	
55	3235	
55	3236	
55	3237	
55	3238	
55	3239	
55	3240	
55	3241	
55	3242	
55	3243	
55	3244	
55	3245	
55	3246	
55	3247	
55	3248	
55	3249	
55	3250	
55	3251	
55	3252	
55	3253	
55	3254	
55	3255	
55	3256	
55	3257	
55	3258	
55	3259	
55	3260	
55	3261	
55	3262	
55	3263	
55	3264	
55	3265	
55	3266	
55	3267	
55	3268	
55	3269	
55	3270	
55	3271	
55	3272	
55	3273	
55	3274	
55	3275	
55	3276	
55	3277	
55	3278	
55	3279	
55	3280	
55	3281	
55	3282	
55	3283	
55	3284	
55	3285	
55	3286	
55	3287	
55	3288	
55	3289	
55	3290	
55	3291	
55	3292	
55	3293	
55	3294	
55	3295	
55	3296	
55	3297	
55	3298	
55	3299	
55	3300	
55	3301	
55	3302	
55	3303	
55	3304	
55	3305	
55	3306	
55	3307	
55	3308	
55	3309	
55	3310	
55	3311	
55	3312	
55	3313	
55	3314	
55	3315	
55	3316	
55	3317	
55	3318	
55	3319	
55	3320	
55	3321	
55	3322	
55	3323	
55	3324	
55	3325	
55	3326	
55	3327	
55	3328	
55	3329	
55	3330	
55	3331	
55	3332	
55	3333	
55	3334	
55	3335	
55	3336	
55	3337	
55	3338	
55	3339	
55	3340	
55	3341	
55	3342	
55	3343	
55	3344	
55	3345	
55	3346	
55	3347	
55	3348	
55	3349	
55	3350	
55	3351	
55	3352	
55	3353	
55	3354	
55	3355	
55	3356	
55	3357	
55	3358	
55	3359	
55	3360	
55	3361	
55	3362	
55	3363	
55	3364	
55	3365	
55	3366	
55	3367	
55	3368	
55	3369	
55	3370	
55	3371	
55	3372	
55	3373	
55	3374	
55	3375	
55	3376	
55	3377	
55	3378	
55	3379	
55	3380	
55	3381	
55	3382	
55	3383	
55	3384	
55	3385	
55	3386	
55	3387	
55	3388	
55	3389	
55	3390	
55	3391	
55	3392	
55	3393	
55	3394	
55	3395	
55	3396	
55	3397	
55	3398	
55	3399	
55	3400	
55	3401	
55	3402	
55	3403	
55	3404	
55	3405	
55	3406	
55	3407	
55	3408	
55	3409	
55	3410	
55	3411	
55	3412	
55	3413	
55	3414	
55	3415	
55	3416	
55	3417	
55	3418	
55	3419	
55	3420	
55	3421	
55	3422	
55	3423	
55	3424	
55	3425	
55	3426	
55	3427	
55	3428	
55	3429	
55	3430	
55	3431	
55	3432	
55	3433	
55	3434	
55	3435	
55	3436	
55	3437	
55	3438	
55	3439	
55	3440	
55	3441	
55	3442	
55	3443	
55	3444	
55	3445	
55	3446	
55	3447	
55	3448	
55	3449	
55	3450	
55	3451	
55	3452	
55	3453	
55	3454	
55	3455	
55	3456	
55	3457	
55	3458	
55	3459	
55	3460	
55	3461	
55	3462	
55	3463	
55	3464	
55	3465	
55	3466	
55	3467	
55	3468	
55	3469	
55	3470	
55	3471	
55	3472	
55	3473	
55	3474	
55	3475	
55	3476	
55	3477	
55	3478	
55	3479	
55	3480	
55	3481	
55	3482	
55	3483	
55	3484	
55	3485	
55	3486	
55	3487	
55	3488	
55	3489	
55	3490	
55	3491	
55	3492	
55	3493	
55	3494	
55	3495	
55	3496	
55	3497	
55	3498	
55	3499	
55	3500	
55	3501	
55	3502	
55	3503	
55	3504	
55	3505	
55	3506	
55	3507	
55	3508	
55	3509	
55	3510	
55	3511	
55	3512	
55	3513	
55	3514	
55	3515	
55	3516	
55	3517	
55	3518	
55	3519	
55	3520	
55	3521	
55	3522	
55	3523	
55	3524	
55	3525	
55	3526	
55	3527	
55	3528	
55	3529	
55	3530	
55	3531	
55	3532	
55	3533	
55	3534	
55	3535	
55	3536	
55	3537	
55	3538	
55	3539	
55	3540	
55	3541	
55	3542	
55	47461	
55	160610	
55	2864221	
55	2953176	
1464	95285	
933	58250	
4317	238991	
6689	321006	
8625	95285	
8626	95285	
3293	185494	
3495	58250	
3495	185494	
3495	195160	
3495	195161	
3495	195162	
3495	195163	
3495	195164	
3495	195165	
3495	195166	
3495	195167	
3495	195168	
3495	195169	
3495	195170	
3495	195171	
3495	195172	
3495	195173	
3495	195175	
3495	195176	
3495	195177	
3495	195178	
3495	195179	
3495	195180	
3495	195181	
3495	195182	
3495	195183	
3495	195184	
3495	195185	
3495	195186	
3495	195187	
3495	195188	
3495	195189	
3495	195190	
3495	195191	
3495	195192	
3495	195193	
3495	195194	
3495	195196	
3495	195197	
3495	195198	
3495	195199	
3495	195200	
3495	195201	
3495	195202	
3495	195203	
3495	195204	
3495	195205	
3495	195206	
3495	195207	
3495	195209	
3495	195210	
3495	195211	
3495	195212	
3495	195214	
3495	195216	
3495	195217	
3495	195218	
3495	195219	
3495	195220	
3495	195221	
3495	195223	
3495	195224	
3495	195225	
3495	195226	
3495	195227	
3495	195228	
3495	195229	
3495	195231	
3495	195233	
3495	195235	
3495	195236	
3495	195238	
3495	195240	
3495	195241	
3495	195242	
3495	195243	
3495	195245	
3495	195248	
3495	195249	
3495	195251	
3495	195252	
3495	195253	
3495	195254	
3495	195255	
3495	195256	
12518	58250	
2862	58250	
10583	58250	
7731	58250	
9109	58250	
9830	419567	
9329	58250	
11211	58250	
14581	58250	
11060	58250	
28810	195163	
11957	58250	
12203	58250	
14873	58250	
26747	58250	
30282	58250	
16422	195173	
16272	58250	
20041	58250	
23953	58250	
17625	626255	
18281	195175	
21107	58250	
25680	697491	
21308	58250	
22170	626255	
22177	195180	
22177	697491	
22191	185494	
22226	58250	
22239	195164	
22294	58250	
21523	58250	
26557	58250	
29430	58250	
23804	58250	
23810	58250	
26778	776337	
27398	58250	
44325	58250	
30572	58250	
30635	839356	
39615	58250	
39634	58250	
40193	195185	
48563	195160	
48581	58250	
38016	58250	
38042	58250	
46219	58250	
41381	58250	
41387	58250	
41412	58250	
41419	58250	
41431	58250	
41438	58250	
41768	195173	
45083	58250	
44795	95285	
44870	195173	
44883	95285	
49248	195191	
55806	2095807	
45358	58250	
41955	195175	
46546	419567	
49136	195177	
61172	195179	
53628	195162	
55553	419567	
56310	58250	
58235	58250	
58250	58599	
58250	60292	
58250	60454	
58250	60478	
58250	60699	
58250	60727	
58250	61776	
58250	61882	
58250	61902	
58250	61907	
58250	61911	
58250	61930	
58250	61932	
58250	63846	
58250	63858	
58250	63864	
58250	63868	
58250	63905	
58250	65876	
58250	67603	
58250	67855	
58250	67875	
58250	67877	
58250	67924	
58250	68005	
58250	68111	
58250	70148	
58250	71425	
58250	75850	
58250	76024	
58250	76065	
58250	76136	
58250	76247	
58250	76435	
58250	76527	
58250	76617	
58250	76704	
58250	76796	
58250	76811	
58250	76926	
58250	76986	
58250	77274	
58250	77313	
58250	79823	
58250	79886	
58250	82392	
58250	85601	
58250	90191	
58250	90515	
58250	92958	
58250	94233	
58250	96213	
58250	102679	
58250	104303	
58250	108689	
58250	108691	
58250	108697	
58250	110696	
58250	110966	
58250	111630	
58250	114719	
58250	117661	
58250	119074	
58250	126325	
58250	127155	
58250	131211	
58250	131236	
58250	135425	
58250	135575	
58250	137242	
58250	146199	
58250	150388	
58250	150457	
58250	153931	
58250	153981	
58250	154809	
58250	156168	
58250	160081	
58250	163830	
58250	163943	
58250	164997	
58250	165122	
58250	165123	
58250	165125	
58250	165127	
58250	165133	
58250	165134	
58250	165137	
58250	165141	
58250	165150	
58250	166995	
58250	167049	
58250	167054	
58250	167249	
58250	167699	
58250	168517	
58250	169722	
58250	170324	
58250	170327	
58250	173510	
58250	178573	
58250	182655	
58250	182811	
58250	183468	
58250	183565	
58250	184203	
58250	184508	
58250	184684	
58250	184966	
58250	188234	
58250	189515	
58250	193091	
58250	193541	
58250	198079	
58250	198258	
58250	207391	
58250	222057	
58250	222980	
58250	227016	
58250	230242	
58250	230647	
58250	231009	
58250	231037	
58250	232162	
58250	232448	
58250	232544	
58250	232778	
58250	233034	
58250	236309	
58250	236318	
58250	236319	
58250	236320	
58250	236887	
58250	236928	
58250	237743	
58250	237744	
58250	239696	
58250	239704	
58250	239708	
58250	240873	
58250	241186	
58250	241646	
58250	244480	
58250	245891	
58250	246534	
58250	246542	
58250	246871	
58250	247498	
58250	252773	
58250	254370	
58250	255012	
58250	255369	
58250	258861	
58250	264523	
58250	266042	
58250	268258	
58250	276491	
58250	295369	
58250	295440	
58250	295475	
58250	298399	
58250	310648	
58250	315621	
58250	316675	
58250	316842	
58250	329181	
58250	329186	
58250	333080	
58250	336839	
58250	336840	
58250	336842	
58250	336854	
58250	336864	
58250	336866	
58250	336888	
58250	336893	
58250	339022	
58250	341010	
58250	370966	
58250	379741	
58250	380547	
58250	384200	
58250	395020	
58250	400696	
58250	400707	
58250	402509	
58250	403955	
58250	405354	
58250	406453	
58250	434462	
58250	436430	
58250	450668	
58250	502334	
58250	503487	
58250	504600	
58250	505135	
58250	515322	
58250	515522	
58250	517305	
58250	523069	
58250	523073	
58250	546159	
58250	551982	
58250	584240	
58250	613146	
58250	619873	
58250	635678	
58250	637732	
58250	638513	
58250	655271	
58250	656762	
58250	674625	
58250	681000	
58250	694473	
58250	716973	
58250	735684	
58250	766985	
58250	773043	
58250	780938	
58250	789133	
58250	789468	
58250	789480	
58250	789481	
58250	794045	
58250	794048	
58250	815364	
58250	822166	
58250	886989	
58250	896802	
58250	932116	
58250	950312	
58250	976962	
58250	977440	
58250	1921684	
58250	1928524	
58250	2158576	
58250	2194235	
58250	2194278	
58250	2194289	
58250	2194290	
58250	2194291	
58250	2194292	
58250	2194293	
58250	2194294	
58250	2194296	
58250	2194297	
58250	2194298	
58250	2194299	
58250	2215781	
58250	2226557	
58250	2293540	
58250	2840940	
58250	3067612	
62228	195175	
66073	419567	
63117	839356	
65385	839356	
87582	195162	
69039	195167	
66554	195167	
83679	238991	
77848	195167	
246884	419567	
78973	195180	
82459	195180	
82459	839356	
80994	195218	
80994	195226	
81191	195175	
81191	195204	
81286	2464149	
81302	195175	
86426	2550969	
103611	2581970	
103797	2464149	
88070	185494	
88168	185494	
98074	2581970	
93917	419567	
90227	2581970	
94737	2621274	
94750	185494	
94750	2581970	
94750	2628055	
94753	195173	
94954	2581970	
94954	2628055	
95002	185494	
95036	2581970	
95036	2635814	
95181	2651617	
95186	195176	
95201	195178	
95201	2665940	
95206	2581970	
95211	2635814	
95224	195201	
95224	2581970	
95226	2581970	
95233	2581970	
95249	195183	
95254	2659945	
95262	2621274	
95264	195183	
95264	2581970	
95266	697491	
95266	2678535	
95266	2679008	
95267	185494	
95267	195176	
95267	2621274	
95285	95336	
95285	173963	
95285	173970	
95285	179762	
95285	210248	
95285	224705	
95285	225079	
95285	238967	
95285	239232	
95285	360810	
95285	370127	
95285	370317	
95285	449659	
95285	693434	
95285	723485	
95285	731605	
95285	777475	
95285	835925	
95285	839174	
95285	866514	
95285	918229	
95285	975244	
95285	975291	
95285	975532	
95285	990571	
95285	1104178	
95285	1674489	
95285	1749742	
95285	1897194	
95285	1910332	
95285	1914760	
95285	1914894	
95285	1914898	
95285	1914923	
95285	1914930	
95285	1914938	
95285	1914973	
95285	1919337	
95285	1931070	
95285	1947674	
95285	1962032	
95285	1986334	
95285	1986368	
95285	1986598	
95285	2026925	
95285	2050289	
95285	2065908	
95285	2130738	
95285	2171082	
95285	2209378	
95285	2212347	
95285	2311852	
95285	2358223	
95285	2423896	
95285	2436526	
95285	2451589	
95285	2456869	
95285	2458242	
95285	2463529	
95285	2463561	
95285	2463686	
95285	2463867	
95285	2464008	
95285	2464010	
95285	2464024	
95285	2464029	
95285	2464067	
95285	2464138	
95285	2464180	
95285	2464804	
95285	2467312	
95285	2481288	
95285	2568842	
95285	2603828	
95285	2628230	
95285	2628440	
95285	2633473	
95285	2634464	
95285	2634479	
95285	2635202	
95285	2635463	
95285	2635590	
95285	2635773	
95285	2635804	
95285	2637655	
95285	2639780	
95285	2639785	
95285	2647255	
95285	2647384	
95285	2647483	
95285	2649917	
95285	2650709	
95285	2652521	
95285	2652559	
95285	2652580	
95285	2655408	
95285	2657484	
95285	2658544	
95285	2658584	
95285	2658657	
95285	2659926	
95285	2659988	
95285	2661252	
95285	2661292	
95285	2661556	
95285	2661561	
95285	2663950	
95285	2664902	
95285	2664982	
95285	2665061	
95285	2665080	
95285	2665086	
95285	2665976	
95285	2666224	
95285	2666712	
95285	2670769	
95285	2670904	
95285	2671214	
95285	2671240	
95285	2671658	
95285	2671692	
95285	2671974	
95285	2672040	
95285	2672298	
95285	2672453	
95285	2673189	
95285	2673400	
95285	2673426	
95285	2673493	
95285	2673698	
95285	2673829	
95285	2673852	
95285	2673854	
95285	2673997	
95285	2674287	
95285	2674695	
95285	2674762	
95285	2674798	
95285	2674804	
95285	2674994	
95285	2675309	
95285	2675375	
95285	2675379	
95285	2675403	
95285	2675470	
95285	2675548	
95285	2675549	
95285	2675553	
95285	2675556	
95285	2675558	
95285	2675559	
95285	2675561	
95285	2675562	
95285	2675563	
95285	2675564	
95285	2675566	
95285	2675567	
95285	2675568	
95285	2675573	
95285	2675575	
95285	2675579	
95285	2675581	
95285	2675584	
95285	2675585	
95285	2675588	
95285	2675621	
95285	2677460	
95285	2677502	
95285	2677624	
95285	2677701	
95285	2685224	
95285	2688929	
95285	2688930	
95285	2688931	
95285	2688932	
95285	2688934	
95285	2688935	
95285	2688939	
95285	2688942	
95285	2688943	
95285	2688945	
95285	2688946	
95285	2688947	
95285	2688948	
95285	2688951	
95285	2688952	
95285	2688954	
95285	2688956	
95285	2688957	
95285	2688959	
95285	2688961	
95285	2688962	
95285	2688964	
95285	2688965	
95285	2688967	
95285	2688968	
95285	2688969	
95285	2688970	
95285	2688971	
95285	2688972	
95285	2688973	
95285	2688974	
95285	2688975	
95285	2688976	
95285	2688977	
95285	2688978	
95285	2688979	
95285	2688980	
95285	2688981	
95285	2688982	
95285	2688984	
95285	2688985	
95285	2688986	
95285	2688987	
95285	2688988	
95285	2688990	
95285	2688991	
95285	2688992	
95285	2688993	
95285	2688994	
95285	2688995	
95285	2688996	
95285	2688998	
95285	2689000	
95285	2689003	
95285	2689004	
95285	2689005	
95285	2689007	
95285	2689008	
95285	2689009	
95285	2689011	
95285	2689012	
95285	2689014	
95285	2689015	
95285	2689016	
95285	2689018	
95285	2689021	
95285	2689022	
95285	2689023	
95285	2689024	
95285	2689025	
95285	2689026	
95285	2689027	
95285	2689028	
95285	2689030	
95285	2689031	
95285	2689032	
95285	2689033	
95285	2689034	
95285	2689035	
95285	2689036	
95285	2689038	
95285	2689039	
95285	2689040	
95285	2689041	
95285	2689042	
95285	2689043	
95285	2689044	
95285	2689045	
95285	2689046	
95285	2689047	
95285	2689048	
95285	2689049	
95285	2689050	
95285	2689051	
95285	2689052	
95285	2689053	
95285	2689054	
95285	2689055	
95285	2689056	
95285	2689057	
95285	2689058	
95285	2689059	
95285	2689060	
95285	2689061	
95285	2689062	
95285	2689063	
95285	2689064	
95285	2689065	
95285	2689066	
95285	2689067	
95285	2689068	
95285	2689069	
95285	2689070	
95285	2689071	
95285	2689072	
95285	2689073	
95285	2689074	
95285	2689075	
95285	2689076	
95285	2689077	
95285	2689078	
95285	2689079	
95285	2689080	
95285	2689081	
95285	2689082	
95285	2689083	
95285	2689084	
95285	2689085	
95285	2689086	
95285	2689088	
95285	2689089	
95285	2689090	
95285	2689091	
95285	2689092	
95285	2689094	
95285	2689096	
95285	2689097	
95285	2689098	
95285	2689099	
95285	2689100	
95285	2689101	
95285	2689102	
95285	2689103	
95285	2689104	
95285	2689105	
95285	2689106	
95285	2689107	
95285	2689108	
95285	2689109	
95285	2689110	
95285	2689111	
95285	2689112	
95285	2689113	
95285	2689114	
95285	2689115	
95285	2689116	
95285	2689117	
95285	2689118	
95285	2689119	
95285	2689120	
95285	2689121	
95288	2658534	
95306	195176	
95306	2581970	
95309	2678535	
95316	2675035	
95322	2464149	
95335	185494	
95338	195173	
95338	2581970	
95342	2581970	
95350	2464149	
95350	2581970	
95350	2658534	
95350	2675269	
95355	2464149	
88585	195177	
99638	419567	
108157	2775536	
115579	195177	
112924	195163	
130072	195177	
130722	2550969	
130764	195181	
130764	2893219	
130768	2550969	
130768	2893324	
131420	195163	
132763	2550969	
134568	419567	
137829	626255	
139281	195177	
138781	419567	
141962	419567	
155595	419567	
141895	419567	
152944	195163	
158735	195167	
144984	195177	
168622	419567	
162604	419567	
163446	3061566	
163449	185494	
173569	2550969	
173693	2675269	
173831	2621274	
173925	195176	
173925	839356	
173925	2893219	
173930	2665940	
173954	195226	
173981	2550969	
184973	419567	
180786	195177	
183582	195186	
185391	2621274	
185399	195173	
185399	839356	
185405	195171	
185424	195186	
191176	195177	
190709	195167	
189189	2581970	
185494	195165	
185494	195167	
185494	195181	
185494	195186	
185494	195203	
185494	195214	
185494	195219	
185494	195226	
185494	218690	
185494	238988	
185494	249635	
185494	251518	
185494	299721	
185494	342968	
185494	358971	
185494	366542	
185494	367341	
185494	396502	
185494	397457	
185494	443030	
185494	448862	
185494	456130	
185494	456163	
185494	457146	
185494	464432	
185494	474808	
185494	484965	
185494	522539	
185494	522598	
185494	522627	
185494	522633	
185494	522635	
185494	522658	
185494	522677	
185494	532932	
185494	539444	
185494	578599	
185494	578639	
185494	607936	
185494	642597	
185494	694302	
185494	704284	
185494	723485	
185494	731145	
185494	731197	
185494	731209	
185494	731269	
185494	731302	
185494	731327	
185494	731431	
185494	731471	
185494	731506	
185494	731509	
185494	774740	
185494	802005	
185494	810392	
185494	810963	
185494	834932	
185494	839277	
185494	867723	
185494	927922	
185494	945648	
185494	948318	
185494	953420	
185494	965363	
185494	968233	
185494	975118	
185494	975444	
185494	975454	
185494	975497	
185494	979951	
185494	1158923	
185494	1695790	
185494	1726467	
185494	1828979	
185494	1883398	
185494	1895162	
185494	1898899	
185494	1902440	
185494	1902702	
185494	1905433	
185494	1908218	
185494	1908264	
185494	1915005	
185494	1919926	
185494	1920964	
185494	1921511	
185494	1926079	
185494	1926096	
185494	1933811	
185494	1934819	
185494	1937559	
185494	1955047	
185494	1960539	
185494	1960778	
185494	1962437	
185494	1967865	
185494	1968181	
185494	1973540	
185494	1973541	
185494	1973963	
185494	1985968	
185494	1986375	
185494	1986424	
185494	1986459	
185494	1986613	
185494	1986667	
185494	1986682	
185494	1998001	
185494	2011712	
185494	2011717	
185494	2023708	
185494	2024344	
185494	2032194	
185494	2049987	
185494	2050093	
185494	2050196	
185494	2058996	
185494	2060207	
185494	2070658	
185494	2126332	
185494	2169402	
185494	2169425	
185494	2171147	
185494	2172404	
185494	2175945	
185494	2189766	
185494	2189914	
185494	2190071	
185494	2209318	
185494	2211453	
185494	2212641	
185494	2212643	
185494	2212656	
185494	2224960	
185494	2227322	
185494	2227371	
185494	2237331	
185494	2244678	
185494	2246115	
185494	2247347	
185494	2251863	
185494	2254163	
185494	2271417	
185494	2279996	
185494	2290608	
185494	2290938	
185494	2334226	
185494	2389742	
185494	2405432	
185494	2431150	
185494	2452078	
185494	2454275	
185494	2454357	
185494	2454359	
185494	2454386	
185494	2454390	
185494	2454401	
185494	2454441	
185494	2454458	
185494	2454521	
185494	2454578	
185494	2463322	
185494	2463338	
185494	2463348	
185494	2463356	
185494	2463537	
185494	2463569	
185494	2463626	
185494	2463760	
185494	2463885	
185494	2463931	
185494	2463955	
185494	2464138	
185494	2464144	
185494	2464180	
185494	2464204	
185494	2464506	
185494	2464669	
185494	2470815	
185494	2484377	
185494	2484472	
185494	2486476	
185494	2491827	
185494	2492019	
185494	2492080	
185494	2492264	
185494	2496716	
185494	2496841	
185494	2508858	
185494	2511665	
185494	2539472	
185494	2568262	
185494	2568283	
185494	2568295	
185494	2568300	
185494	2568302	
185494	2568325	
185494	2568354	
185494	2568482	
185494	2589467	
185494	2605415	
185494	2628006	
185494	2628472	
185494	2628581	
185494	2628865	
185494	2635405	
185494	2635413	
185494	2635475	
185494	2635478	
185494	2635751	
185494	2635831	
185494	2639662	
185494	2642267	
185494	2644984	
185494	2645558	
185494	2645683	
185494	2646689	
185494	2650108	
185494	2650138	
185494	2650482	
185494	2650514	
185494	2653404	
185494	2658425	
185494	2659485	
185494	2659534	
185494	2659968	
185494	2661170	
185494	2661565	
185494	2661687	
185494	2661704	
185494	2664801	
185494	2665958	
185494	2666725	
185494	2666771	
185494	2670659	
185494	2671642	
185494	2671871	
185494	2671896	
185494	2671926	
185494	2671992	
185494	2672097	
185494	2672106	
185494	2672187	
185494	2672225	
185494	2672373	
185494	2672402	
185494	2672635	
185494	2672638	
185494	2672655	
185494	2672659	
185494	2673153	
185494	2673592	
185494	2673805	
185494	2674340	
185494	2675793	
185494	2676716	
185494	2676737	
185494	2676752	
185494	2679454	
185494	2680001	
185494	2680004	
185494	2680018	
185494	2683913	
185494	2688972	
185494	2693702	
185494	2693837	
185494	2693891	
185494	2702485	
185494	2711590	
185494	2711640	
185494	2743475	
185494	2802512	
185494	2875916	
185494	2878840	
185494	2880675	
185494	2880835	
185494	2893223	
185494	2893228	
185494	2893291	
185494	2893328	
185494	2893334	
185494	2893341	
185494	2893362	
185494	2908076	
185494	2919307	
185494	2921143	
185494	2933313	
185494	2933316	
185494	2939586	
185494	2971837	
185494	2971858	
185494	3022631	
185494	3043340	
185494	3049309	
185494	3054024	
185494	3069440	
185494	3070741	
185494	3071634	
185494	3071643	
189449	195175	
194503	195173	
191474	195163	
194366	195179	
194463	2581970	
194491	2581970	
194505	2581970	
191584	195173	
194827	419567	
201189	2775536	
201195	2635814	
201195	2675035	
201195	2893324	
201196	2635814	
201196	2893324	
193187	195176	
195160	239250	
195160	248357	
195160	418596	
195160	566402	
195160	648261	
195160	731507	
195160	874546	
195160	961637	
195160	977431	
195160	1103078	
195160	1703254	
195160	1881280	
195160	1894814	
195160	1895092	
195160	1897174	
195160	1897184	
195160	1897185	
195160	1921786	
195160	1968181	
195160	2015257	
195160	2015273	
195160	2015280	
195160	2025916	
195160	2050026	
195160	2050038	
195160	2050051	
195160	2050085	
195160	2050094	
195160	2050311	
195160	2059018	
195160	2163103	
195160	2182745	
195160	2189736	
195160	2189832	
195160	2189946	
195160	2209328	
195160	2212121	
195160	2212126	
195160	2212158	
195160	2212202	
195160	2212247	
195160	2212265	
195160	2235425	
195160	2279899	
195160	2279917	
195160	2279920	
195160	2279940	
195160	2279952	
195160	2280052	
195160	2280059	
195160	2463576	
195160	2464641	
195160	2499663	
195160	2671926	
195160	2971833	
195160	3000835	
195160	3068705	
195161	219430	
195161	253713	
195161	650728	
195161	965364	
195161	1895092	
195161	1900454	
195161	1914540	
195161	1990559	
195161	2015904	
195161	2049979	
195161	2050196	
195161	2060223	
195161	2186377	
195161	2211380	
195161	2221438	
195161	2620651	
195161	2620655	
195161	2659853	
195161	2695830	
195161	2695832	
195161	3043347	
195161	3043351	
195161	3043377	
195162	245835	
195162	369531	
195162	466946	
195162	731142	
195162	731350	
195162	918284	
195162	970115	
195162	975252	
195162	1894790	
195162	1921695	
195162	2050009	
195162	2050023	
195162	2050066	
195162	2050079	
195162	2050092	
195162	2050099	
195162	2050166	
195162	2252443	
195162	2256873	
195162	2265399	
195162	2289596	
195162	2290579	
195162	2334091	
195162	2431206	
195162	2463533	
195162	2463619	
195162	2463725	
195162	2464088	
195162	2464157	
195162	2481268	
195162	2484519	
195162	2492167	
195162	2524701	
195162	2625001	
195162	2627955	
195162	2635484	
195162	2666719	
195162	2671901	
195162	2674048	
195162	2675628	
195162	2675650	
195162	2693794	
195162	3062631	
195163	373333	
195163	429283	
195163	479609	
195163	484967	
195163	563581	
195163	724165	
195163	731362	
195163	731368	
195163	731506	
195163	731559	
195163	815614	
195163	948274	
195163	968571	
195163	978456	
195163	978499	
195163	983005	
195163	990602	
195163	1069158	
195163	1236539	
195163	1880892	
195163	1908484	
195163	1926110	
195163	1974165	
195163	1986668	
195163	1990979	
195163	2023657	
195163	2023681	
195163	2024120	
195163	2187226	
195163	2189738	
195163	2346912	
195163	2395938	
195163	2436535	
195163	2439388	
195163	2454284	
195163	2454438	
195163	2459035	
195163	2461502	
195163	2463439	
195163	2463960	
195163	2464054	
195163	2464091	
195163	2464158	
195163	2477665	
195163	2484427	
195163	2561431	
195163	2626811	
195163	2633442	
195163	2635374	
195163	2645272	
195163	2646265	
195163	2647490	
195163	2650075	
195163	2653267	
195163	2654647	
195163	2661538	
195163	2667093	
195163	2670890	
195163	2671054	
195163	2672181	
195163	2672623	
195163	2673864	
195163	2674414	
195163	2675227	
195163	2680512	
195163	2680513	
195163	2688930	
195163	2691818	
195163	2691831	
195163	2693816	
195163	2703989	
195163	2880703	
195163	2893122	
195163	2919342	
195163	2982028	
195164	219446	
195164	248734	
195164	456117	
195164	456200	
195164	578558	
195164	704104	
195164	731344	
195164	975449	
195164	2022932	
195164	2049970	
195164	2211201	
195164	2212184	
195164	2454259	
195164	2621282	
195164	2628233	
195164	2633292	
195164	2650363	
195164	2663936	
195164	2664867	
195164	2774933	
195164	2872246	
195164	2895404	
195164	3012121	
195164	3025631	
195165	195167	
195165	195181	
195165	195194	
195165	195211	
195165	195220	
195165	218690	
195165	774300	
195165	924736	
195165	979872	
195165	1900507	
195165	1902702	
195165	1973541	
195165	2050196	
195165	2211721	
195165	2271973	
195165	2458273	
195165	2464144	
195165	2484533	
195165	2568482	
195165	2661142	
195165	2661170	
195165	2661203	
195165	2664777	
195165	2671981	
195165	2672363	
195165	2676752	
195165	2893219	
195166	195203	
195166	195219	
195166	195236	
195167	250293	
195167	256706	
195167	375711	
195167	389799	
195167	396502	
195167	416534	
195167	434206	
195167	440755	
195167	444647	
195167	535294	
195167	545840	
195167	578405	
195167	578639	
195167	675501	
195167	703109	
195167	769428	
195167	826851	
195167	930288	
195167	946116	
195167	957967	
195167	961600	
195167	965364	
195167	965377	
195167	965473	
195167	1245839	
195167	1555362	
195167	1897190	
195167	1897195	
195167	1914656	
195167	1915005	
195167	1923079	
195167	1947550	
195167	1964965	
195167	2050116	
195167	2060225	
195167	2187375	
195167	2189845	
195167	2190071	
195167	2209302	
195167	2209346	
195167	2209354	
195167	2209357	
195167	2211411	
195167	2212712	
195167	2219150	
195167	2221510	
195167	2298866	
195167	2405432	
195167	2414030	
195167	2463356	
195167	2613675	
195167	2628354	
195167	2661564	
195167	2664777	
195167	2665719	
195167	2670766	
195167	2671243	
195167	2671486	
195167	2672815	
195167	2674134	
195167	2675069	
195167	2691835	
195167	2691847	
195167	2691850	
195167	2691855	
195167	2691869	
195167	2693778	
195167	2832794	
195167	2868252	
195167	2933310	
195167	3012117	
195167	3043423	
195168	195178	
195168	195179	
195168	195184	
195168	195217	
195168	456146	
195168	877347	
195168	2163307	
195168	2186296	
195168	2219202	
195168	2297612	
195168	2687530	
195168	2687702	
195168	2693845	
195169	965528	
195169	1889200	
195169	1898837	
195169	1898886	
195169	1899040	
195169	1990677	
195169	2000112	
195169	2211114	
195169	2211718	
195169	2212199	
195169	2464005	
195169	2568342	
195169	2583718	
195169	2635849	
195169	2675848	
195169	2677680	
195169	2693711	
195169	2693768	
195169	2693871	
195169	2693965	
195169	2733549	
195169	2893228	
195169	2919577	
195169	3007919	
195170	195208	
195170	970100	
195170	2205135	
195170	2654260	
195171	195193	
195171	195211	
195171	201195	
195171	578555	
195171	704031	
195171	775048	
195171	824363	
195171	930373	
195171	948318	
195171	965560	
195171	1704657	
195171	1885424	
195171	1900507	
195171	1924181	
195171	1957048	
195171	1967904	
195171	1985967	
195171	2022505	
195171	2025854	
195171	2026329	
195171	2175945	
195171	2203656	
195171	2209306	
195171	2212739	
195171	2216766	
195171	2219174	
195171	2219176	
195171	2221555	
195171	2271962	
195171	2454338	
195171	2463893	
195171	2464019	
195171	2464204	
195171	2484472	
195171	2492264	
195171	2568482	
195171	2614170	
195171	2626795	
195171	2628282	
195171	2633487	
195171	2635692	
195171	2635808	
195171	2649901	
195171	2661158	
195171	2661170	
195171	2671870	
195171	2673533	
195171	2676752	
195171	2893196	
195171	2893219	
195171	2893239	
195171	2893242	
195171	2908977	
195172	301274	
195172	353510	
195172	395152	
195172	578451	
195172	945094	
195172	1897190	
195172	1914693	
195172	1986575	
195172	2209378	
195172	2234183	
195172	2436543	
195172	2454323	
195172	2628282	
195172	2652513	
195172	2672758	
195172	2678887	
195172	2967042	
195172	3043345	
195173	195176	
195173	201189	
195173	201195	
195173	239267	
195173	266998	
195173	342968	
195173	362260	
195173	366542	
195173	371431	
195173	372431	
195173	401229	
195173	455106	
195173	457146	
195173	474837	
195173	502695	
195173	562297	
195173	578555	
195173	594374	
195173	594375	
195173	657233	
195173	704321	
195173	731179	
195173	731269	
195173	731294	
195173	731506	
195173	741845	
195173	774792	
195173	774927	
195173	826851	
195173	835748	
195173	836799	
195173	839356	
195173	839376	
195173	839495	
195173	918284	
195173	927359	
195173	965488	
195173	979323	
195173	979602	
195173	979951	
195173	982445	
195173	991997	
195173	1158923	
195173	1885337	
195173	1889206	
195173	1900453	
195173	1905433	
195173	1909099	
195173	1960676	
195173	1964936	
195173	1974020	
195173	1983806	
195173	1986618	
195173	1986692	
195173	1990986	
195173	2060248	
195173	2168988	
195173	2176614	
195173	2176619	
195173	2176632	
195173	2189708	
195173	2211077	
195173	2211090	
195173	2211582	
195173	2212322	
195173	2213442	
195173	2221512	
195173	2294068	
195173	2325654	
195173	2334278	
195173	2396206	
195173	2452991	
195173	2454429	
195173	2461501	
195173	2463484	
195173	2463893	
195173	2464019	
195173	2464122	
195173	2483044	
195173	2492075	
195173	2492255	
195173	2499665	
195173	2568332	
195173	2568701	
195173	2568782	
195173	2581970	
195173	2621274	
195173	2628312	
195173	2628865	
195173	2634330	
195173	2635305	
195173	2635508	
195173	2635560	
195173	2635652	
195173	2635692	
195173	2635742	
195173	2635852	
195173	2645000	
195173	2646589	
195173	2650528	
195173	2661203	
195173	2663847	
195173	2663911	
195173	2664791	
195173	2664796	
195173	2664801	
195173	2664805	
195173	2664809	
195173	2664829	
195173	2666026	
195173	2670888	
195173	2671548	
195173	2671657	
195173	2671908	
195173	2672080	
195173	2672141	
195173	2672187	
195173	2672276	
195173	2672462	
195173	2674233	
195173	2675656	
195173	2675666	
195173	2675821	
195173	2677421	
195173	2683940	
195173	2685019	
195173	2774909	
195173	2893221	
195173	2893240	
195173	2893308	
195173	2893361	
195173	2971767	
195173	2971856	
195173	3043466	
195173	3043496	
195173	3071649	
195174	195225	
195174	238991	
195174	419567	
195174	626255	
195174	2095807	
195174	2678535	
195174	3061566	
195175	195204	
195175	195647	
195175	224033	
195175	224094	
195175	250293	
195175	282567	
195175	305688	
195175	312281	
195175	360972	
195175	377567	
195175	381388	
195175	446030	
195175	447280	
195175	447283	
195175	455481	
195175	455594	
195175	457627	
195175	459833	
195175	460226	
195175	464925	
195175	470671	
195175	470723	
195175	470814	
195175	474295	
195175	474338	
195175	474566	
195175	477948	
195175	507614	
195175	560367	
195175	562311	
195175	562332	
195175	578487	
195175	587817	
195175	606516	
195175	617354	
195175	630577	
195175	630584	
195175	630593	
195175	630606	
195175	630610	
195175	630618	
195175	630627	
195175	630632	
195175	630644	
195175	630654	
195175	630667	
195175	630673	
195175	630697	
195175	630708	
195175	630723	
195175	630725	
195175	630739	
195175	630749	
195175	630763	
195175	630783	
195175	634101	
195175	644249	
195175	708485	
195175	710486	
195175	731399	
195175	752012	
195175	775375	
195175	778957	
195175	801928	
195175	811299	
195175	826851	
195175	827440	
195175	870408	
195175	872202	
195175	970120	
195175	970519	
195175	970597	
195175	970601	
195175	970968	
195175	990794	
195175	991686	
195175	993195	
195175	1006124	
195175	1016941	
195175	1024925	
195175	1027484	
195175	1043284	
195175	1062219	
195175	1069818	
195175	1085358	
195175	1103509	
195175	1103719	
195175	1103761	
195175	1103779	
195175	1103807	
195175	1120057	
195175	1138684	
195175	1139329	
195175	1139393	
195175	1145788	
195175	1168348	
195175	1177195	
195175	1205196	
195175	1217322	
195175	1225591	
195175	1226641	
195175	1229275	
195175	1263332	
195175	1271649	
195175	1282389	
195175	1290819	
195175	1302051	
195175	1302439	
195175	1326398	
195175	1344657	
195175	1349869	
195175	1358818	
195175	1401282	
195175	1415355	
195175	1425016	
195175	1432640	
195175	1432781	
195175	1462613	
195175	1482492	
195175	1519579	
195175	1527528	
195175	1529992	
195175	1532173	
195175	1533118	
195175	1533309	
195175	1537980	
195175	1540097	
195175	1540175	
195175	1544693	
195175	1553161	
195175	1554880	
195175	1559984	
195175	1589246	
195175	1610067	
195175	1736520	
195175	1791369	
195175	1792423	
195175	1796328	
195175	1808889	
195175	1809035	
195175	1830590	
195175	1832158	
195175	1839798	
195175	1860199	
195175	1864006	
195175	1864040	
195175	1877514	
195175	1885141	
195175	1887374	
195175	1889869	
195175	1891114	
195175	1892928	
195175	1893882	
195175	1894256	
195175	1896105	
195175	1896912	
195175	1903853	
195175	1908260	
195175	1914292	
195175	1923987	
195175	1949307	
195175	1959193	
195175	1977295	
195175	1994537	
195175	2033019	
195175	2066719	
195175	2067443	
195175	2067600	
195175	2071116	
195175	2071135	
195175	2075783	
195175	2075932	
195175	2076131	
195175	2081362	
195175	2084038	
195175	2095890	
195175	2105265	
195175	2122058	
195175	2127653	
195175	2135525	
195175	2139444	
195175	2143301	
195175	2190932	
195175	2190990	
195175	2191018	
195175	2191095	
195175	2202300	
195175	2202778	
195175	2203263	
195175	2226487	
195175	2228091	
195175	2270078	
195175	2349613	
195175	2349914	
195175	2385987	
195175	2395945	
195175	2400322	
195175	2410368	
195175	2427340	
195175	2427950	
195175	2440875	
195175	2459848	
195175	2462127	
195175	2462176	
195175	2462191	
195175	2462197	
195175	2462206	
195175	2462209	
195175	2462227	
195175	2462248	
195175	2462256	
195175	2462278	
195175	2462281	
195175	2462309	
195175	2462341	
195175	2462350	
195175	2462352	
195175	2462366	
195175	2462367	
195175	2462374	
195175	2462375	
195175	2462406	
195175	2462408	
195175	2462410	
195175	2462415	
195175	2462424	
195175	2462432	
195175	2462444	
195175	2462464	
195175	2462466	
195175	2462474	
195175	2462512	
195175	2462531	
195175	2462545	
195175	2462562	
195175	2466241	
195175	2466299	
195175	2477743	
195175	2477825	
195175	2477976	
195175	2478006	
195175	2478030	
195175	2478119	
195175	2478128	
195175	2478138	
195175	2478189	
195175	2478219	
195175	2478295	
195175	2478345	
195175	2478365	
195175	2478368	
195175	2478423	
195175	2478484	
195175	2478486	
195175	2478498	
195175	2478499	
195175	2478554	
195175	2478555	
195175	2478569	
195175	2478594	
195175	2478613	
195175	2493869	
195175	2533365	
195175	2543127	
195175	2559028	
195175	2598967	
195175	2603530	
195175	2611554	
195175	2621853	
195175	2668510	
195175	2669481	
195175	2669822	
195175	2673537	
195175	2676523	
195175	2680343	
195175	2717290	
195175	2727834	
195175	2729692	
195175	2735155	
195175	2780376	
195175	2785652	
195175	2797272	
195175	2797274	
195175	2797288	
195175	2802552	
195175	2838466	
195175	2841054	
195175	2861035	
195175	2892474	
195175	2908618	
195175	2960464	
195175	2962245	
195175	3007372	
195175	3020329	
195175	3020464	
195175	3022900	
195175	3027883	
195175	3037414	
195175	3047694	
195176	239253	
195176	265620	
195176	353122	
195176	365399	
195176	382477	
195176	390857	
195176	704284	
195176	742895	
195176	830863	
195176	839477	
195176	839495	
195176	839510	
195176	917531	
195176	957988	
195176	1302752	
195176	1533337	
195176	1885215	
195176	1896519	
195176	1898834	
195176	1905250	
195176	1911298	
195176	1914883	
195176	1974000	
195176	2023747	
195176	2050283	
195176	2050315	
195176	2159194	
195176	2173687	
195176	2173873	
195176	2187258	
195176	2194882	
195176	2213442	
195176	2252497	
195176	2272170	
195176	2298833	
195176	2439388	
195176	2454259	
195176	2454361	
195176	2538898	
195176	2541091	
195176	2568381	
195176	2635420	
195176	2646670	
195176	2654725	
195176	2661656	
195176	2664791	
195176	2664796	
195176	2664798	
195176	2664805	
195176	2664829	
195176	2664928	
195176	2672089	
195176	2673852	
195176	2675463	
195176	2675661	
195176	2675727	
195176	2675801	
195176	2675821	
195176	2675837	
195176	2679395	
195176	2693921	
195176	2695630	
195176	2893297	
195176	3007920	
195176	3043466	
195176	3068705	
195177	243314	
195177	244013	
195177	247605	
195177	365820	
195177	369497	
195177	371563	
195177	384323	
195177	409007	
195177	450722	
195177	516273	
195177	562364	
195177	564919	
195177	578520	
195177	601012	
195177	634101	
195177	693450	
195177	762403	
195177	778827	
195177	846101	
195177	850319	
195177	871012	
195177	958348	
195177	969001	
195177	969594	
195177	970720	
195177	970779	
195177	990455	
195177	991190	
195177	991922	
195177	993264	
195177	999732	
195177	1001624	
195177	1028175	
195177	1031842	
195177	1039256	
195177	1039262	
195177	1051990	
195177	1069540	
195177	1069598	
195177	1083900	
195177	1084009	
195177	1085490	
195177	1091162	
195177	1104035	
195177	1109156	
195177	1117946	
195177	1123603	
195177	1132728	
195177	1140212	
195177	1161254	
195177	1168903	
195177	1200273	
195177	1250237	
195177	1258587	
195177	1285065	
195177	1301294	
195177	1347501	
195177	1363341	
195177	1374206	
195177	1375577	
195177	1378473	
195177	1433045	
195177	1453855	
195177	1457722	
195177	1486723	
195177	1492670	
195177	1519878	
195177	1538196	
195177	1552615	
195177	1585632	
195177	1596318	
195177	1610977	
195177	1612166	
195177	1619138	
195177	1645486	
195177	1662373	
195177	1663173	
195177	1679152	
195177	1696796	
195177	1702150	
195177	1734221	
195177	1736583	
195177	1741156	
195177	1742184	
195177	1784675	
195177	1787891	
195177	1823729	
195177	1848660	
195177	1869601	
195177	1869717	
195177	1873060	
195177	1877827	
195177	1886932	
195177	1895049	
195177	1895666	
195177	1918503	
195177	1942471	
195177	1943530	
195177	1944220	
195177	1945351	
195177	1949744	
195177	1950907	
195177	1952265	
195177	1955101	
195177	1969691	
195177	2027550	
195177	2072761	
195177	2074161	
195177	2076591	
195177	2103959	
195177	2123339	
195177	2141396	
195177	2166944	
195177	2173423	
195177	2190932	
195177	2226254	
195177	2226380	
195177	2228045	
195177	2230506	
195177	2261709	
195177	2353828	
195177	2385189	
195177	2412103	
195177	2431089	
195177	2459283	
195177	2467093	
195177	2488861	
195177	2509902	
195177	2511040	
195177	2517088	
195177	2518144	
195177	2531615	
195177	2531671	
195177	2550151	
195177	2581992	
195177	2583230	
195177	2621642	
195177	2621857	
195177	2645609	
195177	2739068	
195177	2772725	
195177	2782978	
195177	2816941	
195177	2817454	
195177	2821873	
195177	2891303	
195177	2903792	
195177	2943898	
195177	2956281	
195177	2957354	
195177	2962005	
195177	2962071	
195177	2969768	
195177	2992895	
195177	2993004	
195177	2996382	
195177	3020361	
195177	3025683	
195177	3026854	
195177	3036307	
195177	3058447	
195177	3066296	
195177	3070706	
195178	195217	
195178	439820	
195178	474837	
195178	538176	
195178	578415	
195178	578589	
195178	830666	
195178	847034	
195178	877347	
195178	918295	
195178	965561	
195178	1838871	
195178	1902594	
195178	1914664	
195178	1985975	
195178	1990823	
195178	2289634	
195178	2334095	
195178	2458242	
195178	2639780	
195178	2646635	
195178	2672222	
195178	2683941	
195178	3043405	
195178	3069536	
195178	3071670	
195179	195240	
195179	378963	
195179	601774	
195179	711182	
195179	729777	
195179	775064	
195179	877347	
195179	930150	
195179	936341	
195179	962877	
195179	962881	
195179	965538	
195179	975118	
195179	979830	
195179	1726482	
195179	1891875	
195179	1894897	
195179	1897216	
195179	1973085	
195179	1990907	
195179	2011745	
195179	2015906	
195179	2015915	
195179	2023675	
195179	2050169	
195179	2059077	
195179	2060248	
195179	2060307	
195179	2060331	
195179	2176624	
195179	2209379	
195179	2211115	
195179	2211657	
195179	2219141	
195179	2219167	
195179	2221539	
195179	2246006	
195179	2246054	
195179	2405430	
195179	2454361	
195179	2516308	
195179	2568276	
195179	2568838	
195179	2583712	
195179	2605616	
195179	2614383	
195179	2672589	
195179	2675670	
195179	2717542	
195179	2880579	
195179	2916018	
195179	2919300	
195179	2930269	
195179	3043481	
195179	3069536	
195179	3069815	
195180	224359	
195180	239042	
195180	289874	
195180	327550	
195180	347698	
195180	349455	
195180	351223	
195180	458361	
195180	484956	
195180	525726	
195180	588773	
195180	633976	
195180	658178	
195180	679699	
195180	697458	
195180	705720	
195180	730221	
195180	731136	
195180	731155	
195180	731173	
195180	731176	
195180	731209	
195180	731222	
195180	731241	
195180	731250	
195180	731272	
195180	731276	
195180	731346	
195180	731368	
195180	731391	
195180	731408	
195180	731519	
195180	731563	
195180	731584	
195180	731606	
195180	786684	
195180	861798	
195180	863551	
195180	921628	
195180	998911	
195180	1168210	
195180	1660065	
195180	1900475	
195180	1901858	
195180	1902448	
195180	1914538	
195180	1914740	
195180	1914806	
195180	1926120	
195180	1959275	
195180	1967991	
195180	1968179	
195180	1986331	
195180	2056332	
195180	2063973	
195180	2173597	
195180	2179033	
195180	2187349	
195180	2204354	
195180	2212646	
195180	2281654	
195180	2293207	
195180	2318541	
195180	2334104	
195180	2334271	
195180	2334311	
195180	2334314	
195180	2334316	
195180	2347588	
195180	2454384	
195180	2454518	
195180	2463482	
195180	2463619	
195180	2464110	
195180	2464532	
195180	2464606	
195180	2464646	
195180	2464699	
195180	2484363	
195180	2484394	
195180	2484410	
195180	2484413	
195180	2484484	
195180	2486435	
195180	2491811	
195180	2491970	
195180	2499044	
195180	2543065	
195180	2628398	
195180	2632878	
195180	2634305	
195180	2635406	
195180	2637288	
195180	2646744	
195180	2650521	
195180	2655367	
195180	2655379	
195180	2655414	
195180	2658453	
195180	2658476	
195180	2658486	
195180	2658562	
195180	2658564	
195180	2658584	
195180	2658619	
195180	2658623	
195180	2659834	
195180	2659848	
195180	2659934	
195180	2661645	
195180	2664913	
195180	2664919	
195180	2665951	
195180	2666076	
195180	2666079	
195180	2666103	
195180	2670741	
195180	2670810	
195180	2670825	
195180	2670834	
195180	2674645	
195180	2674665	
195180	2674696	
195180	2674785	
195180	2675097	
195180	2675426	
195180	2675464	
195180	2675496	
195180	2685228	
195180	2757714	
195180	2780017	
195180	2780805	
195180	2872298	
195180	2875912	
195180	2875929	
195180	2895389	
195181	195190	
195181	195194	
195181	195241	
195181	265620	
195181	381557	
195181	522539	
195181	598761	
195181	730446	
195181	731185	
195181	731197	
195181	731264	
195181	774831	
195181	961642	
195181	1883917	
195181	1896513	
195181	1898820	
195181	1909104	
195181	1937559	
195181	1964853	
195181	2016828	
195181	2023708	
195181	2024088	
195181	2025801	
195181	2172404	
195181	2246111	
195181	2250049	
195181	2250057	
195181	2401176	
195181	2401648	
195181	2474928	
195181	2484533	
195181	2491946	
195181	2492058	
195181	2492066	
195181	2492271	
195181	2556661	
195181	2568354	
195181	2628613	
195181	2635475	
195181	2649932	
195181	2652596	
195181	2655188	
195181	2655955	
195181	2658425	
195181	2659504	
195181	2661170	
195181	2661333	
195181	2663854	
195181	2664777	
195181	2665883	
195181	2674340	
195181	2676737	
195181	2687688	
195181	2689041	
195181	2893222	
195181	2893238	
195181	2897464	
195181	2930254	
195181	2974970	
195182	195209	
195182	195210	
195182	195231	
195182	774897	
195182	775043	
195182	2933354	
195183	1897180	
195183	1914512	
195183	2022493	
195183	2235432	
195183	2334309	
195183	2464149	
195183	2464210	
195183	2633500	
195183	2661211	
195183	2672644	
195183	2688975	
195184	708359	
195184	1933807	
195184	2002418	
195184	2210634	
195184	2221257	
195184	2672222	
195184	2735056	
195184	2802102	
195184	2933394	
195185	195226	
195185	299721	
195185	368354	
195185	446651	
195185	464425	
195185	522539	
195185	539444	
195185	729886	
195185	731197	
195185	731596	
195185	774851	
195185	826851	
195185	965504	
195185	971191	
195185	1102978	
195185	1695790	
195185	1726485	
195185	1895162	
195185	1895296	
195185	1900473	
195185	1909063	
195185	1914885	
195185	1932886	
195185	1986347	
195185	1986613	
195185	1990492	
195185	2024161	
195185	2050074	
195185	2050147	
195185	2058996	
195185	2148052	
195185	2164415	
195185	2176606	
195185	2244670	
195185	2245980	
195185	2388446	
195185	2431150	
195185	2463356	
195185	2463517	
195185	2463581	
195185	2463626	
195185	2464534	
195185	2504698	
195185	2582113	
195185	2628865	
195185	2635245	
195185	2635627	
195185	2661158	
195185	2661170	
195185	2666104	
195185	2671871	
195185	2671908	
195185	2672276	
195185	2673789	
195185	2817715	
195185	2872303	
195185	2893324	
195185	2893367	
195185	3061552	
195185	3069548	
195185	3070741	
195186	195190	
195186	195206	
195186	195228	
195186	233958	
195186	342846	
195186	535332	
195186	740038	
195186	764995	
195186	774716	
195186	774812	
195186	774827	
195186	775037	
195186	901381	
195186	930150	
195186	934932	
195186	958050	
195186	959869	
195186	959871	
195186	961645	
195186	1726482	
195186	1848164	
195186	1897158	
195186	1897170	
195186	1897245	
195186	1898700	
195186	1898760	
195186	1898819	
195186	1898820	
195186	1898892	
195186	1898932	
195186	1898939	
195186	1902758	
195186	1921249	
195186	1990488	
195186	1990596	
195186	1990908	
195186	1990922	
195186	2025844	
195186	2050006	
195186	2196997	
195186	2209360	
195186	2211199	
195186	2211381	
195186	2211575	
195186	2211622	
195186	2212711	
195186	2212723	
195186	2212734	
195186	2212738	
195186	2219069	
195186	2219116	
195186	2219119	
195186	2219121	
195186	2219127	
195186	2219129	
195186	2219140	
195186	2219148	
195186	2219158	
195186	2219165	
195186	2219167	
195186	2219176	
195186	2219179	
195186	2219186	
195186	2219193	
195186	2219196	
195186	2219199	
195186	2219204	
195186	2219211	
195186	2221555	
195186	2246115	
195186	2271925	
195186	2271962	
195186	2365205	
195186	2365208	
195186	2365218	
195186	2365224	
195186	2365239	
195186	2365248	
195186	2365254	
195186	2365267	
195186	2365269	
195186	2365273	
195186	2365288	
195186	2365294	
195186	2365305	
195186	2365317	
195186	2365319	
195186	2365344	
195186	2365361	
195186	2463688	
195186	2464019	
195186	2466140	
195186	2484382	
195186	2568325	
195186	2568697	
195186	2628479	
195186	2639624	
195186	2893217	
195186	2893304	
195186	2919317	
195187	381644	
195187	731588	
195187	731621	
195187	970081	
195187	1920978	
195187	1990984	
195187	1991015	
195187	2050126	
195187	2246140	
195187	2646621	
195187	2661142	
195187	2672331	
195187	2672439	
195187	2680133	
195187	2748043	
195187	2971862	
195187	3050080	
195188	227478	
195188	238988	
195188	342899	
195188	370317	
195188	398916	
195188	578399	
195188	694445	
195188	708516	
195188	970115	
195188	1884960	
195188	1885356	
195188	1937559	
195188	2142780	
195188	2187278	
195188	2203859	
195188	2211558	
195188	2589476	
195188	2621344	
195188	2628407	
195188	2645083	
195188	2649911	
195188	2661170	
195188	2661217	
195188	2671638	
195188	2672397	
195189	467385	
195189	979323	
195189	1564273	
195189	1900468	
195189	1986575	
195189	2190018	
195189	2666044	
195189	2868613	
195189	2892404	
195189	3043445	
195190	195194	
195190	195196	
195190	250293	
195190	1990488	
195190	1990596	
195190	1990908	
195190	2219116	
195190	2568697	
195190	2661487	
195190	2683975	
195190	3061538	
195191	238898	
195191	239187	
195191	239221	
195191	246913	
195191	342918	
195191	349000	
195191	380648	
195191	448862	
195191	693151	
195191	725073	
195191	729886	
195191	731395	
195191	731430	
195191	731468	
195191	731519	
195191	731618	
195191	774294	
195191	775328	
195191	866970	
195191	908916	
195191	918388	
195191	1884063	
195191	1885625	
195191	1905280	
195191	1919337	
195191	1956041	
195191	1962124	
195191	1967871	
195191	1967930	
195191	1967987	
195191	1974186	
195191	1986330	
195191	1986334	
195191	2187378	
195191	2334245	
195191	2460767	
195191	2463529	
195191	2463963	
195191	2464149	
195191	2484366	
195191	2484564	
195191	2486636	
195191	2491868	
195191	2492085	
195191	2492093	
195191	2498988	
195191	2499214	
195191	2511749	
195191	2513599	
195191	2628491	
195191	2632994	
195191	2633323	
195191	2633397	
195191	2634153	
195191	2634329	
195191	2634410	
195191	2635378	
195191	2645304	
195191	2645550	
195191	2646744	
195191	2647282	
195191	2649883	
195191	2650232	
195191	2655399	
195191	2655415	
195191	2657717	
195191	2657728	
195191	2661208	
195191	2661252	
195191	2661637	
195191	2662464	
195191	2664866	
195191	2665014	
195191	2670930	
195191	2671251	
195191	2672027	
195191	2672344	
195191	2675470	
195191	2675685	
195191	2781407	
195191	2868312	
195191	2872334	
195191	2895388	
195191	2967093	
195191	3050763	
195192	195218	
195192	2636532	
195192	2911742	
195193	195248	
195193	2211449	
195193	2647533	
195193	2693850	
195194	201189	
195194	299721	
195194	594374	
195194	597546	
195194	779814	
195194	810963	
195194	957815	
195194	958279	
195194	965411	
195194	965488	
195194	1884960	
195194	1937820	
195194	1949310	
195194	1960539	
195194	1985967	
195194	2000052	
195194	2163322	
195194	2164415	
195194	2177049	
195194	2209444	
195194	2212739	
195194	2239210	
195194	2253197	
195194	2293240	
195194	2454353	
195194	2463506	
195194	2463540	
195194	2463893	
195194	2628472	
195194	2628865	
195194	2645061	
195194	2658425	
195194	2661170	
195194	2664796	
195194	2666108	
195194	2672317	
195194	2675789	
195194	2676698	
195194	2687654	
195194	2693859	
195194	2775566	
195194	2828609	
195194	3070741	
195195	195225	
195195	195236	
195195	2675035	
195195	2893219	
195195	2893324	
195196	1937559	
195196	2212656	
195196	2216766	
195196	2589529	
195196	2633487	
195196	2774877	
195197	195215	
195197	834922	
195197	972824	
195197	2496706	
195197	2568838	
195197	2645485	
195197	2693839	
195197	2933327	
195198	1937875	
195198	2050006	
195198	2661714	
195198	3071624	
195199	226979	
195199	982981	
195199	1885311	
195199	1974953	
195199	1988813	
195199	1990523	
195199	2050652	
195199	2454405	
195199	2484371	
195199	2504683	
195199	2543003	
195199	2621274	
195199	2645658	
195199	2645724	
195199	2650548	
195199	2658523	
195199	2659867	
195199	2672068	
195199	2672491	
195199	2674492	
195199	2895372	
195199	2967064	
195199	2971832	
195200	195207	
195200	578608	
195200	1257501	
195200	1962092	
195200	2173601	
195200	2463549	
195200	2634497	
195201	195220	
195201	392566	
195201	2059072	
195201	2164527	
195201	2454337	
195201	2492101	
195201	2544465	
195201	2660791	
195201	2662391	
195201	2668975	
195201	2775181	
195202	578299	
195202	810470	
195202	943373	
195202	1885605	
195202	1898766	
195202	1930908	
195202	2025781	
195202	2060255	
195202	2290626	
195203	195219	
195204	299721	
195204	456192	
195204	702041	
195204	703109	
195204	704195	
195204	774894	
195204	1914813	
195204	1926221	
195204	2164415	
195204	2231441	
195204	2251864	
195204	2305406	
195204	2454421	
195204	2454524	
195204	2454601	
195204	2454602	
195204	2621342	
195204	2652587	
195204	2657980	
195205	370317	
195205	676539	
195205	712254	
195205	948426	
195205	1898725	
195205	1914889	
195205	2159210	
195205	2492334	
195205	2669336	
195205	2669341	
195206	195228	
195206	195248	
195206	704284	
195206	956432	
195206	965609	
195206	982954	
195206	1895011	
195206	1898822	
195206	1909040	
195206	1909048	
195206	1961589	
195206	2015947	
195206	2583707	
195206	3043340	
195207	384253	
195207	977655	
195208	195225	
195210	456158	
195210	2664902	
195210	2875932	
195211	344608	
195211	927922	
195211	1895162	
195211	1914850	
195211	1960778	
195211	1973541	
195211	2050163	
195211	2221257	
195211	2292866	
195211	2553081	
195211	2568482	
195211	2568809	
195211	2671642	
195211	2672443	
195211	2673808	
195211	2733549	
195212	1837438	
195212	2635697	
195213	195225	
195213	195245	
195213	195252	
195213	776337	
195213	2550969	
195213	2628055	
195213	2635814	
195213	2665940	
195213	2775536	
195214	539444	
195214	729742	
195214	890707	
195214	1902440	
195214	1914982	
195214	1926215	
195214	1934810	
195214	2280944	
195214	2628218	
195214	2628865	
195214	2649931	
195214	2661520	
195215	195225	
195215	195236	
195216	2405489	
195216	2649926	
195217	195255	
195217	877347	
195217	3069536	
195218	398916	
195218	2568789	
195218	2644939	
195219	248505	
195219	456200	
195219	776772	
195219	975449	
195219	1937559	
195219	2454441	
195219	2652555	
195220	1902702	
195220	2173624	
195220	2621284	
195220	2635583	
195220	2664777	
195220	2666027	
195221	2023201	
195221	2211404	
195222	195225	
195223	239023	
195223	398918	
195223	454795	
195223	456776	
195223	578526	
195223	578555	
195223	948906	
195223	970051	
195223	1881694	
195223	1960752	
195223	2016828	
195223	2198798	
195223	2334110	
195223	2463519	
195223	2463529	
195223	2464188	
195223	2491887	
195223	2567004	
195223	2601604	
195223	2635220	
195223	2635475	
195223	2643422	
195223	2645586	
195223	2647224	
195223	2661690	
195223	2670795	
195223	2671133	
195223	2672496	
195223	2673618	
195223	2674037	
195223	2678617	
195223	2685015	
195223	2687551	
195224	227712	
195224	1926215	
195224	2464019	
195224	2635320	
195224	2635742	
195224	2682910	
195225	195230	
195225	195232	
195225	195234	
195225	195237	
195225	195239	
195225	195244	
195225	195246	
195225	195247	
195225	195250	
195226	578599	
195226	839464	
195226	1884176	
195226	1898714	
195226	1898988	
195226	1900476	
195226	2271973	
195226	2463356	
195226	2628865	
195226	2661203	
195226	2675818	
195226	2893341	
195227	224536	
195227	239267	
195227	248330	
195227	371431	
195227	380744	
195227	447514	
195227	535249	
195227	785369	
195227	839495	
195227	934932	
195227	945648	
195227	965488	
195227	970051	
195227	975492	
195227	975504	
195227	1532252	
195227	1674934	
195227	1885286	
195227	1885311	
195227	1895101	
195227	1905288	
195227	1986362	
195227	2026329	
195227	2176686	
195227	2176692	
195227	2212199	
195227	2212322	
195227	2212354	
195227	2216749	
195227	2244651	
195227	2280944	
195227	2405443	
195227	2454458	
195227	2463760	
195227	2463864	
195227	2463893	
195227	2464019	
195227	2464148	
195227	2464209	
195227	2464275	
195227	2464283	
195227	2464285	
195227	2550969	
195227	2556648	
195227	2556995	
195227	2628065	
195227	2635245	
195227	2637383	
195227	2643422	
195227	2646589	
195227	2646661	
195227	2661640	
195227	2671908	
195227	2672730	
195227	2675656	
195227	2683919	
195227	2693701	
195227	2693796	
195227	2775536	
195227	2872368	
195227	2893226	
195227	2893228	
195227	2893237	
195227	2893240	
195227	2893242	
195227	2893324	
195227	2893357	
195227	2893361	
195228	474808	
195228	704284	
195228	1902758	
195228	1973541	
195228	1990667	
195228	2454454	
195228	2568325	
195228	2658576	
195229	580896	
195229	983004	
195229	1884233	
195229	1923079	
195229	2000052	
195229	2211727	
195229	2347592	
195229	2461449	
195229	2556654	
195229	2675834	
195229	2897507	
195229	3071637	
195230	195236	
195230	195249	
195230	195252	
195230	321006	
195231	2338441	
195231	2674340	
195234	195252	
195237	195252	
195238	2582133	
195238	2635600	
195240	865489	
195240	1106050	
195241	948296	
195241	1905344	
195241	1914895	
195241	2454461	
195241	2491914	
195241	2529568	
195241	2568325	
195241	2673370	
195241	2790022	
195242	238888	
195242	774911	
195242	890707	
195242	1897186	
195242	2058979	
195242	2059067	
195242	2212739	
195242	2347431	
195242	2550969	
195242	2673981	
195242	2868728	
195251	2365354	
195251	2598184	
222768	697491	
225715	419567	
225236	2581970	
224533	2675035	
231284	2581970	
238847	2621274	
238853	697491	
238857	238991	
238865	2628055	
238865	2665940	
238876	2581970	
238966	2635814	
238971	2581970	
238991	352820	
238991	377889	
238991	474834	
238991	662445	
238991	730414	
238991	758910	
238991	768990	
238991	775851	
238991	779814	
238991	867147	
238991	899128	
238991	918229	
238991	918233	
238991	936148	
238991	948431	
238991	1238485	
238991	1494897	
238991	1914614	
238991	1935118	
238991	1947187	
238991	1960820	
238991	1962092	
238991	1967919	
238991	1967942	
238991	1988813	
238991	2148018	
238991	2164415	
238991	2168870	
238991	2171083	
238991	2175402	
238991	2189724	
238991	2189803	
238991	2211666	
238991	2351554	
238991	2436535	
238991	2448319	
238991	2451967	
238991	2452032	
238991	2452074	
238991	2456835	
238991	2457240	
238991	2458235	
238991	2459601	
238991	2463506	
238991	2463589	
238991	2463994	
238991	2464603	
238991	2464636	
238991	2464791	
238991	2464804	
238991	2464861	
238991	2467408	
238991	2567046	
238991	2570573	
238991	2589504	
238991	2605923	
238991	2632895	
238991	2632992	
238991	2632996	
238991	2635379	
238991	2635523	
238991	2635799	
238991	2636329	
238991	2637367	
238991	2644939	
238991	2645558	
238991	2657561	
238991	2663784	
238991	2664909	
238991	2670735	
238991	2672495	
238991	2675055	
238991	2964996	
238991	2971837	
239025	697491	
239054	2775536	
239159	2095807	
239203	2581970	
239203	2628055	
239210	776337	
239212	2628055	
239214	2621274	
239232	776337	
239233	776337	
239233	2581970	
239270	2581970	
239273	2621274	
239274	2628055	
235610	3061566	
228861	321006	
240421	776337	
250257	2581970	
250957	3061566	
250971	3061566	
250975	3061566	
245452	2635814	
248505	2679008	
248529	2678535	
248574	839356	
248848	2550969	
249621	2658534	
249647	839356	
272575	419567	
272761	419567	
284772	2635814	
291890	419567	
295570	2651617	
295772	2581970	
296123	2893324	
299715	2635814	
301006	2095807	
320949	321006	
321006	372109	
321006	552433	
321006	717123	
321006	774846	
321006	830928	
321006	965363	
321006	1102880	
321006	1430928	
321006	1605562	
321006	1900461	
321006	2022483	
321006	2025883	
321006	2176613	
321006	2176627	
321006	2176654	
321006	2176668	
321006	2176677	
321006	2207594	
321006	2211618	
321006	2391393	
321006	2628188	
321006	2696147	
306627	419567	
314390	419567	
321390	419567	
323168	626255	
331431	419567	
335623	2658534	
340674	419567	
343055	2621274	
343116	2893324	
341695	419567	
347258	2635814	
348411	2621274	
349000	2635814	
349113	2621274	
349130	2628055	
351223	2628055	
351482	2628055	
352831	2628055	
359650	2550969	
365373	2621274	
365397	2581970	
365397	2635814	
380648	697491	
380648	2675269	
381557	2581970	
381702	2621274	
381709	2893324	
373001	2581970	
373429	2621274	
373429	2635814	
373435	2581970	
367993	2550969	
369732	697491	
370127	2628055	
370187	2635814	
370317	776337	
370317	2658534	
370353	2678535	
371246	2550969	
372589	2635814	
372599	2621274	
372830	2658534	
384243	2550969	
388368	419567	
390729	2464149	
390730	2581970	
395755	2775536	
398137	697491	
405175	419567	
416258	419567	
417610	419567	
418165	419567	
418175	419567	
418178	419567	
418181	419567	
418184	419567	
418190	419567	
419559	419567	
419566	419567	
419567	439748	
419567	492679	
419567	503413	
419567	529141	
419567	576180	
419567	637188	
419567	753918	
419567	801779	
419567	813695	
419567	1950338	
419567	1950352	
419567	1950362	
419567	1960100	
419567	1983863	
419567	1997044	
419567	2025494	
419567	2025911	
419567	2179662	
419567	2195372	
419567	2217028	
419567	2236786	
419567	2271132	
419567	2273675	
419567	2297932	
419567	2299099	
419567	2387537	
419567	2510897	
419567	2554677	
419567	2568449	
419567	2577366	
419567	2592229	
419567	2907799	
419567	2918238	
419567	2944204	
419567	2945016	
419567	2984676	
419567	3028439	
419567	3040780	
428529	2621274	
429179	2581970	
439820	2464149	
439820	2581970	
442680	2621274	
441730	2893324	
447304	2095807	
449945	2550969	
446949	2893324	
447022	2464149	
448862	2628055	
456176	2581970	
476933	2893324	
477050	2658534	
457146	2893324	
464385	2658534	
464853	2095807	
474285	2095807	
463919	2628055	
480715	2095807	
484966	2581970	
485001	2464149	
492175	2095807	
502724	776337	
503699	2464149	
503699	2581970	
522539	697491	
526331	2581970	
526719	2550969	
538176	2635814	
535243	2550969	
535249	2893219	
538997	2581970	
554966	2095807	
554987	2665940	
562332	2095807	
577304	2621274	
578368	2621274	
578399	2621274	
578405	2581970	
578415	2651617	
578455	2581970	
578529	626255	
578555	839356	
578555	2893324	
578565	2550969	
578599	2621274	
578604	2678535	
589223	2550969	
594374	2893324	
601774	2665940	
626255	772521	
626255	913604	
626255	1843832	
626255	2090400	
626255	2293441	
626255	2389747	
626255	2389756	
626255	2389765	
626255	2454375	
626255	2457798	
626255	2472016	
626255	2568281	
626255	2568300	
626255	2568336	
626255	2628196	
626255	2649885	
626255	2650202	
626255	2661554	
626255	2671978	
626255	2703925	
626255	2874112	
626255	2930751	
626255	3025643	
648315	2621274	
642578	2628055	
649996	2095807	
658693	2775536	
665057	2581970	
674593	2635814	
676461	697491	
676564	2464149	
676567	2464149	
679699	2628055	
696929	2658534	
703625	2628055	
703645	2581970	
697488	697491	
697491	731399	
697491	733640	
697491	857910	
697491	940413	
697491	948231	
697491	948358	
697491	976004	
697491	1163469	
697491	1914513	
697491	1914552	
697491	1914681	
697491	1914861	
697491	1914915	
697491	1962834	
697491	2015281	
697491	2023708	
697491	2089873	
697491	2105265	
697491	2158942	
697491	2173221	
697491	2211077	
697491	2211462	
697491	2244662	
697491	2290660	
697491	2292866	
697491	2347626	
697491	2382228	
697491	2420996	
697491	2498981	
697491	2508654	
697491	2513800	
697491	2522935	
697491	2569624	
697491	2624455	
697491	2626847	
697491	2649965	
697491	2661170	
697491	2661549	
697491	2663799	
697491	2670750	
697491	2673792	
697491	2675269	
697491	2676195	
697491	2688449	
697491	2688959	
697491	2689068	
697491	2804543	
697491	2971769	
693151	2581970	
705720	776337	
695526	2621274	
695775	2658534	
695775	2675269	
704274	2581970	
704284	2581970	
704303	2581970	
704309	2464149	
699165	2775536	
731137	2621274	
731142	2628055	
731148	2678535	
731159	2628055	
731162	2581970	
731162	2621274	
731168	2628055	
731173	2628055	
731176	2628055	
731193	2628055	
731197	2628055	
731222	2621274	
731224	2628055	
731229	2628055	
731244	2628055	
731250	2628055	
731263	2621274	
731264	2651617	
731269	2550969	
731272	2628055	
731281	2621274	
731284	776337	
731293	2550969	
731358	2651617	
731362	2658534	
731368	2628055	
731391	2628055	
731394	2628055	
731395	2628055	
731402	2550969	
731459	2628055	
731469	2628055	
731520	2628055	
731559	2628055	
731563	2775536	
731569	2581970	
731569	2628055	
731569	2658534	
731598	2893219	
731615	2628055	
731622	2658534	
731624	2628055	
731627	2628055	
723377	2635814	
723377	2893324	
729992	2095807	
730221	776337	
730414	2628055	
741845	2550969	
741845	2581970	
741845	2621274	
741845	2775536	
741845	2893324	
742895	2665940	
750139	2581970	
760120	2550969	
758910	2628055	
774294	2550969	
774294	2893324	
774711	2550969	
774716	2651617	
774728	2581970	
774746	2665940	
774760	3061566	
774803	2665940	
774903	2665940	
775048	839356	
775101	2665940	
775139	776337	
775976	776337	
776337	776772	
776337	779908	
776337	843201	
776337	1126823	
776337	1221658	
776337	1652932	
776337	1914752	
776337	1934677	
776337	1947187	
776337	2049978	
776337	2389753	
776337	2405434	
776337	2484398	
776337	2484419	
776337	2496719	
776337	2496746	
776337	2628459	
776337	2634298	
776337	2637166	
776337	2647241	
776337	2655986	
776337	2664907	
776337	2664943	
776337	2665076	
776337	2665925	
776337	2665985	
776337	2666013	
776337	2666061	
776337	2669300	
776337	2670807	
776337	2670812	
776337	2673852	
776337	2777059	
776337	2880702	
776337	2919543	
776772	2628055	
782329	2621274	
785369	2893324	
785485	2464149	
794303	2621274	
795787	2893324	
807421	2893324	
824363	2775536	
823739	2665940	
830385	2550969	
830447	2893324	
834932	2893219	
834932	2893324	
836186	2628055	
839069	2893324	
839356	839357	
839356	859154	
839356	859161	
839356	944585	
839356	944603	
839356	982925	
839356	991997	
839356	1069703	
839356	1130074	
839356	1650328	
839356	1885643	
839356	1999769	
839356	2187258	
839356	2187285	
839356	2218341	
839356	2436943	
839356	2454335	
839356	2463569	
839356	2463783	
839356	2463864	
839356	2496779	
839356	2511665	
839356	2582888	
839356	2626828	
839356	2635281	
839356	2635742	
839356	2646589	
839356	2651493	
839356	2673428	
839356	2675696	
839356	2675869	
839356	2774791	
839442	2893324	
839495	2893324	
839833	2464149	
843937	2550969	
846851	2464149	
863469	2893324	
858310	2550969	
861797	2635814	
862347	2581970	
862465	2621274	
862465	2659945	
862497	2635814	
867581	2635814	
868749	2628055	
862690	2464149	
882337	2581970	
882337	2621274	
883693	3061566	
913604	2550969	
913628	2893324	
918240	2628055	
918244	2628055	
918302	2628055	
918331	2628055	
918371	2621274	
918388	2628055	
918433	2628055	
916295	2621274	
926394	2581970	
927426	2464149	
927922	2550969	
927922	2621274	
929004	2550969	
930043	2658534	
930048	2550969	
936148	2550969	
936148	2581970	
936148	2621274	
942744	3061566	
943044	2621274	
954744	2550969	
954744	2893324	
949580	2581970	
948231	2581970	
948420	2581970	
948431	2581970	
960902	2581970	
956097	3061566	
956101	3061566	
961648	2665940	
959869	2775536	
961150	2893324	
958766	2665940	
965361	3061566	
965363	3061566	
965365	3061566	
965420	2651617	
965454	3061566	
965459	3061566	
965471	2550969	
965488	2893324	
965560	2635814	
976243	2621274	
978547	2550969	
971036	2095807	
975266	2581970	
969861	2581970	
970241	2095807	
971189	2621274	
971191	2893324	
972824	2628055	
975509	2464149	
975214	2621274	
979758	2550969	
979758	2893324	
982831	2621274	
982848	2893324	
982900	2893219	
982978	2550969	
979425	2893324	
979602	2621274	
979602	2635814	
979863	2621274	
979865	2635814	
979865	2675269	
979923	2635814	
979951	2621274	
985644	2550969	
1102910	2581970	
1102963	2581970	
990558	2581970	
990617	2651617	
990657	2658534	
990657	2675269	
987038	2651617	
1259958	2095807	
993426	2095807	
993567	2095807	
993729	2095807	
993962	2095807	
993996	2095807	
994012	2095807	
994188	2095807	
994208	2095807	
994420	2095807	
994495	2095807	
994534	2095807	
994565	2095807	
994623	2095807	
1123120	2464149	
1236470	2621274	
1236986	2621274	
993645	2628055	
1464438	2095807	
1001651	2095807	
1050536	2095807	
1302710	2621274	
1302732	2621274	
1302746	2550969	
1302752	2464149	
1302752	2581970	
1467345	2095807	
1158923	2775536	
1116983	2628055	
1100902	2550969	
1507505	2581970	
1130789	2095807	
1366303	2095807	
1138738	2581970	
1139020	2095807	
1139257	2628055	
1181766	2095807	
1231250	2095807	
1326519	2095807	
1171813	2095807	
1360473	2095807	
1273828	2581970	
1341370	2628055	
1498238	2095807	
1406095	2095807	
1554795	2678535	
1396152	2550969	
1449035	2095807	
1449107	2095807	
1672571	2095807	
1625399	2095807	
1643914	2095807	
1686298	2651617	
1686362	2628055	
1619942	2095807	
1620127	2095807	
1620178	2095807	
1620322	2095807	
1749753	2658534	
1787461	2581970	
1814981	2679008	
1770947	2095807	
1669248	2095807	
1674462	2621274	
1674462	2679008	
1674489	2678535	
1674560	2678535	
1675407	2628055	
1702492	2628055	
1781610	2095807	
1807155	2628055	
1719499	2095807	
1780991	2095807	
1757574	2095807	
1839272	2628055	
1830326	2095807	
1848338	2628055	
1884333	2628055	
1891911	2893324	
1891959	2550969	
1891959	2893219	
1884154	2581970	
1884226	2464149	
1884226	2550969	
1884226	2621274	
1884239	2621274	
1884248	2581970	
1884262	2464149	
1884266	2464149	
1884272	2464149	
1881307	2581970	
1881317	2581970	
1881321	2550969	
1881321	2621274	
1881321	2635814	
1881328	2581970	
1881345	2621274	
1902421	2581970	
1883165	2628055	
1883413	2464149	
1886491	2651617	
1885722	2621274	
1885351	2635814	
1885356	2464149	
1885356	2581970	
1885356	2628055	
1886410	2581970	
1896503	2621274	
1896510	2581970	
1896535	2621274	
1908518	2621274	
1898892	2665940	
1900450	2628055	
1900461	3061566	
1900472	2581970	
1900499	2581970	
1900499	2628055	
1900503	2581970	
1900504	2658534	
1900510	2893324	
1889176	2581970	
1889182	2581970	
1889201	2581970	
1889206	2464149	
1889213	2464149	
1889214	2464149	
1885601	2621274	
1885652	2635814	
1885154	2621274	
1885286	2628055	
1885293	2893324	
1885295	2581970	
1885328	2621274	
1885347	2581970	
1885349	2464149	
1898817	2665940	
1898868	2550969	
1898899	2665940	
1898923	2550969	
1898930	2635814	
1898944	2621274	
1898955	2893324	
1898969	2621274	
1898971	2550969	
1899027	2635814	
1894832	2621274	
1894921	2581970	
1895127	2621274	
1895152	2581970	
1892329	2095807	
1893290	2095807	
1898397	2550969	
1892549	3061566	
1892560	3061566	
1909044	2675269	
1909046	2635814	
1909063	2893324	
1901858	2628055	
1902594	2658534	
1902623	2621274	
1902681	2550969	
1902873	2628055	
1905004	2628055	
1905147	2581970	
1905288	2893219	
1905288	2893324	
1905448	2550969	
1911465	2581970	
1921303	2581970	
1924213	2621274	
1910332	2464149	
1908280	2678535	
1910552	2621274	
1911362	2581970	
1919593	2581970	
1914523	2581970	
1914538	2658534	
1914543	2581970	
1914568	2621274	
1914652	2464149	
1914668	2581970	
1914779	2581970	
1914782	2621274	
1914815	2621274	
1914832	2893324	
1914851	2893324	
1914853	2893324	
1914856	2621274	
1914867	2581970	
1914869	2581970	
1914897	2464149	
1914900	2581970	
1914902	2665940	
1914914	2581970	
1914921	2464149	
1914921	2581970	
1914930	2658534	
1914960	2621274	
1914962	2621274	
1914971	2893324	
1914982	2621274	
1910481	2581970	
1910367	2635814	
1926079	3061566	
1926215	2893324	
1917635	2581970	
1919717	2621274	
1920966	2665940	
1920974	2665940	
1921001	2665940	
1919962	2775536	
1921249	2665940	
1919661	2581970	
1926897	2635814	
1933733	2095807	
1933791	2679008	
1933797	2635814	
1933797	2675035	
1933797	2893324	
1960491	2581970	
1947187	2628055	
1967867	2550969	
1967930	2581970	
1967937	2621274	
1967970	2581970	
1967991	2628055	
1967993	2621274	
1967996	2550969	
1968015	2581970	
1933436	2581970	
1946313	2628055	
1946320	2581970	
1955721	2651617	
1948942	2550969	
1965572	2635814	
1937383	2675269	
1930750	2628055	
1932829	2550969	
1932829	2621274	
1932829	2628055	
1940665	2581970	
1934677	2665940	
1934810	2550969	
1935109	2628055	
1935156	2893219	
1935344	2679008	
1960678	2621274	
1960783	2581970	
1960814	2550969	
1960820	2581970	
1964308	2621274	
1964308	2658534	
1964936	2621274	
1965070	2621274	
1965105	2621274	
1961944	2665940	
1964607	2628055	
1945719	2675269	
1959275	2628055	
1962032	2628055	
1967807	2893324	
1967814	2893324	
1967823	2621274	
1974005	2464149	
1973942	3061566	
1974020	2628055	
1974159	2675269	
1974165	2628055	
1974952	2581970	
1974953	2581970	
1974958	2550969	
1974959	2658534	
1974959	2665940	
1983819	2621274	
1990492	2550969	
1990641	2635814	
1990655	2775536	
1991017	2775536	
1983793	2628055	
1986374	2628055	
1986381	2628055	
1986393	2621274	
1986515	2581970	
1986548	2893324	
1986602	2628055	
1986613	2678535	
1986648	2581970	
1986661	2675035	
1986700	2621274	
1986705	2675035	
1986709	2628055	
1986715	2679008	
1986740	2621274	
1992528	2621274	
1989239	2651617	
1989241	2893324	
1990055	2095807	
1990663	2095807	
1999016	3061566	
1999970	2665940	
1999988	2658534	
2000052	2550969	
2011269	2893324	
2010296	3061566	
2011639	2893324	
2011729	2893324	
2015288	2628055	
2015288	2635814	
2015294	2658534	
2015297	2581970	
2018053	2550969	
2015902	2621274	
2015959	2893324	
2018124	2550969	
2019434	2775536	
2023708	2893219	
2023725	2775536	
2023738	2621274	
2023743	2621274	
2024111	2621274	
2024134	2675269	
2024135	2675269	
2023211	3061566	
2023235	2581970	
2028730	2581970	
2025745	2581970	
2025789	2581970	
2025863	2775536	
2027200	2095807	
2027313	2095807	
2027352	2095807	
2026910	2628055	
2026925	2635814	
2026329	2893324	
2033728	2675269	
2037577	2621274	
2037577	2659945	
2037577	2893324	
2043285	2893324	
2045167	2581970	
2049983	2628055	
2049987	2550969	
2050026	2550969	
2050035	3061566	
2050054	2550969	
2050060	2550969	
2050100	2550969	
2050107	2621274	
2050116	2628055	
2050134	2621274	
2050252	2621274	
2050270	2621274	
2050277	2621274	
2050280	2621274	
2050289	2658534	
2050296	2621274	
2050302	2675269	
2050315	2464149	
2050319	2621274	
2050341	2621274	
2051461	2464149	
2060251	2893324	
2058984	2550969	
2064011	2775536	
2064349	2635814	
2081279	2658534	
2081279	2675269	
2084706	2621274	
2114901	2464149	
2095807	2095909	
2095807	2175106	
2095807	2187740	
2095807	2469360	
2095807	2475323	
2095807	2480624	
2095807	2480936	
2095807	2489157	
2095807	2678020	
2095807	2905377	
2095807	2969743	
2095807	2969771	
2095807	2972726	
2095807	3022828	
2095807	3023008	
2095807	3042595	
2089891	2628055	
2113804	2675269	
2151601	2581970	
2158610	2464149	
2150706	2621274	
2169412	2635814	
2169425	2635814	
2159160	2893324	
2162424	2621274	
2162428	2621274	
2166105	2550969	
2171083	2550969	
2164415	2550969	
2164531	2621274	
2164536	2621274	
2164540	2464149	
2164540	2581970	
2164540	2678535	
2189759	2550969	
2189855	2581970	
2189906	2621274	
2189984	2550969	
2190034	2628055	
2190052	2581970	
2190071	2550969	
2190079	2581970	
2190089	2621274	
2176606	2581970	
2176608	2550969	
2176608	2581970	
2187226	2581970	
2187230	2581970	
2187325	2628055	
2187380	2581970	
2187421	2581970	
2173598	2628055	
2173633	2658534	
2173653	2581970	
2173698	2581970	
2173789	2679008	
2173856	2628055	
2173857	2651617	
2173871	2621274	
2173875	2621274	
2173887	2581970	
2173889	2581970	
2173912	2635814	
2173916	2621274	
2172404	2581970	
2173183	2581970	
2187936	2581970	
2191128	2464149	
2191128	2621274	
2191171	2464149	
2191209	2464149	
2191217	2464149	
2176627	2621274	
2176632	2621274	
2176633	2659945	
2176651	2581970	
2176656	2621274	
2176664	2621274	
2176665	2621274	
2176671	2635814	
2176671	2893324	
2176675	2464149	
2176686	2550969	
2176686	2621274	
2176692	2550969	
2176708	2678535	
2186372	2550969	
2186412	3061566	
2186417	3061566	
2186422	2550969	
2197214	2675035	
2197265	2635814	
2200168	2628055	
2205952	2665940	
2206265	2635814	
2210852	2581970	
2209336	3061566	
2209424	2635814	
2209436	2635814	
2212203	2893324	
2212212	2550969	
2212217	2893324	
2212227	3061566	
2212242	2893324	
2212271	2581970	
2212302	2621274	
2212318	2621274	
2212318	2659945	
2212319	2628055	
2212322	2893219	
2212322	2893324	
2212354	2893324	
2212656	2635814	
2212657	2665940	
2211709	2621274	
2212715	2621274	
2212716	2550969	
2212745	2675269	
2216757	2581970	
2216766	2581970	
2216766	2893324	
2221453	3061566	
2221460	2628055	
2221463	2665940	
2221472	2893324	
2221546	2628055	
2221564	2550969	
2221580	2581970	
2221599	2621274	
2219176	2635814	
2219176	2893324	
2221257	2621274	
2225859	2651617	
2228188	2635814	
2233016	2581970	
2234146	2651617	
2234739	2621274	
2236677	3061566	
2244755	2675269	
2245983	3061566	
2246039	2893324	
2249440	2550969	
2251863	2621274	
2266793	2658534	
2267321	2658534	
2268040	2581970	
2268206	2635814	
2269025	2621274	
2269438	2550969	
2269908	2628055	
2269992	2621274	
2270737	2893324	
2271928	2665940	
2271971	2628055	
2280944	2635814	
2280944	2675035	
2280944	2893324	
2279942	2621274	
2279969	2550969	
2279998	2550969	
2280012	2550969	
2280048	2550969	
2280056	2621274	
2280074	2550969	
2284148	2550969	
2287128	2581970	
2289544	2581970	
2290617	2464149	
2290660	2675269	
2290663	2581970	
2290663	2621274	
2290672	2893324	
2307854	2775536	
2307452	2628055	
2334169	2628055	
2334235	2628055	
2334306	2658534	
2334314	2628055	
2334316	2628055	
2346912	2621274	
2347431	2628055	
2358223	2628055	
2357017	2581970	
2365224	2665940	
2365284	2635814	
2365302	2550969	
2372273	2678535	
2388827	2621274	
2388431	2665940	
2388438	2550969	
2388448	2665940	
2388458	2665940	
2388465	2665940	
2390286	2621274	
2389758	2628055	
2389762	2621274	
2389766	2621274	
2405434	2651617	
2405439	2464149	
2405454	2550969	
2405454	2581970	
2405465	2550969	
2405466	2775536	
2405469	2621274	
2405472	2621274	
2405492	2464149	
2405494	2464149	
2406737	2675269	
2406741	2675269	
2406742	2581970	
2406742	2675269	
2411349	2581970	
2423898	2675269	
2423902	2675269	
2436933	2675035	
2437032	2635814	
2428279	2621274	
2434556	2678535	
2439388	2550969	
2439388	2775536	
2448332	2635814	
2448356	2679008	
2449824	2550969	
2455438	2893324	
2451589	2658534	
2458275	2621274	
2452095	2658534	
2472053	2893324	
2452991	2621274	
2454335	2550969	
2454335	2635814	
2454338	2893219	
2454359	2628055	
2454361	2621274	
2454391	2621274	
2454391	2628055	
2454399	2628055	
2454401	2550969	
2454425	2621274	
2454495	2550969	
2454516	2635814	
2454532	2651617	
2454565	2621274	
2454584	2893324	
2470546	2581970	
2472353	2628055	
2457757	2659945	
2457798	2628055	
2457803	2621274	
2456889	2628055	
2456937	2628055	
2456967	2621274	
2456967	2658534	
2456971	2581970	
2456971	2658534	
2461501	2775536	
2463316	2550969	
2463325	2621274	
2463325	2628055	
2463325	2658534	
2463429	2621274	
2463439	2628055	
2463442	2621274	
2463470	2658534	
2463483	2550969	
2463483	2628055	
2463484	2581970	
2463512	2628055	
2463550	2550969	
2463550	2893324	
2463561	2628055	
2463583	2775536	
2463633	2628055	
2463653	2621274	
2463708	2628055	
2463760	2550969	
2463760	2675035	
2463760	2893219	
2463760	2893324	
2463893	2893219	
2463893	2893324	
2463904	2628055	
2463931	2665940	
2463954	2621274	
2463966	2621274	
2463984	2550969	
2463984	2675035	
2463984	2893219	
2463984	2893324	
2463991	2893324	
2464019	2893324	
2464024	2628055	
2464029	2675035	
2464085	2658534	
2464088	2581970	
2464088	2628055	
2464088	2658534	
2464091	2658534	
2464107	2658534	
2464108	2621274	
2464119	2658534	
2464119	2679008	
2464127	2628055	
2464129	2628055	
2464138	2658534	
2464141	2628055	
2464148	2893219	
2464148	2893324	
2464149	2467287	
2464149	2548499	
2464149	2632210	
2464149	2637085	
2464149	2646804	
2464149	2651741	
2464149	2664059	
2464149	2666251	
2464149	2671713	
2464149	2671760	
2464149	2672142	
2464149	2673616	
2464149	2688533	
2464149	2748097	
2464149	2784515	
2464149	2912080	
2464149	2915659	
2464149	2955629	
2464149	2974951	
2464158	2628055	
2464158	2658534	
2464165	2628055	
2464189	2628055	
2464197	2628055	
2464209	2621274	
2464209	2893324	
2464215	2628055	
2464250	2621274	
2464251	2658534	
2464256	2893324	
2467408	2658534	
2464532	2628055	
2464534	2893324	
2464577	2628055	
2464616	2581970	
2464634	2581970	
2464641	2621274	
2464641	2628055	
2481207	2621274	
2481212	2628055	
2484394	2628055	
2484419	2628055	
2484435	2628055	
2484472	2893324	
2484533	2581970	
2491967	2550969	
2492009	2628055	
2492078	2675035	
2492081	2628055	
2492186	2628055	
2492216	2621274	
2492216	2675035	
2492247	2675269	
2492271	2893324	
2496779	2635814	
2496801	2665940	
2498951	2675269	
2498979	2635814	
2499044	2628055	
2499939	2581970	
2515134	2893324	
2511631	2665940	
2511749	2628055	
2513591	2628055	
2522935	2675269	
2540224	2550969	
2543065	2628055	
2543078	2658534	
2543101	2581970	
2543283	2621274	
2541150	2621274	
2541268	2550969	
2541274	2581970	
2550969	2550975	
2550969	2568811	
2550969	2568814	
2550969	2568831	
2550969	2621289	
2550969	2624618	
2550969	2626847	
2550969	2626849	
2550969	2628046	
2550969	2628055	
2550969	2628282	
2550969	2628588	
2550969	2635186	
2550969	2635296	
2550969	2635444	
2550969	2635468	
2550969	2635475	
2550969	2635546	
2550969	2635697	
2550969	2635831	
2550969	2635976	
2550969	2649879	
2550969	2657408	
2550969	2659953	
2550969	2661647	
2550969	2661658	
2550969	2661659	
2550969	2661676	
2550969	2665996	
2550969	2666060	
2550969	2668925	
2550969	2669454	
2550969	2671668	
2550969	2671844	
2550969	2671982	
2550969	2673164	
2550969	2673698	
2550969	2673981	
2550969	2674033	
2550969	2675488	
2550969	2676752	
2550969	2677680	
2550969	2683919	
2550969	2691956	
2550969	2706796	
2550969	2717542	
2550969	2775536	
2550969	2835044	
2550969	2875916	
2550969	2893223	
2550969	2893228	
2550969	2893259	
2550969	2893303	
2550969	2893311	
2550969	2893333	
2550969	2895377	
2550969	2895381	
2550969	2895389	
2550969	2895394	
2550969	2895442	
2550969	2895469	
2550969	2908977	
2550969	2965089	
2550969	2982028	
2550969	2982032	
2550969	3007919	
2550969	3007923	
2550969	3012105	
2550969	3061598	
2550969	3068741	
2550969	3068742	
2550969	3071637	
2550969	3071658	
2556648	2893324	
2556995	2893324	
2563899	2679008	
2568780	2628055	
2568791	2678535	
2568802	2635814	
2568820	2775536	
2559163	2651617	
2563978	2893324	
2568281	2675269	
2568300	2675269	
2568325	2893219	
2568350	2775536	
2568352	2893324	
2568362	2621274	
2567046	2621274	
2567057	2628055	
2570710	2621274	
2570952	2621274	
2570952	2635814	
2581970	2589461	
2581970	2589512	
2581970	2614396	
2581970	2621274	
2581970	2621365	
2581970	2626826	
2581970	2628269	
2581970	2628440	
2581970	2632043	
2581970	2632196	
2581970	2632254	
2581970	2632333	
2581970	2632337	
2581970	2633419	
2581970	2633492	
2581970	2634154	
2581970	2634184	
2581970	2634200	
2581970	2635468	
2581970	2635980	
2581970	2636058	
2581970	2636126	
2581970	2636404	
2581970	2636549	
2581970	2645662	
2581970	2645714	
2581970	2645727	
2581970	2645744	
2581970	2646407	
2581970	2646621	
2581970	2646804	
2581970	2646988	
2581970	2647305	
2581970	2650199	
2581970	2650657	
2581970	2654774	
2581970	2655430	
2581970	2657988	
2581970	2658481	
2581970	2658568	
2581970	2659832	
2581970	2659866	
2581970	2662388	
2581970	2664786	
2581970	2665022	
2581970	2666171	
2581970	2666686	
2581970	2670659	
2581970	2670720	
2581970	2670751	
2581970	2670970	
2581970	2671024	
2581970	2671221	
2581970	2671485	
2581970	2671488	
2581970	2671521	
2581970	2671683	
2581970	2674037	
2581970	2674273	
2581970	2674691	
2581970	2674707	
2581970	2675601	
2581970	2675875	
2581970	2676698	
2581970	2676736	
2581970	2678198	
2581970	2679370	
2581970	2679395	
2581970	2688929	
2581970	2691894	
2581970	2703920	
2581970	2703982	
2581970	2704013	
2581970	2704230	
2581970	2754327	
2581970	2774796	
2581970	2775557	
2581970	2886592	
2581970	2893370	
2581970	2919581	
2581970	2930274	
2581970	2971871	
2581970	3050057	
2581970	3068739	
2582127	2893219	
2589475	2678535	
2589482	3061566	
2589489	3061566	
2597899	2621274	
2598223	2628055	
2598223	2658534	
2598243	2775536	
2598243	2893324	
2611831	2893324	
2614201	2628055	
2614406	2621274	
2614406	2679008	
2621271	2621274	
2621272	2635814	
2621274	2621311	
2621274	2621365	
2621274	2626849	
2621274	2627156	
2621274	2628407	
2621274	2628465	
2621274	2628743	
2621274	2628893	
2621274	2632333	
2621274	2632878	
2621274	2632984	
2621274	2633403	
2621274	2633462	
2621274	2633473	
2621274	2633484	
2621274	2633766	
2621274	2634296	
2621274	2635329	
2621274	2635418	
2621274	2635463	
2621274	2635475	
2621274	2635697	
2621274	2635701	
2621274	2635791	
2621274	2636138	
2621274	2639690	
2621274	2639744	
2621274	2644571	
2621274	2644999	
2621274	2645181	
2621274	2645715	
2621274	2646668	
2621274	2646710	
2621274	2646717	
2621274	2646772	
2621274	2646812	
2621274	2646904	
2621274	2646931	
2621274	2647297	
2621274	2649898	
2621274	2649934	
2621274	2650528	
2621274	2650912	
2621274	2652544	
2621274	2654707	
2621274	2658490	
2621274	2659836	
2621274	2661248	
2621274	2661505	
2621274	2663925	
2621274	2664042	
2621274	2664115	
2621274	2664132	
2621274	2664792	
2621274	2664815	
2621274	2664872	
2621274	2664943	
2621274	2664965	
2621274	2664972	
2621274	2669303	
2621274	2670659	
2621274	2670819	
2621274	2671024	
2621274	2671173	
2621274	2671214	
2621274	2671908	
2621274	2672141	
2621274	2672256	
2621274	2672259	
2621274	2672363	
2621274	2672367	
2621274	2672373	
2621274	2672434	
2621274	2672436	
2621274	2672450	
2621274	2672509	
2621274	2672556	
2621274	2672657	
2621274	2673260	
2621274	2673324	
2621274	2673382	
2621274	2673385	
2621274	2673481	
2621274	2673555	
2621274	2673788	
2621274	2673808	
2621274	2673850	
2621274	2674033	
2621274	2674278	
2621274	2674629	
2621274	2675060	
2621274	2675091	
2621274	2675096	
2621274	2675309	
2621274	2675372	
2621274	2675377	
2621274	2675470	
2621274	2675481	
2621274	2675570	
2621274	2675667	
2621274	2675722	
2621274	2675764	
2621274	2675789	
2621274	2676708	
2621274	2676736	
2621274	2677526	
2621274	2679000	
2621274	2680004	
2621274	2680030	
2621274	2680489	
2621274	2683960	
2621274	2687568	
2621274	2688986	
2621274	2688995	
2621274	2688996	
2621274	2689090	
2621274	2691907	
2621274	2703689	
2621274	2703920	
2621274	2775370	
2621274	2816806	
2621274	2875924	
2621274	2875929	
2621274	2878457	
2621274	2880567	
2621274	2893295	
2621274	2915032	
2621274	2919339	
2621274	2919548	
2621274	2919589	
2621274	2930754	
2621274	2971784	
2621274	2971911	
2621274	2974978	
2621274	2996418	
2621274	3021019	
2621274	3024222	
2621274	3043386	
2621274	3068742	
2621278	2665940	
2621282	2658534	
2621293	2628055	
2621355	2678535	
2628055	2628293	
2628055	2628325	
2628055	2628328	
2628055	2628393	
2628055	2628477	
2628055	2628491	
2628055	2628511	
2628055	2628618	
2628055	2628628	
2628055	2628742	
2628055	2628865	
2628055	2628906	
2628055	2632878	
2628055	2632941	
2628055	2632977	
2628055	2633325	
2628055	2633383	
2628055	2633408	
2628055	2634160	
2628055	2635325	
2628055	2635450	
2628055	2635471	
2628055	2635527	
2628055	2635811	
2628055	2635825	
2628055	2642312	
2628055	2644935	
2628055	2644975	
2628055	2645424	
2628055	2646124	
2628055	2646263	
2628055	2646558	
2628055	2646635	
2628055	2647162	
2628055	2647219	
2628055	2647233	
2628055	2647255	
2628055	2647287	
2628055	2649977	
2628055	2650596	
2628055	2650619	
2628055	2651592	
2628055	2651622	
2628055	2652537	
2628055	2654668	
2628055	2658537	
2628055	2658789	
2628055	2664767	
2628055	2664810	
2628055	2664815	
2628055	2664856	
2628055	2664918	
2628055	2664930	
2628055	2664944	
2628055	2664947	
2628055	2665014	
2628055	2666019	
2628055	2666060	
2628055	2666076	
2628055	2666143	
2628055	2666162	
2628055	2666262	
2628055	2666704	
2628055	2670769	
2628055	2670840	
2628055	2671013	
2628055	2671075	
2628055	2671085	
2628055	2671186	
2628055	2671210	
2628055	2671240	
2628055	2671870	
2628055	2672073	
2628055	2672086	
2628055	2672355	
2628055	2672360	
2628055	2672457	
2628055	2672508	
2628055	2672569	
2628055	2672702	
2628055	2673318	
2628055	2673328	
2628055	2673330	
2628055	2673540	
2628055	2673557	
2628055	2673580	
2628055	2673601	
2628055	2673612	
2628055	2673843	
2628055	2674011	
2628055	2674101	
2628055	2674309	
2628055	2674414	
2628055	2674538	
2628055	2674644	
2628055	2674660	
2628055	2674661	
2628055	2674679	
2628055	2674684	
2628055	2674781	
2628055	2675272	
2628055	2675309	
2628055	2675372	
2628055	2675384	
2628055	2675446	
2628055	2675476	
2628055	2675478	
2628055	2675488	
2628055	2675742	
2628055	2675813	
2628055	2675856	
2628055	2680010	
2628055	2680127	
2628055	2683945	
2628055	2687712	
2628055	2688962	
2628055	2689072	
2628055	2735543	
2628055	2832500	
2628055	2878697	
2628055	2880568	
2628055	2893188	
2628055	2893365	
2628055	2995064	
2632254	2635814	
2632977	2658534	
2633473	2658534	
2645580	2675035	
2645714	2893324	
2646159	2658534	
2646376	2665940	
2646589	2893219	
2646589	2893324	
2646702	2651617	
2646760	2893324	
2646815	2658534	
2646957	2675269	
2628739	2893324	
2628764	2893324	
2628826	2893324	
2628832	2893324	
2628869	2893219	
2628869	2893324	
2628873	2658534	
2626814	2628055	
2626814	2665940	
2626849	2893324	
2626871	2628055	
2626358	2675035	
2634385	2658534	
2634405	2658534	
2634451	2675035	
2634461	2635814	
2634493	2658534	
2632986	2658534	
2627765	2665940	
2664962	2675035	
2633446	2665940	
2631266	2678535	
2634162	2893324	
2645658	2659945	
2645703	2675035	
2645715	2659945	
2635523	2658534	
2646744	2658534	
2647162	2658534	
2647258	2675269	
2647294	2658534	
2647438	2658534	
2637383	2893219	
2637655	2658534	
2637655	2665940	
2635219	2658534	
2635281	2635814	
2635501	2658534	
2628440	2659945	
2628440	2675035	
2633409	2675269	
2628511	2658534	
2628560	2658534	
2628006	2893324	
2628065	2893324	
2628372	2658534	
2628398	2658534	
2633833	2678535	
2639682	2775536	
2639755	2651617	
2639765	2658534	
2632352	2658534	
2661142	2893324	
2661158	2893324	
2661170	2893324	
2661248	2893324	
2661282	2675269	
2661333	2675035	
2632337	2658534	
2634216	2679008	
2635216	2893324	
2635245	2893324	
2635320	2635814	
2635320	2651617	
2635320	2675035	
2635320	2893324	
2635327	2679008	
2635371	2893324	
2635409	2635814	
2635409	2675035	
2635419	2679008	
2635420	2635814	
2635420	2893324	
2635425	2651617	
2635464	2665940	
2635468	2635814	
2635468	2675035	
2635468	2893324	
2635475	2893324	
2635489	2893324	
2635491	2635814	
2635491	2675035	
2635504	2635814	
2635524	2675269	
2635528	2635814	
2635561	2635814	
2635623	2658534	
2635633	2675035	
2635638	2635814	
2635638	2893324	
2635652	2635814	
2635652	2893324	
2635692	2893219	
2635697	2893324	
2635767	2651617	
2635773	2658534	
2635808	2893324	
2635814	2645688	
2635814	2645714	
2635814	2646760	
2635814	2649879	
2635814	2649906	
2635814	2649920	
2635814	2650528	
2635814	2658625	
2635814	2658784	
2635814	2661248	
2635814	2661535	
2635814	2663885	
2635814	2663925	
2635814	2663962	
2635814	2663998	
2635814	2664071	
2635814	2664118	
2635814	2665930	
2635814	2665981	
2635814	2672018	
2635814	2674043	
2635814	2675035	
2635814	2675060	
2635814	2677188	
2635814	2680030	
2635814	2682902	
2635814	2685019	
2635814	2685031	
2635814	2693859	
2635814	2739354	
2635814	2830864	
2635814	2911203	
2635814	2968569	
2635814	2969579	
2635814	3007925	
2635814	3070461	
2635819	2893324	
2635867	2651617	
2646689	2893324	
2639624	2665940	
2643422	2893324	
2672042	2679008	
2672264	2893324	
2672276	2775536	
2672276	2893324	
2672345	2893324	
2672369	2675035	
2651493	2651617	
2651565	2651617	
2651585	2651617	
2651606	2658534	
2651606	2675035	
2651612	2658534	
2651617	2651650	
2651617	2651653	
2651617	2651713	
2651617	2651737	
2651617	2651774	
2651617	2658533	
2651617	2658537	
2651617	2661248	
2651617	2661556	
2651617	2664805	
2651617	2666171	
2651617	2668266	
2651617	2672141	
2651617	2675216	
2651617	2675388	
2651617	2676742	
2651617	2685019	
2651617	2774884	
2651669	2658534	
2675768	2893219	
2649919	2675269	
2649930	2678535	
2665910	2665940	
2665925	2665940	
2665933	2665940	
2665940	2665963	
2665940	2665977	
2665940	2665980	
2665940	2666013	
2665940	2666035	
2665940	2666142	
2665940	2666209	
2665940	2688967	
2665940	3000311	
2652568	2675269	
2652595	2658534	
2652597	2658534	
2654771	2659945	
2662414	2675269	
2673330	2679008	
2673384	2679008	
2673395	2893324	
2666056	2678535	
2673832	2893324	
2674033	2893324	
2674287	2675035	
2674629	2675035	
2674629	2893219	
2657351	2675269	
2657362	2675269	
2657408	2675269	
2657561	2675269	
2654738	2658534	
2670847	2675269	
2671154	2675035	
2671154	2679008	
2661541	3061566	
2661549	2675269	
2661564	2893324	
2675013	2679008	
2663925	2893324	
2664043	2675269	
2659890	2675035	
2659945	2664824	
2659945	2672653	
2659945	2673282	
2659945	2674629	
2659945	2674733	
2659945	2675362	
2659945	2682375	
2659945	2687592	
2659945	2971889	
2659945	2974975	
2658473	2658534	
2665996	2893324	
2666115	2675269	
2678535	2934135	
2678535	2952559	
2678535	3068758	
2679008	2680019	
2679008	2683915	
2679008	2930298	
2679008	2935648	
2679008	3002663	
2671908	2893324	
2671981	2678535	
2672399	2678535	
2672509	2675269	
2672514	2893324	
2672604	2893324	
2672644	3061566	
2658606	2675269	
2664918	2775536	
2664966	2675269	
2685019	2893324	
2685026	2893324	
2688992	2893324	
2658399	2658534	
2658428	2658534	
2658441	2658534	
2658453	2658534	
2658453	2675269	
2658500	2658534	
2658518	2658534	
2658529	2658534	
2658534	2658536	
2658534	2658537	
2658534	2658542	
2658534	2658544	
2658534	2658551	
2658534	2658599	
2658534	2658605	
2658534	2658613	
2658534	2658626	
2658534	2658628	
2658534	2658629	
2658534	2658639	
2658534	2658649	
2658534	2661556	
2658534	2661690	
2658534	2664784	
2658534	2664909	
2658534	2664910	
2658534	2664913	
2658534	2664925	
2658534	2664926	
2658534	2664947	
2658534	2664951	
2658534	2664954	
2658534	2664979	
2658534	2665010	
2658534	2665083	
2658534	2665950	
2658534	2666262	
2658534	2666715	
2658534	2668291	
2658534	2671251	
2658534	2671695	
2658534	2671756	
2658534	2672509	
2658534	2673374	
2658534	2673689	
2658534	2673978	
2658534	2674075	
