86426	2550702	
836663	2550702	
1487278	2550702	
1553835	2550702	
1562802	2550702	
2120911	2550702	
2099284	2550702	
2455150	2550702	
2550621	2550702	
2550674	2550702	
2550702	2550744	
2550702	2550892	
2550702	2550905	
2550702	2550922	
2550702	2835130	
2550702	3032440	
2550702	3064965	
1383	86426	
30635	836663	
44718	1562802	
42713	1562802	
55775	2120911	
55776	2099284	
55925	1487278	
55947	2120911	
55956	2099284	
42165	836663	
42472	836663	
42607	836663	
42808	1487278	
43129	836663	
43129	1553835	
43247	1562802	
43269	836663	
43715	836663	
43809	836663	
43960	1562802	
44115	836663	
54817	836663	
98928	2099284	
81108	2455150	
86304	86426	
86353	86426	
86426	86462	
86426	94924	
86426	187197	
86426	248350	
86426	307193	
86426	347956	
86426	348031	
86426	348618	
86426	349029	
86426	349336	
86426	352711	
86426	352764	
86426	354199	
86426	361287	
86426	367271	
86426	367508	
86426	368332	
86426	371989	
86426	373155	
86426	374696	
86426	446733	
86426	453977	
86426	456846	
86426	503699	
86426	701329	
86426	741757	
86426	757370	
86426	866979	
86426	868272	
86426	868588	
86426	892516	
86426	947502	
86426	967280	
86426	977943	
86426	997227	
86426	999804	
86426	1008555	
86426	1009958	
86426	1017727	
86426	1025210	
86426	1047219	
86426	1051317	
86426	1055310	
86426	1066275	
86426	1075521	
86426	1099692	
86426	1102941	
86426	1107729	
86426	1173183	
86426	1204286	
86426	1212745	
86426	1231973	
86426	1233529	
86426	1234193	
86426	1255986	
86426	1267108	
86426	1279702	
86426	1283715	
86426	1283837	
86426	1329282	
86426	1333439	
86426	1336150	
86426	1338502	
86426	1361120	
86426	1368538	
86426	1390553	
86426	1391733	
86426	1408388	
86426	1413626	
86426	1414167	
86426	1432527	
86426	1483121	
86426	1520058	
86426	1625192	
86426	1652229	
86426	1655246	
86426	1655667	
86426	1682883	
86426	1697674	
86426	1724325	
86426	1752453	
86426	1826195	
86426	1840951	
86426	1905113	
86426	1905938	
86426	1918649	
86426	1932997	
86426	1954527	
86426	2000044	
86426	2070962	
86426	2103240	
86426	2128343	
86426	2168351	
86426	2175824	
86426	2196080	
86426	2247018	
86426	2251855	
86426	2261654	
86426	2266960	
86426	2287463	
86426	2405479	
86426	2410488	
86426	2433918	
86426	2453492	
86426	2458393	
86426	2547522	
86426	2547543	
86426	2547552	
86426	2547613	
86426	2547653	
86426	2547693	
86426	2547737	
86426	2547794	
86426	2547803	
86426	2547804	
86426	2547832	
86426	2547887	
86426	2547897	
86426	2547900	
86426	2547913	
86426	2547927	
86426	2547933	
86426	2547943	
86426	2548051	
86426	2548098	
86426	2550468	
86426	2550470	
86426	2550474	
86426	2550476	
86426	2550479	
86426	2550481	
86426	2550483	
86426	2550484	
86426	2550486	
86426	2550489	
86426	2550491	
86426	2550493	
86426	2550496	
86426	2550498	
86426	2550501	
86426	2550507	
86426	2550512	
86426	2550517	
86426	2550520	
86426	2550523	
86426	2550528	
86426	2550530	
86426	2550534	
86426	2550538	
86426	2550540	
86426	2550543	
86426	2550546	
86426	2550549	
86426	2550553	
86426	2550556	
86426	2550561	
86426	2550563	
86426	2550566	
86426	2550568	
86426	2550569	
86426	2550571	
86426	2550572	
86426	2550575	
86426	2550577	
86426	2550580	
86426	2550588	
86426	2550592	
86426	2550593	
86426	2550596	
86426	2550598	
86426	2550600	
86426	2550602	
86426	2550604	
86426	2550610	
86426	2550611	
86426	2550613	
86426	2550614	
86426	2550616	
86426	2550619	
86426	2550621	
86426	2550624	
86426	2550627	
86426	2550628	
86426	2550630	
86426	2550632	
86426	2550633	
86426	2550634	
86426	2550636	
86426	2550638	
86426	2550640	
86426	2550642	
86426	2550644	
86426	2550646	
86426	2550651	
86426	2550652	
86426	2550654	
86426	2550655	
86426	2550657	
86426	2550659	
86426	2550661	
86426	2550663	
86426	2550669	
86426	2550672	
86426	2550674	
86426	2550675	
86426	2550676	
86426	2550678	
86426	2550682	
86426	2550683	
86426	2550690	
86426	2550693	
86426	2550694	
86426	2550699	
86426	2550704	
86426	2550706	
86426	2550708	
86426	2550710	
86426	2550711	
86426	2550713	
86426	2550715	
86426	2550716	
86426	2550718	
86426	2550720	
86426	2550723	
86426	2550725	
86426	2550728	
86426	2550729	
86426	2550731	
86426	2550733	
86426	2550734	
86426	2550738	
86426	2550739	
86426	2550742	
86426	2550744	
86426	2550746	
86426	2550747	
86426	2550750	
86426	2550752	
86426	2550755	
86426	2550757	
86426	2550758	
86426	2550761	
86426	2550762	
86426	2550765	
86426	2550768	
86426	2550770	
86426	2550771	
86426	2550773	
86426	2550774	
86426	2550779	
86426	2550782	
86426	2550785	
86426	2550787	
86426	2550789	
86426	2550790	
86426	2550793	
86426	2550794	
86426	2550797	
86426	2550798	
86426	2550801	
86426	2550803	
86426	2550805	
86426	2550807	
86426	2550812	
86426	2550814	
86426	2550818	
86426	2550821	
86426	2550826	
86426	2550827	
86426	2550828	
86426	2550830	
86426	2550833	
86426	2550835	
86426	2550838	
86426	2550840	
86426	2550842	
86426	2550844	
86426	2550846	
86426	2550848	
86426	2550851	
86426	2550852	
86426	2550856	
86426	2550857	
86426	2550859	
86426	2550862	
86426	2550864	
86426	2550865	
86426	2550868	
86426	2550869	
86426	2550871	
86426	2550874	
86426	2550875	
86426	2550877	
86426	2550879	
86426	2550883	
86426	2550885	
86426	2550888	
86426	2550891	
86426	2550892	
86426	2550896	
86426	2550899	
86426	2550901	
86426	2550902	
86426	2550905	
86426	2550911	
86426	2550913	
86426	2550914	
86426	2550919	
86426	2550922	
86426	2550924	
86426	2550925	
86426	2550929	
86426	2550931	
86426	2550933	
86426	2550934	
86426	2550937	
86426	2550938	
86426	2550940	
86426	2550943	
86426	2550945	
86426	2550948	
86426	2550950	
86426	2550952	
86426	2550954	
86426	2550956	
86426	2550959	
86426	2550962	
86426	2550964	
86426	2550966	
86426	2550967	
86426	2550969	
86426	2550972	
86426	2550973	
86426	2550975	
86426	2550977	
86464	2099284	
86482	2099284	
119312	2835130	
156374	3032440	
164423	3064965	
173880	1562802	
189553	836663	
195561	1487278	
212468	2550621	
229592	2550621	
229839	2099284	
250293	1562802	
248324	2099284	
295926	2099284	
351644	836663	
354571	836663	
355101	2099284	
355498	836663	
356734	836663	
356861	1553835	
358305	836663	
358305	2099284	
358752	836663	
360279	2099284	
360360	2099284	
360775	836663	
361549	2099284	
363194	836663	
379853	2099284	
408020	1562802	
419581	2099284	
439878	1562802	
445590	2099284	
467753	2099284	
467810	2099284	
446175	836663	
455368	836663	
448904	1562802	
453011	1562802	
478904	2099284	
466536	2835130	
460016	1487278	
460453	1562802	
460623	836663	
463905	836663	
474462	1562802	
461461	836663	
473792	2835130	
475457	2099284	
475530	1553835	
467352	836663	
467486	2099284	
492245	1553835	
527399	2099284	
557721	2099284	
560567	836663	
560642	1562802	
571307	836663	
642315	836663	
659595	2099284	
710436	3064965	
710552	2835130	
710623	3064965	
694882	3032440	
698475	3032440	
730725	836663	
730730	836663	
733062	836663	
729658	3032440	
722889	2550621	
734676	836663	
735000	836663	
728823	836663	
749959	1562802	
776752	836663	
777859	2099284	
778732	2099284	
779461	2099284	
782341	1562802	
825042	2099284	
830387	3032440	
831255	2099284	
831395	1562802	
836663	980193	
836663	980241	
836663	980255	
836663	980397	
836663	988458	
836663	990340	
836663	990629	
836663	990961	
836663	995078	
836663	995887	
836663	996131	
836663	999250	
836663	1000988	
836663	1001257	
836663	1002201	
836663	1006615	
836663	1011240	
836663	1014799	
836663	1019650	
836663	1021195	
836663	1022239	
836663	1023302	
836663	1023400	
836663	1023467	
836663	1023516	
836663	1024402	
836663	1027828	
836663	1030465	
836663	1032365	
836663	1034144	
836663	1035683	
836663	1041429	
836663	1041752	
836663	1041912	
836663	1042356	
836663	1043425	
836663	1044129	
836663	1044500	
836663	1044598	
836663	1045371	
836663	1047812	
836663	1050599	
836663	1051931	
836663	1056457	
836663	1056867	
836663	1057440	
836663	1067307	
836663	1071632	
836663	1073098	
836663	1075250	
836663	1081620	
836663	1085001	
836663	1093482	
836663	1094029	
836663	1099488	
836663	1104706	
836663	1109513	
836663	1111634	
836663	1118676	
836663	1118799	
836663	1127877	
836663	1128187	
836663	1130194	
836663	1132113	
836663	1135245	
836663	1135247	
836663	1145618	
836663	1166415	
836663	1166419	
836663	1168370	
836663	1178228	
836663	1178682	
836663	1186235	
836663	1192193	
836663	1210229	
836663	1214978	
836663	1220647	
836663	1234467	
836663	1236308	
836663	1238698	
836663	1240478	
836663	1246202	
836663	1262731	
836663	1277746	
836663	1287254	
836663	1294864	
836663	1296830	
836663	1312495	
836663	1313316	
836663	1316182	
836663	1316375	
836663	1319875	
836663	1323460	
836663	1324543	
836663	1326633	
836663	1331528	
836663	1331753	
836663	1331792	
836663	1331987	
836663	1333232	
836663	1333234	
836663	1334122	
836663	1339128	
836663	1340678	
836663	1349983	
836663	1363310	
836663	1368506	
836663	1368594	
836663	1374166	
836663	1381549	
836663	1383288	
836663	1387506	
836663	1388360	
836663	1390844	
836663	1391808	
836663	1391852	
836663	1400574	
836663	1416472	
836663	1418198	
836663	1435500	
836663	1448202	
836663	1459843	
836663	1459846	
836663	1459926	
836663	1464459	
836663	1503280	
836663	1521693	
836663	1522770	
836663	1524037	
836663	1529727	
836663	1542576	
836663	1545803	
836663	1546252	
836663	1552032	
836663	1553048	
836663	1553538	
836663	1555250	
836663	1557055	
836663	1567458	
836663	1594154	
836663	1594480	
836663	1602993	
836663	1604354	
836663	1611345	
836663	1612035	
836663	1620097	
836663	1637894	
836663	1671426	
836663	1675538	
836663	1696001	
836663	1704809	
836663	1711109	
836663	1711416	
836663	1725994	
836663	1728182	
836663	1734525	
836663	1739578	
836663	1787323	
836663	1787381	
836663	1790911	
836663	1792866	
836663	1798435	
836663	1801401	
836663	1801689	
836663	1838090	
836663	1838572	
836663	1838581	
836663	1845260	
836663	1846168	
836663	1846502	
836663	1846546	
836663	1846874	
836663	1850209	
836663	1859412	
836663	1863254	
836663	1922475	
836663	1932587	
836663	2071088	
836663	2075972	
836663	2083683	
836663	2090525	
836663	2092264	
836663	2092839	
836663	2099284	
836663	2118954	
836663	2124733	
836663	2124734	
836663	2124740	
836663	2124745	
836663	2124748	
836663	2124752	
836663	2124753	
836663	2124767	
836663	2124769	
836663	2129121	
836663	2145921	
836663	2146335	
836663	2328668	
836663	2335004	
836663	2433889	
836663	2438590	
836663	2543122	
836663	2552046	
836663	2583303	
836663	2599502	
836663	2635189	
836663	2676843	
836663	2686042	
836663	2732959	
836663	2780659	
836663	2848109	
836663	2851865	
836663	2876950	
836663	2900417	
836663	2900447	
836663	3020568	
836709	2835130	
838055	2099284	
889747	2099284	
893421	2099284	
900122	3032440	
976054	2550621	
977734	2120911	
986613	1553835	
1329058	1553835	
1064980	2099284	
990606	1562802	
990647	1562802	
995193	1562802	
1220216	2099284	
1006232	2099284	
1006880	2099284	
1006958	1562802	
1009608	1562802	
1009958	2550621	
1010710	2099284	
1011066	2099284	
1024546	2550905	
1025179	2099284	
1027379	2099284	
1030859	3032440	
1031973	2835130	
1032270	2099284	
1032305	2099284	
1037271	2099284	
998866	2099284	
998907	1562802	
998928	1562802	
999169	1562802	
999239	1562802	
999260	1562802	
999267	1562802	
989054	1562802	
1032122	2099284	
1109754	2099284	
1021986	1562802	
1231430	2099284	
1232260	1562802	
990734	2550674	
990746	2099284	
991773	3032440	
1096788	3032440	
1097046	3032440	
1026588	2099284	
1027310	2099284	
1029138	2099284	
1029814	2099284	
1031036	3032440	
1032222	2099284	
1032751	2099284	
1021711	1562802	
1022008	1562802	
1022161	1562802	
1022176	1562802	
1022296	1562802	
1123528	2099284	
1123612	2099284	
1123804	2099284	
1101707	2099284	
1072726	3032440	
1051534	3032440	
1178973	2835130	
995289	2099284	
1079948	2099284	
1058305	2099284	
1164486	2099284	
1464386	2099284	
1035123	2099284	
1035325	2099284	
1035534	2099284	
1036057	2099284	
1036195	2099284	
1036416	2099284	
1002629	1487278	
1002771	3032440	
1046437	1487278	
1062892	2099284	
1104565	2099284	
1176936	3064965	
1176938	2835130	
1177010	2099284	
1177127	3064965	
1177141	2835130	
1177190	3064965	
1177350	3064965	
1177444	3064965	
1177508	2099284	
1177785	2099284	
1177866	3064965	
1178228	2099284	
1178357	2099284	
1178615	2835130	
1178615	3064965	
1178625	3064965	
1178820	2099284	
1178923	2099284	
1178938	2099284	
1179019	3064965	
1179131	2099284	
1179192	2099284	
1051114	1553835	
1053580	2099284	
1053984	2099284	
1055913	2099284	
1175548	3032440	
1043281	2099284	
1045018	1562802	
1046031	2099284	
1046689	2099284	
1046959	2099284	
1047117	2099284	
1048650	2099284	
1049046	2099284	
1052637	1562802	
1053001	1562802	
1055020	2099284	
1057498	1562802	
1301914	2099284	
1302337	1562802	
1110863	3032440	
1111634	2099284	
1113134	1562802	
1061431	2099284	
1016869	2550621	
1021074	1562802	
1021083	1562802	
1149398	1562802	
1154797	2099284	
1156831	1487278	
1159658	2099284	
1039552	2099284	
1089131	2099284	
1352791	2455150	
1081620	2099284	
1087923	3032440	
1051217	2099284	
1228958	1553835	
1184627	3064965	
1106025	1562802	
1115805	1562802	
1115835	1562802	
1117073	1562802	
1117112	1562802	
1117122	1562802	
1484789	2099284	
1061676	2550621	
1062261	2120911	
1087222	2099284	
1169141	2099284	
1169243	2099284	
1170004	2099284	
1081701	1562802	
1149968	2550621	
1069631	1562802	
1079684	2099284	
1109008	2099284	
1287872	1487278	
1117338	2099284	
1117341	2099284	
1082460	3064965	
1100189	2099284	
1100304	2099284	
1215356	1562802	
1104686	2120911	
1104978	1562802	
1105333	1562802	
1278421	2099284	
1279574	2099284	
1280358	2099284	
1105991	1562802	
1106009	1562802	
1098703	3032440	
1246758	2550621	
1493037	2550674	
1499452	2835130	
1502348	2099284	
1503940	2099284	
1508331	1562802	
1090081	2099284	
1090090	2099284	
1090158	1553835	
1090186	1553835	
1167090	1553835	
1351031	2099284	
1351237	2099284	
1153369	2099284	
1106161	1487278	
1090330	2550621	
1110018	2099284	
1255609	2099284	
1295909	2099284	
1141433	3032440	
1142115	2835130	
1142291	2099284	
1143510	2099284	
1144501	2099284	
1148467	2099284	
1208812	2099284	
1212454	2099284	
1214505	1562802	
1215013	2550674	
1216085	2099284	
1217655	2550922	
1219412	1562802	
1400574	2099284	
1400741	1487278	
1194988	1553835	
1197493	1553835	
1201132	1553835	
1201257	1553835	
1207497	2099284	
1237115	2099284	
1236239	2099284	
1193328	2099284	
1152517	2550621	
1152635	2099284	
1152999	3032440	
1403136	3032440	
1209486	2099284	
1209688	2099284	
1366111	2099284	
1133760	2099284	
1161319	2099284	
1171355	2099284	
1168464	2099284	
1168515	1487278	
1127653	2835130	
1179385	1562802	
1241063	1553835	
1241467	2099284	
1242838	2455150	
1404316	2099284	
1394116	2099284	
1394186	2099284	
1181716	2550744	
1349718	2120911	
1185261	1562802	
1185262	1562802	
1165635	2835130	
1369453	2099284	
1370688	2099284	
1371050	2099284	
1371464	3032440	
1371566	2835130	
1373780	2099284	
1374424	2099284	
1379073	2120911	
1379130	2099284	
1228397	2099284	
1229074	2099284	
1230546	2099284	
1326529	3032440	
1289163	2120911	
1293133	2099284	
1183762	3032440	
1329828	2099284	
1333385	2099284	
1333746	2099284	
1175284	3032440	
1173298	2099284	
1173701	2099284	
1186577	3064965	
1390759	2099284	
1391108	1562802	
1391153	1562802	
1251112	3032440	
1319252	2099284	
1323396	2099284	
1210590	3032440	
1193424	2099284	
1193465	1562802	
1193618	1562802	
1248024	2550621	
1248312	2099284	
1248830	2099284	
1248866	2099284	
1249908	2455150	
1250804	3032440	
1354712	2099284	
1479303	2099284	
1280012	3032440	
1414758	1553835	
1360454	3032440	
1362659	2099284	
1543170	2099284	
1292193	2099284	
1273616	1553835	
1342491	2550621	
1419723	2550674	
1262479	2099284	
1263056	2099284	
1263635	2099284	
1264061	2099284	
1266152	2120911	
1266498	2120911	
1225376	2099284	
1299643	2099284	
1300978	2099284	
1301264	2099284	
1303025	2099284	
1303122	2099284	
1304590	3032440	
1304652	2099284	
1305911	1553835	
1307151	2099284	
1309274	2099284	
1477410	1562802	
1477436	1562802	
1276993	2099284	
1378882	1562802	
1232432	2099284	
1232501	2120911	
1233517	1487278	
1234858	2099284	
1413363	1553835	
1413598	3032440	
1284925	2455150	
1312863	2099284	
1313027	2550621	
1314147	2099284	
1314247	2835130	
1315309	2099284	
1316182	2099284	
1316375	2099284	
1317376	1553835	
1319277	2099284	
1319380	2099284	
1320194	2099284	
1321283	2099284	
1324134	2099284	
1324543	2099284	
1549994	2099284	
1392042	2099284	
1393184	2099284	
1393519	2099284	
1396625	2099284	
1325799	2099284	
1423208	1487278	
1300147	2550621	
1300224	2550621	
1294693	3032440	
1373840	2099284	
1345640	2099284	
1345988	2099284	
1488771	2099284	
1529993	2099284	
1311831	2099284	
1297291	2550674	
1294529	2455150	
1297401	2550674	
1338484	2550674	
1340572	1562802	
1441618	2099284	
1387244	2099284	
1387283	2835130	
1387506	2099284	
1398716	2099284	
1340160	1562802	
1384176	1487278	
1384215	2120911	
1403203	2099284	
1487278	1487414	
1487278	1489903	
1487278	1489924	
1487278	1528247	
1487278	1553835	
1487278	1596694	
1487278	1685482	
1487278	1698708	
1487278	1723934	
1487278	1755165	
1487278	1771144	
1487278	1773553	
1487278	1780494	
1487278	1780860	
1487278	1781167	
1487278	1781369	
1487278	1781753	
1487278	1820051	
1487278	2161466	
1487278	2161507	
1487278	2161523	
1487278	2161537	
1487278	2161563	
1487278	2161586	
1487278	2161598	
1487278	2161610	
1487278	2161622	
1487278	2161648	
1487278	2161655	
1487278	2262025	
1487278	2460270	
1487278	2481788	
1487278	2670815	
1487278	3026124	
1487278	3036349	
1487278	3036552	
1356921	2099284	
1440507	3032440	
1368506	2099284	
1368594	2099284	
1360609	2099284	
1424919	2099284	
1425225	2099284	
1519038	2099284	
1552884	3032440	
1553038	3064965	
1553090	2099284	
1553112	2099284	
1556469	2099284	
1365203	2099284	
1396360	2099284	
1390553	2550621	
1435499	2099284	
1435573	2099284	
1613867	2099284	
1557856	2099284	
1546252	2099284	
1461606	2099284	
1462243	2099284	
1462663	2099284	
1405502	3032440	
1405701	3032440	
1405710	3032440	
1433382	2099284	
1438268	2099284	
1406442	3032440	
1408611	1553835	
1421240	2550621	
1528415	2099284	
1528726	2099284	
1423878	3064965	
1439546	2099284	
1441038	1553835	
1457753	1487278	
1430413	1553835	
1451594	2099284	
1437557	2099284	
1474470	1487278	
1474483	1487278	
1474540	2120911	
1474567	1487278	
1474574	1487278	
1474623	1487278	
1474632	1553835	
1428566	1553835	
1481183	3032440	
1456655	2550674	
1456682	2099284	
1456770	2099284	
1456780	2099284	
1457987	1562802	
1458065	2099284	
1458676	2099284	
1534845	2099284	
1436168	1553835	
1435791	1487278	
1468423	3032440	
1537626	2099284	
1538601	2099284	
1454765	2099284	
1586665	2099284	
1587121	3032440	
1587718	2099284	
1519316	2099284	
1592982	2099284	
1592994	3032440	
1593782	2099284	
1594472	2099284	
1594480	2099284	
1594762	3032440	
1597145	2099284	
1597431	2835130	
1599655	2099284	
1600861	2099284	
1601025	2099284	
1601376	2099284	
1601860	2120911	
1602952	3032440	
1461044	1553835	
1471939	3032440	
1471986	3032440	
1535476	3032440	
1536487	1562802	
1725994	2099284	
1531385	2099284	
1553835	1619060	
1553835	1633608	
1553835	1646526	
1553835	1670570	
1553835	1730749	
1553835	1731199	
1553835	1737581	
1553835	1744739	
1553835	1814037	
1553835	1833998	
1553835	1868410	
1553835	1902280	
1553835	2075215	
1553835	2129488	
1553835	2497147	
1553835	2701522	
1553835	2741790	
1553835	2835280	
1553835	2896782	
1553835	3009577	
1553835	3009694	
1553835	3034429	
1520203	2099284	
1521329	2099284	
1521536	2099284	
1525117	2099284	
1527321	2550621	
1531750	2099284	
1518559	2099284	
1511485	2099284	
1575443	3032440	
1577327	2550674	
1629626	2099284	
1611345	2099284	
1555327	2099284	
1759840	3032440	
1760468	2099284	
1760548	3032440	
1636263	3032440	
1662920	2099284	
1672336	2099284	
1562315	1562802	
1562339	1562802	
1562404	1562802	
1562551	1562802	
1562575	1562802	
1562608	1562802	
1562661	1562802	
1562802	1663231	
1562802	1677805	
1562802	1723443	
1562802	1743329	
1562802	1750416	
1562802	1752100	
1562802	1758476	
1562802	1804570	
1562802	1807373	
1562802	1808733	
1562802	1809053	
1562802	1809192	
1562802	1830503	
1562802	1837826	
1562802	1891092	
1562802	2040660	
1562802	2067013	
1562802	2103782	
1562802	2143107	
1562802	2191743	
1562802	2217774	
1562802	2425723	
1562802	2425726	
1562802	2438342	
1562802	2438359	
1562802	2473285	
1562802	2602360	
1562802	2604507	
1562802	2693218	
1562802	2702536	
1562802	2817638	
1562802	2835130	
1562802	2843161	
1562802	2962284	
1838434	2099284	
1838581	2099284	
1621776	2099284	
1741040	3032440	
1661823	2550892	
1606856	2099284	
1694905	2099284	
1695486	2099284	
1580548	2455150	
1622551	2099284	
1623004	2099284	
1624852	2099284	
1625833	2099284	
1626577	2099284	
1626883	2550621	
1627501	2099284	
1678148	2550621	
1620502	2099284	
1701870	2550621	
1701960	2550621	
1702203	2099284	
1702260	2550621	
1637512	2120911	
1638285	2099284	
1638567	2099284	
1638984	2099284	
1639082	2099284	
1640149	2099284	
1640190	2099284	
1640491	2099284	
1640910	2099284	
1642722	2099284	
1642734	2099284	
1658811	2099284	
1616938	2099284	
1685307	2099284	
1665350	3064965	
1662327	3032440	
1655309	2099284	
1655354	2120911	
1655447	2120911	
1655477	2120911	
1655518	2120911	
1655576	2120911	
1655789	2120911	
1655809	2120911	
1655820	2120911	
1655861	2120911	
1655987	2120911	
1656008	2120911	
1656071	2120911	
1656134	2120911	
1679515	2120911	
1651128	2099284	
1692764	2550905	
1720189	2099284	
1720744	2099284	
1720975	2099284	
1632256	2550621	
1769765	2099284	
1773472	2099284	
1665382	2099284	
1668839	2120911	
1696398	2099284	
1711629	2099284	
1711717	2099284	
1711751	2099284	
1711864	2099284	
1711945	2099284	
1711969	2099284	
1712023	2099284	
1712034	2099284	
1677805	2120911	
1677805	2835130	
1677805	3064965	
1677846	2099284	
1660548	2835130	
1687404	2099284	
1679239	3032440	
1681884	2550621	
1666590	2099284	
1680075	2550621	
1800565	2099284	
1684404	2099284	
1705662	2099284	
1705696	2099284	
1705837	2099284	
1747444	2099284	
1682067	2099284	
1711109	2099284	
1730483	2099284	
1731064	2099284	
1731960	2099284	
1734475	2099284	
1736358	2550674	
1738107	2099284	
1699267	2099284	
1699369	2099284	
1707289	2835130	
1708023	2099284	
1708720	2099284	
1749488	3032440	
1749533	3032440	
1756210	2099284	
1711558	2099284	
1712183	2099284	
1704945	2099284	
1705151	2099284	
1749034	3032440	
1706405	2099284	
1808827	2550674	
1756646	2099284	
1722322	2099284	
1746112	3032440	
1746251	3032440	
1756528	2120911	
1781310	2550621	
1783181	2099284	
1784647	2099284	
1723418	3032440	
1747968	2550674	
1807996	2455150	
1808001	2455150	
1808153	2455150	
1781086	2099284	
1805770	2550905	
1746402	2099284	
1798235	2099284	
1765256	2099284	
1749866	3032440	
1802919	2099284	
1803225	2099284	
1832567	2099284	
1793569	2099284	
1787956	2099284	
1787973	2099284	
1758427	2099284	
1758476	2099284	
1758687	2099284	
1758726	2099284	
1758940	2099284	
1758946	2099284	
1806872	3032440	
1761997	2099284	
1822430	2099284	
1825220	3032440	
1797111	2099284	
1794750	2099284	
1819174	3032440	
1810615	2099284	
1816559	2099284	
1795697	3032440	
1797295	2835130	
1840502	3032440	
1840674	3032440	
1872840	2099284	
1873351	2099284	
1875143	2099284	
1875562	2099284	
1864719	2099284	
1865579	3032440	
1838090	2099284	
1859803	2550674	
1860705	2099284	
1834466	2550621	
1834732	2099284	
1820798	2835130	
1844206	3032440	
1844526	2099284	
1844604	2099284	
1845593	2099284	
1846003	2099284	
1846168	2099284	
1846284	2099284	
1846546	2099284	
1846874	2099284	
1848159	2099284	
1848368	3032440	
1839848	2099284	
1839939	2099284	
1875933	2099284	
1876291	2099284	
1876376	2099284	
1876603	2099284	
1850379	2550621	
1863310	3064965	
1866860	3032440	
1867050	3032440	
1853852	2099284	
1853893	2099284	
1843569	2099284	
1897587	2835130	
1889121	2099284	
1900904	2099284	
1923018	3032440	
1924431	2550621	
1924556	2099284	
1949207	2099284	
1941947	3032440	
1961282	2099284	
1962614	2550621	
1964017	2099284	
1974595	3064965	
1976710	3032440	
1980258	2099284	
1980463	3032440	
1976115	3032440	
1976677	3032440	
1988726	3032440	
1989577	3032440	
2020614	2835130	
2036603	2099284	
2072529	3032440	
2100182	2835130	
2065384	3032440	
2064755	2099284	
2065321	3032440	
2065501	3032440	
2065598	3064965	
2065874	3032440	
2107228	3032440	
2107513	3032440	
2107973	3032440	
2072272	3032440	
2067851	3032440	
2065235	3032440	
2065337	3032440	
2065339	3032440	
2065371	3032440	
2065581	3032440	
2065654	3032440	
2065839	3032440	
2065858	3032440	
2089780	3032440	
2111074	3032440	
2069112	3032440	
2071176	3032440	
2070267	2099284	
2102005	2120911	
2067062	2099284	
2078301	2120911	
2112437	2120911	
2112446	2120911	
2112464	2120911	
2112500	2120911	
2069427	2120911	
2068262	2099284	
2068712	3032440	
2068832	2099284	
2072340	3032440	
2093956	2550621	
2092186	2099284	
2113869	2120911	
2113889	2120911	
2113924	2120911	
2113926	2120911	
2113933	2120911	
2113950	2120911	
2113999	2120911	
2114009	2120911	
2114021	2120911	
2114036	2120911	
2114040	2120911	
2114093	2120911	
2114094	2120911	
2114180	2120911	
2114184	2120911	
2114228	2120911	
2114238	2120911	
2114268	2120911	
2118075	2120911	
2118078	2120911	
2118105	2120911	
2118178	2120911	
2120064	2120911	
2120071	2120911	
2120085	2120911	
2120127	2120911	
2120143	2120911	
2120157	2120911	
2120169	2120911	
2120270	2120911	
2120320	2120911	
2120326	2120911	
2120349	2120911	
2120360	2120911	
2120401	2120911	
2120432	2120911	
2120437	2120911	
2120447	2120911	
2120452	2120911	
2120492	2120911	
2120502	2120911	
2120525	2120911	
2120594	2120911	
2120690	2120911	
2120734	2120911	
2120763	2120911	
2120863	2120911	
2120911	2120964	
2120911	2120972	
2120911	2120982	
2120911	2121013	
2120911	2121046	
2120911	2121062	
2120911	2121066	
2120911	2121081	
2120911	2124780	
2120911	2124781	
2120911	2124801	
2120911	2124825	
2120911	2124845	
2120911	2124857	
2120911	2124892	
2120911	2124939	
2120911	2124974	
2120911	2125238	
2120911	2228036	
2120911	2455150	
2120911	2466508	
2120911	2602319	
2120911	2602636	
2120911	2602656	
2120911	2602679	
2120911	2625655	
2120911	2683559	
2120911	2835130	
2120911	2947838	
2120911	3010478	
2120911	3010507	
2120911	3010578	
2120911	3010638	
2120911	3010663	
2120911	3065065	
2099284	2108321	
2099284	2108876	
2099284	2109212	
2099284	2110149	
2099284	2110157	
2099284	2112163	
2099284	2112166	
2099284	2112204	
2099284	2113296	
2099284	2113424	
2099284	2114786	
2099284	2119410	
2099284	2120351	
2099284	2121083	
2099284	2121478	
2099284	2121681	
2099284	2124733	
2099284	2124745	
2099284	2124759	
2099284	2126385	
2099284	2130978	
2099284	2131036	
2099284	2131072	
2099284	2131967	
2099284	2132025	
2099284	2134454	
2099284	2134490	
2099284	2159108	
2099284	2183802	
2099284	2187718	
2099284	2234665	
2099284	2234982	
2099284	2242798	
2099284	2242806	
2099284	2256124	
2099284	2261441	
2099284	2262276	
2099284	2267047	
2099284	2269679	
2099284	2284751	
2099284	2284871	
2099284	2306678	
2099284	2328569	
2099284	2342037	
2099284	2394211	
2099284	2453176	
2099284	2462348	
2099284	2462638	
2099284	2465197	
2099284	2489484	
2099284	2537110	
2099284	2543122	
2099284	2549247	
2099284	2549264	
2099284	2549277	
2099284	2549352	
2099284	2549356	
2099284	2549377	
2099284	2549381	
2099284	2549407	
2099284	2549420	
2099284	2549437	
2099284	2549465	
2099284	2549490	
2099284	2549527	
2099284	2549538	
2099284	2549564	
2099284	2549590	
2099284	2549602	
2099284	2549619	
2099284	2549633	
2099284	2549634	
2099284	2549643	
2099284	2549647	
2099284	2549709	
2099284	2549717	
2099284	2549737	
2099284	2549794	
2099284	2551919	
2099284	2551968	
2099284	2551985	
2099284	2552043	
2099284	2552155	
2099284	2552219	
2099284	2552277	
2099284	2553491	
2099284	2553500	
2099284	2553523	
2099284	2553585	
2099284	2553588	
2099284	2553612	
2099284	2553624	
2099284	2583317	
2099284	2591807	
2099284	2593406	
2099284	2595145	
2099284	2596819	
2099284	2597243	
2099284	2599502	
2099284	2662321	
2099284	2686513	
2099284	2732942	
2099284	2732999	
2099284	2733066	
2099284	2733111	
2099284	2733143	
2099284	2733158	
2099284	2733204	
2099284	2749115	
2099284	2814842	
2099284	2821680	
2099284	2823767	
2099284	2837312	
2099284	2843127	
2099284	2851621	
2099284	2868702	
2099284	2882423	
2099284	2900362	
2099284	2900389	
2099284	2900400	
2099284	2951837	
2099284	2957989	
2099284	2971024	
2099284	3021047	
2099284	3022525	
2099284	3024351	
2082517	2099284	
2088886	3032440	
2097601	2099284	
2104953	3032440	
2104961	3032440	
2104982	3032440	
2104985	3032440	
2105033	3032440	
2105054	3032440	
2086037	2099284	
2084829	2835130	
2084837	2099284	
2086335	2099284	
2093761	2099284	
2103699	2455150	
2103732	2455150	
2114420	2120911	
2092550	2099284	
2090525	2099284	
2088982	2099284	
2089858	3032440	
2089884	3032440	
2094121	2099284	
2118070	2550744	
2116576	2550621	
2115490	2550621	
2097750	2099284	
2119229	3032440	
2119243	3032440	
2119285	3032440	
2119294	3032440	
2119334	3032440	
2119357	3032440	
2119380	3032440	
2119427	3032440	
2119556	3032440	
2120811	3032440	
2101447	2835130	
2113927	2120911	
2114157	2120911	
2099126	2099284	
2099234	2099284	
2132268	2835130	
2132365	3032440	
2113856	2120911	
2114058	2120911	
2114146	2120911	
2172448	3032440	
2172675	3032440	
2172911	3032440	
2173017	3032440	
2173105	3032440	
2171439	2550621	
2195035	2550621	
2200753	2835130	
2245728	3032440	
2279029	3032440	
2362963	2550674	
2394157	2455150	
2411925	3032440	
2412034	3032440	
2412100	3032440	
2424719	2550621	
2438312	2455150	
2466474	2835130	
2455150	2455209	
2455150	2455252	
2455150	2455261	
2455150	2455267	
2455150	2455286	
2455150	2455326	
2455150	2455360	
2455150	2455368	
2455150	2455396	
2455150	2455411	
2455150	2455425	
2455150	2455451	
2455150	2455468	
2455150	2455488	
2455150	2455585	
2455150	2455604	
2455150	2455697	
2455150	2581392	
2455150	2835824	
2455150	3064965	
2526877	2835130	
2537125	2550621	
2537323	2550621	
2550486	2550621	
2550600	2550621	
2550604	2550621	
2550621	2550674	
2550621	2550744	
2550621	2550779	
2550621	2550787	
2550621	2550805	
2550621	2550885	
2550621	2550914	
2550621	2550922	
2550621	2550937	
2550621	2638875	
2550621	2667721	
2550621	2690312	
2550621	3006049	
2550621	3036949	
2550674	2550892	
2550674	2550905	
2550674	2603015	
2550674	2781137	
2550674	3032440	
2550744	2550892	
2550744	2550905	
2550744	2550922	
2550744	3032440	
2550892	2550905	
2550892	2550922	
2550905	2550922	
2550905	2636974	
2550905	2938932	
2550905	3032440	
2550922	3032440	
2602275	2835130	
2606192	3064965	
2676272	3064965	
2625319	3064965	
2625382	3064965	
2625497	3064965	
2625588	2835130	
2625633	2835130	
2625684	3064965	
2635097	3032440	
2666484	3032440	
2656522	3032440	
2662070	3032440	
2835130	2897150	
2835130	2967823	
2835130	2979170	
2880741	3032440	
2903266	3064965	
2917894	3064965	
2962248	3032440	
2964781	3032440	
2987228	3064965	
2992358	3032440	
3004097	3032440	
3011402	3032440	
3032415	3032440	
3032428	3032440	
3032440	3032457	
3032440	3032471	
3032440	3032489	
3032440	3042615	
26643	776752	
19971	30635	
8159	164423	
10134	86304	
1438	30635	
1459	86304	
1464	44718	
1464	94924	
1474	30635	
5909	30635	
533	30635	
3885	30635	
3902	30635	
3906	54817	
3917	30635	
3936	212468	
2460	86304	
2014	119312	
26140	30635	
26149	30635	
26190	30635	
26294	30635	
26352	30635	
26432	86304	
4286	30635	
4291	30635	
4291	94924	
4330	229592	
4330	229839	
3093	173880	
819	54817	
7911	250293	
4637	86304	
8160	379853	
8625	30635	
8645	30635	
8650	54817	
4558	30635	
4692	30635	
4742	30635	
4767	30635	
4770	30635	
4830	30635	
4837	250293	
4857	248324	
4857	248350	
3188	30635	
3208	30635	
3243	44718	
3309	30635	
3309	187197	
3356	189553	
3365	30635	
3399	30635	
3432	30635	
3482	195561	
3507	44718	
19715	54817	
674	30635	
683	44718	
691	42713	
691	55775	
691	55776	
691	55925	
691	55947	
691	55956	
692	42165	
692	42472	
692	42607	
692	42713	
692	42808	
692	43129	
692	43247	
692	43269	
692	43715	
692	43809	
692	43960	
692	44115	
12278	86304	
12314	86353	
12350	446175	
12356	86353	
12356	212468	
9324	30635	
15748	30635	
125	1383	
11842	86304	
2614	164423	
1484	54817	
1357	81108	
6405	54817	
1116	98928	
2502	156374	
2881	44718	
1383	1459	
1383	2460	
1383	3130	
1383	4304	
1383	7650	
1383	7892	
1383	10134	
1383	10370	
1383	10426	
1383	10843	
1383	10891	
1383	10974	
1383	10978	
1383	11128	
1383	11842	
1383	12278	
1383	12314	
1383	12974	
1383	14007	
1383	14199	
1383	16120	
1383	17363	
1383	17374	
1383	17431	
1383	17457	
1383	18728	
1383	19036	
1383	19068	
1383	19288	
1383	23497	
1383	25021	
1383	28449	
1383	30629	
1383	30996	
1383	34569	
1383	34794	
1383	39540	
1383	39566	
1383	46097	
1383	46413	
1383	49112	
1383	53930	
1383	54212	
1383	56191	
1383	56688	
1383	59133	
1383	59215	
1383	63848	
1383	65118	
1383	65149	
1383	65201	
1383	67175	
1383	68221	
1383	69667	
1383	69858	
1383	69876	
1383	69883	
1383	70002	
1383	70119	
1383	70681	
1383	70920	
1383	70978	
1383	70984	
1383	71019	
1383	71035	
1383	71224	
1383	71229	
1383	71243	
1383	71262	
1383	71291	
1383	71301	
1383	71329	
1383	71723	
1383	71751	
1383	71842	
1383	71854	
1383	71895	
1383	71901	
1383	71903	
1383	71992	
1383	73310	
1383	73617	
1383	74340	
1383	74433	
1383	74597	
1383	74611	
1383	75086	
1383	75088	
1383	75089	
1383	75090	
1383	75105	
1383	75107	
1383	75108	
1383	75110	
1383	75112	
1383	75117	
1383	75118	
1383	75121	
1383	75126	
1383	75127	
1383	75133	
1383	75136	
1383	75138	
1383	75187	
1383	75586	
1383	75864	
1383	76539	
1383	76559	
1383	78075	
1383	78131	
1383	78248	
1383	78645	
1383	78652	
1383	78715	
1383	78722	
1383	79915	
1383	80093	
1383	80099	
1383	80106	
1383	80682	
1383	80830	
1383	80989	
1383	81149	
1383	81196	
1383	81555	
1383	81999	
1383	82131	
1383	82217	
1383	82246	
1383	82252	
1383	82265	
1383	82268	
1383	82276	
1383	82277	
1383	82278	
1383	82780	
1383	82786	
1383	82789	
1383	82791	
1383	82800	
1383	82803	
1383	82804	
1383	82810	
1383	82814	
1383	82822	
1383	82823	
1383	82831	
1383	82836	
1383	82841	
1383	82851	
1383	82853	
1383	82855	
1383	82871	
1383	82872	
1383	82876	
1383	82877	
1383	82880	
1383	82884	
1383	82952	
1383	83189	
1383	83445	
1383	83508	
1383	83541	
1383	83882	
1383	84252	
1383	84393	
1383	85254	
1383	85699	
1383	85941	
1383	85942	
1383	85943	
1383	85944	
1383	85945	
1383	85946	
1383	85947	
1383	85948	
1383	85949	
1383	85950	
1383	85951	
1383	85952	
1383	85953	
1383	85954	
1383	85955	
1383	85956	
1383	85957	
1383	85958	
1383	85959	
1383	85960	
1383	85961	
1383	85962	
1383	85963	
1383	85964	
1383	85965	
1383	85966	
1383	85967	
1383	85968	
1383	85969	
1383	85970	
1383	85971	
1383	85972	
1383	85973	
1383	85974	
1383	85975	
1383	85976	
1383	85977	
1383	85978	
1383	85979	
1383	85980	
1383	85981	
1383	85982	
1383	85983	
1383	85984	
1383	85985	
1383	85986	
1383	85987	
1383	85988	
1383	85989	
1383	85990	
1383	85991	
1383	85992	
1383	85993	
1383	85994	
1383	85995	
1383	85996	
1383	85997	
1383	85998	
1383	85999	
1383	86000	
1383	86001	
1383	86002	
1383	86003	
1383	86004	
1383	86005	
1383	86006	
1383	86007	
1383	86008	
1383	86009	
1383	86010	
1383	86011	
1383	86012	
1383	86013	
1383	86014	
1383	86015	
1383	86016	
1383	86017	
1383	86018	
1383	86019	
1383	86020	
1383	86021	
1383	86022	
1383	86023	
1383	86024	
1383	86025	
1383	86026	
1383	86027	
1383	86028	
1383	86029	
1383	86030	
1383	86031	
1383	86032	
1383	86033	
1383	86034	
1383	86035	
1383	86036	
1383	86037	
1383	86038	
1383	86039	
1383	86040	
1383	86041	
1383	86042	
1383	86043	
1383	86044	
1383	86045	
1383	86046	
1383	86047	
1383	86048	
1383	86049	
1383	86050	
1383	86051	
1383	86052	
1383	86053	
1383	86054	
1383	86055	
1383	86056	
1383	86057	
1383	86058	
1383	86059	
1383	86060	
1383	86061	
1383	86062	
1383	86063	
1383	86064	
1383	86065	
1383	86066	
1383	86067	
1383	86068	
1383	86069	
1383	86070	
1383	86071	
1383	86072	
1383	86073	
1383	86074	
1383	86075	
1383	86076	
1383	86077	
1383	86078	
1383	86079	
1383	86080	
1383	86081	
1383	86082	
1383	86083	
1383	86084	
1383	86085	
1383	86086	
1383	86087	
1383	86088	
1383	86089	
1383	86090	
1383	86091	
1383	86092	
1383	86093	
1383	86094	
1383	86095	
1383	86096	
1383	86097	
1383	86098	
1383	86099	
1383	86100	
1383	86101	
1383	86102	
1383	86103	
1383	86104	
1383	86105	
1383	86106	
1383	86107	
1383	86108	
1383	86109	
1383	86110	
1383	86111	
1383	86112	
1383	86113	
1383	86114	
1383	86115	
1383	86116	
1383	86117	
1383	86118	
1383	86119	
1383	86120	
1383	86121	
1383	86122	
1383	86123	
1383	86124	
1383	86125	
1383	86126	
1383	86127	
1383	86128	
1383	86129	
1383	86130	
1383	86131	
1383	86132	
1383	86133	
1383	86134	
1383	86135	
1383	86136	
1383	86137	
1383	86138	
1383	86139	
1383	86140	
1383	86141	
1383	86142	
1383	86143	
1383	86144	
1383	86145	
1383	86146	
1383	86147	
1383	86148	
1383	86149	
1383	86150	
1383	86151	
1383	86152	
1383	86153	
1383	86154	
1383	86155	
1383	86156	
1383	86157	
1383	86158	
1383	86159	
1383	86160	
1383	86161	
1383	86162	
1383	86163	
1383	86164	
1383	86165	
1383	86166	
1383	86167	
1383	86168	
1383	86169	
1383	86170	
1383	86171	
1383	86172	
1383	86173	
1383	86174	
1383	86175	
1383	86176	
1383	86177	
1383	86178	
1383	86179	
1383	86180	
1383	86181	
1383	86182	
1383	86183	
1383	86184	
1383	86185	
1383	86186	
1383	86187	
1383	86188	
1383	86189	
1383	86190	
1383	86191	
1383	86192	
1383	86193	
1383	86194	
1383	86195	
1383	86196	
1383	86197	
1383	86198	
1383	86199	
1383	86200	
1383	86201	
1383	86202	
1383	86203	
1383	86204	
1383	86205	
1383	86206	
1383	86207	
1383	86208	
1383	86209	
1383	86210	
1383	86211	
1383	86212	
1383	86213	
1383	86214	
1383	86215	
1383	86216	
1383	86217	
1383	86218	
1383	86219	
1383	86220	
1383	86221	
1383	86222	
1383	86223	
1383	86224	
1383	86225	
1383	86226	
1383	86227	
1383	86228	
1383	86229	
1383	86230	
1383	86231	
1383	86232	
1383	86233	
1383	86234	
1383	86235	
1383	86236	
1383	86237	
1383	86238	
1383	86239	
1383	86240	
1383	86241	
1383	86242	
1383	86243	
1383	86244	
1383	86245	
1383	86246	
1383	86247	
1383	86248	
1383	86249	
1383	86250	
1383	86251	
1383	86252	
1383	86253	
1383	86254	
1383	86255	
1383	86256	
1383	86257	
1383	86258	
1383	86259	
1383	86260	
1383	86261	
1383	86262	
1383	86263	
1383	86264	
1383	86265	
1383	86266	
1383	86267	
1383	86268	
1383	86269	
1383	86270	
1383	86271	
1383	86272	
1383	86273	
1383	86274	
1383	86275	
1383	86276	
1383	86277	
1383	86278	
1383	86279	
1383	86280	
1383	86281	
1383	86282	
1383	86283	
1383	86284	
1383	86285	
1383	86286	
1383	86287	
1383	86288	
1383	86289	
1383	86290	
1383	86291	
1383	86292	
1383	86293	
1383	86294	
1383	86295	
1383	86296	
1383	86297	
1383	86298	
1383	86299	
1383	86300	
1383	86301	
1383	86302	
1383	86303	
1383	86304	
1383	86305	
1383	86306	
1383	86307	
1383	86308	
1383	86309	
1383	86310	
1383	86311	
1383	86312	
1383	86313	
1383	86314	
1383	86315	
1383	86316	
1383	86317	
1383	86318	
1383	86319	
1383	86320	
1383	86321	
1383	86322	
1383	86323	
1383	86324	
1383	86325	
1383	86326	
1383	86327	
1383	86328	
1383	86329	
1383	86330	
1383	86331	
1383	86332	
1383	86333	
1383	86334	
1383	86335	
1383	86336	
1383	86337	
1383	86338	
1383	86339	
1383	86340	
1383	86341	
1383	86342	
1383	86343	
1383	86344	
1383	86345	
1383	86346	
1383	86347	
1383	86348	
1383	86349	
1383	86350	
1383	86351	
1383	86352	
1383	86353	
1383	86354	
1383	86355	
1383	86356	
1383	86357	
1383	86358	
1383	86359	
1383	86360	
1383	86361	
1383	86362	
1383	86363	
1383	86364	
1383	86365	
1383	86366	
1383	86367	
1383	86368	
1383	86369	
1383	86370	
1383	86371	
1383	86372	
1383	86373	
1383	86374	
1383	86375	
1383	86376	
1383	86377	
1383	86378	
1383	86379	
1383	86380	
1383	86381	
1383	86382	
1383	86383	
1383	86384	
1383	86385	
1383	86386	
1383	86387	
1383	86388	
1383	86389	
1383	86390	
1383	86391	
1383	86392	
1383	86393	
1383	86394	
1383	86395	
1383	86396	
1383	86397	
1383	86398	
1383	86399	
1383	86400	
1383	86401	
1383	86402	
1383	86403	
1383	86404	
1383	86405	
1383	86406	
1383	86407	
1383	86408	
1383	86409	
1383	86410	
1383	86411	
1383	86412	
1383	86413	
1383	86414	
1383	86415	
1383	86416	
1383	86417	
1383	86418	
1383	86419	
1383	86420	
1383	86421	
1383	86422	
1383	86423	
1383	86424	
1383	86425	
1383	86426	
1383	86427	
1383	86428	
1383	86429	
1383	86430	
1383	86431	
1383	86432	
1383	86433	
1383	86434	
1383	86435	
1383	86436	
1383	86437	
1383	86438	
1383	86439	
1383	86440	
1383	86441	
1383	86442	
1383	86443	
1383	86444	
1383	86445	
1383	86446	
1383	86447	
1383	86448	
1383	86449	
1383	86450	
1383	86451	
1383	86452	
1383	86453	
1383	86454	
1383	86455	
1383	86456	
1383	86457	
1383	86458	
1383	86459	
1383	86460	
1383	86461	
1383	86462	
1383	86463	
1383	86464	
1383	86465	
1383	86466	
1383	86467	
1383	86468	
1383	86469	
1383	86470	
1383	86471	
1383	86472	
1383	86473	
1383	86474	
1383	86475	
1383	86476	
1383	86477	
1383	86478	
1383	86479	
1383	86480	
1383	86481	
1383	86482	
1383	86483	
1383	86484	
1383	86485	
1383	86486	
1383	86487	
1383	86488	
1383	86489	
1383	86490	
1383	86491	
1383	86492	
1383	86493	
1383	86494	
1383	86495	
1383	86496	
1383	86497	
1383	86498	
1383	86499	
1383	86500	
1383	86501	
1383	86502	
1383	86503	
1383	86504	
1383	86505	
1383	86506	
1383	86507	
1383	86508	
1383	86509	
1383	86510	
1383	86511	
1383	86512	
1383	86513	
1383	86514	
1383	86515	
1383	86516	
1383	86517	
1383	86518	
1383	86519	
1383	86520	
1383	86521	
1383	86522	
1383	86523	
1383	86524	
1383	86525	
1383	86526	
1383	86527	
1383	86528	
1383	86529	
1383	86530	
1383	86531	
1383	86532	
1383	86533	
1383	86534	
1383	86535	
1383	86536	
1383	86537	
1383	86538	
1383	86539	
1383	86540	
1383	86541	
1383	86542	
1383	86543	
1383	86544	
1383	86545	
1383	86546	
1383	86547	
1383	86548	
1383	86549	
1383	86550	
1383	86551	
1383	86552	
1383	142011	
1383	160558	
1383	287789	
1383	580896	
1383	651444	
1383	747154	
1383	976300	
1383	1933569	
1383	1997925	
1383	2065499	
1383	2148488	
1383	2148734	
1383	2269819	
1383	2294519	
1383	2326215	
1383	2372115	
1383	2372162	
1383	2443118	
1383	2449533	
1383	2478727	
1383	2490691	
1383	2491222	
1383	2538323	
1383	2540180	
1383	2541419	
1383	2550265	
1383	2553044	
1383	2587733	
1383	2608714	
1383	2609526	
1383	2805651	
1383	2858092	
1383	2948654	
1383	3001811	
11532	30635	
6808	307193	
10583	439878	
3847	54817	
21403	248350	
13180	54817	
13195	54817	
11389	492245	
6488	295926	
9162	408020	
6261	54817	
37238	86304	
14702	560567	
14702	560642	
8043	54817	
8123	30635	
8123	42713	
8123	42808	
8123	43129	
8123	43715	
8123	43809	
8123	43960	
8123	44718	
8123	94924	
8123	248350	
8123	347956	
8123	348031	
8123	348618	
8123	349029	
8123	349336	
8123	351644	
8123	352711	
8123	352764	
8123	354199	
8123	354571	
8123	355101	
8123	355498	
8123	356734	
8123	356861	
8123	358305	
8123	358752	
8123	360279	
8123	360360	
8123	360775	
8123	361287	
8123	361549	
8123	363194	
8123	1041912	
8143	54817	
8175	94924	
8175	352764	
8177	94924	
8177	373155	
8195	30635	
8195	44718	
8195	94924	
8195	348031	
8195	348618	
8195	349336	
8195	352764	
8195	367271	
8195	367508	
8195	368332	
8195	371989	
8210	250293	
8270	374696	
11736	54817	
9094	30635	
9771	419581	
9817	119312	
15425	30635	
9310	248350	
11184	250293	
10426	86304	
10843	86304	
10856	81108	
10856	445590	
10874	30635	
10909	94924	
10909	446733	
10927	467753	
10927	467810	
10928	248350	
10928	446175	
10931	455368	
10934	448904	
10941	44718	
10974	86304	
10984	44718	
10984	352711	
10984	373155	
10984	453011	
10984	453977	
10994	119312	
11007	94924	
11015	44718	
11015	453011	
11030	94924	
11036	94924	
11036	408020	
11036	456846	
11037	44718	
11052	30635	
11063	478904	
11065	466536	
11066	43269	
11067	30635	
11068	460016	
11068	460453	
11068	460623	
11076	463905	
11081	474462	
11082	461461	
11101	42607	
11101	463905	
11110	2636974	
11111	473792	
11112	475457	
11112	475530	
11113	455368	
11117	463905	
11118	42165	
11118	42808	
11122	42713	
11122	446175	
11122	467352	
11122	467486	
21880	54817	
11606	30635	
11979	503699	
11949	474462	
21122	30635	
17363	86304	
17431	86304	
17457	86304	
14007	86304	
14027	54817	
14100	30635	
14199	86304	
14338	557721	
12174	54817	
13298	30635	
35890	248350	
14490	30635	
15161	54817	
15201	571307	
24889	250293	
30247	30635	
30247	189553	
30247	825042	
30430	30635	
13232	30635	
16516	30635	
15949	30635	
20889	30635	
12719	503699	
28170	349336	
12954	367508	
12974	527399	
36888	54817	
36913	54817	
23369	54817	
23376	730725	
23376	730730	
23389	86304	
23462	30635	
23462	42165	
23462	94924	
23462	733062	
23496	729658	
23497	86304	
23504	722889	
23509	734676	
23509	735000	
23516	728823	
16272	250293	
27221	30635	
22495	30635	
20934	54817	
20041	30635	
17714	30635	
17245	30635	
19287	659595	
19288	86304	
19288	86353	
18728	86304	
32542	503699	
32615	173880	
32653	54817	
32666	782341	
19105	642315	
19109	30635	
22715	30635	
22732	30635	
22735	30635	
22737	30635	
22766	30635	
22819	30635	
22833	30635	
22855	44718	
22874	30635	
22892	30635	
22905	30635	
18211	30635	
18281	250293	
28230	54817	
19878	30635	
18843	54817	
24715	30635	
37858	54817	
34895	54817	
19581	54817	
25644	30635	
25749	86304	
25325	757370	
24678	30635	
24937	54817	
24404	44718	
24974	710623	
24974	749959	
24992	445590	
22110	30635	
22113	30635	
22126	30635	
22142	439878	
22142	710436	
22142	710552	
22142	710623	
22148	30635	
22163	701329	
22170	453011	
22177	352764	
22191	30635	
22216	187197	
22218	367508	
22231	503699	
22239	30635	
22239	349336	
22267	694882	
22282	44718	
22282	352764	
22290	698475	
24263	741757	
24265	30635	
47833	348031	
27138	30635	
26778	30635	
26778	44718	
26778	94924	
26778	248350	
26778	352711	
26778	777859	
26778	778732	
26778	779461	
33773	86304	
26989	30635	
27587	189553	
27597	189553	
27104	782341	
27414	94924	
35721	164423	
35801	164423	
32769	44718	
32769	348031	
32769	348618	
32769	349336	
32769	352711	
32769	374696	
32769	446733	
32769	453977	
32769	866979	
32769	868272	
32769	868588	
32772	248350	
36384	54817	
47272	250293	
47542	503699	
47545	1263056	
47545	1974595	
31663	54817	
33846	44718	
38921	44718	
38921	453011	
29777	30635	
37765	54817	
45701	1924431	
45701	1924556	
30629	86304	
30629	86353	
30631	44718	
30635	30639	
30635	30893	
30635	31392	
30635	32128	
30635	32132	
30635	32592	
30635	32619	
30635	32625	
30635	32645	
30635	32667	
30635	33070	
30635	33787	
30635	34148	
30635	35069	
30635	35077	
30635	36048	
30635	36108	
30635	36603	
30635	36729	
30635	37055	
30635	37362	
30635	37492	
30635	38044	
30635	38221	
30635	38801	
30635	39702	
30635	39765	
30635	39933	
30635	40269	
30635	40497	
30635	40798	
30635	40799	
30635	40921	
30635	40940	
30635	40948	
30635	41095	
30635	41229	
30635	42151	
30635	42159	
30635	42198	
30635	42385	
30635	42439	
30635	42620	
30635	42643	
30635	42670	
30635	42717	
30635	42770	
30635	42791	
30635	42849	
30635	43114	
30635	44127	
30635	44702	
30635	44709	
30635	44718	
30635	44720	
30635	44725	
30635	44740	
30635	44742	
30635	44782	
30635	44795	
30635	45140	
30635	45162	
30635	45337	
30635	45358	
30635	45402	
30635	45415	
30635	45559	
30635	45603	
30635	45613	
30635	46124	
30635	46270	
30635	46275	
30635	46276	
30635	46277	
30635	46278	
30635	46287	
30635	46288	
30635	46291	
30635	46294	
30635	46298	
30635	46300	
30635	46308	
30635	46310	
30635	46316	
30635	46335	
30635	46346	
30635	46352	
30635	46365	
30635	46366	
30635	46370	
30635	46385	
30635	46392	
30635	46409	
30635	46438	
30635	46440	
30635	46443	
30635	46455	
30635	46460	
30635	46464	
30635	46663	
30635	46876	
30635	47100	
30635	47168	
30635	47174	
30635	47255	
30635	47369	
30635	47454	
30635	47480	
30635	47658	
30635	48206	
30635	48326	
30635	48348	
30635	48743	
30635	48869	
30635	48964	
30635	49223	
30635	52112	
30635	52285	
30635	52308	
30635	52320	
30635	53723	
30635	54222	
30635	55040	
30635	55664	
30635	55863	
30635	56645	
30635	56670	
30635	56684	
30635	56749	
30635	56760	
30635	56773	
30635	56787	
30635	56788	
30635	56821	
30635	56824	
30635	56853	
30635	56941	
30635	56981	
30635	57002	
30635	57052	
30635	57079	
30635	57106	
30635	57403	
30635	57454	
30635	57461	
30635	58011	
30635	58107	
30635	58113	
30635	58322	
30635	58417	
30635	58919	
30635	59224	
30635	59301	
30635	59537	
30635	59662	
30635	59932	
30635	60562	
30635	60571	
30635	60589	
30635	60720	
30635	60845	
30635	61649	
30635	61739	
30635	62297	
30635	63265	
30635	63417	
30635	63431	
30635	64036	
30635	64072	
30635	64087	
30635	64136	
30635	64160	
30635	64193	
30635	64278	
30635	64462	
30635	64641	
30635	65417	
30635	65784	
30635	66248	
30635	67094	
30635	67620	
30635	67681	
30635	68221	
30635	68246	
30635	68364	
30635	68430	
30635	68465	
30635	68758	
30635	69192	
30635	69647	
30635	70910	
30635	71090	
30635	71223	
30635	71398	
30635	71566	
30635	71682	
30635	71701	
30635	71777	
30635	71889	
30635	71891	
30635	72126	
30635	72795	
30635	73273	
30635	73381	
30635	73736	
30635	73859	
30635	74408	
30635	74997	
30635	75008	
30635	75022	
30635	75368	
30635	75948	
30635	76148	
30635	76226	
30635	76338	
30635	76394	
30635	76435	
30635	76798	
30635	76852	
30635	77044	
30635	77074	
30635	77104	
30635	77130	
30635	77495	
30635	78075	
30635	78702	
30635	78740	
30635	79471	
30635	79915	
30635	79966	
30635	80834	
30635	80850	
30635	80925	
30635	80943	
30635	80984	
30635	82306	
30635	83427	
30635	83454	
30635	83471	
30635	83478	
30635	83541	
30635	83559	
30635	83561	
30635	83563	
30635	83650	
30635	83664	
30635	83679	
30635	83704	
30635	83793	
30635	83842	
30635	83873	
30635	85712	
30635	85895	
30635	86214	
30635	86224	
30635	86416	
30635	87172	
30635	88578	
30635	88664	
30635	88689	
30635	88958	
30635	89080	
30635	90145	
30635	91425	
30635	92048	
30635	92064	
30635	92152	
30635	92174	
30635	92232	
30635	92384	
30635	92403	
30635	92438	
30635	92485	
30635	93014	
30635	93384	
30635	93981	
30635	94097	
30635	94164	
30635	94741	
30635	94742	
30635	94743	
30635	94744	
30635	94748	
30635	94757	
30635	94760	
30635	94764	
30635	94798	
30635	94807	
30635	94819	
30635	94820	
30635	94825	
30635	94845	
30635	94851	
30635	94869	
30635	94878	
30635	94890	
30635	94893	
30635	94919	
30635	94924	
30635	94925	
30635	94938	
30635	94946	
30635	94957	
30635	94980	
30635	94982	
30635	94993	
30635	94998	
30635	95007	
30635	95013	
30635	95016	
30635	95026	
30635	95032	
30635	95033	
30635	95140	
30635	95152	
30635	95165	
30635	95185	
30635	95186	
30635	95204	
30635	95213	
30635	95216	
30635	95248	
30635	95937	
30635	96411	
30635	96558	
30635	96571	
30635	97074	
30635	97208	
30635	97611	
30635	100077	
30635	100112	
30635	100399	
30635	100834	
30635	100886	
30635	101133	
30635	101834	
30635	102154	
30635	102756	
30635	103439	
30635	106275	
30635	108081	
30635	108110	
30635	108450	
30635	108479	
30635	108516	
30635	108517	
30635	108731	
30635	108883	
30635	108890	
30635	108913	
30635	108924	
30635	108929	
30635	109786	
30635	109789	
30635	110507	
30635	111886	
30635	112860	
30635	112876	
30635	114676	
30635	115500	
30635	115916	
30635	115933	
30635	116298	
30635	116417	
30635	116453	
30635	117144	
30635	117333	
30635	117740	
30635	118396	
30635	118560	
30635	118798	
30635	118977	
30635	119338	
30635	119823	
30635	120190	
30635	120197	
30635	120262	
30635	120584	
30635	122365	
30635	122638	
30635	123277	
30635	123820	
30635	123870	
30635	124108	
30635	124275	
30635	124399	
30635	124996	
30635	125282	
30635	125433	
30635	125548	
30635	125865	
30635	126012	
30635	126335	
30635	126821	
30635	127249	
30635	128321	
30635	128866	
30635	128887	
30635	128906	
30635	128959	
30635	129051	
30635	129500	
30635	129835	
30635	130882	
30635	131285	
30635	131594	
30635	131623	
30635	131683	
30635	131710	
30635	131816	
30635	131830	
30635	131982	
30635	132274	
30635	132748	
30635	132807	
30635	133503	
30635	133512	
30635	133526	
30635	133543	
30635	133554	
30635	133764	
30635	133790	
30635	133797	
30635	133808	
30635	134580	
30635	135288	
30635	135881	
30635	135884	
30635	137808	
30635	138205	
30635	139320	
30635	139490	
30635	139623	
30635	141349	
30635	141515	
30635	143233	
30635	143497	
30635	143595	
30635	143909	
30635	145170	
30635	145909	
30635	145968	
30635	145975	
30635	146112	
30635	146150	
30635	147023	
30635	147059	
30635	147532	
30635	147722	
30635	148185	
30635	148411	
30635	148753	
30635	148979	
30635	149071	
30635	149481	
30635	149552	
30635	149563	
30635	149695	
30635	149703	
30635	149752	
30635	150301	
30635	150388	
30635	150409	
30635	150496	
30635	150801	
30635	151452	
30635	152479	
30635	153376	
30635	153868	
30635	153939	
30635	154312	
30635	154823	
30635	154825	
30635	154847	
30635	154892	
30635	154905	
30635	156673	
30635	157014	
30635	158053	
30635	159355	
30635	160505	
30635	160746	
30635	161572	
30635	161732	
30635	162641	
30635	165708	
30635	166198	
30635	168143	
30635	168148	
30635	168157	
30635	168203	
30635	168804	
30635	168843	
30635	171794	
30635	172476	
30635	173121	
30635	173449	
30635	173563	
30635	173568	
30635	173574	
30635	173578	
30635	173590	
30635	173655	
30635	173679	
30635	173682	
30635	173771	
30635	174721	
30635	174920	
30635	175114	
30635	175513	
30635	175604	
30635	175925	
30635	175993	
30635	176614	
30635	177078	
30635	177111	
30635	177258	
30635	178323	
30635	178347	
30635	178573	
30635	178955	
30635	179395	
30635	179655	
30635	179737	
30635	179762	
30635	179905	
30635	180119	
30635	180287	
30635	180709	
30635	180956	
30635	181256	
30635	182398	
30635	182401	
30635	183223	
30635	183271	
30635	183328	
30635	183415	
30635	183620	
30635	183966	
30635	184202	
30635	184257	
30635	184423	
30635	184440	
30635	184556	
30635	184625	
30635	184650	
30635	185127	
30635	185180	
30635	185247	
30635	185289	
30635	185315	
30635	185348	
30635	185386	
30635	185492	
30635	185652	
30635	185829	
30635	185872	
30635	185873	
30635	185940	
30635	186014	
30635	186050	
30635	186057	
30635	186069	
30635	186089	
30635	186106	
30635	186129	
30635	186288	
30635	186597	
30635	186892	
30635	186924	
30635	187130	
30635	187328	
30635	187513	
30635	187943	
30635	189913	
30635	190121	
30635	190199	
30635	190284	
30635	190288	
30635	190694	
30635	190732	
30635	191540	
30635	192137	
30635	192375	
30635	192564	
30635	193152	
30635	193177	
30635	193380	
30635	193558	
30635	193750	
30635	194265	
30635	194278	
30635	194463	
30635	194680	
30635	194697	
30635	194888	
30635	194904	
30635	195693	
30635	195861	
30635	195862	
30635	195865	
30635	195872	
30635	195880	
30635	195885	
30635	195887	
30635	195899	
30635	195901	
30635	195905	
30635	195911	
30635	195912	
30635	195915	
30635	195924	
30635	195939	
30635	195948	
30635	195955	
30635	195964	
30635	195980	
30635	195986	
30635	196003	
30635	196008	
30635	196027	
30635	196033	
30635	196034	
30635	196042	
30635	196079	
30635	196191	
30635	196579	
30635	196666	
30635	196704	
30635	196707	
30635	196784	
30635	197085	
30635	197135	
30635	197210	
30635	197254	
30635	197934	
30635	198084	
30635	198216	
30635	199383	
30635	199439	
30635	199826	
30635	200201	
30635	201045	
30635	202522	
30635	203588	
30635	205751	
30635	205772	
30635	205802	
30635	205810	
30635	206395	
30635	207230	
30635	207339	
30635	207489	
30635	207547	
30635	207548	
30635	207964	
30635	208328	
30635	208627	
30635	208641	
30635	208863	
30635	209031	
30635	209549	
30635	209643	
30635	209925	
30635	210234	
30635	210254	
30635	210383	
30635	210549	
30635	210761	
30635	210781	
30635	211004	
30635	211350	
30635	211501	
30635	212057	
30635	212070	
30635	212074	
30635	212377	
30635	212478	
30635	213327	
30635	214381	
30635	215139	
30635	215724	
30635	217589	
30635	218222	
30635	218251	
30635	218286	
30635	218296	
30635	218309	
30635	218312	
30635	218316	
30635	218333	
30635	218336	
30635	218339	
30635	218353	
30635	218374	
30635	218402	
30635	218413	
30635	218424	
30635	218449	
30635	218450	
30635	218470	
30635	218486	
30635	218494	
30635	218503	
30635	218504	
30635	218515	
30635	218518	
30635	218520	
30635	218532	
30635	218542	
30635	218559	
30635	218568	
30635	218584	
30635	218596	
30635	218602	
30635	218614	
30635	218635	
30635	218650	
30635	218686	
30635	218710	
30635	218724	
30635	219108	
30635	220714	
30635	222618	
30635	222870	
30635	222963	
30635	223013	
30635	223096	
30635	223329	
30635	223775	
30635	223781	
30635	223974	
30635	224022	
30635	224318	
30635	224319	
30635	224326	
30635	224333	
30635	224337	
30635	224349	
30635	224350	
30635	224352	
30635	224363	
30635	224369	
30635	224370	
30635	224377	
30635	224378	
30635	224386	
30635	224387	
30635	224403	
30635	224411	
30635	224412	
30635	224418	
30635	224421	
30635	224427	
30635	224431	
30635	224435	
30635	224436	
30635	224443	
30635	224444	
30635	224448	
30635	224455	
30635	224476	
30635	224478	
30635	224485	
30635	224494	
30635	224503	
30635	224516	
30635	224521	
30635	224525	
30635	224534	
30635	224569	
30635	224574	
30635	224585	
30635	224594	
30635	224595	
30635	224601	
30635	224603	
30635	224612	
30635	224616	
30635	224627	
30635	224636	
30635	224649	
30635	224656	
30635	224658	
30635	224661	
30635	224698	
30635	224699	
30635	224700	
30635	224704	
30635	224716	
30635	224717	
30635	224734	
30635	224736	
30635	224739	
30635	224751	
30635	224767	
30635	224806	
30635	224997	
30635	225002	
30635	225009	
30635	225014	
30635	225016	
30635	225022	
30635	225027	
30635	225028	
30635	225029	
30635	225033	
30635	225048	
30635	225050	
30635	225051	
30635	225070	
30635	225080	
30635	225110	
30635	225121	
30635	225135	
30635	225136	
30635	225185	
30635	225203	
30635	225206	
30635	225220	
30635	225272	
30635	225310	
30635	225491	
30635	225881	
30635	225905	
30635	226221	
30635	226376	
30635	226391	
30635	226397	
30635	226408	
30635	226418	
30635	226427	
30635	226429	
30635	226431	
30635	226443	
30635	226451	
30635	226453	
30635	226456	
30635	226459	
30635	226462	
30635	226464	
30635	226466	
30635	226467	
30635	226470	
30635	226473	
30635	226474	
30635	226477	
30635	226479	
30635	226486	
30635	226491	
30635	226505	
30635	226509	
30635	226518	
30635	226522	
30635	226528	
30635	226532	
30635	226535	
30635	226540	
30635	226548	
30635	226549	
30635	226552	
30635	226553	
30635	226557	
30635	226563	
30635	226568	
30635	226569	
30635	226572	
30635	226576	
30635	226593	
30635	226611	
30635	226619	
30635	226635	
30635	226647	
30635	226652	
30635	226653	
30635	226671	
30635	226676	
30635	226678	
30635	226686	
30635	226694	
30635	226696	
30635	226704	
30635	226710	
30635	226711	
30635	226715	
30635	226719	
30635	226723	
30635	226731	
30635	226734	
30635	226738	
30635	226748	
30635	226770	
30635	226772	
30635	226781	
30635	226783	
30635	226786	
30635	226796	
30635	226798	
30635	226802	
30635	226809	
30635	226812	
30635	226834	
30635	226840	
30635	226846	
30635	226870	
30635	226871	
30635	226878	
30635	226880	
30635	226914	
30635	226924	
30635	226944	
30635	226969	
30635	226976	
30635	226988	
30635	226995	
30635	227011	
30635	227018	
30635	227032	
30635	227043	
30635	227083	
30635	227883	
30635	227890	
30635	227907	
30635	228001	
30635	228303	
30635	228485	
30635	228503	
30635	229329	
30635	229764	
30635	230445	
30635	230453	
30635	230456	
30635	230460	
30635	230463	
30635	230473	
30635	230480	
30635	230490	
30635	230491	
30635	230495	
30635	230496	
30635	230499	
30635	230505	
30635	230507	
30635	230510	
30635	230523	
30635	230530	
30635	230533	
30635	230549	
30635	230559	
30635	230560	
30635	231191	
30635	231196	
30635	231272	
30635	231284	
30635	231287	
30635	231294	
30635	231315	
30635	231318	
30635	231327	
30635	231350	
30635	231362	
30635	231386	
30635	231399	
30635	231408	
30635	231482	
30635	231495	
30635	231536	
30635	231540	
30635	231548	
30635	231954	
30635	232003	
30635	232591	
30635	233947	
30635	234892	
30635	234914	
30635	235005	
30635	236060	
30635	236265	
30635	236269	
30635	236338	
30635	236347	
30635	236378	
30635	238758	
30635	238861	
30635	238893	
30635	238922	
30635	238963	
30635	238985	
30635	238990	
30635	239007	
30635	239015	
30635	239043	
30635	239091	
30635	239120	
30635	239131	
30635	239210	
30635	239224	
30635	241045	
30635	242054	
30635	242593	
30635	242604	
30635	242616	
30635	242656	
30635	242669	
30635	242683	
30635	242718	
30635	242727	
30635	242841	
30635	242873	
30635	242948	
30635	243070	
30635	243470	
30635	243651	
30635	243722	
30635	243983	
30635	244013	
30635	244349	
30635	245190	
30635	245240	
30635	246249	
30635	246269	
30635	247456	
30635	247503	
30635	248346	
30635	248350	
30635	248352	
30635	248356	
30635	248362	
30635	248366	
30635	248371	
30635	248406	
30635	248421	
30635	248435	
30635	248441	
30635	248445	
30635	248446	
30635	248451	
30635	248476	
30635	248489	
30635	248496	
30635	248513	
30635	248545	
30635	248609	
30635	248648	
30635	248679	
30635	248842	
30635	248848	
30635	248992	
30635	248999	
30635	249008	
30635	249058	
30635	249101	
30635	249178	
30635	249296	
30635	249334	
30635	249600	
30635	251070	
30635	251522	
30635	251768	
30635	252575	
30635	253090	
30635	254710	
30635	256671	
30635	257132	
30635	260849	
30635	261371	
30635	261697	
30635	262634	
30635	262949	
30635	263205	
30635	263239	
30635	264052	
30635	264109	
30635	265649	
30635	265754	
30635	266440	
30635	266933	
30635	268089	
30635	269195	
30635	269486	
30635	271083	
30635	271354	
30635	272792	
30635	273729	
30635	273735	
30635	275146	
30635	275156	
30635	275159	
30635	275160	
30635	275162	
30635	275165	
30635	275172	
30635	275179	
30635	275207	
30635	275212	
30635	275221	
30635	275223	
30635	275224	
30635	275244	
30635	275245	
30635	275251	
30635	275276	
30635	275287	
30635	275308	
30635	275310	
30635	275313	
30635	275324	
30635	275327	
30635	275448	
30635	275476	
30635	276314	
30635	276563	
30635	276675	
30635	277280	
30635	279653	
30635	280024	
30635	280444	
30635	280689	
30635	280854	
30635	281398	
30635	281694	
30635	284691	
30635	285692	
30635	286412	
30635	286708	
30635	288770	
30635	289368	
30635	289450	
30635	289559	
30635	290053	
30635	292763	
30635	293389	
30635	295191	
30635	295311	
30635	295337	
30635	295462	
30635	295537	
30635	295559	
30635	295568	
30635	295696	
30635	295914	
30635	296315	
30635	296447	
30635	297579	
30635	297623	
30635	297833	
30635	298011	
30635	299163	
30635	301152	
30635	303310	
30635	305025	
30635	306795	
30635	306828	
30635	306845	
30635	306846	
30635	306847	
30635	306913	
30635	306940	
30635	307169	
30635	307237	
30635	307906	
30635	307947	
30635	308995	
30635	309000	
30635	310503	
30635	314928	
30635	320530	
30635	320637	
30635	320705	
30635	322540	
30635	322719	
30635	324017	
30635	327241	
30635	327273	
30635	327350	
30635	327362	
30635	327373	
30635	327412	
30635	327416	
30635	329501	
30635	329869	
30635	330540	
30635	330902	
30635	331679	
30635	332532	
30635	332675	
30635	333805	
30635	334599	
30635	334824	
30635	334880	
30635	335806	
30635	337403	
30635	337425	
30635	337906	
30635	338791	
30635	338803	
30635	338816	
30635	339838	
30635	340156	
30635	340709	
30635	341433	
30635	341608	
30635	342801	
30635	342813	
30635	342827	
30635	342834	
30635	342868	
30635	342899	
30635	342901	
30635	342916	
30635	342936	
30635	342938	
30635	342956	
30635	342960	
30635	342980	
30635	342989	
30635	343003	
30635	343017	
30635	343018	
30635	343029	
30635	343064	
30635	343088	
30635	343095	
30635	343099	
30635	343100	
30635	343109	
30635	343114	
30635	343133	
30635	344029	
30635	344038	
30635	344042	
30635	344046	
30635	344048	
30635	344053	
30635	344061	
30635	344069	
30635	345570	
30635	345585	
30635	346593	
30635	346733	
30635	346735	
30635	346807	
30635	346808	
30635	346817	
30635	346821	
30635	346822	
30635	346827	
30635	346831	
30635	346833	
30635	346836	
30635	346837	
30635	346840	
30635	346841	
30635	346846	
30635	346848	
30635	346852	
30635	346854	
30635	346865	
30635	346870	
30635	346871	
30635	346872	
30635	346875	
30635	346876	
30635	346877	
30635	346879	
30635	346882	
30635	346883	
30635	346889	
30635	346892	
30635	346893	
30635	346894	
30635	346896	
30635	346905	
30635	346907	
30635	346908	
30635	346911	
30635	346913	
30635	346914	
30635	346918	
30635	346921	
30635	346924	
30635	346931	
30635	346933	
30635	346939	
30635	346946	
30635	346948	
30635	346949	
30635	346950	
30635	346962	
30635	346969	
30635	346980	
30635	346983	
30635	346989	
30635	346990	
30635	346993	
30635	347011	
30635	347022	
30635	347023	
30635	347024	
30635	347036	
30635	347037	
30635	347038	
30635	347041	
30635	347042	
30635	347044	
30635	347046	
30635	347048	
30635	347053	
30635	347059	
30635	347061	
30635	347064	
30635	347065	
30635	347067	
30635	347068	
30635	347072	
30635	347074	
30635	347084	
30635	347087	
30635	347091	
30635	347097	
30635	347104	
30635	347110	
30635	347116	
30635	347123	
30635	347133	
30635	347134	
30635	347135	
30635	347142	
30635	347147	
30635	347149	
30635	347151	
30635	347159	
30635	347164	
30635	347171	
30635	347180	
30635	347181	
30635	347186	
30635	347187	
30635	347195	
30635	347199	
30635	347200	
30635	347202	
30635	347204	
30635	347210	
30635	347212	
30635	347215	
30635	347222	
30635	347225	
30635	347226	
30635	347229	
30635	347231	
30635	347235	
30635	347246	
30635	347249	
30635	347250	
30635	347259	
30635	347263	
30635	347265	
30635	347267	
30635	347270	
30635	347273	
30635	347277	
30635	347279	
30635	347280	
30635	347288	
30635	347302	
30635	347304	
30635	347314	
30635	347315	
30635	347318	
30635	347322	
30635	347323	
30635	347327	
30635	347335	
30635	347342	
30635	347343	
30635	347353	
30635	347356	
30635	347366	
30635	347367	
30635	347371	
30635	347376	
30635	347378	
30635	347379	
30635	347380	
30635	347391	
30635	347392	
30635	347399	
30635	347407	
30635	347414	
30635	347418	
30635	347419	
30635	347421	
30635	347428	
30635	347429	
30635	347430	
30635	347433	
30635	347435	
30635	347442	
30635	347456	
30635	347460	
30635	347464	
30635	347468	
30635	347481	
30635	347489	
30635	347490	
30635	347491	
30635	347492	
30635	347494	
30635	347503	
30635	347504	
30635	347511	
30635	347529	
30635	347530	
30635	347531	
30635	347533	
30635	347534	
30635	347536	
30635	347540	
30635	347541	
30635	347547	
30635	347549	
30635	347551	
30635	347555	
30635	347558	
30635	347562	
30635	347563	
30635	347578	
30635	347580	
30635	347583	
30635	347593	
30635	347596	
30635	347600	
30635	347603	
30635	347604	
30635	347605	
30635	347607	
30635	347617	
30635	347621	
30635	347627	
30635	347628	
30635	347638	
30635	347650	
30635	347652	
30635	347668	
30635	347671	
30635	347675	
30635	347680	
30635	347684	
30635	347689	
30635	347694	
30635	347696	
30635	347701	
30635	347704	
30635	347707	
30635	347711	
30635	347714	
30635	347715	
30635	347723	
30635	347726	
30635	347731	
30635	347735	
30635	347744	
30635	347750	
30635	347758	
30635	347763	
30635	347773	
30635	347774	
30635	347784	
30635	347785	
30635	347786	
30635	347789	
30635	347791	
30635	347811	
30635	347824	
30635	347829	
30635	347830	
30635	347841	
30635	347845	
30635	347853	
30635	347854	
30635	347856	
30635	347861	
30635	347862	
30635	347875	
30635	347878	
30635	347883	
30635	347887	
30635	347890	
30635	347899	
30635	347903	
30635	347908	
30635	347916	
30635	347917	
30635	347919	
30635	347925	
30635	347928	
30635	347937	
30635	347940	
30635	347941	
30635	347942	
30635	347946	
30635	347954	
30635	347957	
30635	347961	
30635	347966	
30635	347967	
30635	347968	
30635	347970	
30635	347971	
30635	347981	
30635	347985	
30635	347989	
30635	347991	
30635	347992	
30635	347994	
30635	347995	
30635	347997	
30635	348000	
30635	348007	
30635	348008	
30635	348010	
30635	348012	
30635	348014	
30635	348017	
30635	348026	
30635	348029	
30635	348031	
30635	348035	
30635	348036	
30635	348038	
30635	348043	
30635	348049	
30635	348051	
30635	348072	
30635	348076	
30635	348082	
30635	348083	
30635	348092	
30635	348093	
30635	348095	
30635	348100	
30635	348106	
30635	348109	
30635	348113	
30635	348121	
30635	348122	
30635	348136	
30635	348137	
30635	348139	
30635	348141	
30635	348142	
30635	348144	
30635	348145	
30635	348149	
30635	348153	
30635	348158	
30635	348162	
30635	348163	
30635	348169	
30635	348186	
30635	348187	
30635	348192	
30635	348197	
30635	348202	
30635	348203	
30635	348205	
30635	348206	
30635	348210	
30635	348228	
30635	348237	
30635	348240	
30635	348241	
30635	348242	
30635	348245	
30635	348252	
30635	348256	
30635	348262	
30635	348263	
30635	348264	
30635	348271	
30635	348273	
30635	348276	
30635	348277	
30635	348278	
30635	348284	
30635	348287	
30635	348300	
30635	348301	
30635	348303	
30635	348313	
30635	348319	
30635	348322	
30635	348323	
30635	348324	
30635	348329	
30635	348334	
30635	348335	
30635	348337	
30635	348338	
30635	348345	
30635	348351	
30635	348357	
30635	348384	
30635	348392	
30635	348395	
30635	348397	
30635	348407	
30635	348413	
30635	348415	
30635	348430	
30635	348431	
30635	348435	
30635	348436	
30635	348439	
30635	348440	
30635	348441	
30635	348444	
30635	348445	
30635	348446	
30635	348450	
30635	348451	
30635	348452	
30635	348456	
30635	348465	
30635	348469	
30635	348473	
30635	348480	
30635	348488	
30635	348491	
30635	348494	
30635	348496	
30635	348497	
30635	348499	
30635	348508	
30635	348512	
30635	348514	
30635	348520	
30635	348528	
30635	348532	
30635	348537	
30635	348543	
30635	348544	
30635	348548	
30635	348565	
30635	348569	
30635	348573	
30635	348577	
30635	348578	
30635	348582	
30635	348585	
30635	348595	
30635	348596	
30635	348603	
30635	348607	
30635	348608	
30635	348610	
30635	348612	
30635	348621	
30635	348645	
30635	348649	
30635	348650	
30635	348654	
30635	348657	
30635	348661	
30635	348662	
30635	348664	
30635	348672	
30635	348675	
30635	348677	
30635	348681	
30635	348682	
30635	348683	
30635	348687	
30635	348690	
30635	348691	
30635	348694	
30635	348697	
30635	348705	
30635	348706	
30635	348708	
30635	348712	
30635	348717	
30635	348718	
30635	348721	
30635	348724	
30635	348725	
30635	348727	
30635	348729	
30635	348735	
30635	348736	
30635	348738	
30635	348743	
30635	348744	
30635	348745	
30635	348751	
30635	348754	
30635	348769	
30635	348771	
30635	348775	
30635	348779	
30635	348782	
30635	348784	
30635	348785	
30635	348788	
30635	348793	
30635	348798	
30635	348800	
30635	348802	
30635	348803	
30635	348804	
30635	348806	
30635	348807	
30635	348811	
30635	348812	
30635	348814	
30635	348817	
30635	348823	
30635	348844	
30635	348851	
30635	348855	
30635	348858	
30635	348861	
30635	348863	
30635	348864	
30635	348865	
30635	348866	
30635	348869	
30635	348871	
30635	348877	
30635	348881	
30635	348885	
30635	348886	
30635	348889	
30635	348891	
30635	348892	
30635	348896	
30635	348897	
30635	348899	
30635	348901	
30635	348905	
30635	348906	
30635	348910	
30635	348917	
30635	348918	
30635	348924	
30635	348927	
30635	348933	
30635	348939	
30635	348940	
30635	348941	
30635	348943	
30635	348946	
30635	348948	
30635	348950	
30635	348951	
30635	348957	
30635	348959	
30635	348962	
30635	348968	
30635	348969	
30635	348973	
30635	348976	
30635	348995	
30635	348996	
30635	349001	
30635	349007	
30635	349009	
30635	349010	
30635	349014	
30635	349018	
30635	349020	
30635	349025	
30635	349026	
30635	349033	
30635	349034	
30635	349036	
30635	349038	
30635	349043	
30635	349044	
30635	349048	
30635	349049	
30635	349051	
30635	349052	
30635	349054	
30635	349061	
30635	349062	
30635	349068	
30635	349070	
30635	349073	
30635	349074	
30635	349086	
30635	349091	
30635	349095	
30635	349099	
30635	349100	
30635	349102	
30635	349111	
30635	349113	
30635	349114	
30635	349123	
30635	349127	
30635	349131	
30635	349134	
30635	349144	
30635	349145	
30635	349151	
30635	349170	
30635	349180	
30635	349181	
30635	349182	
30635	349186	
30635	349189	
30635	349190	
30635	349191	
30635	349195	
30635	349197	
30635	349205	
30635	349210	
30635	349213	
30635	349215	
30635	349216	
30635	349217	
30635	349218	
30635	349222	
30635	349224	
30635	349226	
30635	349228	
30635	349230	
30635	349231	
30635	349232	
30635	349234	
30635	349237	
30635	349238	
30635	349240	
30635	349242	
30635	349245	
30635	349247	
30635	349250	
30635	349256	
30635	349259	
30635	349269	
30635	349272	
30635	349287	
30635	349290	
30635	349292	
30635	349301	
30635	349304	
30635	349311	
30635	349312	
30635	349313	
30635	349315	
30635	349317	
30635	349319	
30635	349325	
30635	349327	
30635	349329	
30635	349333	
30635	349336	
30635	349341	
30635	349344	
30635	349345	
30635	349347	
30635	349350	
30635	349353	
30635	349361	
30635	349365	
30635	349373	
30635	349375	
30635	349378	
30635	349379	
30635	349385	
30635	349398	
30635	349402	
30635	349410	
30635	349414	
30635	349415	
30635	349417	
30635	349419	
30635	349420	
30635	349421	
30635	349422	
30635	349423	
30635	349424	
30635	349430	
30635	349431	
30635	349432	
30635	349435	
30635	349436	
30635	349438	
30635	349445	
30635	349454	
30635	349455	
30635	349456	
30635	349460	
30635	349461	
30635	349463	
30635	349464	
30635	349465	
30635	349467	
30635	349478	
30635	349481	
30635	349485	
30635	349492	
30635	349495	
30635	349497	
30635	349499	
30635	349503	
30635	349509	
30635	349514	
30635	349518	
30635	349526	
30635	349528	
30635	349529	
30635	349536	
30635	349538	
30635	349541	
30635	349547	
30635	349548	
30635	349551	
30635	349553	
30635	349563	
30635	349565	
30635	349568	
30635	349569	
30635	349579	
30635	349580	
30635	349590	
30635	349602	
30635	349606	
30635	349612	
30635	349615	
30635	349621	
30635	349624	
30635	349628	
30635	349629	
30635	349630	
30635	349631	
30635	349633	
30635	349639	
30635	349641	
30635	349643	
30635	349650	
30635	349652	
30635	349656	
30635	349661	
30635	349665	
30635	349668	
30635	349670	
30635	349672	
30635	349674	
30635	349675	
30635	349677	
30635	349683	
30635	349684	
30635	349685	
30635	349700	
30635	349710	
30635	349716	
30635	349718	
30635	349721	
30635	349724	
30635	349728	
30635	349730	
30635	349733	
30635	349738	
30635	349741	
30635	349742	
30635	349743	
30635	349753	
30635	349763	
30635	349766	
30635	349770	
30635	349772	
30635	349774	
30635	349777	
30635	349792	
30635	349793	
30635	349795	
30635	349810	
30635	349811	
30635	349813	
30635	349818	
30635	349822	
30635	349824	
30635	349835	
30635	349844	
30635	349848	
30635	349852	
30635	349857	
30635	349861	
30635	349872	
30635	349877	
30635	349878	
30635	349881	
30635	349883	
30635	349886	
30635	349892	
30635	349895	
30635	349903	
30635	349905	
30635	349906	
30635	349908	
30635	349925	
30635	349937	
30635	349938	
30635	349966	
30635	349967	
30635	349968	
30635	349969	
30635	349972	
30635	349973	
30635	349980	
30635	349981	
30635	349988	
30635	349993	
30635	349994	
30635	350007	
30635	350012	
30635	350014	
30635	350018	
30635	350025	
30635	350026	
30635	350027	
30635	350029	
30635	350033	
30635	350035	
30635	350036	
30635	350041	
30635	350049	
30635	350054	
30635	350056	
30635	350057	
30635	350061	
30635	350064	
30635	350075	
30635	350079	
30635	350081	
30635	350092	
30635	350103	
30635	350112	
30635	350123	
30635	350127	
30635	350132	
30635	350138	
30635	350144	
30635	350149	
30635	350150	
30635	350151	
30635	350152	
30635	350155	
30635	350167	
30635	350188	
30635	350189	
30635	350193	
30635	350196	
30635	350201	
30635	350204	
30635	350213	
30635	350214	
30635	350216	
30635	350217	
30635	350228	
30635	350239	
30635	350242	
30635	350243	
30635	350244	
30635	350251	
30635	350252	
30635	350253	
30635	350254	
30635	350258	
30635	350264	
30635	350265	
30635	350266	
30635	350269	
30635	350270	
30635	350271	
30635	350274	
30635	350281	
30635	350282	
30635	350293	
30635	350295	
30635	350301	
30635	350304	
30635	350310	
30635	350311	
30635	350318	
30635	350320	
30635	350325	
30635	350326	
30635	350329	
30635	350334	
30635	350337	
30635	350339	
30635	350341	
30635	350344	
30635	350348	
30635	350352	
30635	350353	
30635	350355	
30635	350358	
30635	350361	
30635	350362	
30635	350363	
30635	350365	
30635	350369	
30635	350373	
30635	350378	
30635	350379	
30635	350387	
30635	350401	
30635	350404	
30635	350411	
30635	350417	
30635	350419	
30635	350420	
30635	350421	
30635	350423	
30635	350424	
30635	350433	
30635	350437	
30635	350439	
30635	350441	
30635	350445	
30635	350449	
30635	350451	
30635	350453	
30635	350454	
30635	350459	
30635	350462	
30635	350466	
30635	350471	
30635	350472	
30635	350474	
30635	350475	
30635	350477	
30635	350481	
30635	350487	
30635	350494	
30635	350495	
30635	350498	
30635	350500	
30635	350508	
30635	350514	
30635	350515	
30635	350523	
30635	350532	
30635	350534	
30635	350541	
30635	350543	
30635	350550	
30635	350551	
30635	350554	
30635	350555	
30635	350563	
30635	350569	
30635	350570	
30635	350572	
30635	350578	
30635	350579	
30635	350586	
30635	350588	
30635	350596	
30635	350598	
30635	350599	
30635	350600	
30635	350606	
