91068	2587076	
722077	2587076	
2388028	2587076	
2587076	2587077	
2587076	2587078	
1322	91068	
23392	722077	
75546	91068	
75546	2388028	
91068	104269	
91068	585851	
91068	673316	
91068	722077	
91068	2176121	
91068	2388028	
91068	2587074	
91068	2587075	
91068	2587077	
91068	2587078	
91068	2587079	
91068	2587080	
91068	2587081	
115445	722077	
133616	2388028	
215464	722077	
215488	722077	
233862	722077	
673316	2388028	
722077	1967170	
722077	2388028	
722077	2587077	
722077	2587078	
2176121	2388028	
2388028	2410496	
2388028	2587077	
2388028	2587078	
2388028	2626805	
2388028	2771353	
2388028	2899004	
2587077	2587078	
1649	104269	
6858	133616	
1707	23392	
5215	115445	
5230	115445	
321	23392	
1871	115445	
4456	233862	
4830	233862	
3295	133616	
687	23392	
7087	115445	
7133	115445	
7244	115445	
125	1322	
12458	233862	
2233	133616	
2882	115445	
2984	133616	
1307	75546	
1322	1335	
1322	73422	
1322	77997	
1322	78703	
1322	85428	
1322	85434	
1322	85442	
1322	85443	
1322	85444	
1322	85449	
1322	85460	
1322	85462	
1322	91044	
1322	91045	
1322	91046	
1322	91047	
1322	91048	
1322	91049	
1322	91050	
1322	91051	
1322	91052	
1322	91053	
1322	91054	
1322	91055	
1322	91056	
1322	91057	
1322	91058	
1322	91059	
1322	91060	
1322	91061	
1322	91062	
1322	91063	
1322	91064	
1322	91065	
1322	91066	
1322	91067	
1322	91068	
1322	91069	
1322	91070	
1322	941158	
1322	1969796	
1322	2261821	
1322	2317356	
1322	2716571	
1322	2942622	
1322	2981580	
1322	3001959	
1322	3009404	
4056	215464	
4056	215488	
7960	215464	
7960	215488	
21413	133616	
11174	115445	
10792	133616	
10818	133616	
10952	75546	
10973	133616	
10994	133616	
11077	133616	
11125	133616	
23546	133616	
24867	115445	
15934	233862	
19231	23392	
31279	133616	
20485	673316	
15598	133616	
15634	133616	
30331	233862	
30421	233862	
45017	233862	
60720	233862	
12699	23392	
21705	115445	
27065	233862	
13466	115445	
15562	115445	
19466	23392	
23392	29318	
23392	39553	
23392	45411	
23392	58194	
23392	67793	
23392	73311	
23392	75534	
23392	75664	
23392	76150	
23392	78052	
23392	82786	
23392	83091	
23392	83133	
23392	83640	
23392	85609	
23392	86147	
23392	89175	
23392	90040	
23392	93382	
23392	100429	
23392	101922	
23392	101924	
23392	112991	
23392	117582	
23392	124403	
23392	128665	
23392	129668	
23392	153309	
23392	175155	
23392	182961	
23392	185321	
23392	201639	
23392	210549	
23392	218241	
23392	224113	
23392	227211	
23392	247384	
23392	276588	
23392	346326	
23392	367077	
23392	389768	
23392	396915	
23392	431321	
23392	473507	
23392	488236	
23392	489843	
23392	497698	
23392	521433	
23392	544847	
23392	563956	
23392	570870	
23392	578352	
23392	580811	
23392	595634	
23392	604458	
23392	606048	
23392	611273	
23392	617413	
23392	619404	
23392	633328	
23392	650192	
23392	664123	
23392	679982	
23392	722035	
23392	722036	
23392	722037	
23392	722038	
23392	722039	
23392	722040	
23392	722041	
23392	722042	
23392	722043	
23392	722044	
23392	722045	
23392	722046	
23392	722047	
23392	722048	
23392	722049	
23392	722050	
23392	722051	
23392	722052	
23392	722053	
23392	722054	
23392	722055	
23392	722056	
23392	722057	
23392	722058	
23392	722060	
23392	722062	
23392	722063	
23392	722064	
23392	722065	
23392	722066	
23392	722067	
23392	722068	
23392	722069	
23392	722070	
23392	722071	
23392	722073	
23392	722074	
23392	722075	
23392	722076	
23392	722077	
23392	722078	
23392	722079	
23392	722080	
23392	1895316	
23392	1969629	
23392	2260888	
23392	2286721	
23392	2288667	
23392	2380499	
23392	2924816	
16326	115445	
15393	115445	
15398	115445	
15825	585851	
16766	23392	
19030	133616	
19080	115445	
17620	115445	
26021	115445	
26062	673316	
28479	233862	
19456	23392	
19509	23392	
18939	115445	
23673	673316	
21279	115445	
21305	115445	
21980	133616	
21980	673316	
22225	133616	
25532	115445	
26521	115445	
26568	115445	
29827	115445	
40470	115445	
31499	115445	
47407	133616	
31617	115445	
31657	104269	
30597	115445	
28612	233862	
28614	233862	
28669	233862	
41293	233862	
29800	75546	
30629	133616	
33702	133616	
30144	115445	
31928	115445	
31961	115445	
38640	133616	
38344	75546	
38442	133616	
35103	75546	
35130	215464	
35153	215464	
34463	215464	
39726	673316	
39817	1967170	
46123	215464	
44525	133616	
39541	75546	
36497	215464	
50484	115445	
36649	233862	
38950	115445	
53118	104269	
57612	2176121	
46558	1967170	
46074	233862	
46100	233862	
50651	115445	
52268	133616	
53331	104269	
53336	104269	
53337	104269	
53341	104269	
53342	104269	
53346	104269	
53351	104269	
53353	104269	
59377	75546	
56191	133616	
58603	133616	
59216	115445	
59271	133616	
63544	673316	
65166	215488	
58512	133616	
60461	233862	
76131	233862	
76162	233862	
76348	233862	
76815	233862	
77123	104269	
77303	2410496	
70387	233862	
60499	233862	
60955	133616	
73885	233862	
73987	233862	
72221	104269	
65717	115445	
63434	233862	
63095	115445	
65363	115445	
68582	75546	
84462	673316	
87729	115445	
69136	115445	
67884	115445	
70149	215488	
68706	215488	
69689	133616	
69860	133616	
70482	673316	
74902	75546	
79154	1967170	
74036	75546	
74110	75546	
79424	133616	
81566	133616	
85699	215488	
78192	233862	
82567	115445	
74415	215464	
74415	215488	
104655	115445	
78019	215488	
78095	133616	
75490	75546	
75493	75546	
75498	75546	
75501	75546	
75503	75546	
75527	75546	
75538	75546	
75545	133616	
75546	75555	
75546	75557	
75546	75591	
75546	75602	
75546	75635	
75546	75636	
75546	75659	
75546	75663	
75546	75687	
75546	78493	
75546	91068	
75546	96511	
75546	96516	
75546	108890	
75546	111214	
75546	117918	
75546	118235	
75546	120127	
75546	131697	
75546	139148	
75546	162127	
75546	172762	
75546	179348	
75546	180562	
75546	180579	
75546	183963	
75546	184474	
75546	198215	
75546	199496	
75546	209177	
75546	211818	
75546	233491	
75546	238280	
75546	256975	
75546	266912	
75546	287614	
75546	289750	
75546	312976	
75546	313211	
75546	314372	
75546	314375	
75546	315973	
75546	317207	
75546	321430	
75546	322991	
75546	328781	
75546	345236	
75546	347937	
75546	359158	
75546	370140	
75546	381259	
75546	395079	
75546	428167	
75546	431958	
75546	434659	
75546	440779	
75546	444819	
75546	449104	
75546	449124	
75546	449129	
75546	469591	
75546	490618	
75546	490624	
75546	490625	
75546	509609	
75546	512805	
75546	516060	
75546	516438	
75546	548844	
75546	558734	
75546	674138	
75546	680076	
75546	681703	
75546	684648	
75546	712822	
75546	715801	
75546	726540	
75546	739872	
75546	759408	
75546	759467	
75546	759760	
75546	759984	
75546	770085	
75546	771510	
75546	784077	
75546	807161	
75546	815862	
75546	819818	
75546	821879	
75546	904599	
75546	904600	
75546	913319	
75546	941673	
75546	958418	
75546	1005917	
75546	1181733	
75546	1899356	
75546	1921150	
75546	2051212	
75546	2143942	
75546	2150929	
75546	2176423	
75546	2187349	
75546	2189089	
75546	2204081	
75546	2219589	
75546	2224884	
75546	2359118	
75546	2370811	
75546	2373191	
75546	2381806	
75546	2386281	
75546	2386757	
75546	2387364	
75546	2387365	
75546	2387999	
75546	2388012	
75546	2388013	
75546	2388014	
75546	2388015	
75546	2388016	
75546	2388017	
75546	2388018	
75546	2388019	
75546	2388020	
75546	2388021	
75546	2388022	
75546	2388023	
75546	2388025	
75546	2388026	
75546	2388027	
75546	2388028	
75546	2388029	
75546	2388033	
75546	2388034	
75546	2388035	
75546	2388036	
75546	2388038	
75546	2388721	
75546	3004247	
83483	115445	
81654	673316	
79883	233862	
81844	215464	
80150	1967170	
91068	104269	
91068	585851	
91068	673316	
91068	2176121	
91068	2587074	
91068	2587075	
91068	2587076	
91068	2587079	
91068	2587080	
91068	2587081	
78899	133616	
78943	104269	
78950	104269	
78955	104269	
78956	104269	
78962	104269	
78980	673316	
79103	133616	
79103	673316	
79109	133616	
79126	133616	
82973	2176121	
82973	2626805	
79999	233862	
80044	233862	
80057	233862	
82461	233862	
80842	133616	
80935	115445	
80952	133616	
81190	2626805	
81220	585851	
81266	215464	
82655	233862	
82710	233862	
82736	233862	
85979	133616	
86069	673316	
86262	673316	
86521	133616	
87077	133616	
88723	104269	
103789	133616	
88323	115445	
96584	133616	
90080	233862	
90092	215488	
94886	2626805	
88572	104269	
94414	673316	
91902	2587074	
95647	104269	
95652	104269	
97157	133616	
97237	133616	
102672	585851	
97581	673316	
104113	104269	
104140	104269	
104188	104269	
104196	104269	
104236	104269	
104237	104269	
104240	104269	
104269	104408	
104269	107857	
104269	121933	
104269	124400	
104269	127236	
104269	132946	
104269	146539	
104269	154178	
104269	154603	
104269	156175	
104269	159957	
104269	162699	
104269	198541	
104269	199942	
104269	208928	
104269	209593	
104269	211914	
104269	214534	
104269	214679	
104269	215971	
104269	217754	
104269	219834	
104269	261616	
104269	273968	
104269	298855	
104269	300828	
104269	309078	
104269	331501	
104269	333614	
104269	336413	
104269	365760	
104269	378250	
104269	387480	
104269	393787	
104269	429502	
104269	439396	
104269	439399	
104269	440576	
104269	502951	
104269	520037	
104269	522733	
104269	525160	
104269	551947	
104269	553286	
104269	578134	
104269	585738	
104269	602321	
104269	602328	
104269	602330	
104269	633017	
104269	649120	
104269	666151	
104269	666296	
104269	670810	
104269	670813	
104269	670824	
104269	673316	
104269	677071	
104269	678308	
104269	691287	
104269	691392	
104269	715464	
104269	724218	
104269	729201	
104269	729205	
104269	729208	
104269	729215	
104269	740245	
104269	755854	
104269	782997	
104269	821324	
104269	847621	
104269	847751	
104269	847753	
104269	847756	
104269	847763	
104269	847770	
104269	847776	
104269	847778	
104269	848588	
104269	851566	
104269	851956	
104269	892293	
104269	913354	
104269	916867	
104269	916871	
104269	924399	
104269	931847	
104269	1913609	
104269	1925627	
104269	1941187	
104269	2042513	
104269	2044049	
104269	2044052	
104269	2044260	
104269	2044288	
104269	2046273	
104269	2360655	
104269	2425408	
104269	2517878	
104269	2539699	
104269	2752878	
104269	2752986	
104269	2752988	
104269	2752989	
104269	2752995	
104269	2753001	
103380	115445	
103365	133616	
107643	215464	
107643	215488	
107646	215464	
107646	215488	
104583	673316	
106365	133616	
117891	133616	
106445	233862	
106468	2771353	
119738	673316	
115445	115476	
115445	117386	
115445	118030	
115445	118425	
115445	120440	
115445	120834	
115445	121498	
115445	124325	
115445	126140	
115445	130276	
115445	130577	
115445	134702	
115445	140003	
115445	165009	
115445	165861	
115445	167486	
115445	167493	
115445	167494	
115445	167500	
115445	167533	
115445	167538	
115445	167539	
115445	167550	
115445	167561	
115445	167562	
115445	167570	
115445	167572	
115445	167573	
115445	167579	
115445	167582	
115445	167585	
115445	167586	
115445	167587	
115445	167588	
115445	167592	
115445	167602	
115445	167611	
115445	167612	
115445	167614	
115445	167615	
115445	167619	
115445	167628	
115445	167630	
115445	167635	
115445	167646	
115445	172618	
115445	182213	
115445	192249	
115445	196162	
115445	240880	
115445	247478	
115445	248238	
115445	250592	
115445	253613	
115445	254964	
115445	257434	
115445	258496	
115445	280814	
115445	285564	
115445	288111	
115445	298316	
115445	309231	
115445	317393	
115445	319733	
115445	319743	
115445	319751	
115445	321300	
115445	321314	
115445	321345	
115445	321351	
115445	321362	
115445	321364	
115445	321374	
115445	321378	
115445	321396	
115445	321399	
115445	395788	
115445	395842	
115445	548494	
115445	553195	
115445	565789	
115445	609351	
115445	614038	
115445	722077	
115445	772076	
115445	890935	
115445	1866525	
115445	2044028	
115445	2051435	
115445	2213546	
115445	2247848	
115445	2300798	
115445	2383585	
115445	2403286	
115445	2763710	
115445	2815998	
115445	2815999	
115445	2816001	
115445	2816002	
115445	2816004	
115445	2816006	
115445	2816007	
115445	2816009	
115445	2816010	
115445	2894316	
109937	115445	
109067	233862	
110620	133616	
112214	115445	
113275	133616	
119362	673316	
116160	133616	
123143	233862	
118341	1967170	
125871	133616	
126349	133616	
126595	133616	
127236	673316	
127237	133616	
128783	215488	
128894	673316	
129218	133616	
131461	2899004	
133616	135472	
133616	137960	
133616	146326	
133616	146471	
133616	147474	
133616	147476	
133616	147486	
133616	149495	
133616	153169	
133616	153226	
133616	154852	
133616	157661	
133616	159027	
133616	165104	
133616	167535	
133616	169599	
133616	171669	
133616	181530	
133616	185699	
133616	186348	
133616	187059	
133616	187958	
133616	188046	
133616	192558	
133616	192563	
133616	197157	
133616	197535	
133616	207607	
133616	208617	
133616	209382	
133616	211611	
133616	211900	
133616	214006	
133616	214031	
133616	214034	
133616	214286	
133616	218133	
133616	221276	
133616	222899	
133616	225603	
133616	228649	
133616	236710	
133616	241612	
133616	241673	
133616	241854	
133616	242846	
133616	244589	
133616	252886	
133616	255674	
133616	261581	
133616	271445	
133616	274070	
133616	280515	
133616	284367	
133616	285598	
133616	285950	
133616	297760	
133616	299804	
133616	307895	
133616	309023	
133616	320564	
133616	324331	
133616	328395	
133616	331497	
133616	337149	
133616	338446	
133616	339206	
133616	381487	
133616	387480	
133616	389468	
133616	389586	
133616	389914	
133616	389915	
133616	390727	
133616	390864	
133616	408973	
133616	417204	
133616	421730	
133616	431957	
133616	433264	
133616	439386	
133616	442047	
133616	445431	
133616	449615	
133616	500857	
133616	529397	
133616	551775	
133616	557971	
133616	572148	
133616	577674	
133616	578983	
133616	588550	
133616	589082	
133616	600112	
133616	607036	
133616	607633	
133616	615287	
133616	616793	
133616	621821	
133616	655271	
133616	667831	
133616	668948	
133616	672948	
133616	673316	
133616	674455	
133616	677505	
133616	683091	
133616	686245	
133616	686407	
133616	688901	
133616	691251	
133616	691254	
133616	691259	
133616	691274	
133616	691285	
133616	691305	
133616	691309	
133616	691319	
133616	691324	
133616	691331	
133616	691334	
133616	691335	
133616	691339	
133616	691346	
133616	691347	
133616	691350	
133616	691358	
133616	694054	
133616	694058	
133616	694065	
133616	716346	
133616	719340	
133616	734350	
133616	808434	
133616	811327	
133616	811334	
133616	811335	
133616	811338	
133616	827627	
133616	827937	
133616	828997	
133616	831951	
133616	907970	
133616	917393	
133616	1917469	
133616	2002713	
133616	2010025	
133616	2026168	
133616	2196417	
133616	2311615	
133616	2388028	
133616	2554125	
133616	2695321	
133616	2795951	
133616	2885907	
133616	2912455	
151236	673316	
137030	215464	
136844	673316	
154088	215464	
142131	673316	
151058	673316	
144545	673316	
144928	233862	
149179	215488	
147147	215464	
154153	673316	
147021	1967170	
151888	673316	
148804	673316	
154300	673316	
154547	215488	
164867	673316	
155383	233862	
158982	233862	
166267	2771353	
187640	233862	
186474	233862	
178139	233862	
181296	2899004	
185388	215464	
185388	215488	
184433	673316	
182678	673316	
190616	233862	
186991	2899004	
187488	673316	
192327	1967170	
188298	233862	
192745	1967170	
191436	673316	
190890	673316	
190568	673316	
191302	2587080	
199942	673316	
212649	215488	
200362	215464	
200362	215488	
205487	233862	
204677	673316	
203526	215464	
203526	215488	
204757	215488	
206328	233862	
207258	215488	
217743	673316	
208748	673316	
215305	673316	
219834	673316	
216377	673316	
215464	215488	
215464	215495	
215464	215498	
215464	215602	
215464	263558	
215464	268892	
215464	272032	
215464	279844	
215464	280417	
215464	280421	
215464	290701	
215464	334798	
215464	345769	
215464	390516	
215464	393772	
215464	400688	
215464	433445	
215464	458292	
215464	488103	
215464	488739	
215464	489850	
215464	492988	
215464	492994	
215464	493000	
215464	500158	
215464	500167	
215464	507062	
215464	513066	
215464	594197	
215464	601014	
215464	606068	
215464	638219	
215464	643784	
215464	647749	
215464	652236	
215464	656786	
215464	664926	
215464	665353	
215464	665379	
215464	665392	
215464	677832	
215464	682585	
215464	692040	
215464	696098	
215464	709719	
215464	719886	
215464	722077	
215464	744113	
215464	755013	
215464	759092	
215464	766762	
215464	768523	
215464	793638	
215464	795082	
215464	800537	
215464	808500	
215464	809658	
215464	824875	
215464	845268	
215464	845271	
215464	845308	
215464	852849	
215464	854784	
215464	862037	
215464	864183	
215464	866548	
215464	882997	
215464	888972	
215464	889635	
215464	900251	
215464	901392	
215464	903226	
215464	903360	
215464	908097	
215464	932225	
215464	936385	
215464	939820	
215464	951351	
215464	969124	
215464	1225438	
215464	1334401	
215464	1416701	
215464	1544646	
215464	1663999	
215464	1907901	
215464	1926696	
215464	1944550	
215464	1963920	
215464	1967989	
215464	1994406	
215464	2002757	
215464	2027041	
215464	2062397	
215464	2166078	
215464	2172567	
215464	2181369	
215464	2182618	
215464	2182645	
215464	2182740	
215464	2187809	
215464	2188831	
215464	2238968	
215464	2299593	
215464	2326327	
215464	2363884	
215464	2372343	
215464	2388733	
215464	2390205	
215464	2390216	
215464	2391330	
215464	2392184	
215464	2396428	
215464	2413090	
215464	2419096	
215464	2430820	
215464	2516182	
215464	2529225	
215464	2532079	
215464	2543162	
215464	2612007	
215464	2697845	
215464	2704432	
215464	2720921	
215464	2757014	
215464	2796737	
215464	2800319	
215464	2802118	
215464	2802793	
215464	2815765	
215464	2829671	
215464	2831798	
215464	2872100	
215464	2874640	
215464	2876008	
215464	2898848	
215464	2915859	
215464	2932769	
215464	2950494	
215464	2965111	
215464	2968350	
215464	2991277	
215464	3014350	
215464	3060664	
215488	215495	
215488	215498	
215488	215602	
215488	242050	
215488	248172	
215488	271283	
215488	276883	
215488	278896	
215488	281242	
215488	282213	
215488	282255	
215488	282270	
215488	282296	
215488	282298	
215488	282302	
215488	282316	
215488	282325	
215488	283781	
215488	329997	
215488	345769	
215488	349487	
215488	380129	
215488	390243	
215488	391754	
215488	391977	
215488	393772	
215488	404129	
215488	406145	
215488	409218	
215488	413186	
215488	431026	
215488	448923	
215488	492988	
215488	492994	
215488	508664	
215488	537655	
215488	541186	
215488	553196	
215488	579204	
215488	584614	
215488	585689	
215488	585693	
215488	594197	
215488	598015	
215488	601014	
215488	606068	
215488	622413	
215488	623063	
215488	651416	
215488	677832	
215488	678040	
215488	678058	
215488	682585	
215488	687811	
215488	694221	
215488	696098	
215488	706489	
215488	717746	
215488	722077	
215488	740456	
215488	745870	
215488	745882	
215488	766762	
215488	768523	
215488	768543	
215488	784660	
215488	793638	
215488	793777	
215488	795082	
215488	800537	
215488	801962	
215488	845308	
215488	849163	
215488	852849	
215488	854090	
215488	862037	
215488	881804	
215488	903226	
215488	908097	
215488	916172	
215488	936385	
215488	951351	
215488	952158	
215488	954128	
215488	1022727	
215488	1225438	
215488	1663999	
215488	1967989	
215488	1994406	
215488	2046416	
215488	2047999	
215488	2062397	
215488	2127192	
215488	2161457	
215488	2166078	
215488	2170939	
215488	2172567	
215488	2182740	
215488	2256445	
215488	2256448	
215488	2311609	
215488	2330915	
215488	2340736	
215488	2375489	
215488	2388733	
215488	2390205	
215488	2390216	
215488	2391330	
215488	2392184	
215488	2412223	
215488	2412277	
215488	2413090	
215488	2416371	
215488	2419096	
215488	2430820	
215488	2441733	
215488	2481537	
215488	2529225	
215488	2532079	
215488	2543162	
215488	2555269	
215488	2555270	
215488	2581942	
215488	2615468	
215488	2743169	
215488	2757014	
215488	2796737	
215488	2802118	
215488	2815765	
215488	2817939	
215488	2831798	
215488	2857974	
215488	2858798	
215488	2872100	
215488	2876008	
215488	2876464	
215488	2926416	
215488	2947341	
215488	2968350	
215488	2991277	
215488	3014350	
215488	3019106	
215488	3019107	
215488	3019109	
230317	233862	
230322	233862	
227527	233862	
239077	2771353	
239096	2899004	
239098	2410496	
239108	2899004	
239133	2899004	
239157	2899004	
239158	2899004	
239159	2899004	
239172	2587074	
239172	2771353	
239191	2899004	
229473	2899004	
229532	2899004	
235141	673316	
232560	233862	
232824	233862	
232864	233862	
232878	233862	
233452	233862	
233459	233862	
233512	233862	
233853	233862	
231869	233862	
233790	233862	
233387	233862	
233399	233862	
233500	233862	
233854	233862	
233856	233862	
233858	233862	
233862	233864	
233862	233871	
233862	233872	
233862	233875	
233862	233878	
233862	233882	
233862	233887	
233862	233888	
233862	233889	
233862	233890	
233862	233891	
233862	233893	
233862	235143	
233862	236864	
233862	241044	
233862	241045	
233862	246628	
233862	273676	
233862	306073	
233862	318692	
233862	400046	
233862	410287	
233862	417902	
233862	441320	
233862	443112	
233862	523236	
233862	536335	
233862	558653	
233862	558655	
233862	589575	
233862	589582	
233862	600651	
233862	606405	
233862	626353	
233862	629884	
233862	633491	
233862	634471	
233862	635046	
233862	635901	
233862	635932	
233862	636349	
233862	638751	
233862	645960	
233862	645969	
233862	645971	
233862	645984	
233862	645989	
233862	646005	
233862	660222	
233862	664886	
233862	691028	
233862	709761	
233862	722077	
233862	736034	
233862	739947	
233862	741268	
233862	749577	
233862	762684	
233862	789589	
233862	800515	
233862	804165	
233862	810235	
233862	823446	
233862	825666	
233862	825667	
233862	885488	
233862	901933	
233862	922362	
233862	932340	
233862	949552	
233862	951734	
233862	976997	
233862	983312	
233862	1919230	
233862	1925535	
233862	1927063	
233862	1927068	
233862	1927069	
233862	1995091	
233862	2055402	
233862	2203016	
233862	2215762	
233862	2218106	
233862	2230925	
233862	2238803	
233862	2244000	
233862	2258926	
233862	2281076	
233862	2283837	
233862	2312156	
233862	2369635	
233862	2375374	
233862	2391043	
233862	2400974	
233862	2412435	
233862	2619926	
233862	2790131	
233862	2814351	
233862	2852704	
233862	2876473	
233422	233862	
233488	233862	
241612	673316	
247308	673316	
246028	585851	
249044	2899004	
257716	2587080	
255301	1967170	
265223	673316	
261415	585851	
263909	673316	
274553	673316	
275092	585851	
282429	673316	
280515	673316	
282751	673316	
285248	673316	
282567	2771353	
292424	585851	
297583	2176121	
297155	2176121	
295722	2771353	
318667	673316	
313559	2587075	
317338	2771353	
322918	585851	
325507	673316	
340350	673316	
329217	673316	
329569	673316	
365760	673316	
333408	585851	
330643	673316	
340775	2771353	
340775	2899004	
340781	2771353	
343510	585851	
343917	673316	
347637	2626805	
351102	2899004	
357395	2587074	
359565	2899004	
360674	2410496	
379078	673316	
381420	2899004	
367908	2587075	
384381	2771353	
373794	585851	
378164	585851	
387480	673316	
391895	2771353	
391203	673316	
389468	673316	
389914	673316	
389938	673316	
390715	673316	
394453	2899004	
393342	2626805	
392912	2899004	
393937	673316	
404255	673316	
402658	673316	
684188	1967170	
740856	1967170	
415362	673316	
417139	1967170	
420857	673316	
426024	673316	
429401	673316	
428652	2626805	
429502	673316	
443994	673316	
443322	673316	
454737	2626805	
454776	2587080	
454776	2771353	
457417	1967170	
462125	2176121	
457094	673316	
465217	2899004	
464790	2587080	
466424	673316	
470164	2587080	
470392	2176121	
471177	2626805	
483109	673316	
493851	1967170	
502712	2410496	
503699	2587074	
502089	673316	
504215	585851	
508577	673316	
510985	673316	
523512	673316	
527744	673316	
528912	673316	
539157	673316	
540183	585851	
538440	2410496	
547783	673316	
553286	673316	
552438	673316	
554225	2626805	
557596	2410496	
557827	2176121	
556969	2410496	
557971	673316	
567143	673316	
566128	673316	
567416	2899004	
571142	1967170	
572152	673316	
570467	2899004	
578387	2771353	
578397	585851	
579274	673316	
585851	676644	
585851	678825	
585851	944431	
585851	2184860	
585851	2189764	
585851	2367231	
585851	2525775	
585851	2809098	
585851	2983180	
585851	3027187	
585851	3027189	
587646	2899004	
596087	1967170	
600112	673316	
596203	1967170	
595478	1967170	
600566	673316	
602321	673316	
602327	673316	
602328	673316	
602657	2587080	
608346	673316	
608196	673316	
607633	673316	
608103	673316	
623871	673316	
621060	673316	
625217	673316	
641854	673316	
633245	673316	
640745	673316	
649337	673316	
641857	2410496	
641950	2771353	
642365	2899004	
651864	2587074	
655071	2771353	
655071	2899004	
658316	1967170	
658661	1967170	
660196	1967170	
660607	1967170	
658307	1967170	
658290	1967170	
658302	1967170	
658304	1967170	
658308	1967170	
658659	1967170	
660810	1967170	
660106	1967170	
661161	2626805	
662169	2899004	
673316	673319	
673316	673323	
673316	673328	
673316	677767	
673316	687577	
673316	688901	
673316	691251	
673316	691254	
673316	691279	
673316	691300	
673316	691307	
673316	691309	
673316	691310	
673316	691324	
673316	691344	
673316	691346	
673316	691347	
673316	691348	
673316	691350	
673316	691351	
673316	691358	
673316	691362	
673316	691561	
673316	694050	
673316	694054	
673316	694060	
673316	694062	
673316	713844	
673316	719340	
673316	724218	
673316	734498	
673316	740901	
673316	766798	
673316	767774	
673316	790288	
673316	791669	
673316	803256	
673316	830574	
673316	839289	
673316	840894	
673316	853513	
673316	857551	
673316	859936	
673316	872629	
673316	877830	
673316	882287	
673316	888816	
673316	912820	
673316	1913609	
673316	1924638	
673316	1925227	
673316	1941187	
673316	1968777	
673316	2010025	
673316	2030126	
673316	2030483	
673316	2126413	
673316	2164051	
673316	2174310	
673316	2196412	
673316	2208058	
673316	2224884	
673316	2229274	
673316	2232968	
673316	2233670	
673316	2240499	
673316	2268361	
673316	2305042	
673316	2323938	
673316	2329746	
673316	2365531	
673316	2370253	
673316	2388028	
673316	2401823	
673316	2425408	
673316	2456606	
673316	2457506	
673316	2474587	
673316	2517878	
673316	2543986	
673316	2571688	
673316	2699138	
673316	2713203	
673316	2752988	
673316	2814038	
673316	2818188	
673316	2829474	
673316	2831204	
673316	2843506	
673316	2856154	
673316	2856722	
673316	2869665	
673316	2878584	
673316	2894795	
673316	2930360	
673316	2950539	
673316	2953435	
673316	2999405	
673316	3028448	
673316	3033695	
673316	3054133	
673316	3056801	
673316	3062994	
667855	673316	
672948	673316	
677406	1967170	
708353	2626805	
695642	2587074	
694281	2587081	
722077	1967170	
722077	2587076	
723501	2771353	
726153	1967170	
736028	1967170	
743695	1967170	
745847	2587074	
745847	2587080	
774894	2626805	
779042	2899004	
791600	2176121	
792631	1967170	
825029	2626805	
824281	2626805	
836726	2176121	
855560	1967170	
859989	2176121	
863381	2626805	
863439	2587081	
863446	2626805	
863454	2771353	
862728	2176121	
872010	2899004	
889161	1967170	
889062	1967170	
902867	2587075	
922553	2899004	
925545	2626805	
927359	2771353	
940042	2587081	
942026	2410496	
973779	2771353	
982563	2410496	
980185	2626805	
981716	2626805	
979315	2771353	
979751	2771353	
982880	2899004	
982329	2587080	
1016837	1967170	
990964	2587080	
1103099	2176121	
1103753	2771353	
992840	2899004	
1064881	2410496	
1065026	2587080	
1066867	2899004	
994400	2410496	
1219818	2587074	
1008006	2771353	
1024535	2899004	
1027861	2899004	
993723	2899004	
1257691	2587080	
1231925	2899004	
990977	2771353	
1029158	2626805	
1030120	2771353	
1031622	2626805	
1211228	2587074	
1211246	2771353	
1079185	2176121	
996299	2899004	
1247108	2587074	
1001507	2587074	
1001732	2899004	
1160737	2771353	
1169068	2176121	
1177684	2176121	
1178116	2899004	
1003070	2587081	
1311833	2176121	
1301815	2899004	
1302101	2587074	
1302208	2410496	
1095805	2626805	
1062354	2410496	
1033760	2587080	
1074527	2587080	
1014623	2176121	
1041134	2626805	
1041744	2587074	
1074103	2587074	
1139864	2899004	
1140064	2899004	
1133445	2410496	
1133445	2771353	
1087024	2587074	
1075438	2410496	
1094665	2410496	
1179923	2771353	
1084664	2899004	
1085739	2899004	
1168635	2626805	
1169409	2410496	
1512895	2587074	
1122586	2410496	
1072105	2899004	
1083150	2899004	
1099675	2899004	
1099711	2626805	
1100898	2899004	
1282790	2587074	
1281424	2626805	
1098527	2587074	
1282713	2899004	
1499042	2587080	
1434240	2771353	
1098720	2587080	
1143057	2410496	
1143057	2587080	
1143057	2899004	
1212055	2587074	
1212244	2176121	
1215142	2771353	
1215746	2587080	
1218449	2899004	
1200213	2899004	
1197116	2771353	
1221081	2176121	
1128577	2587074	
1138603	2410496	
1162081	2410496	
1300418	2176121	
1368503	2899004	
1370382	2176121	
1370931	2626805	
1371033	2899004	
1371570	2176121	
1379097	2176121	
1376855	2587080	
1377042	2587080	
1377042	2899004	
1289385	2899004	
1289684	2771353	
1187560	2626805	
1246773	2176121	
1246845	2587074	
1246977	2626805	
1247042	2626805	
1248820	2587074	
1352063	2176121	
1628638	2771353	
1628638	2899004	
1364473	2587074	
1543192	2176121	
1545750	2626805	
1342072	2587074	
1268785	2410496	
1283934	2176121	
1221772	2176121	
1233395	2587074	
1284978	2587080	
1316508	2587074	
1254258	2587074	
1285942	2410496	
1344817	2899004	
1530488	2176121	
1308880	2626805	
1453359	2626805	
1441376	2626805	
1441633	2587081	
1778622	2176121	
1553859	2899004	
1674210	2626805	
1397013	2626805	
1412390	2176121	
1389353	2587074	
1439066	2626805	
1418750	2626805	
1595622	2587080	
1649816	2899004	
1653055	2587074	
1538355	2899004	
1539044	2899004	
1540343	2626805	
1664461	2771353	
1584402	2587074	
1595735	2626805	
1602994	2626805	
1534211	2771353	
1493025	2899004	
1582541	2899004	
1531590	2176121	
1518627	2587074	
1577332	2176121	
1577482	2587080	
1551853	2587074	
1585535	2587074	
1565047	2771353	
1554875	2587080	
1759851	2626805	
1613550	2176121	
1565858	2899004	
1589859	2587074	
1600180	2176121	
1694846	2626805	
1684003	2410496	
1643957	2587081	
1659139	2626805	
1648144	2176121	
1651062	2626805	
1619763	2899004	
1717418	2587080	
1675244	2899004	
1678429	2176121	
1675666	2176121	
1661333	2587074	
1690012	2587074	
1689174	2410496	
1746501	2899004	
1696231	2771353	
1708254	2899004	
1709521	2899004	
1709916	2899004	
1787745	2899004	
1728997	2410496	
1779586	2587080	
1786270	2587080	
1822967	2626805	
1752603	2899004	
1796363	2176121	
1825552	2410496	
1862456	2626805	
1793180	2410496	
1810368	2587074	
1810368	2899004	
1869585	2626805	
1864086	2626805	
1834467	2899004	
1845509	2410496	
1882637	2771353	
1882819	2587074	
1869239	2587075	
1894050	2899004	
1894221	2899004	
1883141	2771353	
1896445	2771353	
1899046	2410496	
1899046	2587074	
1889182	2771353	
1914220	2899004	
1892326	2771353	
1895678	2587074	
1896054	1967170	
1902186	2587074	
1902186	2771353	
1902186	2899004	
1904312	2626805	
1922511	2587074	
1907587	2899004	
1911411	2176121	
1910903	2626805	
1911964	2587074	
1918918	2176121	
1933809	2771353	
1942125	2771353	
1967954	2410496	
1968001	2899004	
1946408	2626805	
1953418	2626805	
1948922	2626805	
1943935	2899004	
1963586	2771353	
1962029	2626805	
1962029	2771353	
1967166	1967170	
1967169	1967170	
1967170	1969101	
1967170	2057478	
1967170	2061683	
1967170	2196207	
1967170	2253211	
1967170	2380499	
1967170	2385205	
1967170	2442700	
1967170	2442711	
1967170	2948683	
1967170	3044343	
1973829	2899004	
1978229	2626805	
1978511	2587080	
1986513	2771353	
1992439	2899004	
1992469	2899004	
1994287	2410496	
2002643	2899004	
2003630	2626805	
2017694	2587075	
2033886	2410496	
2055279	2626805	
2066692	2587074	
2067777	2626805	
2080955	2899004	
2094346	2899004	
2112162	2410496	
2110104	2587080	
2139716	2410496	
2127865	2899004	
2163416	2899004	
2162117	2899004	
2162454	2626805	
2183015	2771353	
2167355	2626805	
2180247	2587080	
2180247	2626805	
2188695	2587081	
2181630	2899004	
2172849	2626805	
2172849	2771353	
2173226	2587074	
2189183	2626805	
2189764	2587074	
2187277	2771353	
2175416	2771353	
2185241	2899004	
2183034	2587081	
2177430	2771353	
2183987	2626805	
2179970	2587074	
2180107	2771353	
2180145	2587074	
2180540	2899004	
2187795	2626805	
2188070	2587074	
2176121	2185426	
2176121	2186820	
2176121	2187156	
2176121	2245672	
2176121	2334272	
2176121	2388028	
2176121	2395367	
2176121	2410602	
2176121	2482716	
2176121	2553152	
2176121	2894972	
2176121	3014654	
2176121	3020615	
2179521	2771353	
2250224	2771353	
2263721	2587081	
2269329	2899004	
2269409	2626805	
2278363	2899004	
2288080	2771353	
2311501	2587074	
2377177	2587080	
2384745	2410496	
2384745	2626805	
2388028	2410496	
2388028	2587076	
2388028	2626805	
2388028	2771353	
2388028	2899004	
2410378	2771353	
2410496	2545482	
2410496	2639908	
2410496	2771352	
2410496	2982378	
2410496	2986698	
2410496	3020779	
2410496	3021335	
2409207	2899004	
2431075	2771353	
2453388	2587074	
2460067	2771353	
2460067	2899004	
2457736	2587080	
2473082	2626805	
2483282	2626805	
2495864	2771353	
2493299	2587074	
2493299	2626805	
2493339	2626805	
2493355	2626805	
2493487	2626805	
2550607	2587080	
2550959	2587074	
2581886	2587075	
2597593	2626805	
2582563	2587080	
2587074	2618688	
2587074	2767877	
2587074	2771352	
2587074	2771354	
2587074	2907399	
2587074	2907400	
2587074	2936007	
2587074	2940169	
2587074	2976901	
2587074	3020615	
2587074	3020779	
2587074	3031367	
2587075	2903675	
2587075	2951377	
2587076	2587077	
2587076	2587078	
2587080	2660689	
2587080	2962231	
2587080	2965095	
2598035	2771353	
2604058	2899004	
2676261	2771353	
2679451	2899004	
2626805	2789927	
2626805	2803783	
2626805	2840671	
2626805	2907400	
2626805	2907414	
2626805	2915982	
2626805	2939060	
2626805	3021046	
2626805	3031367	
2650413	2771353	
2654464	2771353	
2654513	2771353	
2657472	2899004	
2655476	2771353	
2655476	2899004	
2664786	2899004	
2732711	2771353	
2752577	2899004	
2753344	2771353	
2761699	2899004	
2771353	2771360	
2771353	2780517	
2771353	2793185	
2771353	2853681	
2771353	2877674	
2771353	2877679	
2771353	2899004	
2771353	2903009	
2771353	2903012	
2771353	2915615	
2771353	2959215	
2771353	2998009	
2771353	3020690	
2771353	3020779	
2771353	3068942	
2780375	2899004	
2780446	2899004	
2796924	2899004	
2800626	2899004	
2821798	2899004	
2898872	2899004	
2896303	2899004	
2899004	2901959	
2899004	2902939	
2899004	2926417	
2899004	2952005	
2899004	2966482	
2899004	2969740	
2899004	3020615	
2899004	3020690	
2899004	3020718	
2899004	3020779	
2899004	3027345	
2899004	3033982	
2899004	3036894	
63	687	
74	4456	
627	4456	
658	687	
990	4456	
990	4830	
990	15934	
990	45017	
1012	15934	
1037	10994	
1059	65717	
4364	83640	
26691	28669	
26708	38950	
26711	774894	
9011	28614	
9029	76348	
9040	19231	
9043	31928	
9053	30421	
652	687	
16	47407	
16	103789	
18	1649	
19	1649	
21	6858	
23	1649	
23	1707	
25	5215	
25	5230	
28	321	
31	1649	
34	1871	
39	1649	
50	1649	
51	1649	
53	4456	
53	4830	
55	3295	
57	328395	
66	7087	
66	7133	
66	7244	
69	1649	
76	1649	
5535	103789	
5535	167500	
5537	172618	
5554	247478	
907	59377	
921	58603	
966	58194	
2586	56191	
2586	147474	
2586	147476	
2586	147486	
3997	63544	
3997	215971	
4003	127237	
4008	2380499	
4011	127237	
4013	15598	
4013	214286	
4014	167486	
4020	87729	
4035	63095	
4035	65363	
4035	90080	
4035	131697	
4035	218241	
2817	158982	
2817	159027	
2819	165104	
2830	158982	
2841	158982	
2446	7133	
1649	1658	
1649	1665	
1649	1668	
1649	1670	
1649	1682	
1649	1685	
1649	1697	
1649	1703	
1649	1713	
1649	1721	
1649	1746	
1649	1750	
1649	2188	
1649	2632	
1649	2647	
1649	3977	
1649	3981	
1649	4644	
1649	4887	
1649	7668	
1649	8600	
1649	10435	
1649	10871	
1649	12309	
1649	12346	
1649	12374	
1649	15570	
1649	17449	
1649	21222	
1649	22936	
1649	23711	
1649	23749	
1649	31751	
1649	31765	
1649	31772	
1649	36612	
1649	53336	
1649	53342	
1649	56152	
1649	62904	
1649	73405	
1649	77123	
1649	79722	
1649	81199	
1649	84293	
1649	92314	
1649	98175	
1649	99511	
1649	99526	
1649	104113	
1649	104114	
1649	104115	
1649	104116	
1649	104117	
1649	104118	
1649	104119	
1649	104120	
1649	104121	
1649	104122	
1649	104123	
1649	104124	
1649	104125	
1649	104126	
1649	104127	
1649	104128	
1649	104129	
1649	104130	
1649	104131	
1649	104132	
1649	104133	
1649	104134	
1649	104135	
1649	104136	
1649	104137	
1649	104138	
1649	104139	
1649	104140	
1649	104141	
1649	104142	
1649	104143	
1649	104144	
1649	104145	
1649	104146	
1649	104147	
1649	104148	
1649	104149	
1649	104150	
1649	104151	
1649	104152	
1649	104153	
1649	104154	
1649	104155	
1649	104156	
1649	104157	
1649	104158	
1649	104159	
1649	104160	
1649	104161	
1649	104162	
1649	104163	
1649	104164	
1649	104165	
1649	104166	
1649	104167	
1649	104168	
1649	104169	
1649	104170	
1649	104171	
1649	104172	
1649	104173	
1649	104174	
1649	104175	
1649	104176	
1649	104177	
1649	104178	
1649	104179	
1649	104180	
1649	104181	
1649	104182	
1649	104183	
1649	104184	
1649	104185	
1649	104186	
1649	104187	
1649	104188	
1649	104189	
1649	104190	
1649	104191	
1649	104192	
1649	104193	
1649	104194	
1649	104195	
1649	104196	
1649	104197	
1649	104198	
1649	104199	
1649	104200	
1649	104201	
1649	104202	
1649	104203	
1649	104204	
1649	104205	
1649	104206	
1649	104207	
1649	104208	
1649	104209	
1649	104210	
1649	104211	
1649	104212	
1649	104213	
1649	104214	
1649	104215	
1649	104216	
1649	104217	
1649	104218	
1649	104219	
1649	104220	
1649	104221	
1649	104222	
1649	104223	
1649	104224	
1649	104225	
1649	104226	
1649	104227	
1649	104228	
1649	104229	
1649	104230	
1649	104231	
1649	104232	
1649	104233	
1649	104234	
1649	104235	
1649	104236	
1649	104237	
1649	104238	
1649	104239	
1649	104240	
1649	104241	
1649	104242	
1649	104243	
1649	104244	
1649	104245	
1649	104246	
1649	104247	
1649	104248	
1649	104249	
1649	104250	
1649	104251	
1649	104252	
1649	104253	
1649	104254	
1649	104255	
1649	104256	
1649	104257	
1649	104258	
1649	104259	
1649	104260	
1649	104261	
1649	104262	
1649	104263	
1649	104264	
1649	104265	
1649	104266	
1649	104267	
1649	104268	
1649	104269	
1649	104270	
1649	104271	
1649	104272	
1649	104273	
1649	104274	
1649	104275	
1649	104276	
1649	104277	
1649	104278	
1649	104279	
1649	104280	
1649	104281	
1649	104282	
1649	104283	
1649	104284	
1649	104285	
1649	104286	
1649	104287	
1649	104288	
1649	104289	
1649	104290	
1649	104291	
1649	104292	
1649	104293	
1649	104294	
1649	104295	
1649	104296	
1649	104297	
5856	215498	
5856	279844	
5860	282429	
356	1649	
371	19231	
382	1649	
403	1649	
403	23673	
440	1649	
475	31499	
536	1649	
1524	1649	
1526	1649	
1539	1649	
1541	1649	
1541	95647	
1541	95652	
1557	1649	
1564	1649	
1568	1649	
1573	1649	
1583	1649	
1583	97157	
1583	97237	
1585	1649	
1602	102672	
1616	1649	
1624	1649	
1626	1649	
1638	1649	
1645	1649	
1646	1649	
19963	73311	
19963	96584	
19971	378164	
19971	444819	
19978	102672	
19983	656786	
185	2373191	
196	6858	
217	11174	
219	11174	
229	10792	
229	10818	
229	10952	
229	10973	
229	10994	
229	11077	
229	11125	
232	23546	
244	11174	
309	45017	
309	60720	
484	6858	
487	15598	
487	47407	
490	31617	
490	31657	
509	21413	
509	41293	
527	26062	
555	31499	
813	52268	
2106	127236	
2106	127237	
2634	102672	
6858	6859	
6858	6860	
6858	6867	
6858	6869	
6858	6870	
6858	6876	
6858	6878	
6858	6884	
6858	6887	
6858	7586	
6858	7601	
6858	7676	
6858	7813	
6858	7828	
6858	7851	
6858	7871	
6858	8159	
6858	8169	
6858	8184	
6858	8188	
6858	8195	
6858	8220	
6858	9913	
6858	10006	
6858	10034	
6858	10037	
6858	10038	
6858	10039	
6858	10040	
6858	10044	
6858	10047	
6858	10057	
6858	10058	
6858	10063	
6858	10064	
6858	10069	
6858	10077	
6858	10080	
6858	10083	
6858	10084	
6858	10091	
6858	10094	
6858	10098	
6858	10099	
6858	10101	
6858	10102	
6858	10103	
6858	10104	
6858	10105	
6858	10111	
6858	10115	
6858	10125	
6858	10126	
6858	10128	
6858	10135	
6858	10138	
6858	10139	
6858	10140	
6858	10142	
6858	10149	
6858	10150	
6858	10153	
6858	10156	
6858	10159	
6858	10165	
6858	10169	
6858	10173	
6858	10174	
6858	10176	
6858	10177	
6858	10183	
6858	10184	
6858	10200	
6858	10201	
6858	10204	
6858	10206	
6858	10212	
6858	10214	
6858	10217	
6858	10219	
6858	10222	
6858	10223	
6858	10225	
6858	10226	
6858	10829	
6858	12231	
6858	13219	
6858	13280	
6858	13313	
6858	13330	
6858	13398	
6858	13417	
6858	13475	
6858	13586	
6858	13592	
6858	13595	
6858	13598	
6858	13602	
6858	13610	
6858	13616	
6858	13621	
6858	13623	
6858	13624	
6858	13627	
6858	13629	
6858	13632	
6858	20969	
6858	23310	
6858	24930	
6858	28259	
6858	30136	
6858	31264	
6858	31279	
6858	31381	
6858	31414	
6858	35287	
6858	35735	
6858	35750	
6858	35752	
6858	35753	
6858	35758	
6858	35765	
6858	35767	
6858	35769	
6858	35785	
6858	35795	
6858	35796	
6858	41925	
6858	45595	
6858	48352	
6858	48364	
6858	48410	
6858	48424	
6858	48459	
6858	53127	
6858	55446	
6858	58388	
6858	62997	
6858	63014	
6858	63056	
6858	63984	
6858	66096	
6858	66102	
6858	72030	
6858	73364	
6858	75668	
6858	82344	
6858	88621	
6858	95637	
6858	96780	
6858	97114	
6858	101504	
6858	103486	
6858	104881	
6858	105239	
6858	114028	
6858	115666	
6858	118665	
6858	124139	
6858	126541	
6858	127266	
6858	128906	
6858	130850	
6858	131543	
6858	133616	
6858	135739	
6858	137561	
6858	138602	
6858	138652	
6858	138655	
6858	138668	
6858	138673	
6858	138678	
6858	138681	
6858	146223	
6858	156172	
6858	164393	
6858	164400	
6858	164421	
6858	171599	
6858	181661	
6858	182072	
6858	184223	
6858	186011	
6858	186096	
6858	187616	
6858	189925	
6858	198617	
6858	198619	
6858	198621	
6858	198629	
6858	198640	
6858	198645	
6858	198650	
6858	198654	
6858	198656	
6858	198658	
6858	198659	
6858	198661	
6858	198662	
6858	198964	
6858	200499	
6858	200530	
6858	200572	
6858	200588	
6858	200612	
6858	200616	
6858	200647	
6858	200648	
6858	200662	
6858	200667	
6858	200669	
6858	200671	
6858	203021	
6858	203103	
6858	205474	
6858	214970	
6858	225980	
6858	250621	
6858	272315	
6858	278105	
6858	288043	
6858	290587	
6858	292585	
6858	308499	
6858	308651	
6858	308995	
6858	308996	
6858	308997	
6858	308998	
6858	308999	
6858	309000	
6858	309001	
6858	309002	
6858	309003	
6858	309004	
6858	309005	
6858	309006	
6858	309007	
6858	309008	
6858	309009	
6858	309010	
6858	309011	
6858	309012	
6858	309013	
6858	309014	
6858	309015	
6858	309016	
6858	309017	
6858	309018	
6858	309019	
6858	309020	
6858	309021	
6858	309022	
6858	309023	
6858	309024	
6858	309025	
6858	309026	
6858	309027	
6858	309028	
6858	309029	
6858	309030	
6858	309031	
6858	309032	
6858	309033	
6858	309034	
6858	309035	
6858	309036	
6858	309037	
6858	309038	
6858	309039	
6874	167486	
6875	78019	
8159	31279	
8514	10818	
8514	10973	
8514	31279	
8514	39817	
8514	56191	
8514	187488	
8514	391895	
8514	391977	
10005	164867	
10007	130577	
10008	31279	
10013	2380499	
10020	329997	
10025	81220	
10025	102672	
10025	233491	
10025	254964	
10025	292424	
10035	63544	
10038	63544	
10038	93382	
10039	31279	
10041	232560	
10047	31279	
10055	63544	
10057	107643	
10072	21413	
10074	23673	
10077	31279	
10079	10973	
10079	31279	
10079	63544	
10079	426024	
10112	31279	
10114	88323	
10115	426024	
10116	31279	
10119	21305	
10123	63544	
10125	33702	
10125	63544	
10127	96584	
10128	63544	
10133	63544	
10134	390715	
10134	429401	
10138	31279	
10140	63544	
10144	81220	
10146	63544	
10147	78019	
10156	31279	
10156	431026	
10164	84462	
10168	127237	
10182	273676	
10194	31279	
10200	31279	
10200	63544	
10200	113275	
10201	63544	
10201	428167	
10208	428652	
10227	31279	
10230	75545	
1420	79109	
1422	90040	
1423	59271	
1423	87077	
1429	15598	
1429	47407	
1429	69860	
1429	73311	
1429	75545	
1429	88723	
1433	3295	
1433	75545	
1433	103789	
1436	88323	
1438	4056	
1438	10994	
1438	19030	
1438	75636	
1447	3295	
1447	12458	
1447	75538	
1447	93382	
1447	96511	
1447	96516	
1447	96584	
1456	81566	
1459	3295	
1459	73311	
1459	90040	
1459	90080	
1459	90092	
1464	12458	
1464	75545	
1464	94886	
1474	78955	
1474	78956	
1474	88572	
1474	88723	
1477	10973	
1477	75545	
1665	100429	
1676	101922	
1676	101924	
1678	31499	
1678	79424	
1679	12699	
1694	83483	
1707	1709	
1707	1710	
1707	12238	
1707	23392	
1707	25355	
1707	33779	
1707	33783	
1707	33792	
1707	33793	
1707	33795	
1707	33796	
1707	33797	
1707	33801	
1707	33803	
1707	33804	
1707	33805	
1707	33806	
1707	33808	
1707	33810	
1707	33815	
1707	33819	
1707	33820	
1707	33821	
1707	45546	
1707	83245	
1707	84452	
1707	103165	
1707	103166	
1707	103167	
1707	103168	
1707	103169	
1707	103170	
1707	103171	
1707	103172	
1707	103173	
1707	103174	
1707	103175	
1707	935100	
1725	103365	
1726	107643	
1726	107646	
1733	19509	
732	40470	
732	46558	
734	2061683	
746	30421	
746	46074	
746	46100	
1613	1649	
1613	45411	
2068	5215	
2068	5230	
2068	15934	
2068	90092	
5184	5215	
5184	5230	
5184	154852	
5187	5215	
5187	5230	
5188	5215	
5188	5230	
5189	147021	
5190	5215	
5190	5230	
5193	5215	
5193	5230	
5194	5230	
5195	5215	
5195	5230	
5196	5215	
5196	109067	
5198	5215	
5198	5230	
5199	5215	
5199	5230	
5201	5215	
5201	5230	
5201	26021	
5203	5215	
5203	5230	
5205	5215	
5205	5230	
5206	96584	
5210	261581	
5211	5215	
5211	5230	
5212	5230	
5215	5216	
5215	5217	
5215	5218	
5215	5219	
5215	5220	
5215	5229	
5215	5230	
5215	5235	
5215	5237	
5215	5240	
5215	5241	
5215	5242	
5215	5243	
5215	5245	
5215	5247	
5215	5249	
5215	5250	
5215	5251	
5215	5252	
5215	5261	
5215	5262	
5215	5265	
5215	5268	
5215	5270	
5215	5274	
5215	5279	
5215	5282	
5215	5292	
5215	5293	
5215	5294	
5215	5300	
5215	5313	
5215	5314	
5215	5322	
5215	5326	
5215	5341	
5215	5343	
5215	5347	
5215	5351	
5215	5352	
5215	5360	
5215	5361	
5215	5362	
5215	5364	
5215	5365	
5215	5369	
5215	5371	
5215	5372	
5215	5373	
5215	5377	
5215	5379	
5215	5384	
5215	8429	
5215	10296	
5215	12846	
5215	12851	
5215	12945	
5215	13491	
5215	15403	
5215	15404	
5215	15892	
5215	16515	
5215	16612	
5215	17359	
5215	17753	
5215	21133	
5215	21619	
5215	24845	
5215	25078	
5215	27736	
5215	28183	
5215	29484	
5215	37355	
5215	52824	
5215	53693	
5215	53899	
5215	57261	
5215	64467	
5215	67537	
5215	96383	
5215	97221	
5215	100276	
5215	108039	
5215	108821	
5215	109132	
5215	110198	
5215	113070	
5215	114057	
5215	115100	
5215	115445	
5215	115523	
5215	118170	
5215	118198	
5215	122837	
5215	124523	
5215	125128	
5215	125130	
5215	125136	
5215	125139	
5215	125143	
5215	125145	
5215	125150	
5215	125152	
5215	125156	
5215	125172	
5215	125181	
5215	125192	
5215	125196	
5215	126529	
5215	130389	
5215	130412	
5215	151288	
5215	187246	
5215	200985	
5215	216939	
5215	228148	
5215	244514	
5215	251794	
5215	251795	
5215	254733	
5215	255850	
5215	255855	
5215	260456	
5215	263230	
5215	263686	
5215	263687	
5215	263688	
5215	263689	
5215	263690	
5215	263691	
5215	263692	
5215	263693	
5215	263694	
5215	263695	
5215	263696	
5215	263697	
5215	263698	
5215	263699	
5215	263700	
5215	263701	
5215	263702	
5215	263703	
5215	263704	
5215	263705	
5215	263706	
5215	263707	
5215	263708	
5215	263709	
5215	263710	
5215	263711	
5215	263712	
5215	263713	
5215	263714	
5215	2872395	
5216	5230	
5216	75545	
5217	5230	
5218	5230	
5218	167550	
5219	5230	
5220	5230	
5220	27065	
5229	5230	
5230	5235	
5230	5237	
5230	5240	
5230	5241	
5230	5242	
5230	5243	
5230	5245	
5230	5247	
5230	5249	
5230	5250	
5230	5251	
5230	5252	
5230	5254	
5230	5256	
5230	5261	
5230	5265	
5230	5268	
5230	5270	
5230	5274	
5230	5279	
5230	5282	
5230	5291	
5230	5292	
5230	5294	
5230	5300	
5230	5307	
5230	5309	
5230	5310	
5230	5313	
5230	5314	
5230	5315	
5230	5322	
5230	5326	
5230	5336	
5230	5339	
5230	5341	
5230	5343	
5230	5345	
5230	5346	
5230	5347	
5230	5351	
5230	5352	
5230	5360	
5230	5361	
5230	5362	
5230	5364	
5230	5365	
5230	5369	
5230	5371	
5230	5372	
5230	5373	
5230	5377	
5230	5379	
5230	7087	
5230	8338	
5230	12945	
5230	14597	
5230	14947	
5230	15393	
5230	15892	
5230	21133	
5230	21705	
5230	24845	
5230	25692	
5230	29050	
5230	55643	
5230	55646	
5230	57500	
5230	69274	
5230	80800	
5230	83483	
5230	88853	
5230	92454	
5230	94569	
5230	94571	
5230	94589	
5230	94607	
5230	94623	
5230	99312	
5230	101113	
5230	102795	
5230	105600	
5230	105705	
5230	106277	
5230	110276	
5230	114565	
5230	114567	
5230	114568	
5230	114569	
5230	114571	
5230	114572	
5230	114574	
5230	114578	
5230	114587	
5230	114604	
5230	114606	
5230	115445	
5230	115476	
5230	115523	
5230	118170	
5230	122837	
5230	125136	
5230	125138	
5230	125139	
5230	125145	
5230	125152	
5230	125156	
5230	125172	
5230	125181	
5230	125196	
5230	130567	
5230	156114	
5230	176292	
5230	178973	
5230	178991	
5230	181631	
5230	182502	
5230	182508	
5230	182509	
5230	182542	
5230	183507	
5230	209875	
5230	216939	
5230	225599	
5230	255850	
5230	257807	
5230	257833	
5230	261369	
5230	261697	
5230	261698	
5230	261699	
5230	261700	
5230	261701	
5230	261702	
5230	261703	
5230	261704	
5230	261705	
5230	261706	
5230	261707	
5230	261708	
5230	261709	
5230	261710	
5230	261711	
5230	261712	
5230	261713	
5230	261714	
5230	261715	
5230	261716	
5230	261717	
5230	261718	
5230	261719	
5230	261720	
5230	261721	
5230	261722	
5230	261723	
5230	261724	
5230	261725	
5230	261726	
5230	261727	
5230	501082	
5231	67884	
5233	167538	
5240	15934	
5242	112214	
5245	27065	
5251	25532	
5251	30144	
5251	88323	
5251	167573	
5254	97157	
5254	97237	
5260	67884	
5264	167493	
5264	167561	
5265	261415	
5269	75545	
5269	147021	
5270	31928	
5270	97157	
5270	261616	
5274	31499	
5276	266912	
5280	15825	
5294	21413	
5296	19030	
5300	26521	
5303	75636	
5303	268892	
5314	31499	
5314	263909	
5315	263558	
5322	167579	
5336	26021	
5345	103789	
5345	167494	
5346	109067	
5365	97237	
5369	167592	
911	56191	
914	46100	
924	58194	
938	59216	
938	59271	
954	15598	
964	63544	
970	19030	
970	56191	
970	59271	
970	59377	
970	65166	
970	2380499	
971	58512	
1931	7087	
1931	118030	
4625	4830	
4716	244589	
4748	118030	
4758	207607	
4776	4830	
5041	118030	
5888	115476	
5888	118030	
5891	118030	
5897	26521	
5899	118030	
5901	58603	
5901	74036	
5901	181530	
5902	58512	
5910	115476	
5910	118030	
5910	280814	
5913	15598	
5915	46123	
5916	15598	
5916	278896	
5920	27065	
5920	115476	
5928	280515	
5930	30421	
5932	113275	
5941	118030	
5945	63095	
5945	208617	
5949	104196	
5950	280417	
5950	280421	
5952	118030	
5956	118030	
5957	289750	
5958	90040	
5966	118030	
5971	192745	
5973	157661	
5976	96584	
5976	281242	
5977	216377	
5978	118030	
5979	118030	
5981	93382	
5983	225603	
5983	283781	
5990	282751	
5997	184433	
5997	285248	
5999	118030	
6000	118030	
6007	118030	
6027	281242	
6027	282213	
6027	282255	
6027	282270	
6027	282296	
6027	282298	
6027	282302	
6027	282316	
6027	282325	
6028	120440	
6028	120834	
6028	127237	
6028	208617	
6029	282567	
265	321	
272	24867	
277	15934	
280	321	
290	19231	
291	31279	
294	20485	
295	15598	
295	15634	
299	321	
302	4830	
302	15934	
302	30331	
302	30421	
312	321	
312	12699	
314	21705	
317	15934	
317	27065	
318	13466	
320	13466	
320	15562	
321	335	
321	343	
321	347	
321	354	
321	383	
321	391	
321	393	
321	395	
321	400	
321	404	
321	424	
321	433	
321	436	
321	455	
321	459	
321	461	
321	503	
321	515	
321	534	
321	539	
321	543	
321	545	
321	549	
321	551	
321	564	
321	566	
321	588	
321	589	
321	596	
321	1308	
321	1836	
321	1903	
321	1936	
321	1999	
321	2084	
321	2094	
321	2142	
321	2178	
321	2351	
321	5106	
321	5671	
321	5841	
321	7587	
321	7703	
321	8085	
321	10891	
321	11233	
321	12212	
321	12226	
321	12237	
321	12244	
321	12314	
321	12736	
321	12739	
321	12743	
321	12747	
321	12757	
321	12764	
321	12765	
321	12772	
321	12774	
321	12777	
321	12778	
321	12787	
321	12790	
321	12791	
321	12792	
321	13214	
321	13232	
321	13235	
321	13309	
321	13316	
321	13318	
321	13321	
321	13352	
321	13363	
321	13409	
321	13411	
321	13419	
321	13429	
321	13690	
321	13711	
321	13810	
321	13886	
321	13890	
321	13922	
321	13935	
321	13938	
321	13941	
321	13944	
321	13947	
321	13965	
321	13969	
321	16120	
321	16752	
321	16789	
321	17576	
321	19138	
321	19140	
321	19164	
321	19192	
321	19333	
321	19335	
321	19355	
321	19374	
321	19413	
321	19417	
321	19430	
321	19436	
321	19448	
321	19466	
321	19491	
321	19549	
321	19588	
321	19613	
321	20302	
321	22671	
321	22978	
321	23000	
321	23056	
321	23290	
321	23291	
321	23292	
321	23293	
321	23294	
321	23295	
321	23296	
321	23297	
321	23298	
321	23299	
321	23300	
321	23301	
321	23302	
321	23303	
321	23304	
321	23305	
321	23306	
321	23307	
321	23308	
321	23309	
321	23310	
321	23311	
321	23312	
321	23313	
321	23314	
321	23315	
321	23316	
321	23317	
321	23318	
321	23319	
321	23320	
321	23321	
321	23322	
321	23323	
321	23324	
321	23325	
321	23326	
321	23327	
321	23328	
321	23329	
321	23330	
321	23331	
321	23332	
321	23333	
321	23334	
321	23335	
321	23336	
321	23337	
321	23338	
321	23339	
321	23340	
321	23341	
321	23342	
321	23343	
321	23344	
321	23345	
321	23346	
321	23347	
321	23348	
321	23349	
321	23350	
321	23351	
321	23352	
321	23353	
321	23354	
321	23355	
321	23356	
321	23357	
321	23358	
321	23359	
321	23360	
321	23361	
321	23362	
321	23363	
321	23364	
321	23365	
321	23366	
321	23367	
321	23368	
321	23369	
321	23370	
321	23371	
321	23372	
321	23373	
321	23374	
321	23375	
321	23376	
321	23377	
321	23378	
321	23379	
321	23380	
321	23381	
321	23382	
321	23383	
321	23384	
321	23385	
321	23386	
321	23387	
321	23388	
321	23389	
321	23390	
321	23391	
321	23392	
321	23393	
321	23394	
321	23395	
321	23396	
321	23397	
321	23398	
321	23399	
321	23400	
321	23401	
321	23402	
321	23403	
321	23404	
321	23405	
321	23406	
321	23407	
321	23408	
321	23409	
321	23410	
321	23411	
321	23412	
321	23413	
321	23414	
321	23415	
321	23416	
321	23417	
321	23418	
321	23419	
321	23420	
321	23421	
321	23422	
321	23423	
321	23424	
321	23425	
321	23426	
321	23427	
321	23428	
321	23429	
321	23430	
321	23431	
321	23432	
321	23433	
321	23434	
321	23435	
321	23436	
321	23437	
321	23438	
321	23439	
321	23440	
321	23441	
321	23442	
321	23443	
321	23444	
321	23445	
321	23446	
321	23447	
321	23448	
321	23449	
321	23450	
321	23451	
321	23452	
321	23453	
321	23454	
321	23455	
321	23456	
321	23457	
321	23458	
321	23459	
321	23460	
321	23461	
321	23462	
321	23463	
321	23464	
321	23465	
321	23466	
321	23467	
321	23468	
321	23469	
321	23470	
321	23471	
321	23472	
321	23473	
321	23474	
321	23475	
321	23476	
321	23477	
321	23478	
321	23479	
321	23480	
321	23481	
321	23482	
321	23483	
321	23484	
321	23485	
321	23486	
321	23487	
321	23488	
321	23489	
321	23490	
321	23491	
321	23492	
321	23493	
321	23494	
321	23495	
321	23496	
321	23497	
321	23498	
321	23499	
321	23500	
321	23501	
321	23502	
321	23503	
321	23504	
321	23505	
321	23506	
321	23507	
321	23508	
321	23509	
321	23510	
321	23511	
321	23512	
321	23513	
321	23514	
321	23515	
321	23516	
321	23517	
321	23518	
321	23519	
321	23520	
321	23521	
321	23522	
321	23523	
321	23524	
321	23525	
321	23526	
321	23527	
321	23528	
321	23529	
321	23530	
321	23531	
321	23532	
321	23533	
321	23534	
321	23535	
321	23536	
321	23537	
321	23538	
321	23539	
321	23540	
321	23541	
321	161762	
321	521799	
321	719494	
321	2199842	
321	2385708	
321	2591520	
322	16326	
342	15934	
345	15393	
345	15398	
346	19231	
346	19509	
349	15825	
351	16766	
354	19466	
370	19030	
370	19080	
373	17620	
378	26021	
378	26062	
388	28479	
393	12699	
393	19456	
393	19466	
393	19509	
394	18939	
401	20485	
404	19466	
410	21279	
410	21305	
414	21980	
419	22225	
420	21279	
420	21305	
422	25532	
423	15562	
424	2882	
424	19456	
424	19466	
434	26521	
434	26568	
437	29827	
444	19466	
448	19466	
450	10973	
450	31279	
468	40470	
469	25532	
470	1707	
472	25532	
477	27065	
480	29827	
488	18939	
488	29827	
493	26021	
493	30597	
504	4830	
504	28612	
504	28614	
504	28669	
505	13466	
515	19456	
515	29318	
517	29800	
521	19466	
521	19509	
533	19456	
533	19466	
533	30629	
534	33702	
537	19466	
539	19466	
540	30144	
548	2233	
549	31279	
564	19466	
571	13466	
571	31928	
571	31961	
579	38640	
583	21305	
596	19466	
6338	188298	
6343	336413	
93	125	
97	125	
99	125	
99	12458	
103	2233	
107	125	
3852	127236	
3853	78943	
3853	181530	
3854	181530	
3855	110620	
3857	207607	
3858	19231	
3858	211611	
3859	127236	
3859	127237	
3860	127236	
3863	88572	
3864	187958	
3865	23546	
3867	127237	
3868	167494	
3869	127236	
3869	127237	
3869	209382	
3870	19231	
3871	147476	
3872	78943	
3872	78956	
3872	127237	
3873	78943	
3873	127236	
3873	127237	
3874	78943	
3874	127236	
3876	127236	
3876	127237	
3877	80952	
3877	127236	
3877	127237	
3877	167587	
3877	207258	
3877	379078	
3878	127236	
3878	127237	
3880	197535	
3881	19231	
3883	127236	
3884	127237	
3885	88572	
3885	101922	
3886	15634	
3886	47407	
3886	88572	
3886	127236	
3886	159027	
3886	171669	
3886	214006	
3886	214031	
3886	214034	
3887	80952	
3887	187958	
3887	197535	
3888	78899	
3888	78955	
3888	78956	
3888	78962	
3888	79126	
3888	88572	
3888	88723	
3888	127236	
3888	127237	
3888	217743	
3888	217754	
3890	127237	
3890	208748	
3891	127237	
3892	78956	
3893	11174	
3893	24867	
3893	127236	
3893	127237	
3894	209593	
3896	88572	
3896	127237	
3896	187958	
3897	127236	
3898	19231	
3898	23546	
3898	210549	
3900	127236	
3900	127237	
3902	127236	
3902	127237	
3904	127236	
3904	127237	
3905	11174	
3905	165009	
3905	167572	
3906	63095	
3907	78956	
3907	127237	
3908	127237	
3908	208617	
3910	19231	
3910	207607	
3911	127236	
3911	208617	
3911	208928	
3912	78943	
3912	181530	
3912	211818	
3913	146539	
3915	127236	
3915	127237	
3915	187958	
3916	78943	
3916	127237	
3916	208617	
3917	74036	
3917	127236	
3917	127237	
3917	181530	
3920	19231	
3920	21305	
3920	127236	
3920	127237	
3921	127236	
3922	11174	
3922	47407	
3922	88572	
3922	88723	
3922	120440	
3922	127236	
3922	127237	
3922	167573	
3922	184433	
3922	215305	
3923	127236	
3925	126595	
3925	127237	
3926	110620	
3927	15634	
3928	78943	
3929	127236	
3929	127237	
3933	78943	
3933	78956	
3933	208617	
3934	88572	
3934	127236	
3935	15634	
3935	127237	
3938	127236	
3938	208928	
3939	127236	
3939	127237	
3939	197535	
3940	127236	
3940	127237	
3941	120834	
3942	88572	
3942	127236	
3942	127237	
3943	21305	
3943	127237	
3947	187958	
3948	19231	
3948	127236	
3948	127237	
3948	207607	
3949	127237	
3950	78943	
3950	78956	
3950	79109	
3950	127236	
3950	127237	
3950	165104	
3950	211914	
3951	120440	
3951	127237	
3951	187958	
3952	21305	
3952	127236	
3952	127237	
3952	167500	
3952	187958	
3953	19231	
3953	23546	
3953	127236	
3953	127237	
3954	88572	
3954	127236	
3954	127237	
3954	210549	
3955	15634	
3955	126595	
3955	127237	
3955	219834	
3957	11174	
3957	31928	
3957	78956	
3957	167500	
3958	21305	
3960	127236	
3960	210549	
3961	127236	
3963	127236	
3963	127237	
3963	211900	
3964	53331	
3964	159957	
3964	214679	
3965	88572	
3965	127236	
3966	19231	
3966	23546	
3966	127236	
3966	127237	
3967	88572	
3967	110620	
3967	127237	
3968	127236	
3968	127237	
3970	23546	
3970	78956	
3970	127236	
3970	127237	
3971	21305	
3971	31928	
3971	127237	
3971	167570	
3971	181530	
3971	207607	
3972	19231	
3972	88572	
3972	127236	
3972	127237	
3972	216377	
3973	88572	
3973	127236	
3973	127237	
3973	208617	
3973	211914	
3975	19231	
3975	181530	
3976	88572	
3976	110620	
3976	127236	
3976	127237	
3978	11174	
3979	127236	
3979	127237	
3980	76131	
3982	127236	
3982	127237	
3982	214534	
3983	10792	
3983	113275	
3983	127236	
3983	127237	
3983	185321	
3983	187958	
3983	208617	
3983	208928	
2448	78052	
2452	142131	
2470	7133	
2474	7133	
2474	140003	
1753	104408	
1754	63544	
1755	104583	
1756	104583	
1761	63544	
1762	602330	
1763	2233	
1763	82973	
1763	106365	
1770	104583	
1770	117891	
1772	104583	
1778	677767	
1781	104408	
1781	107857	
1783	91047	
1830	30421	
1832	78019	
1832	93382	
1834	15934	
1834	120834	
1839	1871	
1839	7087	
1839	19509	
1840	11174	
1840	69136	
1840	73311	
1840	75545	
1844	21413	
1847	15934	
1850	1871	
1855	1871	
1856	1871	
1856	7087	
1857	1871	
1857	7087	
1858	19509	
1859	1871	
1860	7087	
1861	1871	
1861	7087	
1861	119738	
1864	1871	
1864	15934	
1864	52268	
1866	4830	
1866	7087	
1866	60461	
1867	15934	
1868	1871	
1869	5215	
1869	15934	
1871	1873	
1871	1876	
1871	1879	
1871	1882	
1871	1886	
1871	1888	
1871	1894	
1871	1900	
1871	1904	
1871	1925	
1871	1929	
1871	1931	
1871	1935	
1871	1937	
1871	1941	
1871	1944	
1871	1945	
1871	1947	
1871	1952	
1871	1965	
1871	1974	
1871	1975	
1871	1977	
1871	1978	
1871	1982	
1871	1983	
1871	1987	
1871	1988	
1871	1990	
1871	1992	
1871	1997	
1871	2013	
1871	2014	
1871	2017	
1871	2019	
1871	2028	
1871	2033	
1871	2037	
1871	2038	
1871	2042	
1871	2044	
1871	2047	
1871	2052	
1871	2057	
1871	2060	
1871	2061	
1871	2081	
1871	2087	
1871	2093	
1871	2096	
1871	2098	
1871	2100	
1871	2104	
1871	2108	
1871	2131	
1871	2141	
1871	2155	
1871	2172	
1871	2175	
1871	2176	
1871	2197	
1871	2199	
1871	2837	
1871	5000	
1871	5121	
1871	5230	
1871	6062	
1871	7056	
1871	7059	
1871	7071	
1871	7087	
1871	7099	
1871	7100	
1871	7119	
1871	7127	
1871	7137	
1871	7151	
1871	7157	
1871	7170	
1871	7190	
1871	7235	
1871	7237	
1871	7255	
1871	7260	
1871	8091	
1871	10720	
1871	10936	
1871	13460	
1871	14064	
1871	14118	
1871	15159	
1871	15278	
1871	15328	
1871	15393	
1871	16376	
1871	16731	
1871	16832	
1871	17940	
1871	19806	
1871	21695	
1871	21705	
1871	21709	
1871	22035	
1871	22769	
1871	22835	
1871	23562	
1871	23567	
1871	23589	
1871	23994	
1871	24542	
1871	24853	
1871	26522	
1871	26550	
1871	26905	
1871	27467	
1871	28223	
1871	28608	
1871	30219	
1871	30549	
1871	33117	
1871	35382	
1871	37850	
1871	38178	
1871	38340	
1871	39637	
1871	39706	
1871	39895	
1871	41439	
1871	44723	
1871	46498	
1871	46552	
1871	46827	
1871	48957	
1871	49651	
1871	49748	
1871	49752	
1871	49757	
1871	49810	
1871	49878	
1871	49932	
1871	49967	
1871	49979	
1871	50112	
1871	50113	
1871	50456	
1871	52296	
1871	52949	
1871	52963	
1871	52968	
1871	52971	
1871	52979	
1871	53007	
1871	53008	
1871	53014	
1871	53284	
1871	61437	
1871	62107	
1871	62286	
1871	63935	
1871	63977	
1871	64573	
1871	67059	
1871	67153	
1871	68534	
1871	69354	
1871	69629	
1871	73693	
1871	78983	
1871	79966	
1871	85401	
1871	85884	
1871	88559	
1871	90066	
1871	96273	
1871	98091	
1871	99151	
1871	100758	
1871	100771	
1871	100773	
1871	100839	
1871	101541	
1871	105466	
1871	108605	
1871	108626	
1871	108628	
1871	108640	
1871	108652	
1871	109646	
1871	109662	
1871	109663	
1871	109670	
1871	109676	
1871	109678	
1871	109683	
1871	109687	
1871	109696	
1871	109697	
1871	109703	
1871	109708	
1871	109727	
1871	109728	
1871	109737	
1871	109742	
1871	109754	
1871	109842	
1871	109860	
1871	109931	
1871	109932	
1871	109934	
1871	109952	
1871	109962	
1871	109963	
1871	109965	
1871	109979	
1871	109982	
1871	109983	
1871	109991	
1871	110000	
1871	110002	
1871	110009	
1871	110034	
1871	110042	
1871	110045	
1871	110048	
1871	110106	
1871	110117	
1871	110134	
1871	110512	
1871	110627	
1871	110638	
1871	110895	
1871	111114	
1871	111624	
1871	112027	
1871	112234	
1871	112388	
1871	112475	
1871	113552	
1871	114702	
1871	115430	
1871	115431	
1871	115432	
1871	115433	
1871	115434	
1871	115435	
1871	115436	
1871	115437	
1871	115438	
1871	115439	
1871	115440	
1871	115441	
1871	115442	
1871	115443	
1871	115444	
1871	115445	
1871	115446	
1871	115447	
1871	115448	
1871	115449	
1871	115450	
1871	115451	
1871	115452	
1871	115453	
1871	115454	
1871	115455	
1871	115456	
1871	115457	
1871	115458	
1871	115459	
1871	115460	
1871	115461	
1871	115462	
1871	115463	
1871	115464	
1871	115465	
1871	115466	
1871	115467	
1871	115468	
1871	115469	
1871	115470	
1871	115471	
1871	115472	
1871	115473	
1871	115474	
1871	115475	
1871	115476	
1871	115477	
1871	115478	
1871	115479	
1871	115480	
1871	115481	
1871	115482	
1871	115483	
1871	115484	
1871	115485	
1871	115486	
1871	115487	
1871	115488	
1871	115489	
1871	115490	
1871	115491	
1871	115492	
1871	115493	
1871	115494	
1871	115495	
1871	115496	
1871	115497	
1871	115498	
1871	115499	
1871	115500	
1871	115501	
1871	115502	
1871	115503	
1871	115504	
1871	115505	
1871	115506	
1871	115507	
1871	115508	
1871	115509	
1871	115510	
1871	115511	
1871	115512	
1871	115513	
1871	115514	
1871	115515	
1871	115516	
1871	115517	
1871	115518	
1871	115519	
1871	115520	
1871	115521	
1871	115522	
1871	115523	
1871	115524	
1871	115525	
1871	115526	
1871	115527	
1871	115528	
1871	115529	
1871	115530	
1871	115531	
1871	115532	
1871	115533	
1871	115534	
1871	115535	
1871	115536	
1871	115537	
1871	115538	
1871	115539	
1871	115540	
1871	115541	
1871	115542	
1871	115543	
1871	115544	
1871	115545	
1871	115546	
1871	115547	
1871	115548	
1871	115549	
1871	115550	
1871	115551	
1871	115552	
1871	115553	
1871	115554	
1871	115555	
1871	115556	
1871	115557	
1871	115558	
1871	115559	
1871	122847	
1871	129195	
1871	168036	
1871	185779	
1871	191569	
1871	260072	
1871	317393	
1871	571394	
1871	2197479	
1871	2286136	
1871	2800141	
1871	2816137	
1871	2818028	
1871	2818029	
1871	2828592	
1871	2849751	
1872	7087	
1872	7244	
1872	109937	
1873	7087	
1873	7244	
1875	109067	
1879	7244	
1881	15598	
1881	118425	
1882	7087	
1886	7087	
1886	110620	
1894	7087	
1898	112991	
1902	15934	
1904	109937	
1905	19231	
1905	111214	
1908	13466	
1908	121498	
1909	7244	
1917	112214	
1919	19231	
1925	7087	
1925	75545	
1929	7087	
1932	15562	
1934	104113	
1940	121933	
1941	7087	
1941	113275	
1944	7244	
1947	7087	
1947	7244	
1958	63095	
1959	118235	
1969	7244	
1971	7087	
1975	7087	
1977	7087	
1978	5230	
1978	7087	
1982	119362	
1988	7087	
1990	7087	
1991	85434	
1992	117918	
1996	7087	
1997	7087	
1997	7244	
2002	15934	
2002	97157	
2002	97237	
2002	116160	
2005	123143	
2008	107857	
2010	7087	
2010	7244	
2010	117582	
2012	7087	
2012	117386	
2013	7087	
2014	7087	
2019	7244	
2023	7087	
2028	13466	
2031	118341	
2032	63095	
2033	120440	
2036	30421	
2038	7244	
2042	7087	
2044	7087	
2047	120127	
2048	7244	
2048	124325	
2051	58194	
2051	124400	
2051	124403	
2052	7087	
2053	7087	
2055	15934	
2055	380129	
2056	15562	
2065	7244	
2071	15598	
2074	19509	
2078	31928	
2080	3295	
2081	7087	
2086	125871	
2088	15934	
2088	126140	
2090	676644	
2092	7244	
2092	80935	
2093	7087	
2093	126349	
2095	10994	
2095	58194	
2095	73311	
2095	75545	
2095	86521	
2095	88323	
2095	126595	
2096	7087	
2099	21279	
2102	7087	
2108	7087	
2113	15934	
2126	7087	
2126	7244	
2127	15934	
2127	115476	
2128	128665	
2131	7087	
2131	7244	
2131	109937	
2132	2233	
2132	22225	
2132	128783	
2132	128894	
2132	129218	
2135	19231	
2135	56191	
2141	120440	
2142	129668	
2143	7244	
2148	25532	
2148	53346	
2163	19509	
2164	7087	
2164	7244	
2165	84462	
2166	26521	
2167	15562	
2167	31617	
2167	130276	
2168	7087	
2168	7244	
2168	109937	
2169	7244	
2170	7244	
2170	117582	
2172	7087	
2172	130577	
2175	7087	
2175	7244	
2175	117582	
2176	7087	
2176	16766	
2183	21413	
2191	131461	
2193	131697	
2197	7087	
2199	7087	
2201	19456	
1147	84462	
1006	60955	
1053	45017	
4111	45017	
4735	4830	
8763	90040	
8765	396915	
8767	15598	
8774	17620	
8778	26521	
1789	106445	
1789	106468	
1798	108890	
862	53331	
862	53336	
862	53337	
862	53341	
862	53342	
862	53346	
862	53351	
862	53353	
3269	2061683	
3778	209177	
4282	73311	
4282	102672	
4282	225603	
4718	246028	
8788	102672	
16202	285598	
23711	53341	
23711	53342	
23711	53346	
23711	77123	
23711	104196	
23711	104237	
23711	273968	
23711	585738	
23711	670813	
23711	678308	
23711	715464	
23711	729201	
23711	729205	
23711	729208	
23711	729215	
23711	2044288	
26102	73311	
26102	102672	
26105	79154	
26109	185699	
26112	102672	
26114	210549	
26115	53346	
26117	102672	
26122	651416	
26123	101924	
26130	102672	
26133	102672	
26144	766762	
26144	766798	
26146	101924	
26147	578983	
26149	73311	
26151	88723	
26151	102672	
26153	101924	
26160	88723	
26161	102672	
26161	389768	
26165	74036	
26165	181530	
26166	102672	
26169	784660	
26170	103789	
26171	101924	
26172	73311	
26173	102672	
26174	102672	
26174	218133	
26176	102672	
26177	91055	
26178	73311	
26180	329569	
26182	101924	
26182	102672	
26182	578983	
26195	2061683	
26207	91061	
26212	285248	
26218	101924	
26228	101924	
26228	102672	
26230	767774	
26236	678825	
26245	69689	
26245	322918	
26249	104188	
26250	101924	
26260	75527	
26260	75659	
26262	102672	
26263	691348	
26266	101924	
26267	85428	
26271	124403	
26272	373794	
26272	406145	
26275	651416	
26278	772076	
26282	102672	
26287	88723	
26289	47407	
26289	88723	
26294	191302	
26300	101924	
26300	102672	
26301	45017	
26309	102672	
26311	101924	
26312	102672	
26313	102672	
26319	322918	
26326	47407	
26326	88723	
26326	102672	
26328	102672	
26329	69136	
26332	101922	
26332	101924	
26335	489843	
26335	768543	
26337	96584	
26337	580811	
26337	768543	
26345	79154	
26346	768523	
26347	102672	
26347	567143	
26354	319751	
26355	102672	
26356	102672	
26357	104655	
26357	167494	
26357	167500	
26357	2300798	
26358	102672	
26358	1246773	
26361	88723	
26361	102672	
26362	102672	
26362	104236	
26363	102672	
26367	63095	
26375	417902	
26382	73311	
26384	434659	
26389	45411	
26390	102672	
26391	658307	
26403	47407	
26403	88723	
26403	616793	
26405	52268	
26408	73311	
26411	102672	
26411	216377	
26411	285598	
26418	210549	
26428	101924	
26428	102672	
26436	102672	
26437	75545	
26437	75602	
26437	103789	
26439	101924	
26439	102672	
26440	31279	
26448	333614	
1348	2233	
4273	146326	
4274	230317	
4274	230322	
4274	2814351	
4278	78192	
4278	146326	
4278	227527	
4281	224113	
4283	85699	
4289	167500	
4296	146326	
4299	228649	
4304	6858	
4309	44525	
4309	127237	
4317	239077	
4317	239096	
4317	239098	
4317	239108	
4317	239133	
4317	239157	
4317	239158	
4317	239159	
4317	239172	
4317	239191	
4323	227211	
4330	229473	
4330	229532	
4331	137960	
4333	222899	
985	45017	
985	60720	
1034	45017	
1034	60720	
1043	45017	
3008	45017	
3017	4456	
3019	96584	
3022	4456	
3027	73311	
3045	96584	
3047	45017	
3047	60720	
3047	172618	
3050	45017	
3050	60720	
3052	67793	
3057	172762	
3061	171669	
3062	30421	
3068	83483	
3072	4830	
3072	30421	
3074	126140	
3078	52268	
3084	167486	
3091	4456	
3091	90040	
2225	4830	
8726	95647	
8793	90040	
8802	94414	
8805	395788	
8805	395842	
8810	73311	
6684	39553	
6686	11174	
6690	7133	
673	45017	
847	4456	
1024	4456	
1060	63434	
1169	45017	
1172	4456	
4071	19080	
4075	4830	
4079	26521	
4085	4456	
4086	82973	
4087	7087	
4092	45017	
4092	60720	
4094	60720	
4095	45017	
4095	60720	
4101	90092	
4103	40470	
4104	31657	
4104	90092	
4106	4830	
4106	12458	
4109	16326	
4116	60720	
4118	90040	
4121	218133	
4124	13466	
4130	4456	
4135	76150	
4136	60720	
4142	4456	
4142	45017	
4143	4456	
4143	45017	
4145	4456	
4156	16326	
4158	146326	
4170	221276	
4177	45017	
4177	60720	
4178	45017	
4181	18939	
4182	63095	
4184	117386	
4205	4456	
4207	4456	
4211	241673	
4216	45017	
4216	60720	
4221	31617	
4226	167612	
4228	4456	
4232	45017	
4244	222899	
4245	4456	
767	17620	
816	15598	
851	4456	
868	15598	
3106	91061	
3106	107643	
3107	20485	
3108	175155	
3116	167635	
3129	21413	
3135	103789	
3136	73311	
3145	73311	
8288	13466	
8288	26521	
8288	30144	
8288	120440	
8288	167493	
8288	167539	
8288	167561	
8288	182213	
8290	45017	
8294	45017	
8298	45017	
8298	101924	
8304	210549	
7884	78956	
7884	207607	
7900	23546	
7900	120440	
7900	127237	
7900	207607	
7900	210549	
7906	82567	
7906	339206	
7911	318692	
7912	11174	
7927	340775	
7927	340781	
4637	23546	
4637	26521	
4637	63095	
4637	77303	
4637	85699	
4637	106365	
4637	242846	
7998	209382	
8007	15934	
8007	233864	
8028	79109	
8061	11125	
8160	11174	
8160	38344	
8160	70149	
8160	78192	
8160	79424	
8160	119738	
8160	147486	
8160	167573	
8160	211818	
8160	221276	
8160	256975	
8160	313211	
8160	333614	
8160	379078	
8160	380129	
8160	381259	
8160	381420	
8160	381487	
8568	154178	
8568	389586	
8570	73422	
8570	391203	
8573	390864	
8575	167493	
8577	53353	
8577	215971	
8582	81566	
8588	97157	
8595	390243	
8596	274070	
8597	389468	
8600	137960	
8601	23546	
8601	60955	
8601	79103	
8601	186348	
8601	192558	
8601	210549	
8601	389914	
8601	389915	
8601	389938	
8602	131697	
8606	73311	
8613	154300	
8616	79109	
8618	149495	
8623	79109	
8623	389768	
8625	295722	
8625	390715	
8625	390727	
8630	68706	
8630	394453	
8637	211818	
8637	390516	
8638	46123	
8639	97581	
8640	73311	
8640	83091	
8643	59271	
8653	56191	
8653	75545	
8654	389768	
8658	192563	
8659	88723	
8668	96584	
8678	208617	
8682	79109	
8683	265223	
8686	404129	
8689	75545	
8691	72221	
8697	79103	
8703	391754	
1532	10818	
1582	635932	
1610	97581	
1657	103380	
1666	59271	
6178	288111	
15630	104236	
1078	60461	
1160	4830	
2655	4830	
3259	4830	
4418	4456	
4418	4830	
4418	27065	
4418	28612	
4418	28614	
4418	28669	
4418	30331	
4418	30421	
4418	45017	
4418	60720	
4418	82736	
4418	158982	
4418	232560	
4418	233452	
4418	233459	
4418	233512	
4418	233853	
4418	233864	
4418	233875	
4418	233878	
4418	233888	
4418	233893	
4418	825666	
4456	4471	
4456	4524	
4456	4566	
4456	4572	
4456	4584	
4456	4587	
4456	4589	
4456	4593	
4456	4599	
4456	4606	
4456	4610	
4456	4620	
4456	4621	
4456	4632	
4456	4641	
4456	4675	
4456	4682	
4456	4683	
4456	4687	
4456	4689	
4456	4694	
4456	4711	
4456	4734	
4456	4757	
4456	4768	
4456	4779	
4456	4792	
4456	4793	
4456	4801	
4456	4815	
4456	4831	
4456	4837	
4456	4885	
4456	6231	
4456	15934	
4456	18831	
4456	18839	
4456	21643	
4456	24667	
4456	25363	
4456	25759	
4456	26510	
4456	27027	
4456	27458	
4456	28614	
4456	28618	
4456	28626	
4456	28630	
4456	28645	
4456	28654	
4456	28656	
4456	28712	
4456	30280	
4456	30331	
4456	30367	
4456	30368	
4456	30421	
4456	30429	
4456	30482	
4456	30484	
4456	30489	
4456	33615	
4456	35338	
4456	35361	
4456	35366	
4456	35392	
4456	35397	
4456	35431	
4456	38482	
4456	39597	
4456	41293	
4456	41440	
4456	41540	
4456	41574	
4456	41794	
4456	45017	
4456	46031	
4456	46061	
4456	46100	
4456	46871	
4456	47925	
4456	47964	
4456	47988	
4456	48260	
4456	49003	
4456	52188	
4456	52650	
4456	52657	
4456	52697	
4456	52805	
4456	53568	
4456	54470	
4456	60344	
4456	60559	
4456	60575	
4456	60720	
4456	60820	
4456	61928	
4456	61935	
4456	62289	
4456	62431	
4456	63231	
4456	63271	
4456	63353	
4456	63358	
4456	63367	
4456	63382	
4456	63415	
4456	64155	
4456	68017	
4456	68749	
4456	68756	
4456	68775	
4456	68788	
4456	68791	
4456	68814	
4456	68834	
4456	68837	
4456	69169	
4456	69179	
4456	69190	
4456	73273	
4456	73295	
4456	76040	
4456	76793	
4456	80057	
4456	80641	
4456	80663	
4456	82655	
4456	82671	
4456	82708	
4456	82736	
4456	83024	
4456	95935	
4456	109067	
4456	111783	
4456	123143	
4456	126385	
4456	126857	
4456	131581	
4456	137229	
4456	144727	
4456	154769	
4456	158982	
4456	177948	
4456	186461	
4456	187635	
4456	187640	
4456	205487	
4456	217792	
4456	220546	
4456	220570	
4456	222488	
4456	223555	
4456	231821	
4456	231864	
4456	231869	
4456	232560	
4456	232821	
4456	232835	
4456	232841	
4456	232875	
4456	233387	
4456	233399	
4456	233452	
4456	233459	
4456	233500	
4456	233512	
4456	233852	
4456	233853	
4456	233854	
4456	233855	
4456	233856	
4456	233857	
4456	233858	
4456	233859	
4456	233860	
4456	233861	
4456	233862	
4456	233863	
4456	233864	
4456	233865	
4456	233866	
4456	233867	
4456	233868	
4456	233869	
4456	233870	
4456	233871	
4456	233872	
4456	233873	
4456	233874	
4456	233875	
4456	233876	
4456	233877	
4456	233878	
4456	233879	
4456	233880	
4456	233881	
4456	233882	
4456	233883	
4456	233884	
4456	233885	
4456	233886	
4456	233887	
4456	233888	
4456	233889	
4456	233890	
4456	233891	
4456	233892	
4456	233893	
4456	233894	
4456	233895	
4456	590176	
4456	813669	
4456	825666	
4456	1925535	
4456	2688791	
4456	2847086	
4556	4830	
4556	12458	
4557	39553	
4558	10973	
4558	10994	
4558	204757	
4558	233491	
4559	4830	
4562	26521	
4563	10994	
4563	15598	
4565	4830	
4567	21705	
4567	78962	
4569	4830	
4570	4830	
4573	30421	
4574	4830	
4575	4830	
4576	21705	
4576	78962	
4576	241854	
4577	4830	
4578	207607	
4583	78962	
4584	45017	
4585	78962	
4586	4830	
4588	4830	
4588	12458	
4589	232560	
4590	4830	
4590	233888	
4590	240880	
4594	7087	
4598	4830	
4598	15934	
4598	30331	
4598	30421	
4598	46100	
4598	70387	
4598	233387	
4598	233864	
4600	241612	
4601	4830	
4605	4830	
4608	4830	
4609	4830	
4612	4830	
4613	78962	
4617	21705	
4617	78962	
4622	4830	
4628	4830	
4628	12458	
4630	146326	
4636	4830	
4640	4830	
4642	118030	
4643	4830	
4643	167573	
4646	4830	
4647	4830	
4651	4830	
4652	78962	
4653	78962	
4655	78962	
4658	15598	
4658	60720	
4659	4830	
4659	83483	
4661	78962	
4664	4830	
4665	4830	
4667	4830	
4668	4830	
4672	4830	
4674	4830	
4675	30421	
4676	248172	
4680	4830	
4683	31961	
4684	4830	
4685	4830	
4686	4830	
4689	248238	
4690	59271	
4690	242050	
4691	112214	
4692	21705	
4692	78962	
4692	241854	
4695	233500	
4698	4830	
4700	4830	
4701	4830	
4703	218133	
4704	4830	
4705	4830	
4706	4830	
4706	85428	
4706	90040	
4707	78962	
4708	4830	
4712	78962	
4713	4830	
4713	247308	
4719	4830	
4719	124325	
4721	30421	
4721	73311	
4721	247384	
4722	4830	
4723	4830	
4723	30331	
4723	30421	
4723	205487	
4723	231869	
4723	246628	
4724	4830	
4725	4830	
4729	78962	
4730	4830	
4732	4830	
4733	4830	
4737	4830	
4738	4830	
4742	4830	
4743	4830	
4749	4830	
4749	167538	
4751	4830	
4751	28669	
4751	30421	
4752	4830	
4754	4830	
4756	78962	
4760	4830	
4760	96584	
4761	4830	
4765	19466	
4778	4830	
4779	45017	
4779	60720	
4781	109937	
4784	4830	
4785	4830	
4786	4830	
4787	4830	
4789	4830	
4790	207607	
4793	10973	
4799	78962	
4800	4830	
4802	4830	
4804	4830	
4804	132946	
4807	4830	
4808	4830	
4808	28669	
4808	46100	
4808	70387	
4808	205487	
4808	233864	
4811	4830	
4811	12458	
4811	76150	
4813	78962	
4814	10973	
4817	96584	
4822	16326	
4824	4830	
4827	4830	
4829	31617	
4830	4833	
4830	4842	
4830	4844	
4830	4845	
4830	4850	
4830	4861	
4830	4863	
4830	4872	
4830	4873	
4830	4878	
4830	4881	
4830	4884	
4830	6032	
4830	7200	
4830	8160	
4830	8195	
4830	8759	
4830	8776	
4830	8784	
4830	9328	
4830	12458	
4830	12518	
4830	12920	
4830	13775	
4830	15934	
4830	16717	
4830	16737	
4830	17084	
4830	17762	
4830	18782	
4830	18799	
4830	18800	
4830	18801	
4830	18805	
4830	18810	
4830	18831	
4830	18837	
4830	18838	
4830	18840	
4830	18857	
4830	22230	
4830	22663	
4830	23930	
4830	23953	
4830	23959	
4830	23988	
4830	23998	
4830	24007	
4830	24014	
4830	24110	
4830	25363	
4830	25796	
4830	25890	
4830	26900	
4830	27078	
4830	27466	
4830	28609	
4830	28612	
4830	28614	
4830	28618	
4830	28619	
4830	28620	
4830	28622	
4830	28624	
4830	28625	
4830	28626	
4830	28627	
4830	28629	
4830	28630	
4830	28633	
4830	28638	
4830	28644	
4830	28645	
4830	28656	
4830	28658	
4830	28660	
4830	28661	
4830	28663	
4830	28667	
4830	28668	
4830	28669	
4830	29512	
4830	30217	
4830	30220	
4830	30223	
4830	30244	
4830	30258	
4830	30265	
4830	30289	
4830	30295	
4830	30296	
4830	30300	
4830	30302	
4830	30304	
4830	30308	
4830	30309	
4830	30311	
4830	30329	
4830	30330	
4830	30331	
4830	30339	
4830	30361	
4830	30365	
4830	30367	
4830	30380	
4830	30383	
4830	30385	
4830	30391	
4830	30392	
4830	30397	
4830	30401	
4830	30408	
4830	30414	
4830	30415	
4830	30418	
4830	30421	
4830	30424	
4830	30429	
4830	30437	
4830	30438	
4830	30442	
4830	30445	
4830	30454	
4830	30456	
4830	30457	
4830	30458	
4830	30465	
4830	30472	
4830	30482	
4830	30489	
4830	30490	
4830	30508	
4830	30511	
4830	30515	
4830	30519	
4830	30635	
4830	33672	
4830	33679	
4830	33997	
4830	34710	
4830	35342	
4830	36482	
4830	36771	
4830	36840	
4830	36887	
4830	38015	
4830	38017	
4830	38019	
4830	38023	
4830	38036	
4830	38045	
4830	38047	
4830	38050	
4830	38054	
4830	38062	
4830	38077	
4830	38087	
4830	38091	
4830	38093	
4830	38094	
4830	38100	
4830	38111	
4830	38134	
4830	38139	
4830	38144	
4830	41486	
4830	45017	
4830	46033	
4830	46061	
4830	46100	
4830	46962	
4830	46997	
4830	48927	
4830	49324	
4830	49329	
4830	49350	
4830	49351	
4830	49358	
4830	50305	
4830	51318	
4830	52175	
4830	52185	
4830	53726	
4830	54470	
4830	55427	
4830	55428	
4830	57948	
4830	58454	
4830	58483	
4830	60344	
4830	60394	
4830	60396	
4830	60455	
4830	60465	
4830	60740	
4830	60841	
4830	61222	
4830	61799	
4830	61857	
4830	61881	
4830	61943	
4830	61958	
4830	61967	
4830	62289	
4830	62552	
4830	62593	
4830	63416	
4830	63902	
4830	64106	
4830	64170	
4830	65385	
4830	65861	
4830	66398	
4830	66403	
4830	66413	
4830	66417	
4830	66422	
4830	67603	
4830	67615	
4830	67620	
4830	67628	
4830	67646	
4830	67689	
4830	67712	
4830	67725	
4830	67741	
4830	67751	
4830	69165	
4830	69184	
4830	69192	
4830	69195	
4830	69211	
4830	73907	
4830	75909	
4830	76040	
4830	76054	
4830	76088	
4830	76116	
4830	76138	
4830	76145	
4830	76182	
4830	76183	
4830	76391	
4830	76495	
4830	76508	
4830	76549	
4830	76579	
4830	76668	
4830	76721	
4830	76781	
4830	76793	
4830	77059	
4830	77136	
4830	77204	
4830	77208	
4830	78983	
4830	82736	
4830	85920	
4830	89085	
4830	89782	
4830	89849	
4830	95948	
4830	99415	
4830	108322	
4830	110703	
4830	117376	
4830	117850	
4830	118227	
4830	118355	
4830	120459	
4830	121096	
4830	132840	
4830	132843	
4830	132850	
4830	133328	
4830	133385	
4830	133393	
4830	146130	
4830	146177	
4830	146189	
4830	146196	
4830	152965	
4830	158982	
4830	159526	
4830	163959	
4830	164910	
4830	164972	
4830	169307	
4830	169682	
4830	169697	
4830	170181	
4830	170191	
4830	170301	
4830	171457	
4830	172240	
4830	173019	
4830	174494	
4830	174742	
4830	176661	
4830	177375	
4830	177378	
4830	177393	
4830	177396	
4830	177399	
4830	177405	
4830	177413	
4830	177424	
4830	178058	
4830	178059	
4830	178060	
4830	178065	
4830	178505	
4830	183740	
4830	184391	
4830	186226	
4830	186263	
4830	186460	
4830	186471	
4830	186473	
4830	186476	
4830	186481	
4830	186485	
4830	186491	
4830	186494	
4830	186505	
4830	186507	
4830	186512	
4830	186517	
4830	186524	
4830	186527	
4830	189542	
4830	191468	
4830	192185	
4830	195395	
4830	204357	
4830	208229	
4830	208261	
4830	221946	
4830	221951	
4830	227665	
4830	230979	
4830	231806	
4830	231813	
4830	231818	
4830	231824	
4830	231825	
4830	231831	
4830	231833	
4830	231836	
4830	231840	
4830	231843	
4830	231844	
4830	231859	
4830	231860	
4830	231862	
4830	231864	
4830	231865	
4830	231866	
4830	231868	
4830	231875	
4830	231882	
4830	231883	
4830	231884	
4830	231890	
4830	231891	
4830	231893	
4830	231897	
4830	232150	
4830	232184	
4830	232436	
4830	232560	
4830	232792	
4830	232813	
4830	232817	
4830	232835	
4830	232837	
4830	232841	
4830	232862	
4830	232870	
4830	232884	
4830	233408	
4830	233410	
4830	233418	
4830	233424	
4830	233433	
4830	233447	
4830	233452	
4830	233458	
4830	233513	
4830	233522	
4830	233663	
4830	233862	
4830	233875	
4830	233878	
4830	234534	
4830	235123	
4830	235281	
4830	235288	
4830	235776	
4830	235822	
4830	236166	
4830	236503	
4830	236504	
4830	236508	
4830	236510	
4830	236516	
4830	236518	
4830	236520	
4830	236522	
