Entire graph time: 0
1.2464256286621094
0.9392447471618652
6.2556822299957275
0.9521505832672119
6.2184898853302
1.1309163570404053
1.1431243419647217
1.213684320449829
1.163564682006836
6.336461305618286
1.1264188289642334
1.092944860458374
1.152639627456665
0.9692380428314209
1.21525239944458
1.0996243953704834
6.662850856781006
1.1062726974487305
6.1491053104400635
1.1444969177246094
0.940161943435669
1.2385671138763428
1.0959665775299072
0.9743983745574951
6.320252418518066
1.1355376243591309
1.1245157718658447
0.9687166213989258
1.1758780479431152
1.001091480255127
1.204310655593872
6.137235164642334
5.725824356079102
1.3062853813171387
1.3001112937927246
6.294869661331177
1.3140850067138672
6.177221059799194
1.306807041168213
1.4800903797149658
7.297462224960327
6.355084419250488
6.438053131103516
1.2072570323944092
1.1743056774139404
1.2602770328521729
1.2378039360046387
1.4896159172058105
6.737852573394775
7.347561836242676
1.201261043548584
7.378458023071289
1.3199634552001953
1.326249122619629
6.598933458328247
6.635690450668335
1.0344409942626953
1.1581246852874756
1.1868491172790527
1.2210400104522705
1.1862678527832031
1.3361272811889648
1.1113171577453613
6.974184036254883
1.2632203102111816
1.1883013248443604
1.400139331817627
1.0393576622009277
6.901750564575195
1.0313658714294434
6.907746315002441
1.1902689933776855
1.2192487716674805
1.218250036239624
1.240238904953003
6.337098598480225
1.1982595920562744
1.169281244277954
1.2432358264923096
1.015373706817627
1.3601620197296143
1.2252469062805176
7.448413848876953
1.2692201137542725
7.625667333602905
1.2112534046173096
1.0713412761688232
1.2432372570037842
1.2022600173950195
1.0073823928833008
6.690877199172974
1.2072563171386719
1.1572868824005127
1.1333012580871582
1.191270351409912
1.1442959308624268
1.371159315109253
6.863774061203003
6.337096214294434
1.3201885223388672
1.341174840927124
6.374078035354614
1.1882686614990234
6.355087995529175
1.3501701354980469
1.3291809558868408
7.462405443191528
7.850332021713257
6.820797681808472
1.2252447605133057
1.2192456722259521
1.240239143371582
1.1652820110321045
1.1872668266296387
6.676889896392822
7.817713260650635
1.2812108993530273
8.320878028869629
1.415130853652954
1.4111278057098389
7.146603107452393
7.343480825424194
1.0903303623199463
1.3541662693023682
1.5180633068084717
1.2882089614868164
1.2792139053344727
1.4960792064666748
1.1263072490692139
7.1036248207092285
1.2652208805084229
1.4251213073730469
6.617926359176636
1.0663461685180664
1.106321096420288
1.1562137603759766
1.203087568283081
0.9374687671661377
0.9218454360961914
1.3124582767486572
0.9843418598175049
1.078089952468872
1.1093416213989258
0.9218463897705078
1.2655863761901855
1.0780870914459229
1.0624668598175049
1.372636079788208
6.70292592048645
1.1562156677246094
1.0624711513519287
1.2499608993530273
1.2655878067016602
5.921570777893066
6.271453857421875
1.0624635219573975
1.2968344688415527
1.3593330383300781
1.124964714050293
1.133350133895874
1.1874620914459229
1.1010277271270752
1.2030911445617676
5.928903818130493
1.2499606609344482
1.2320713996887207
Entire graph time: 2184.369871377945
0.6188504695892334
0.23387432098388672
0.5126824378967285
0.45296573638916016
0.5394134521484375
0.07695364952087402
0.08994722366333008
0.48821043968200684
0.08219790458679199
0.0829470157623291
0.48596954345703125
0.15490388870239258
0.1289224624633789
0.49521446228027344
0.07395672798156738
0.5811593532562256
0.07940220832824707
0.1579113006591797
0.1039435863494873
0.44901108741760254
0.5391712188720703
0.48270249366760254
0.07795190811157227
1.293457269668579
0.08495092391967773
0.08394598960876465
0.4389963150024414
0.45072436332702637
0.4459836483001709
0.4637162685394287
0.5287115573883057
0.08993935585021973
0.08295869827270508
0.08694648742675781
0.07895970344543457
0.08595705032348633
0.08195638656616211
0.08295154571533203
0.5359573364257812
0.11493539810180664
0.48042798042297363
0.07196545600891113
0.5009715557098389
0.12409138679504395
0.46385717391967773
0.45526719093322754
0.11294245719909668
0.08895659446716309
0.08194780349731445
0.08394742012023926
0.5522243976593018
0.507927656173706
0.4147467613220215
0.08095049858093262
0.07895994186401367
0.23508667945861816
0.08446145057678223
0.09094119071960449
0.16415977478027344
0.09095263481140137
0.45473575592041016
0.1570577621459961
0.08594775199890137
0.09694838523864746
0.4977288246154785
0.09295082092285156
0.09694290161132812
0.10294508934020996
0.09354448318481445
0.08995485305786133
0.08794474601745605
0.08994340896606445
0.0919504165649414
0.0969393253326416
0.0979466438293457
0.08695292472839355
0.0879523754119873
0.08594489097595215
0.0899507999420166
0.5158450603485107
0.09594178199768066
0.08956718444824219
0.1409168243408203
0.09893584251403809
Entire graph time: 215.45911765098572
1.3218638896942139
1.0445427894592285
7.764715194702148
1.0814554691314697
6.801103830337524
1.2105789184570312
1.1969256401062012
1.1838576793670654
1.2256622314453125
6.845950365066528
1.1729652881622314
1.198429822921753
1.2309224605560303
1.3137061595916748
1.3219475746154785
1.1997079849243164
7.247935056686401
1.1840498447418213
6.593006372451782
1.3904685974121094
1.0537240505218506
1.1820509433746338
1.2867238521575928
1.0981330871582031
6.82802677154541
1.2871155738830566
1.1793773174285889
1.2005679607391357
1.2285754680633545
1.0873377323150635
1.3993830680847168
7.219135761260986
6.672027826309204
1.3843696117401123
1.4312024116516113
6.261947393417358
1.1697006225585938
6.126582384109497
1.2805473804473877
1.1690430641174316
7.03227686882019
6.461188554763794
6.802088260650635
1.2595503330230713
1.2612724304199219
1.2225148677825928
1.2140986919403076
1.2090990543365479
6.820200443267822
7.677382230758667
1.2363965511322021
7.7089526653289795
1.331920862197876
1.4819371700286865
6.562986373901367
6.911808490753174
1.05234956741333
1.2488353252410889
1.4755592346191406
1.2411773204803467
1.354990005493164
1.4863722324371338
1.1138815879821777
7.768965005874634
1.3324205875396729
1.2560741901397705
6.9669129848480225
1.2361154556274414
1.0334196090698242
1.3676469326019287
1.5864627361297607
1.126235008239746
1.0337433815002441
1.2865850925445557
1.0459649562835693
1.3012337684631348
1.279681921005249
1.2357516288757324
1.2631709575653076
1.1877093315124512
1.2577826976776123
1.372234582901001
6.786379337310791
1.3117599487304688
1.1153936386108398
1.313387393951416
1.2879319190979004
6.496938705444336
6.61088228225708
1.1806373596191406
1.5155696868896484
1.4973759651184082
1.200730562210083
1.5847201347351074
1.1313621997833252
1.3079197406768799
1.4003260135650635
6.532157897949219
1.1918237209320068
1.3516507148742676
Entire graph time: 2248.2646861076355
