6.945024013519287
7.030714988708496
6.960012197494507
7.003768682479858
6.951705455780029
6.958089828491211
7.077137470245361
6.966023921966553
6.955744981765747
6.956954717636108
6.944242477416992
6.980489015579224
6.973181486129761
6.980578660964966
7.323712110519409
7.4314587116241455
7.3021767139434814
7.031731367111206
6.9573750495910645
6.989495038986206
6.978057861328125
6.941228151321411
7.002788066864014
6.967725038528442
7.116081953048706
6.988041639328003
7.228370189666748
6.996220111846924
6.9887354373931885
7.241628170013428
6.96675705909729
Entire graph time: 712.3543832302094
