116791	1015214	
197885	1015214	
324541	1015214	
366767	1015214	
384309	1015214	
597151	1015214	
617200	1015214	
659951	1015214	
660319	1015214	
693728	1015214	
878808	1015214	
889926	1015214	
916006	1015214	
926066	1015214	
1015214	1131428	
1015214	1193716	
1015214	1602889	
1015214	1725216	
1015214	2152171	
1015214	2360038	
1015214	3454064	
1015214	3958109	
711	324541	
1326	366767	
1344	659951	
1350	659951	
1351	659951	
1430	660319	
1457	366767	
1479	366767	
1498	659951	
1498	916006	
2706	1193716	
2890	116791	
2924	324541	
2989	597151	
4129	366767	
4315	366767	
4594	324541	
8184	660319	
9325	597151	
9339	366767	
9558	617200	
9765	384309	
9766	384309	
9766	916006	
9820	659951	
9837	659951	
9905	659951	
9922	324541	
9972	1193716	
9977	1193716	
10213	366767	
12682	324541	
12713	659951	
13770	384309	
15616	324541	
16080	197885	
16084	197885	
16084	916006	
16084	926066	
16099	659951	
16099	1193716	
16113	324541	
16125	617200	
16127	878808	
16128	878808	
16141	197885	
16302	617200	
16328	197885	
16471	659951	
16492	116791	
16499	384309	
16512	324541	
16551	197885	
16588	384309	
16605	197885	
16612	116791	
21914	659951	
22935	324541	
30156	116791	
30959	324541	
32548	384309	
33317	324541	
33632	116791	
33637	1193716	
33653	324541	
35660	116791	
35892	617200	
37088	324541	
37692	324541	
38254	597151	
38454	889926	
39497	116791	
39510	659951	
39510	1193716	
39855	324541	
41369	659951	
43300	597151	
47348	324541	
47472	878808	
48199	659951	
49412	597151	
49478	366767	
50328	324541	
51523	597151	
51565	597151	
77291	597151	
77349	659951	
78269	324541	
78444	366767	
78485	324541	
78507	659951	
79486	660319	
82773	324541	
84318	659951	
84847	693728	
86683	659951	
93346	384309	
93346	916006	
101708	384309	
101708	659951	
107737	617200	
114337	116791	
114648	116791	
114814	116791	
114909	116791	
115815	617200	
115835	916006	
115994	116791	
116093	116791	
116121	116791	
116750	116791	
116751	116791	
116766	116791	
116769	116791	
116777	116791	
116780	116791	
116791	149843	
116791	212092	
116791	212140	
116791	212175	
116791	271167	
116791	303900	
116791	332553	
116791	333052	
116791	356231	
116791	368072	
116791	368114	
116791	368934	
116791	423551	
116791	423668	
116791	443194	
116791	450636	
116791	459342	
116791	472238	
116791	472596	
116791	532654	
116791	551204	
116791	605000	
116791	605598	
116791	605845	
116791	606114	
116791	606636	
116791	606720	
116791	607197	
116791	610948	
116791	617293	
116791	633083	
116791	661385	
116791	662147	
116791	665301	
116791	674428	
116791	715857	
116791	819052	
116791	833109	
116791	837223	
116791	840748	
116791	841282	
116791	841304	
116791	895748	
116791	900207	
116791	900234	
116791	909435	
116791	943696	
116791	961783	
116791	1039348	
116791	1051076	
116791	1374828	
116791	1374830	
116791	1428843	
116791	1565928	
116791	1735075	
116791	1754931	
116791	1754933	
116791	1754936	
116791	1803056	
116791	1803332	
116791	2096593	
116791	2115660	
116791	2168464	
116791	2168465	
116791	2429379	
116791	2429382	
116791	2429391	
116791	2429392	
116791	2429393	
116791	2429394	
116791	2429395	
116791	2429396	
116791	2429397	
116791	2429398	
116791	2429399	
116791	2429400	
122019	197885	
136751	659951	
144132	659951	
147165	384309	
151616	1131428	
151618	659951	
174548	617200	
182984	659951	
196767	324541	
197175	197885	
197885	226436	
197885	261536	
197885	279386	
197885	318504	
197885	319002	
197885	332578	
197885	337553	
197885	385743	
197885	392556	
197885	393074	
197885	393335	
197885	434235	
197885	438262	
197885	472441	
197885	479093	
197885	480502	
197885	480954	
197885	554035	
197885	599759	
197885	604404	
197885	604829	
197885	608905	
197885	611246	
197885	617658	
197885	627213	
197885	627932	
197885	675386	
197885	702782	
197885	702806	
197885	725176	
197885	840106	
197885	842012	
197885	848023	
197885	904065	
197885	906961	
197885	915090	
197885	916006	
197885	926066	
197885	926071	
197885	1096690	
197885	1185386	
197885	1229152	
197885	1233221	
197885	1294865	
197885	1344779	
197885	1621099	
197885	1704931	
197885	1779552	
197885	1936210	
197885	2352786	
197885	2373924	
197885	2871633	
199712	1602889	
201282	659951	
202328	617200	
203190	1131428	
203652	659951	
205736	324541	
208511	1602889	
208908	366767	
208937	878808	
210105	659951	
210780	660319	
211245	659951	
211931	597151	
212551	324541	
212773	926066	
212855	597151	
213767	659951	
215844	324541	
217222	1193716	
221812	597151	
221824	324541	
221832	597151	
226434	659951	
246180	366767	
249407	324541	
252721	659951	
252722	659951	
255515	659951	
255515	889926	
255519	1131428	
259996	384309	
265256	2360038	
265782	324541	
266356	659951	
270023	659951	
270030	659951	
270035	659951	
270661	384309	
270672	878808	
270889	2360038	
270952	324541	
276107	659951	
277180	659951	
277277	916006	
278099	324541	
278915	324541	
279637	2360038	
279655	324541	
280441	617200	
280591	384309	
282362	659951	
283520	324541	
286289	2360038	
287737	597151	
287858	324541	
287965	324541	
288068	384309	
288958	324541	
288959	324541	
289950	324541	
290760	617200	
292747	617200	
293604	366767	
293621	617200	
293636	617200	
293649	617200	
294215	366767	
298778	659951	
306854	366767	
307596	659951	
308677	324541	
310916	660319	
312278	659951	
314097	878808	
316005	324541	
317084	693728	
319082	1131428	
319494	324541	
319867	324541	
320709	659951	
321259	324541	
321710	324541	
323529	660319	
323607	324541	
324541	332496	
324541	339368	
324541	342295	
324541	343186	
324541	344427	
324541	344545	
324541	345516	
324541	349768	
324541	349769	
324541	350816	
324541	351663	
324541	351912	
324541	351969	
324541	352838	
324541	352934	
324541	353955	
324541	356977	
324541	358637	
324541	361851	
324541	362176	
324541	364054	
324541	364559	
324541	379898	
324541	392461	
324541	393053	
324541	393663	
324541	394475	
324541	399560	
324541	403956	
324541	406350	
324541	414320	
324541	426146	
324541	430795	
324541	433410	
324541	434756	
324541	436560	
324541	446407	
324541	446424	
324541	464613	
324541	469953	
324541	469954	
324541	473747	
324541	475338	
324541	476356	
324541	478347	
324541	479907	
324541	480258	
324541	484074	
324541	488477	
324541	490540	
324541	492323	
324541	494137	
324541	494266	
324541	501276	
324541	501656	
324541	505081	
324541	509889	
324541	511259	
324541	511905	
324541	513161	
324541	514955	
324541	519938	
324541	519939	
324541	525183	
324541	528165	
324541	532848	
324541	534996	
324541	537821	
324541	548267	
324541	550353	
324541	557157	
324541	558432	
324541	559482	
324541	566926	
324541	566936	
324541	568925	
324541	573197	
324541	573539	
324541	574244	
324541	583533	
324541	590104	
324541	590399	
324541	597802	
324541	597909	
324541	599165	
324541	599220	
324541	604157	
324541	608627	
324541	609065	
324541	610810	
324541	610902	
324541	611068	
324541	613894	
324541	614856	
324541	616123	
324541	617405	
324541	618107	
324541	623527	
324541	623769	
324541	625460	
324541	626056	
324541	626082	
324541	627945	
324541	630679	
324541	632061	
324541	632411	
324541	633821	
324541	633822	
324541	634008	
324541	638669	
324541	638839	
324541	642475	
324541	643322	
324541	645194	
324541	650161	
324541	650413	
324541	651023	
324541	651024	
324541	654598	
324541	665346	
324541	666227	
324541	676201	
324541	690505	
324541	694477	
324541	702438	
324541	702625	
324541	702918	
324541	703161	
324541	704012	
324541	705296	
324541	707195	
324541	707890	
324541	717329	
324541	718943	
324541	723362	
324541	725127	
324541	730287	
324541	734092	
324541	740870	
324541	752088	
324541	762505	
324541	781903	
324541	782049	
324541	785152	
324541	788213	
324541	790377	
324541	798829	
324541	804828	
324541	810034	
324541	811623	
324541	811942	
324541	821296	
324541	831020	
324541	833510	
324541	835179	
324541	837372	
324541	842951	
324541	846262	
324541	846728	
324541	847241	
324541	848023	
324541	849204	
324541	854821	
324541	858054	
324541	863918	
324541	863994	
324541	867309	
324541	867335	
324541	868161	
324541	872935	
324541	873094	
324541	875931	
324541	898297	
324541	901049	
324541	903751	
324541	906746	
324541	912038	
324541	914812	
324541	920684	
324541	922806	
324541	924649	
324541	925493	
324541	937811	
324541	941291	
324541	947548	
324541	956515	
324541	965692	
324541	967476	
324541	968406	
324541	971448	
324541	979613	
324541	983456	
324541	990706	
324541	996445	
324541	1001927	
324541	1011896	
324541	1020270	
324541	1023615	
324541	1023724	
324541	1031090	
324541	1040433	
324541	1054178	
324541	1054644	
324541	1054645	
324541	1057890	
324541	1058525	
324541	1065870	
324541	1067305	
324541	1071153	
324541	1075518	
324541	1080325	
324541	1081711	
324541	1096011	
324541	1099389	
324541	1099845	
324541	1101943	
324541	1108036	
324541	1111657	
324541	1124776	
324541	1131243	
324541	1132730	
324541	1139526	
324541	1140706	
324541	1148079	
324541	1156987	
324541	1157450	
324541	1157598	
324541	1181483	
324541	1182687	
324541	1185125	
324541	1188754	
324541	1190038	
324541	1197664	
324541	1202379	
324541	1208189	
324541	1234834	
324541	1236891	
324541	1240588	
324541	1244898	
324541	1250431	
324541	1257414	
324541	1265679	
324541	1269111	
324541	1273495	
324541	1274994	
324541	1275198	
324541	1275320	
324541	1277098	
324541	1277476	
324541	1279057	
324541	1279760	
324541	1280668	
324541	1281845	
324541	1282694	
324541	1282695	
324541	1282696	
324541	1299438	
324541	1301000	
324541	1301213	
324541	1301780	
324541	1306176	
324541	1316706	
324541	1319264	
324541	1320085	
324541	1324353	
324541	1324645	
324541	1329808	
324541	1345068	
324541	1347556	
324541	1349463	
324541	1349696	
324541	1350046	
324541	1361566	
324541	1362878	
324541	1365720	
324541	1365971	
324541	1366665	
324541	1371644	
324541	1371656	
324541	1376294	
324541	1380170	
324541	1380631	
324541	1380698	
324541	1388623	
324541	1391308	
324541	1400387	
324541	1406313	
324541	1412747	
324541	1413247	
324541	1417061	
324541	1427390	
324541	1430614	
324541	1431229	
324541	1433648	
324541	1436216	
324541	1438885	
324541	1441076	
324541	1450154	
324541	1456104	
324541	1456195	
324541	1457285	
324541	1457713	
324541	1475265	
324541	1488740	
324541	1498851	
324541	1504312	
324541	1506416	
324541	1510748	
324541	1510936	
324541	1511306	
324541	1514101	
324541	1514774	
324541	1515065	
324541	1518465	
324541	1520441	
324541	1522192	
324541	1536852	
324541	1546662	
324541	1547750	
324541	1558334	
324541	1573072	
324541	1593368	
324541	1597779	
324541	1601002	
324541	1610212	
324541	1610796	
324541	1610890	
324541	1610891	
324541	1610892	
324541	1611575	
324541	1611971	
324541	1614085	
324541	1618032	
324541	1628677	
324541	1638836	
324541	1638837	
324541	1640020	
324541	1648530	
324541	1649710	
324541	1668372	
324541	1679950	
324541	1685146	
324541	1693289	
324541	1696605	
324541	1703795	
324541	1707592	
324541	1712177	
324541	1715896	
324541	1726391	
324541	1732143	
324541	1734151	
324541	1743863	
324541	1749293	
324541	1750181	
324541	1751712	
324541	1769301	
324541	1770821	
324541	1770986	
324541	1776719	
324541	1791453	
324541	1794449	
324541	1795997	
324541	1801335	
324541	1801336	
324541	1808622	
324541	1824689	
324541	1832108	
324541	1835817	
324541	1836415	
324541	1838545	
324541	1842937	
324541	1845822	
324541	1847702	
324541	1848783	
324541	1855566	
324541	1865409	
324541	1870246	
324541	1875862	
324541	1884667	
324541	1886077	
324541	1908743	
324541	1908838	
324541	1910179	
324541	1914310	
324541	1914674	
324541	1925722	
324541	1931167	
324541	1932446	
324541	1939498	
324541	1948153	
324541	1964308	
324541	1971826	
324541	1992584	
324541	2010185	
324541	2012387	
324541	2012388	
324541	2014070	
324541	2018773	
324541	2021298	
324541	2027534	
324541	2038503	
324541	2043821	
324541	2043884	
324541	2051831	
324541	2056909	
324541	2062349	
324541	2066732	
324541	2083462	
324541	2091210	
324541	2101080	
324541	2105507	
324541	2106028	
324541	2129576	
324541	2130654	
324541	2138099	
324541	2140809	
324541	2141701	
324541	2141846	
324541	2146002	
324541	2149661	
324541	2152542	
324541	2158756	
324541	2165801	
324541	2167255	
324541	2169985	
324541	2175007	
324541	2187478	
324541	2206714	
324541	2206826	
324541	2208168	
324541	2218645	
324541	2241412	
324541	2258202	
324541	2280532	
324541	2291591	
324541	2296470	
324541	2297315	
324541	2297533	
324541	2315133	
324541	2317648	
324541	2328712	
324541	2331819	
324541	2331984	
324541	2336498	
324541	2337516	
324541	2342159	
324541	2350867	
324541	2350873	
324541	2355525	
324541	2378841	
324541	2391068	
324541	2403977	
324541	2420411	
324541	2426249	
324541	2426250	
324541	2426251	
324541	2426252	
324541	2426253	
324541	2426254	
324541	2426255	
324541	2426256	
324541	2426257	
324541	2426258	
324541	2426259	
324541	2426260	
324541	2426261	
324541	2426262	
324541	2426263	
324541	2426264	
324541	2426265	
324541	2426266	
324541	2426267	
324541	2426268	
324541	2426269	
324541	2426270	
324541	2426271	
324541	2426272	
324541	2426273	
324541	2426274	
324541	2426275	
324541	2426276	
324541	2426277	
324541	2426278	
324541	2426279	
324541	2426280	
324541	2426281	
324541	2426282	
324541	2426283	
324541	2426284	
324541	2426285	
324541	2426286	
324541	2426287	
324541	2426288	
324541	2426289	
324541	2426290	
324541	2426291	
324541	2426292	
324541	2426293	
324541	2426294	
324541	2426295	
324541	2426296	
324541	2426297	
324541	2426298	
324541	2426299	
324541	2426300	
324541	2426301	
324541	2426302	
324541	2426303	
324541	2426304	
324541	2426305	
324541	2426306	
324541	2426307	
324541	2426308	
324541	2426309	
324541	2426310	
324541	2426311	
324541	2426312	
324541	2426313	
324541	2426314	
324541	2426315	
324541	2426316	
324541	2426317	
324541	2426318	
324541	2426319	
324541	2426320	
324541	2426321	
324541	2426322	
324541	2426323	
324541	2426324	
324541	2426325	
324541	2426326	
324541	2426327	
324541	2426328	
324541	2426329	
324541	2426330	
324541	2426331	
324541	2426332	
324541	2426333	
324541	2426334	
324541	2426335	
324541	2426336	
324541	2426337	
324541	2426338	
324541	2426339	
324541	2426340	
324541	2426341	
324541	2426342	
324541	2426343	
324541	2426344	
324541	2426345	
324541	2426346	
324541	2426347	
324541	2426348	
324541	2426349	
324541	2426350	
324541	2426351	
324541	2426352	
324541	2426353	
324541	2426354	
324541	2426355	
324541	2426356	
324541	2426357	
324541	2426358	
324541	2426359	
324541	2426360	
324541	2426361	
324541	2426362	
324541	2426363	
324541	2426364	
324541	2426365	
324541	2426366	
324541	2426367	
324541	2426368	
324541	2426369	
324541	2426370	
324541	2426371	
324541	2426372	
324541	2426373	
324541	2426374	
324541	2426375	
324541	2426376	
324541	2426377	
324541	2426378	
324541	2426379	
324541	2426380	
324541	2426381	
324541	2426382	
324541	2426383	
324541	2426384	
324541	2426385	
324541	2426386	
324541	2426387	
324541	2426388	
324541	2426389	
324541	2426390	
324541	2426391	
324541	2426392	
324541	2426393	
324541	2426394	
324541	2426395	
324541	2426396	
324541	2426397	
324541	2426398	
324541	2426399	
324541	2426400	
324541	2426401	
324541	2426402	
324541	2426403	
324541	2426404	
324541	2426405	
324541	2426406	
324541	2426407	
324541	2426408	
324541	2426409	
324541	2426410	
324541	2426411	
324541	2426412	
324541	2426413	
324541	2426414	
324541	2426415	
324541	2426416	
324541	2426417	
324541	2426418	
324541	2426419	
324541	2426420	
324541	2426421	
324541	2426422	
324541	2426423	
324541	2426424	
324541	2426425	
324541	2426426	
324541	2426427	
324541	2426428	
324541	2426429	
324541	2426430	
324541	2426431	
324541	2426432	
324541	2426433	
324541	2426434	
324541	2426435	
324541	2426436	
324541	2426437	
324541	2426438	
324541	2426439	
324541	2426440	
324541	2426441	
324541	2426442	
324541	2426443	
324541	2426444	
324541	2426445	
324541	2426446	
324541	2426447	
324541	3362256	
328566	659951	
330732	617200	
332578	916006	
332578	926066	
332578	1725216	
334576	659951	
335476	659951	
340054	878808	
341053	366767	
341514	659951	
341514	1193716	
341566	597151	
342045	597151	
342727	659951	
342957	659951	
344301	660319	
345426	384309	
346138	617200	
346694	597151	
347703	366767	
348261	597151	
348262	597151	
348278	597151	
348283	597151	
348286	597151	
348292	597151	
348293	597151	
352733	366767	
352840	889926	
353919	889926	
355882	366767	
357056	366767	
357069	366767	
358095	366767	
358126	659951	
358491	366767	
358731	366767	
359295	597151	
362170	660319	
364087	660319	
366767	392245	
366767	468632	
366767	470620	
366767	542634	
366767	542645	
366767	542670	
366767	553734	
366767	563719	
366767	604561	
366767	605240	
366767	608617	
366767	609470	
366767	609958	
366767	611100	
366767	611104	
366767	611627	
366767	611802	
366767	639744	
366767	657719	
366767	663209	
366767	704156	
366767	900373	
366767	900375	
366767	919208	
366767	919243	
366767	922822	
366767	946010	
366767	1172357	
366767	1461254	
366767	1497602	
366767	1621099	
366767	1746958	
366767	1777791	
366767	1791965	
366767	2029007	
366767	2314031	
366767	3461109	
367090	1193716	
371785	916006	
371785	926066	
371788	916006	
372580	659951	
376753	617200	
377819	597151	
379153	659951	
379509	659951	
379888	1193716	
379893	384309	
379893	617200	
379895	926066	
379931	617200	
379944	617200	
379955	384309	
380141	597151	
380457	384309	
381544	597151	
383330	384309	
383337	597151	
383451	384309	
383994	617200	
384155	597151	
384309	384847	
384309	391779	
384309	392361	
384309	392983	
384309	392987	
384309	392993	
384309	393021	
384309	393054	
384309	393069	
384309	393071	
384309	393127	
384309	393261	
384309	393267	
384309	393627	
384309	393635	
384309	406576	
384309	406577	
384309	419457	
384309	424601	
384309	432715	
384309	435158	
384309	452194	
384309	456515	
384309	458407	
384309	458408	
384309	472358	
384309	473445	
384309	475849	
384309	479455	
384309	479875	
384309	552933	
384309	561678	
384309	561680	
384309	574253	
384309	588149	
384309	599735	
384309	599761	
384309	599763	
384309	617162	
384309	617525	
384309	617530	
384309	617642	
384309	618431	
384309	625569	
384309	627950	
384309	628048	
384309	632727	
384309	640809	
384309	644111	
384309	673597	
384309	683933	
384309	683934	
384309	683935	
384309	684310	
384309	684325	
384309	694689	
384309	694707	
384309	694716	
384309	702745	
384309	703827	
384309	703949	
384309	708004	
384309	780320	
384309	788213	
384309	790849	
384309	790914	
384309	817941	
384309	834643	
384309	842266	
384309	843415	
384309	848432	
384309	878833	
384309	879703	
384309	880302	
384309	902355	
384309	915978	
384309	916012	
384309	927089	
384309	928685	
384309	987871	
384309	1025132	
384309	1094590	
384309	1094598	
384309	1169681	
384309	1203203	
384309	1222171	
384309	1383705	
384309	1459653	
384309	1496828	
384309	1496831	
384309	1496843	
384309	1554534	
384309	1620832	
384309	1621026	
384309	1621027	
384309	1621097	
384309	1621098	
384309	1621099	
384309	1621104	
384309	1649108	
384309	1658389	
384309	1701850	
384309	1718229	
384309	1725220	
384309	1744612	
384309	1744613	
384309	1934659	
384309	1946051	
384309	2115463	
384309	2314031	
384309	2327947	
384309	2354756	
384309	2691850	
384309	2786501	
384309	2786573	
384309	3299028	
384309	3616307	
384371	617200	
385087	693728	
385743	926066	
390014	597151	
392453	617200	
392558	617200	
392596	659951	
392612	659951	
392765	916006	
392846	659951	
392863	617200	
392971	693728	
392991	916006	
393008	926066	
393012	878808	
393037	597151	
393053	916006	
393054	659951	
393066	659951	
393069	659951	
393074	926066	
393077	597151	
393081	659951	
393116	916006	
393125	693728	
393127	916006	
393134	926066	
393160	659951	
393178	889926	
393260	617200	
393312	659951	
393335	926066	
393519	659951	
393648	659951	
393957	659951	
393959	926066	
394070	660319	
394088	659951	
394092	1193716	
395787	659951	
396195	659951	
396328	597151	
397881	659951	
402165	1193716	
402695	1193716	
403774	1193716	
403788	1193716	
404105	889926	
406575	597151	
408082	916006	
413729	597151	
414447	660319	
415120	659951	
415132	659951	
416634	597151	
417161	659951	
418557	660319	
418562	889926	
419591	617200	
419613	617200	
421300	617200	
422228	617200	
423260	1193716	
425921	617200	
426319	693728	
426321	659951	
426324	617200	
433124	659951	
433270	1193716	
433392	878808	
434187	659951	
434257	889926	
434766	1193716	
434852	659951	
435164	659951	
435397	659951	
436269	1193716	
436498	1193716	
436737	1193716	
438262	916006	
438262	926066	
441491	597151	
441646	659951	
441700	597151	
443340	659951	
443353	889926	
444771	659951	
445399	659951	
449675	1193716	
450414	693728	
450427	693728	
450855	617200	
453663	659951	
453854	659951	
453874	659951	
454503	660319	
454614	659951	
457538	659951	
457539	659951	
457549	659951	
458406	659951	
458406	878808	
458408	659951	
458409	659951	
465530	597151	
465949	659951	
466066	597151	
469813	926066	
469948	1193716	
470114	617200	
470338	1193716	
470807	916006	
470980	659951	
470981	617200	
471198	878808	
471199	878808	
471739	597151	
472572	916006	
472584	617200	
472655	1193716	
472662	878808	
472710	597151	
472749	926066	
474203	659951	
474327	1602889	
475849	617200	
475849	878808	
477636	1602889	
479014	617200	
479103	916006	
479454	1131428	
479735	659951	
479736	659951	
479743	693728	
479764	659951	
479764	660319	
486155	597151	
487901	659951	
490351	1602889	
494656	659951	
507980	1602889	
522977	889926	
524468	889926	
525258	1602889	
528796	617200	
529684	617200	
529779	597151	
530569	1602889	
532153	1193716	
532444	889926	
532977	889926	
533217	926066	
534398	878808	
535406	597151	
537810	597151	
538847	926066	
539999	926066	
541984	889926	
542692	659951	
542750	659951	
543215	597151	
548725	617200	
552377	878808	
553201	1193716	
553342	660319	
553508	889926	
553571	1193716	
553752	659951	
553928	617200	
557736	597151	
558526	617200	
558715	617200	
558856	617200	
559266	1193716	
560564	659951	
561444	878808	
561678	878808	
561678	926066	
561681	916006	
566926	617200	
567101	1193716	
574672	1602889	
584374	659951	
585634	659951	
586264	659951	
586689	597151	
588149	617200	
588282	597151	
588355	597151	
590019	597151	
591082	659951	
591325	617200	
593425	597151	
594687	1193716	
595739	660319	
596603	659951	
597151	597506	
597151	599529	
597151	611467	
597151	618150	
597151	638178	
597151	667204	
597151	674328	
597151	674336	
597151	674338	
597151	674339	
597151	674341	
597151	674342	
597151	674343	
597151	694106	
597151	702790	
597151	707572	
597151	731123	
597151	791812	
597151	797996	
597151	797997	
597151	798212	
597151	816335	
597151	817007	
597151	817538	
597151	842811	
597151	843122	
597151	845145	
597151	880788	
597151	913111	
597151	940323	
597151	944524	
597151	1103873	
597151	1118774	
597151	1119094	
597151	1132604	
597151	1167264	
597151	1198101	
597151	1256235	
597151	1307977	
597151	1360322	
597151	1360324	
597151	1397008	
597151	1410676	
597151	1456383	
597151	1629916	
597151	1696196	
597151	1721539	
597151	1745420	
597151	2152164	
597151	2152165	
597151	2152166	
597151	2152167	
597151	2152168	
597151	2152169	
597151	2152170	
597151	2152171	
597151	2152172	
597151	2352184	
597235	659951	
598598	659951	
598598	1193716	
598799	659951	
598802	659951	
598838	878808	
598853	617200	
598866	659951	
598866	878808	
598959	916006	
599145	617200	
599633	617200	
599712	659951	
599736	617200	
599744	916006	
599744	926066	
599757	916006	
599759	916006	
599759	926066	
600916	889926	
601574	659951	
601579	659951	
604310	916006	
604356	916006	
604647	659951	
604700	889926	
604936	659951	
605012	878808	
606021	1193716	
607910	617200	
608619	617200	
609075	926066	
609144	659951	
609577	659951	
610377	659951	
610380	916006	
610772	660319	
610993	660319	
611349	659951	
611560	659951	
612049	889926	
612584	659951	
612988	617200	
617058	659951	
617161	617200	
617200	617531	
617200	617557	
617200	617581	
617200	618154	
617200	618166	
617200	618327	
617200	618431	
617200	657673	
617200	671302	
617200	693272	
617200	702951	
617200	703885	
617200	703949	
617200	704192	
617200	704208	
617200	704213	
617200	704362	
617200	721050	
617200	747715	
617200	790387	
617200	824097	
617200	842615	
617200	846548	
617200	847792	
617200	848723	
617200	891236	
617200	896326	
617200	896331	
617200	907344	
617200	907346	
617200	907456	
617200	908156	
617200	908168	
617200	908711	
617200	912309	
617200	931129	
617200	943442	
617200	972371	
617200	986577	
617200	1006227	
617200	1006627	
617200	1131666	
617200	1131667	
617200	1198300	
617200	1208594	
617200	1383563	
617200	1621472	
617200	1728776	
617200	2074746	
617200	2074747	
617200	2074793	
617200	2074798	
617200	2074799	
617200	2162927	
617200	2302908	
617200	2314031	
617200	2356734	
617200	2456789	
617200	2481514	
617200	2603873	
617200	2691857	
617200	2691858	
617234	1193716	
617693	659951	
618022	693728	
618147	659951	
618149	659951	
618150	693728	
618401	693728	
618445	659951	
623316	878808	
623464	1193716	
623479	889926	
626077	1193716	
627297	659951	
627930	659951	
627932	916006	
627997	916006	
628627	659951	
644343	878808	
652122	660319	
652478	659951	
654623	1131428	
654624	1131428	
654647	2360038	
655729	1193716	
658870	659951	
659951	659975	
659951	660956	
659951	662144	
659951	662992	
659951	683940	
659951	689329	
659951	690299	
659951	703723	
659951	704023	
659951	715072	
659951	757740	
659951	780335	
659951	788656	
659951	817127	
659951	840101	
659951	841784	
659951	841946	
659951	842397	
659951	842611	
659951	847200	
659951	848649	
659951	848688	
659951	859471	
659951	876004	
659951	878519	
659951	878520	
659951	879087	
659951	897221	
659951	906381	
659951	906947	
659951	908185	
659951	914972	
659951	915977	
659951	941240	
659951	962786	
659951	1015208	
659951	1015209	
659951	1015210	
659951	1015211	
659951	1015212	
659951	1015213	
659951	1015215	
659951	1015216	
659951	1015217	
659951	1015218	
659951	1015219	
659951	1015220	
659951	1015221	
659951	1015222	
659951	1015223	
659951	1015224	
659951	1462488	
660275	660319	
660319	702824	
660319	727153	
660319	734090	
660319	835202	
660319	842495	
660319	846383	
660319	862623	
660319	902161	
660319	935088	
660319	1019377	
660319	1019801	
660319	1038369	
660319	1039462	
660319	1175513	
660319	1179433	
660319	1378770	
660319	1432756	
660319	1452981	
660319	1465515	
660319	1619604	
660319	1653181	
660319	1671028	
660319	1778648	
660319	2524050	
660319	2774145	
660319	3605133	
660319	3709059	
660319	3774148	
660319	3774149	
665469	1193716	
666691	889926	
669788	889926	
671146	926066	
672528	916006	
675386	916006	
676481	878808	
693719	693728	
693720	693728	
693723	693728	
693725	693728	
693727	693728	
693728	693729	
693728	693730	
693728	693733	
693728	699934	
693728	1055983	
693728	1351283	
693728	1621099	
693728	1621116	
693728	1705113	
693728	2246867	
693728	2246870	
693728	2246872	
693728	3040181	
693728	3040184	
693728	3040186	
693728	3040190	
693728	3040191	
694707	878808	
701608	926066	
702782	926066	
713762	878808	
725645	889926	
780320	916006	
786773	1131428	
798159	1193716	
798171	1193716	
817921	916006	
827734	878808	
836825	1193716	
840101	878808	
840106	926066	
841158	926066	
841167	916006	
842671	926066	
843334	926066	
844744	889926	
848073	878808	
849855	878808	
852019	926066	
875667	889926	
875825	1193716	
878754	878808	
878808	906961	
878808	924639	
878808	924640	
878808	934570	
878808	934571	
878808	1439427	
878808	1525267	
878808	1899980	
878808	1924163	
878808	2214140	
889926	1002985	
889926	1360586	
889926	1396691	
889926	1561940	
889926	1838303	
889926	2102898	
889926	2107722	
889926	2107723	
889926	2107724	
889926	2107725	
894185	1193716	
900819	1193716	
907369	1193716	
908743	1193716	
911811	916006	
916006	922997	
916006	926071	
916006	950841	
916006	1055469	
916006	1095998	
916006	1202697	
916006	1205077	
916006	1286696	
916006	1322614	
916006	1345067	
916006	1472252	
916006	1704931	
916006	1892724	
916006	1954230	
916006	2208168	
916006	2314031	
916015	926066	
925673	1193716	
926066	926071	
926066	928040	
926066	928041	
926066	928053	
926066	928065	
926066	928282	
926066	928319	
926066	968396	
926066	972292	
926066	972309	
926066	972310	
926066	1016272	
926066	1016275	
926066	1132431	
926066	1137279	
926066	1185386	
926066	1185443	
926066	1257542	
926066	1262946	
926066	1262947	
926066	1262948	
926066	1262949	
926066	1262950	
926066	1262951	
926066	1262959	
926066	1360003	
926066	1726410	
926066	1778566	
926066	1926825	
926066	1947772	
926066	2020646	
926066	2020647	
926066	2020648	
926066	2352786	
926066	2560787	
926066	2560788	
926066	2560789	
926066	2560790	
926066	2560791	
926066	2560792	
926066	2560793	
926066	2560794	
926066	2560795	
926066	2560796	
926066	2560797	
926066	2560798	
926066	3048427	
973270	1193716	
1062795	1602889	
1095983	1193716	
1131176	1131428	
1131424	1131428	
1131427	1131428	
1131428	1131429	
1131428	1131430	
1131428	1131431	
1131428	1131520	
1131428	2694216	
1131428	2789949	
1131428	2789950	
1131428	2955393	
1131609	1602889	
1185464	3454064	
1185481	3454064	
1185486	3454064	
1193716	1258723	
1193716	1283491	
1193716	1303869	
1193716	1453782	
1193716	1620998	
1193716	1674205	
1193716	1714960	
1193716	1739925	
1193716	1901541	
1193716	1983674	
1193716	2638932	
1193716	2638937	
1193716	2841056	
1193716	2841062	
1193716	2841063	
1193716	3152212	
1193716	3152213	
1193716	3152215	
1193716	3152220	
1193716	3435900	
1193716	3435901	
1193716	3435902	
1193716	3435903	
1203382	1602889	
1262775	1602889	
1280746	2360038	
1553395	1602889	
1567445	2360038	
1602889	1789093	
1602889	1789095	
1602889	1789096	
1602889	1789097	
1602889	1789101	
1602889	1789102	
1602889	2283847	
1602889	2429559	
1602889	2429560	
1602889	3454054	
1602889	3454062	
1602889	3454063	
1725893	3454064	
1755612	2360038	
2152171	2695015	
2152171	3958108	
2360038	2360039	
3254669	3454064	
3958109	3958110	
3958109	3958111	
3958109	3958112	
3958109	3958113	
3958109	3958114	
7	114648	
9	9820	
9	782049	
13	49478	
23	383337	
23	599735	
25	459342	
25	551204	
81	711	
117	711	
135	711	
136	711	
144	711	
153	711	
160	711	
160	480502	
178	711	
187	711	
203	711	
220	711	
230	4129	
230	4315	
231	8184	
235	2890	
235	2924	
235	2989	
248	12682	
250	1326	
250	1344	
250	1350	
250	1351	
250	1430	
250	1457	
250	1479	
250	1498	
250	914812	
250	1648530	
253	12713	
254	711	
257	2706	
267	9765	
302	9765	
302	9766	
312	12713	
316	4594	
322	9339	
323	1326	
323	1498	
323	9765	
323	9766	
323	9820	
323	9837	
323	9905	
323	9922	
323	9972	
323	9977	
323	1554534	
329	9558	
332	9765	
332	9766	
336	711	
351	711	
365	711	
366	711	
380	711	
408	9325	
412	4594	
415	711	
420	4594	
430	4594	
435	2890	
441	906947	
448	711	
469	459342	
469	551204	
475	9766	
499	10213	
501	9765	
501	9766	
580	9558	
580	13770	
588	9765	
673	212855	
673	344301	
673	380141	
673	441646	
673	443340	
674	9766	
674	38254	
675	454614	
675	1462488	
697	221832	
697	416634	
701	660275	
701	1522192	
703	9766	
703	287858	
705	1294865	
705	1779552	
706	393021	
706	600916	
711	741	
711	742	
711	761	
711	779	
711	1967	
711	1972	
711	1973	
711	1977	
711	1978	
711	1983	
711	1992	
711	1995	
711	1996	
711	2006	
711	2011	
711	2024	
711	2026	
711	2060	
711	2094	
711	2112	
711	2140	
711	2215	
711	2223	
711	2224	
711	2237	
711	2259	
711	2283	
711	2319	
711	2550	
711	2552	
711	2553	
711	2559	
711	2567	
711	2584	
711	2606	
711	2615	
711	2668	
711	3666	
711	3676	
711	3688	
711	3756	
711	3778	
711	3806	
711	3817	
711	4457	
711	4463	
711	4593	
711	4635	
711	4650	
711	4658	
711	4699	
711	4703	
711	4712	
711	4852	
711	4927	
711	4955	
711	4963	
711	4970	
711	4972	
711	4973	
711	5020	
711	5281	
711	5334	
711	5729	
711	5732	
711	5792	
711	5803	
711	5841	
711	6622	
711	6627	
711	6630	
711	6638	
711	8812	
711	8824	
711	8836	
711	9295	
711	10401	
711	11121	
711	11436	
711	14509	
711	14694	
711	14706	
711	14757	
711	14782	
711	14821	
711	14895	
711	15339	
711	15341	
711	15346	
711	15349	
711	15350	
711	15363	
711	15366	
711	15367	
711	15371	
711	15377	
711	15385	
711	278149	
711	340159	
711	888054	
711	888055	
711	888060	
711	888064	
711	888066	
711	888068	
711	888076	
711	888461	
711	888464	
711	888472	
711	888536	
711	889880	
711	889886	
711	1086093	
711	1086104	
711	1086131	
711	1130912	
711	1200384	
711	1200389	
711	1200411	
711	1415338	
711	1545161	
711	1545194	
711	1667211	
711	1876517	
711	1876611	
711	1876639	
711	1876657	
711	2068613	
711	2231833	
711	2312634	
711	2312661	
711	2312792	
711	2523176	
711	2543332	
711	2543339	
711	2543343	
711	2620104	
711	2770146	
711	2770151	
711	2770195	
711	2770234	
711	2770337	
711	2770397	
711	2770644	
711	2770645	
711	2770646	
711	2770647	
711	2770648	
711	2770649	
711	2770650	
713	208908	
718	935088	
762	9766	
762	212773	
762	344301	
762	396195	
762	426319	
767	9765	
858	16471	
858	212092	
858	472662	
859	321259	
859	507980	
860	77349	
860	380141	
860	1554534	
863	9766	
865	9765	
865	1554534	
870	321259	
875	9766	
875	380141	
876	9558	
879	1344	
879	2989	
879	9905	
879	319002	
879	379893	
879	441646	
879	465530	
879	591082	
879	596603	
879	599633	
880	212855	
881	393335	
881	393627	
881	441646	
883	9765	
887	345426	
887	1554534	
904	33632	
905	1554534	
906	9766	
928	9765	
949	9765	
949	38254	
950	78444	
956	43300	
956	212855	
956	344301	
956	441646	
960	212855	
961	9765	
966	4129	
967	762505	
970	9765	
975	2989	
975	9766	
975	136751	
975	1554534	
1006	9765	
1006	9766	
1009	9765	
1009	38254	
1009	212855	
1009	1554534	
1010	638839	
1017	9765	
1018	9766	
1021	1344	
1021	212855	
1021	226434	
1021	611349	
1024	9766	
1024	43300	
1024	344301	
1025	348262	
1026	77349	
1026	212855	
1026	314097	
1026	380141	
1026	441646	
1028	43300	
1030	1554534	
1032	270672	
1032	1554534	
1033	434257	
1035	1344	
1035	393335	
1035	479093	
1035	604310	
1035	617058	
1039	381544	
1042	48199	
1043	9765	
1043	9766	
1043	38254	
1050	136751	
1050	434187	
1050	596603	
1050	1554534	
1052	9766	
1055	9765	
1055	9766	
1055	38254	
1055	1554534	
1059	9765	
1068	406577	
1071	9766	
1072	381544	
1075	604561	
1081	9766	
1081	38254	
1081	344301	
1082	353919	
1101	212855	
1101	1554534	
1108	43300	
1108	348262	
1112	38254	
1118	341566	
1118	383337	
1123	212855	
1129	9766	
1132	212855	
1132	380141	
1132	416634	
1138	384371	
1147	9766	
1147	836825	
1151	9766	
1151	352934	
1155	2924	
1156	654647	
1170	279637	
1174	567101	
1193	9558	
1193	1554534	
1197	394088	
1215	356231	
1220	459342	
1220	551204	
1254	9765	
1254	9766	
1254	591082	
1255	605598	
1256	9765	
1256	9766	
1256	205736	
1256	1554534	
1257	1498	
1257	364054	
1257	605598	
1258	39855	
1258	608627	
1260	16127	
1260	136751	
1260	393648	
1260	604310	
1261	393125	
1262	9765	
1262	9766	
1262	279655	
1262	454614	
1262	552377	
1262	1462488	
1263	115815	
1263	144132	
1263	252722	
1263	312278	
1263	319002	
1263	393648	
1263	394092	
1263	426324	
1263	441646	
1263	444771	
1263	480502	
1263	480954	
1263	541984	
1263	543215	
1263	553342	
1263	553508	
1263	558715	
1263	585634	
1263	588149	
1263	590104	
1263	591082	
1263	599633	
1263	601574	
1263	879087	
1263	891236	
1263	906961	
1265	379888	
1266	352838	
1266	359295	
1267	101708	
1267	608617	
1267	1094598	
1268	101708	
1268	609470	
1269	1498	
1269	9765	
1269	352733	
1269	393053	
1269	470807	
1269	608617	
1269	609144	
1269	817921	
1270	608617	
1271	16551	
1271	417161	
1271	441646	
1271	1554534	
1275	4315	
1275	9766	
1275	459342	
1275	596603	
1275	900819	
1275	1055469	
1275	1286696	
1276	346694	
1277	9905	
1277	553928	
1278	16080	
1278	352733	
1279	78444	
1279	116777	
1279	208908	
1279	414447	
1280	552377	
1282	252721	
1282	252722	
1282	416634	
1284	392993	
1284	393053	
1285	608617	
1285	611100	
1285	611104	
1285	611802	
1286	352733	
1286	393053	
1286	600916	
1286	608617	
1286	610380	
1286	611100	
1287	16099	
1287	270661	
1288	9765	
1288	426324	
1289	607910	
1291	2989	
1291	203652	
1291	270023	
1291	454503	
1292	38454	
1292	644111	
1293	1351	
1293	2989	
1293	9558	
1293	9765	
1293	136751	
1293	147165	
1293	358126	
1293	403788	
1293	591082	
1293	596603	
1293	611349	
1294	9766	
1294	435164	
1294	479093	
1295	2890	
1295	344545	
1295	372580	
1296	599712	
1296	925493	
1297	414447	
1298	415132	
1300	4315	
1300	9766	
1300	1554534	
1302	9766	
1302	16084	
1302	48199	
1302	144132	
1302	606720	
1302	608617	
1303	342727	
1303	352733	
1303	600916	
1303	609075	
1304	352733	
1304	393053	
1304	470807	
1304	604700	
1304	609065	
1304	609075	
1304	609144	
1306	454503	
1307	359295	
1307	1554534	
1310	210105	
1310	479103	
1310	559266	
1310	598799	
1310	618147	
1310	644343	
1310	914972	
1313	144132	
1313	279655	
1313	312278	
1313	418557	
1313	469948	
1314	16512	
1314	136751	
1314	345426	
1314	414447	
1315	9765	
1315	9766	
1315	1554534	
1316	591082	
1316	906381	
1318	393053	
1319	9766	
1319	212855	
1319	416634	
1320	608617	
1321	1498	
1321	9766	
1321	16099	
1321	472655	
1321	472662	
1321	1554534	
1324	1430	
1324	610377	
1324	610380	
1326	10213	
1326	114912	
1326	356198	
1326	392245	
1326	405586	
1326	426748	
1326	433511	
1326	604561	
1326	605240	
1326	605272	
1326	608617	
1326	610280	
1326	611100	
1326	611104	
1326	611802	
1326	625076	
1326	657719	
1326	663501	
1326	663814	
1326	691606	
1326	705298	
1326	705370	
1326	740330	
1326	893649	
1326	919208	
1326	919242	
1326	919243	
1326	919249	
1326	919254	
1326	927159	
1326	1110387	
1326	1211498	
1326	1211500	
1326	1286899	
1326	1489590	
1326	2069630	
1326	2163228	
1327	9905	
1329	341514	
1329	436737	
1329	532977	
1329	559266	
1331	1351	
1331	319002	
1331	1554534	
1333	393627	
1333	434756	
1334	4129	
1334	78444	
1334	208908	
1334	611100	
1334	788656	
1334	878520	
1334	1111657	
1336	618445	
1337	16127	
1337	16471	
1339	86683	
1339	352838	
1339	393160	
1339	914972	
1340	16588	
1340	136751	
1340	321259	
1340	638669	
1340	704012	
1340	848023	
1340	1648530	
1341	434756	
1341	704012	
1341	1345068	
1342	1498	
1342	552377	
1344	9777	
1344	9805	
1344	16099	
1344	16100	
1344	16127	
1344	23091	
1344	37784	
1344	38500	
1344	116048	
1344	146466	
1344	147165	
1344	149306	
1344	149322	
1344	151599	
1344	184893	
1344	201863	
1344	205851	
1344	212109	
1344	217006	
1344	217875	
1344	217893	
1344	217900	
1344	217948	
1344	241492	
1344	252721	
1344	270047	
1344	275579	
1344	292049	
1344	309655	
1344	310921	
1344	310924	
1344	310986	
1344	318993	
1344	319002	
1344	319010	
1344	319020	
1344	319895	
1344	339407	
1344	345280	
1344	357768	
1344	377862	
1344	377893	
1344	380669	
1344	385518	
1344	388931	
1344	392403	
1344	392572	
1344	393109	
1344	393128	
1344	393327	
1344	393710	
1344	393762	
1344	393807	
1344	393841	
1344	394067	
1344	396255	
1344	408119	
1344	412448	
1344	412468	
1344	416708	
1344	417274	
1344	417840	
1344	425893	
1344	433270	
1344	435399	
1344	441189	
1344	443034	
1344	443043	
1344	443058	
1344	454391	
1344	456705	
1344	469868	
1344	476203	
1344	486229	
1344	514957	
1344	520722	
1344	533100	
1344	533226	
1344	534388	
1344	546219	
1344	552882	
1344	553765	
1344	555969	
1344	555980	
1344	571379	
1344	589720	
1344	591261	
1344	592499	
1344	593158	
1344	593418	
1344	595737	
1344	596396	
1344	596404	
1344	596536	
1344	596646	
1344	597119	
1344	598030	
1344	598596	
1344	599157	
1344	599532	
1344	604368	
1344	604608	
1344	607750	
1344	607762	
1344	607765	
1344	607767	
1344	607768	
1344	607796	
1344	607798	
1344	607799	
1344	607834	
1344	610267	
1344	612365	
1344	617058	
1344	623464	
1344	626530	
1344	641297	
1344	644042	
1344	645356	
1344	645357	
1344	645358	
1344	645359	
1344	645360	
1344	645361	
1344	645362	
1344	645363	
1344	645364	
1344	645365	
1344	645366	
1344	645367	
1344	645368	
1344	645369	
1344	645370	
1344	645371	
1344	645372	
1344	645373	
1344	645374	
1344	645375	
1344	645376	
1344	645377	
1344	645378	
1344	645379	
1344	645380	
1344	645381	
1344	645382	
1344	645383	
1344	645384	
1344	645385	
1344	645386	
1344	645387	
1344	645388	
1344	645389	
1344	645390	
1344	645391	
1344	645392	
1344	645393	
1344	645394	
1344	645395	
1344	645396	
1344	645397	
1344	645398	
1344	645399	
1344	645400	
1344	645401	
1344	645402	
1344	645403	
1344	645404	
1344	645405	
1344	645406	
1344	645407	
1344	733112	
1344	808488	
1344	842459	
1344	848480	
1344	848489	
1344	900492	
1344	916015	
1344	947565	
1344	948571	
1344	1015216	
1344	1040316	
1344	1165378	
1344	1167585	
1344	1713052	
1344	3894582	
1345	16127	
1345	319082	
1345	414447	
1345	596603	
1345	609470	
1345	610377	
1345	618147	
1345	702824	
1345	840101	
1347	9766	
1349	539999	
1349	852019	
1349	928040	
1349	928065	
1349	1726410	
1350	1414	
1350	9640	
1350	10557	
1350	13566	
1350	39412	
1350	78459	
1350	101708	
1350	204354	
1350	211104	
1350	211161	
1350	248864	
1350	270020	
1350	270672	
1350	309812	
1350	370985	
1350	379893	
1350	379937	
1350	383897	
1350	392701	
1350	393279	
1350	393413	
1350	393532	
1350	393651	
1350	393811	
1350	393962	
1350	394061	
1350	394092	
1350	394119	
1350	404606	
1350	406587	
1350	433124	
1350	433606	
1350	433659	
1350	434314	
1350	436190	
1350	455140	
1350	457536	
1350	463650	
1350	479744	
1350	533279	
1350	588814	
1350	596536	
1350	598798	
1350	598836	
1350	598843	
1350	598850	
1350	598856	
1350	599010	
1350	599020	
1350	599062	
1350	599078	
1350	599693	
1350	599706	
1350	599787	
1350	599832	
1350	611327	
1350	612323	
1350	612332	
1350	617610	
1350	618172	
1350	618408	
1350	626647	
1350	627945	
1350	641960	
1350	699541	
1350	702364	
1350	702485	
1350	702565	
1350	702742	
1350	702938	
1350	703012	
1350	703019	
1350	703077	
1350	703199	
1350	791297	
1350	840101	
1350	840117	
1350	846587	
1350	876779	
1350	900168	
1350	912936	
1350	924299	
1350	927438	
1350	936914	
1350	948260	
1350	948386	
1350	948388	
1350	948396	
1350	1013565	
1350	1016693	
1350	1019579	
1350	1132195	
1350	1169401	
1350	1196894	
1350	1205224	
1350	1206402	
1350	1386936	
1350	1435210	
1350	1581139	
1350	1620757	
1350	1626305	
1350	1712746	
1350	1725568	
1350	1832277	
1350	2244449	
1350	2355099	
1350	2355100	
1350	2355101	
1350	2355102	
1350	2355103	
1350	2355104	
1350	2636489	
1350	2982257	
1350	3869616	
1351	1470	
1351	4128	
1351	9640	
1351	9804	
1351	9818	
1351	9840	
1351	10133	
1351	15941	
1351	38254	
1351	77015	
1351	93340	
1351	101708	
1351	101746	
1351	107834	
1351	116215	
1351	180798	
1351	200659	
1351	202043	
1351	208246	
1351	208565	
1351	210629	
1351	210638	
1351	212855	
1351	248864	
1351	270671	
1351	290634	
1351	290749	
1351	309803	
1351	312263	
1351	318504	
1351	318990	
1351	318991	
1351	319002	
1351	319004	
1351	367995	
1351	368024	
1351	368299	
1351	368312	
1351	368340	
1351	368341	
1351	368348	
1351	368356	
1351	368373	
1351	368374	
1351	368379	
1351	368381	
1351	368603	
1351	391226	
1351	391301	
1351	391386	
1351	391834	
1351	392070	
1351	392602	
1351	392651	
1351	392658	
1351	393149	
1351	393310	
1351	393327	
1351	393338	
1351	393562	
1351	393795	
1351	393873	
1351	393962	
1351	394278	
1351	394477	
1351	406610	
1351	406728	
1351	408087	
1351	409059	
1351	412326	
1351	412644	
1351	413520	
1351	413536	
1351	416615	
1351	418582	
1351	435272	
1351	435296	
1351	440740	
1351	440742	
1351	442076	
1351	442775	
1351	443010	
1351	443012	
1351	443058	
1351	444748	
1351	457402	
1351	457556	
1351	462723	
1351	462728	
1351	470801	
1351	472021	
1351	480096	
1351	495133	
1351	497982	
1351	523479	
1351	533226	
1351	537045	
1351	544050	
1351	548646	
1351	552930	
1351	553720	
1351	553725	
1351	553733	
1351	553735	
1351	553752	
1351	553753	
1351	553756	
1351	554719	
1351	555173	
1351	557219	
1351	558726	
1351	562342	
1351	565969	
1351	571357	
1351	585296	
1351	589568	
1351	589844	
1351	590280	
1351	593373	
1351	595739	
1351	595740	
1351	595741	
1351	595746	
1351	595747	
1351	595752	
1351	595755	
1351	595766	
1351	596603	
1351	596605	
1351	596777	
1351	598035	
1351	598050	
1351	598559	
1351	598604	
1351	598620	
1351	598687	
1351	598717	
1351	598740	
1351	598836	
1351	599051	
1351	599706	
1351	599771	
1351	600130	
1351	604330	
1351	604378	
1351	609346	
1351	610083	
1351	619662	
1351	622152	
1351	623993	
1351	624672	
1351	625070	
1351	656501	
1351	658434	
1351	661830	
1351	664306	
1351	664314	
1351	664377	
1351	676722	
1351	688500	
1351	694664	
1351	702896	
1351	703081	
1351	814277	
1351	835337	
1351	843116	
1351	848100	
1351	848836	
1351	859496	
1351	862097	
1351	862268	
1351	878563	
1351	894099	
1351	894110	
1351	898293	
1351	898305	
1351	901077	
1351	901880	
1351	901915	
1351	905815	
1351	914816	
1351	914817	
1351	915332	
1351	919394	
1351	920349	
1351	922633	
1351	924856	
1351	924858	
1351	935190	
1351	947771	
1351	948243	
1351	948275	
1351	948571	
1351	950380	
1351	950685	
1351	951595	
1351	1015326	
1351	1055746	
1351	1196476	
1351	1206537	
1351	1432696	
1351	1476433	
1351	1545702	
1351	1577996	
1351	1655612	
1351	1724254	
1351	1724255	
1351	1724256	
1351	1724257	
1351	1724258	
1351	2433651	
1351	2577401	
1351	3855900	
1352	618147	
1353	319082	
1353	393066	
1353	415120	
1353	598802	
1353	618147	
1353	1099389	
1355	611560	
1357	1498	
1357	84318	
1357	414447	
1357	596603	
1357	604356	
1357	618147	
1359	618147	
1362	78444	
1362	208908	
1362	212773	
1362	226436	
1362	270023	
1362	702782	
1362	1554534	
1363	561444	
1365	294215	
1365	352733	
1365	392991	
1365	393053	
1365	608617	
1368	286289	
1370	115835	
1370	392993	
1372	392556	
1372	469948	
1372	1111657	
1372	1432756	
1373	1498	
1373	470807	
1374	690299	
1375	16127	
1376	1457	
1376	392993	
1376	426146	
1376	606021	
1376	608617	
1377	9766	
1378	393066	
1378	1038369	
1380	611068	
1381	392993	
1381	1361566	
1383	393663	
1384	1430	
1384	1498	
1384	393053	
1384	470807	
1384	609065	
1384	610377	
1384	610380	
1385	359295	
1386	9766	
1388	9820	
1388	86683	
1388	136751	
1388	394092	
1388	418557	
1388	598802	
1388	608627	
1388	643322	
1388	650161	
1388	859471	
1388	1712177	
1389	600916	
1390	9766	
1390	453874	
1391	212855	
1391	380141	
1392	9765	
1392	78444	
1392	392993	
1392	393053	
1394	364054	
1394	393053	
1396	1430	
1396	1498	
1396	610377	
1396	610380	
1398	352733	
1398	605240	
1402	600916	
1403	605240	
1403	608617	
1404	1479	
1404	393053	
1404	610377	
1404	610380	
1405	293604	
1405	414447	
1405	479093	
1405	623479	
1407	362170	
1407	393054	
1407	453854	
1407	474203	
1410	605240	
1412	610380	
1413	611802	
1414	610377	
1414	610380	
1417	381544	
1418	591082	
1418	1554534	
1419	84318	
1419	599165	
1419	604310	
1419	609470	
1419	611068	
1419	611627	
1420	212855	
1421	4594	
1428	1096011	
1429	559266	
1430	1434	
1430	1467	
1430	1498	
1430	38465	
1430	46195	
1430	81214	
1430	116260	
1430	149882	
1430	199955	
1430	208589	
1430	209180	
1430	212459	
1430	212493	
1430	215173	
1430	245772	
1430	245819	
1430	250346	
1430	283982	
1430	285281	
1430	288105	
1430	290170	
1430	318999	
1430	321858	
1430	329388	
1430	353323	
1430	356939	
1430	367479	
1430	379989	
1430	380598	
1430	388172	
1430	400445	
1430	402118	
1430	412429	
1430	412460	
1430	417954	
1430	425890	
1430	428331	
1430	428345	
1430	428346	
1430	428354	
1430	428366	
1430	428374	
1430	447192	
1430	450028	
1430	488817	
1430	499540	
1430	499541	
1430	530011	
1430	552644	
1430	555911	
1430	599192	
1430	604560	
1430	605840	
1430	606543	
1430	606720	
1430	607758	
1430	610315	
1430	610377	
1430	610380	
1430	610392	
1430	610848	
1430	610944	
1430	610992	
1430	611123	
1430	611146	
1430	612018	
1430	612517	
1430	613169	
1430	640405	
1430	644279	
1430	659213	
1430	659215	
1430	659218	
1430	659221	
1430	659224	
1430	659229	
1430	659230	
1430	659231	
1430	659233	
1430	659234	
1430	659240	
1430	659241	
1430	659243	
1430	659244	
1430	659245	
1430	659251	
1430	659255	
1430	659262	
1430	659269	
1430	668888	
1430	701160	
1430	813530	
1430	836568	
1430	892906	
1430	901157	
1430	911808	
1430	911809	
1430	914927	
1430	914928	
1430	920731	
1430	936780	
1430	936862	
1430	966482	
1430	970048	
1430	974435	
1430	974603	
1430	974605	
1430	974609	
1430	974610	
1430	974623	
1430	974624	
1430	974626	
1430	1007648	
1430	1025665	
1430	1038356	
1430	1040297	
1430	1040353	
1430	1040460	
1430	1120222	
1430	1180902	
1430	1192978	
1430	1196168	
1430	1210185	
1430	1210186	
1430	1210187	
1430	1210190	
1430	1210192	
1430	1210193	
1430	1210194	
1430	1210195	
1430	1210197	
1430	1210198	
1430	1210204	
1430	1210205	
1430	1210208	
1430	1210210	
1430	1210213	
1430	1233603	
1430	1233605	
1430	1233606	
1430	1233607	
1430	1344986	
1430	1344989	
1430	1351722	
1430	1377463	
1430	1497640	
1430	1537451	
1430	1559770	
1430	1779911	
1430	1780517	
1430	1860081	
1430	1860083	
1430	1860107	
1430	1876857	
1430	1918200	
1430	1990995	
1430	2113423	
1430	2113424	
1430	2208020	
1430	2208021	
1430	2208022	
1430	2208049	
1430	2382037	
1430	2870983	
1430	2876687	
1430	3345199	
1430	3477223	
1432	1518465	
1434	1498	
1434	352733	
1434	364054	
1434	609470	
1434	610377	
1434	610380	
1435	1498	
1435	418557	
1441	552377	
1443	392612	
1443	454503	
1443	600916	
1445	1554534	
1446	9766	
1450	2105507	
1451	925673	
1453	352733	
1453	472662	
1454	2989	
1454	1019377	
1456	914812	
1457	1479	
1457	107657	
1457	208120	
1457	266962	
1457	268370	
1457	344777	
1457	362735	
1457	402724	
1457	408583	
1457	604493	
1457	604544	
1457	604560	
1457	605240	
1457	608617	
1457	611100	
1457	611879	
1457	729886	
1457	919242	
1457	919249	
1457	941764	
1457	1113189	
1457	1738276	
1457	1738277	
1457	1791895	
1457	1791962	
1457	1791991	
1457	2066099	
1457	2207836	
1457	2508168	
1457	3475815	
1460	212855	
1460	346694	
1460	1554534	
1461	9765	
1461	9766	
1461	599145	
1467	610377	
1467	610380	
1467	611627	
1467	911811	
1471	330732	
1471	392971	
1471	611068	
1472	362170	
1472	472441	
1472	2296470	
1478	599744	
1478	650161	
1479	255907	
1479	282366	
1479	454621	
1479	608400	
1479	698178	
1479	701153	
1479	701310	
1479	878349	
1479	924778	
1479	948407	
1479	1005926	
1479	1567792	
1479	1771699	
1479	1792104	
1479	1792105	
1479	1792106	
1479	1792107	
1479	1792108	
1479	1792109	
1479	1792110	
1479	1792111	
1479	1792112	
1479	1792113	
1479	1955215	
1479	3910934	
1480	418557	
1482	319002	
1482	340054	
1493	392993	
1494	552377	
1496	393053	
1496	558526	
1496	561678	
1497	9558	
1497	9766	
1498	9818	
1498	10222	
1498	16099	
1498	39600	
1498	84318	
1498	102470	
1498	109375	
1498	115036	
1498	116231	
1498	208274	
1498	208589	
1498	212493	
1498	212988	
1498	245772	
1498	265294	
1498	272770	
1498	272776	
1498	288105	
1498	310881	
1498	310882	
1498	310890	
1498	310912	
1498	335704	
1498	336250	
1498	339915	
1498	347697	
1498	358126	
1498	358130	
1498	367543	
1498	386003	
1498	390843	
1498	390997	
1498	391612	
1498	392633	
1498	392650	
1498	393609	
1498	408102	
1498	409741	
1498	416435	
1498	417954	
1498	418557	
1498	418609	
1498	423795	
1498	426924	
1498	427499	
1498	450697	
1498	450933	
1498	469962	
1498	470797	
1498	470807	
1498	471247	
1498	472623	
1498	472752	
1498	472853	
1498	473080	
1498	500361	
1498	512002	
1498	540443	
1498	542670	
1498	552137	
1498	552929	
1498	552935	
1498	564621	
1498	593581	
1498	596825	
1498	597447	
1498	598843	
1498	599154	
1498	599192	
1498	599861	
1498	604333	
1498	604647	
1498	604888	
1498	605959	
1498	609065	
1498	609366	
1498	610377	
1498	610380	
1498	610832	
1498	611030	
1498	611084	
1498	611109	
1498	611146	
1498	611907	
1498	617258	
1498	623312	
1498	623476	
1498	627925	
1498	627997	
1498	642992	
1498	646119	
1498	659212	
1498	659269	
1498	667297	
1498	667341	
1498	667342	
1498	674705	
1498	676003	
1498	690290	
1498	722003	
1498	730734	
1498	751614	
1498	827707	
1498	835441	
1498	835520	
1498	835551	
1498	836010	
1498	836016	
1498	840109	
1498	842500	
1498	875737	
1498	875740	
1498	887690	
1498	892678	
1498	895026	
1498	902783	
1498	911796	
1498	911810	
1498	911813	
1498	916006	
1498	917603	
1498	919209	
1498	920731	
1498	945920	
1498	968724	
1498	971409	
1498	987523	
1498	1008216	
1498	1019505	
1498	1044117	
1498	1054927	
1498	1054931	
1498	1150819	
1498	1167256	
1498	1170091	
1498	1180864	
1498	1180865	
1498	1191965	
1498	1193308	
1498	1194855	
1498	1196168	
1498	1210059	
1498	1210061	
1498	1288281	
1498	1344911	
1498	1344986	
1498	1344989	
1498	1382887	
1498	1423057	
1498	1471942	
1498	1497555	
1498	1508336	
1498	1535746	
1498	1603821	
1498	1665175	
1498	1695216	
1498	1722614	
1498	1780517	
1498	1798254	
1498	1954232	
1498	2108184	
1498	2208022	
1498	3110291	
1498	3110292	
1498	3110293	
1498	3110294	
1498	3110295	
1498	3110296	
1498	4023052	
1500	16499	
1501	21914	
1554	2890	
1554	114648	
1554	332553	
1554	368072	
1554	532654	
1555	4594	
1557	9766	
1567	9558	
1568	211931	
1576	1712177	
1577	785152	
1578	78444	
1578	438262	
1580	1554534	
1588	9339	
1590	2890	
1601	1791453	
1609	912038	
1614	906947	
1624	1749293	
1624	2426297	
1634	973270	
1635	321259	
1669	9558	
1671	4315	
1671	33632	
1671	33637	
1671	33653	
1675	607910	
1683	906947	
1691	9766	
1691	208908	
1692	320709	
1737	9765	
1737	38254	
1737	43300	
1737	212855	
1737	1554534	
1755	606720	
1758	9820	
1760	608627	
1767	8184	
1775	4129	
1784	116751	
1789	494137	
1803	4594	
1803	494137	
1821	494137	
1848	907344	
1854	4129	
1857	494266	
1861	459342	
1861	528796	
1861	551204	
1877	9765	
1877	9766	
1877	342727	
1887	606636	
1927	494137	
1942	9765	
1950	357056	
1950	364054	
1950	1412747	
2215	821296	
2440	9766	
2443	320709	
2446	372580	
2457	1648530	
2459	396195	
2464	1554534	
2469	9765	
2469	660956	
2472	2890	
2473	79486	
2481	9765	
2481	9766	
2485	9765	
2500	278915	
2504	77349	
2509	552377	
2509	610377	
2518	9765	
2661	642475	
2680	1514774	
2684	9766	
2684	78444	
2687	2924	
2688	817127	
2690	9766	
2690	470338	
2692	513161	
2693	480502	
2694	9766	
2699	261536	
2700	347703	
2701	470338	
2706	51570	
2706	154802	
2706	246118	
2706	271078	
2706	273521	
2706	308705	
2706	354247	
2706	357925	
2706	361605	
2706	412125	
2706	470980	
2706	490470	
2706	494252	
2706	518894	
2706	529840	
2706	568210	
2706	649701	
2706	780295	
2706	783318	
2706	818785	
2706	864550	
2706	897036	
2706	942006	
2706	968171	
2706	999766	
2706	1008010	
2706	1044367	
2706	1045679	
2706	1082177	
2706	1116391	
2706	1138477	
2706	1198077	
2706	1206758	
2706	1209045	
2706	1239887	
2706	1288265	
2706	1318937	
2706	1405709	
2706	1454978	
2706	1523892	
2706	1523893	
2706	1523894	
2706	1538872	
2706	1630075	
2706	1825632	
2706	1981384	
2706	2120515	
2706	2120516	
2706	2120517	
2706	2120519	
2706	2120520	
2706	2195075	
2706	2272285	
2706	2349791	
2706	2349792	
2706	2349793	
2706	2349794	
2706	2535081	
2706	2535121	
2706	2535133	
2714	597909	
2721	252721	
2721	341514	
2721	342727	
2721	479736	
2721	558526	
2721	566926	
2721	702790	
2721	1836415	
2729	1554534	
2732	599744	
2751	689329	
2805	320709	
2806	293621	
2806	348293	
2806	358491	
2806	372580	
2806	639744	
2806	725127	
2806	804828	
2806	1685146	
2806	2056909	
2807	453663	
2811	781903	
2819	1380631	
2823	345426	
2842	47348	
2856	605598	
2880	9766	
2880	208908	
2880	402695	
2883	16080	
2883	337553	
2883	402165	
2883	403774	
2883	453663	
2884	9765	
2884	9766	
2884	638669	
2890	3229	
2890	4130	
2890	4252	
2890	4401	
2890	4412	
2890	4468	
2890	5066	
2890	6644	
2890	6973	
2890	7001	
2890	7419	
2890	8362	
2890	8421	
2890	10083	
2890	10332	
2890	10475	
2890	10654	
2890	10761	
2890	11147	
2890	13862	
2890	13997	
2890	16475	
2890	16494	
2890	16527	
2890	16537	
2890	16612	
2890	16773	
2890	17228	
2890	19265	
2890	19341	
2890	20663	
2890	20991	
2890	21037	
2890	22575	
2890	22855	
2890	22886	
2890	23281	
2890	27487	
2890	27923	
2890	28402	
2890	30164	
2890	30199	
2890	30202	
2890	33614	
2890	33816	
2890	34055	
2890	34100	
2890	34735	
2890	34754	
2890	35892	
2890	36030	
2890	36630	
2890	36815	
2890	36999	
2890	37220	
2890	37434	
2890	37915	
2890	39645	
2890	42266	
2890	42807	
2890	43322	
2890	43925	
2890	46620	
2890	47057	
2890	47350	
2890	48036	
2890	49436	
2890	49504	
2890	51200	
2890	76407	
2890	78440	
2890	87978	
2890	88696	
2890	109053	
2890	109110	
2890	112213	
2890	114664	
2890	114670	
2890	114687	
2890	114808	
2890	114886	
2890	114911	
2890	115041	
2890	115803	
2890	115988	
2890	116029	
2890	116086	
2890	116132	
2890	116238	
2890	116275	
2890	116276	
2890	116335	
2890	116569	
2890	116763	
2890	116769	
2890	116780	
2890	116786	
2890	116795	
2890	116871	
2890	121348	
2890	121584	
2890	147663	
2890	149832	
2890	149921	
2890	149944	
2890	151568	
2890	151603	
2890	155591	
2890	155609	
2890	155612	
2890	155613	
2890	170794	
2890	174815	
2890	197559	
2890	199585	
2890	199874	
2890	200245	
2890	200632	
2890	204858	
2890	205352	
2890	205778	
2890	206262	
2890	206374	
2890	206987	
2890	207030	
2890	207056	
2890	207061	
2890	207608	
2890	207829	
2890	210772	
2890	212092	
2890	212094	
2890	212140	
2890	212175	
2890	213888	
2890	214937	
2890	215778	
2890	217014	
2890	218367	
2890	244915	
2890	244956	
2890	247423	
2890	248849	
2890	249062	
2890	251152	
2890	261789	
2890	262039	
2890	262073	
2890	266641	
2890	269074	
2890	269272	
2890	269733	
2890	270973	
2890	271535	
2890	274446	
2890	277183	
2890	277352	
2890	277657	
2890	277827	
2890	279395	
2890	280799	
2890	280863	
2890	281936	
2890	282201	
2890	283586	
2890	283678	
2890	285219	
2890	288509	
2890	289201	
2890	293159	
2890	294959	
2890	297006	
2890	297345	
2890	304175	
2890	304352	
2890	305435	
2890	305729	
2890	306958	
2890	307069	
2890	307142	
2890	307931	
2890	309902	
2890	310342	
2890	310360	
2890	311239	
2890	311488	
2890	314625	
2890	318128	
2890	318619	
2890	318635	
2890	320456	
2890	322248	
2890	322344	
2890	324393	
2890	326416	
2890	328003	
2890	328910	
2890	330258	
2890	330509	
2890	333007	
2890	337013	
2890	340935	
2890	341053	
2890	341809	
2890	342026	
2890	343592	
2890	343734	
2890	346715	
2890	347755	
2890	347780	
2890	351571	
2890	352584	
2890	353681	
2890	353979	
2890	353984	
2890	355033	
2890	355405	
2890	355460	
2890	355811	
2890	355820	
2890	356077	
2890	357970	
2890	358077	
2890	358116	
2890	358435	
2890	361135	
2890	361139	
2890	361456	
2890	362455	
2890	362986	
2890	365297	
2890	365652	
2890	365844	
2890	366173	
2890	366980	
2890	367349	
2890	368053	
2890	368074	
2890	368078	
2890	368092	
2890	368093	
2890	368114	
2890	369839	
2890	371318	
2890	371548	
2890	373846	
2890	373942	
2890	376601	
2890	378989	
2890	379027	
2890	379075	
2890	379450	
2890	382488	
2890	384370	
2890	385663	
2890	385902	
2890	385903	
2890	386237	
2890	393057	
2890	398240	
2890	399046	
2890	399088	
2890	399938	
2890	400187	
2890	400221	
2890	400334	
2890	400431	
2890	400477	
2890	401539	
2890	401642	
2890	402256	
2890	402645	
2890	403692	
2890	403721	
2890	404814	
2890	404869	
2890	405409	
2890	405569	
2890	406064	
2890	406968	
2890	407068	
2890	407792	
2890	408375	
2890	408378	
2890	408426	
2890	409790	
2890	410251	
2890	411423	
2890	412667	
2890	412713	
2890	415807	
2890	415843	
2890	416157	
2890	416318	
2890	418759	
2890	419324	
2890	422842	
2890	423218	
2890	423668	
2890	424204	
2890	424977	
2890	424983	
2890	425373	
2890	425434	
2890	426540	
2890	426957	
2890	427487	
2890	428562	
2890	429162	
2890	432979	
2890	434371	
2890	434426	
2890	434852	
2890	435370	
2890	440166	
2890	441925	
2890	443276	
2890	443796	
2890	448516	
2890	450944	
2890	451541	
2890	454484	
2890	455101	
2890	455103	
2890	455116	
2890	459629	
2890	459722	
2890	461559	
2890	467476	
2890	468722	
2890	468734	
2890	470253	
2890	472431	
2890	474819	
2890	476134	
2890	478447	
2890	482987	
2890	483014	
2890	483027	
2890	483934	
2890	491051	
2890	491510	
2890	491511	
2890	492855	
2890	493069	
2890	494149	
2890	494616	
2890	495548	
2890	496265	
2890	497093	
2890	497171	
2890	497978	
2890	498282	
2890	498938	
2890	502662	
2890	506034	
2890	507056	
2890	507728	
2890	513356	
2890	518420	
2890	518916	
2890	519253	
2890	519802	
2890	519814	
2890	519924	
2890	519966	
2890	521578	
2890	524002	
2890	526920	
2890	527025	
2890	528599	
2890	528812	
2890	529804	
2890	530027	
2890	530953	
2890	531211	
2890	531401	
2890	533118	
2890	533519	
2890	535034	
2890	536631	
2890	537360	
2890	537579	
2890	538673	
2890	540629	
2890	542161	
2890	542204	
2890	542609	
2890	542804	
2890	547940	
2890	548503	
2890	548510	
2890	549522	
2890	550375	
2890	554238	
2890	554371	
2890	554760	
2890	555893	
2890	557957	
2890	560095	
2890	561499	
2890	561621	
2890	562939	
2890	566146	
2890	566512	
2890	569366	
2890	570557	
2890	571266	
2890	576372	
2890	577575	
2890	587994	
2890	590365	
2890	596933	
2890	598234	
2890	600335	
2890	600690	
2890	600788	
2890	604517	
2890	604700	
2890	605006	
2890	605334	
2890	605340	
2890	605381	
2890	605501	
2890	605516	
2890	605567	
2890	605636	
2890	605683	
2890	605793	
2890	605799	
2890	605807	
2890	605831	
2890	606114	
2890	606122	
2890	606195	
2890	606205	
2890	606268	
2890	606338	
2890	606348	
2890	606465	
2890	606554	
2890	606572	
2890	606641	
2890	606650	
2890	606659	
2890	606734	
2890	606992	
2890	607065	
2890	607170	
2890	607288	
2890	607297	
2890	607298	
2890	607299	
2890	607313	
2890	607414	
2890	607454	
2890	607858	
2890	607861	
2890	608083	
2890	608287	
2890	608303	
2890	608305	
2890	608308	
2890	608315	
2890	608317	
2890	608318	
2890	608330	
2890	608356	
2890	608360	
2890	608796	
2890	608816	
2890	608999	
2890	609491	
2890	609643	
2890	609724	
2890	609822	
2890	609896	
2890	609898	
2890	609946	
2890	609992	
2890	610446	
2890	610553	
2890	610946	
2890	610949	
2890	611279	
2890	611628	
2890	613325	
2890	616970	
2890	617017	
2890	618070	
2890	618809	
2890	622173	
2890	623551	
2890	623677	
2890	624816	
2890	626627	
2890	627296	
2890	627883	
2890	635665	
2890	636679	
2890	638538	
2890	642264	
2890	643190	
2890	645249	
2890	646255	
2890	649498	
2890	649694	
2890	650860	
2890	654235	
2890	656034	
2890	656467	
2890	659237	
2890	661386	
2890	661392	
2890	661804	
2890	663308	
2890	665301	
2890	665362	
2890	667046	
2890	667062	
2890	669442	
2890	670144	
2890	672210	
2890	672462	
2890	672830	
2890	674413	
2890	674667	
2890	675997	
2890	679661	
2890	682761	
2890	686268	
2890	688204	
2890	689064	
2890	690840	
2890	695661	
2890	698706	
2890	699670	
2890	701322	
2890	701348	
2890	704816	
2890	705636	
2890	715066	
2890	715235	
2890	721175	
2890	722425	
2890	722426	
2890	723089	
2890	728749	
2890	728959	
2890	729239	
2890	730415	
2890	731879	
2890	736618	
2890	736731	
2890	739621	
2890	740337	
2890	741436	
2890	742998	
2890	744006	
2890	744007	
2890	745420	
2890	764512	
2890	778568	
2890	781637	
2890	786993	
2890	787531	
2890	789875	
2890	791825	
2890	791947	
2890	797350	
2890	802805	
2890	806318	
2890	809651	
2890	810358	
2890	810478	
2890	812581	
2890	820402	
2890	823824	
2890	835962	
2890	836470	
2890	837123	
2890	837529	
2890	839328	
2890	839410	
2890	839491	
2890	840619	
2890	840854	
2890	841307	
2890	841525	
2890	849431	
2890	853291	
2890	853976	
2890	855307	
2890	860221	
2890	860626	
2890	863280	
2890	865554	
2890	866482	
2890	869307	
2890	870767	
2890	871088	
2890	876299	
2890	876303	
2890	884130	
2890	886151	
2890	886770	
2890	887343	
2890	891233	
2890	891404	
2890	891428	
2890	891458	
2890	891572	
2890	891940	
2890	891985	
2890	892268	
2890	892542	
2890	892616	
2890	892651	
2890	892988	
2890	893571	
2890	894333	
2890	894347	
2890	894412	
2890	894453	
2890	894514	
2890	894672	
2890	894681	
2890	894898	
2890	894988	
2890	895929	
2890	896905	
2890	896950	
2890	897115	
2890	897450	
2890	897627	
2890	897655	
2890	897663	
2890	897671	
2890	899021	
2890	899827	
2890	899837	
2890	899844	
2890	899856	
2890	900386	
2890	900508	
2890	902128	
2890	906042	
2890	910974	
2890	915845	
2890	917674	
2890	919210	
2890	920003	
2890	923307	
2890	929913	
2890	936849	
2890	939337	
2890	940636	
2890	942160	
2890	943336	
2890	943450	
2890	945555	
2890	948175	
2890	955427	
2890	955601	
2890	957426	
2890	957568	
2890	965564	
2890	965823	
2890	968896	
2890	970529	
2890	970834	
2890	973726	
2890	975770	
2890	976267	
2890	976749	
2890	977341	
2890	984562	
2890	984924	
2890	987140	
2890	988736	
2890	988737	
2890	988738	
2890	988741	
2890	992388	
2890	993121	
2890	994436	
2890	995534	
2890	999140	
2890	1001359	
2890	1002801	
2890	1008467	
2890	1008873	
2890	1021419	
2890	1021617	
2890	1022971	
2890	1030430	
2890	1035876	
2890	1037389	
2890	1037390	
2890	1038100	
2890	1038675	
2890	1038862	
2890	1038963	
2890	1039348	
2890	1039505	
2890	1039647	
2890	1040165	
2890	1040225	
2890	1040601	
2890	1040603	
2890	1040606	
2890	1041141	
2890	1041434	
2890	1041905	
2890	1042838	
2890	1057736	
2890	1066877	
2890	1066923	
2890	1091539	
2890	1098886	
2890	1105147	
2890	1105266	
2890	1106373	
2890	1108315	
2890	1117581	
2890	1135681	
2890	1137050	
2890	1137052	
2890	1138323	
2890	1142004	
2890	1145105	
2890	1154297	
2890	1157485	
2890	1173340	
2890	1173685	
2890	1173705	
2890	1175035	
2890	1176155	
2890	1183362	
2890	1183870	
2890	1193904	
2890	1209239	
2890	1212294	
2890	1213191	
2890	1218091	
2890	1219512	
2890	1234438	
2890	1253632	
2890	1258922	
2890	1273780	
2890	1283737	
2890	1288948	
2890	1293011	
2890	1293904	
2890	1314203	
2890	1316584	
2890	1323853	
2890	1326597	
2890	1337772	
2890	1339722	
2890	1344791	
2890	1347509	
2890	1347840	
2890	1352674	
2890	1359777	
2890	1367071	
2890	1374367	
2890	1387812	
2890	1402944	
2890	1405894	
2890	1409768	
2890	1433435	
2890	1441279	
2890	1447988	
2890	1452040	
2890	1452549	
2890	1452936	
2890	1453661	
2890	1465192	
2890	1473911	
2890	1479174	
2890	1481415	
2890	1484941	
2890	1487749	
2890	1504263	
2890	1524303	
2890	1525880	
2890	1536607	
2890	1536614	
2890	1536615	
2890	1536732	
2890	1537586	
2890	1544510	
2890	1547123	
2890	1563693	
2890	1566657	
2890	1584993	
2890	1609704	
2890	1612776	
2890	1639873	
2890	1647156	
2890	1654239	
2890	1671581	
2890	1676181	
2890	1681188	
2890	1693823	
2890	1704551	
2890	1718876	
2890	1729720	
2890	1737745	
2890	1740234	
2890	1740335	
2890	1740461	
2890	1742303	
2890	1744603	
2890	1753032	
2890	1763064	
2890	1771018	
2890	1771019	
2890	1777600	
2890	1793134	
2890	1796559	
2890	1820059	
2890	1823019	
2890	1824158	
2890	1827935	
2890	1833371	
2890	1840885	
2890	1853828	
2890	1854241	
2890	1856763	
2890	1875827	
2890	1894071	
2890	1903627	
2890	1923518	
2890	1938112	
2890	1947325	
2890	1956299	
2890	1963528	
2890	1963770	
2890	1972136	
2890	1973950	
2890	1973982	
2890	1978611	
2890	1994351	
2890	2018379	
2890	2024886	
2890	2025181	
2890	2026179	
2890	2028129	
2890	2045206	
2890	2072998	
2890	2073405	
2890	2094856	
2890	2097168	
2890	2157749	
2890	2159234	
2890	2168627	
2890	2221502	
2890	2236259	
2890	2280427	
2890	2306794	
2890	2324981	
2890	2364336	
2890	2374910	
2890	2390288	
2890	2395570	
2890	2405616	
2890	2419178	
2890	2429392	
2890	2468590	
2890	2468592	
2890	2503897	
2890	2539288	
2890	2557240	
2890	2567625	
2890	2587740	
2890	2591094	
2890	2610282	
2890	2673213	
2890	2721108	
2890	2726558	
2890	2748010	
2890	2757984	
2890	2787745	
2890	2848436	
2890	2849583	
2890	2891685	
2890	2931882	
2890	2946516	
2890	3262353	
2890	3318941	
2890	3384477	
2890	3483938	
2890	3976511	
2890	4028686	
2892	9820	
2892	924640	
2893	854821	
2896	107737	
2896	116777	
2896	292747	
2896	402695	
2896	568925	
2896	609577	
2896	907344	
2903	9765	
2903	9766	
2903	114909	
2903	356231	
2903	604700	
2903	606720	
2904	1301780	
2907	844744	
2910	261536	
2914	1755612	
2919	4129	
2919	4315	
2922	402695	
2924	4397	
2924	5421	
2924	6162	
2924	7189	
2924	8745	
2924	13983	
2924	18921	
2924	23986	
2924	38707	
2924	49012	
2924	50935	
2924	51134	
2924	206269	
2924	206313	
2924	272281	
2924	281372	
2924	281891	
2924	285418	
2924	300875	
2924	303159	
2924	306846	
2924	311518	
2924	340430	
2924	340438	
2924	341385	
2924	342712	
2924	352438	
2924	352968	
2924	353000	
2924	353001	
2924	355402	
2924	360248	
2924	360867	
2924	360889	
2924	363981	
2924	400383	
2924	402722	
2924	431990	
2924	432276	
2924	436808	
2924	439151	
2924	451617	
2924	458320	
2924	458912	
2924	459514	
2924	464348	
2924	488652	
2924	494612	
2924	495888	
2924	495894	
2924	501933	
2924	520421	
2924	527682	
2924	544612	
2924	558985	
2924	570069	
2924	573539	
2924	573549	
2924	608566	
2924	621555	
2924	630680	
2924	630681	
2924	630682	
2924	630684	
2924	630686	
2924	630688	
2924	630689	
2924	630690	
2924	630694	
2924	630695	
2924	630696	
2924	630697	
2924	630698	
2924	630699	
2924	630700	
2924	630701	
2924	630702	
2924	630703	
2924	642998	
2924	644599	
2924	645972	
2924	646772	
2924	647868	
2924	650393	
2924	660427	
2924	664056	
2924	789354	
2924	862443	
2924	864508	
2924	873564	
2924	941292	
2924	968062	
2924	983294	
2924	986499	
2924	1002715	
2924	1037625	
2924	1058961	
2924	1202150	
2924	1205574	
2924	1206689	
2924	1216365	
2924	1246958	
2924	1267036	
2924	1267037	
2924	1272320	
2924	1277909	
2924	1319775	
2924	1326961	
2924	1332802	
2924	1363425	
2924	1416405	
2924	1455715	
2924	1455895	
2924	1456388	
2924	1456393	
2924	1467145	
2924	1500749	
2924	1501143	
2924	1663183	
2924	1680240	
2924	1707592	
2924	1707593	
2924	1707594	
2924	1707595	
2924	1707596	
2924	1707597	
2924	1707598	
2924	1707599	
2924	1707600	
2924	1707601	
2924	1707602	
2924	1707603	
2924	1707604	
2924	1707605	
2924	1707606	
2924	1707607	
2924	1707608	
2924	1707609	
2924	1707610	
2924	1858478	
2930	9820	
2931	9766	
2931	86683	
2932	385743	
2932	434257	
2932	586689	
2939	4129	
2946	434766	
2946	457539	
2947	78444	
2950	4129	
2962	1518465	
2969	1838545	
2989	4182	
2989	8051	
2989	8378	
2989	9617	
2989	9837	
2989	9847	
2989	9877	
2989	9906	
2989	9913	
2989	9921	
2989	9985	
2989	10066	
2989	10089	
2989	10108	
2989	10123	
2989	10432	
2989	10548	
2989	10550	
2989	11616	
2989	13766	
2989	15943	
2989	16228	
2989	16441	
2989	16503	
2989	16524	
2989	16530	
2989	16531	
2989	16588	
2989	16590	
2989	21727	
2989	21912	
2989	25835	
2989	30085	
2989	44996	
2989	46679	
2989	77397	
2989	78547	
2989	78567	
2989	82762	
2989	85841	
2989	88787	
2989	102470	
2989	115834	
2989	115846	
2989	151666	
2989	153579	
2989	157594	
2989	183265	
2989	198933	
2989	200849	
2989	203654	
2989	203745	
2989	204350	
2989	205271	
2989	207290	
2989	209313	
2989	211245	
2989	213266	
2989	215466	
2989	216347	
2989	217108	
2989	217383	
2989	221811	
2989	222862	
2989	223605	
2989	225509	
2989	226119	
2989	233033	
2989	246117	
2989	248997	
2989	252721	
2989	261540	
2989	266012	
2989	267386	
2989	270029	
2989	270039	
2989	270043	
2989	270082	
2989	270120	
2989	270693	
2989	272293	
2989	272755	
2989	284394	
2989	294519	
2989	294532	
2989	301096	
2989	303096	
2989	310764	
2989	310875	
2989	311461	
2989	312266	
2989	312950	
2989	317679	
2989	318315	
2989	321684	
2989	321848	
2989	321975	
2989	322341	
2989	326096	
2989	326147	
2989	326415	
2989	326449	
2989	327020	
2989	329160	
2989	329414	
2989	335230	
2989	335303	
2989	336663	
2989	339201	
2989	342863	
2989	343286	
2989	345117	
2989	345431	
2989	345749	
2989	346920	
2989	353831	
2989	353971	
2989	354283	
2989	354543	
2989	355535	
2989	357716	
2989	358131	
2989	358158	
2989	364910	
2989	365159	
2989	366166	
2989	366175	
2989	367535	
2989	368144	
2989	368995	
2989	370951	
2989	371753	
2989	371771	
2989	376731	
2989	377157	
2989	378822	
2989	379617	
2989	379623	
2989	379628	
2989	379899	
2989	379901	
2989	379931	
2989	379934	
2989	380099	
2989	380779	
2989	381788	
2989	382683	
2989	382996	
2989	383884	
2989	383912	
2989	383915	
2989	384011	
2989	384315	
2989	384336	
2989	384339	
2989	384347	
2989	384350	
2989	384844	
2989	385334	
2989	385376	
2989	385639	
2989	387391	
2989	390952	
2989	391833	
2989	391837	
2989	391885	
2989	391894	
2989	392380	
2989	392458	
2989	392541	
2989	392606	
2989	392630	
2989	392729	
2989	392738	
2989	392752	
2989	392776	
2989	392852	
2989	393009	
2989	393048	
2989	393050	
2989	393071	
2989	393083	
2989	393133	
2989	393166	
2989	393205	
2989	393210	
2989	393233	
2989	393310	
2989	393330	
2989	393366	
2989	393401	
2989	393518	
2989	393554	
2989	393557	
2989	393636	
2989	393675	
2989	393681	
2989	393728	
2989	393960	
2989	393965	
2989	394032	
2989	394033	
2989	394049	
2989	394060	
2989	394061	
2989	394092	
2989	394239	
2989	394295	
2989	394564	
2989	394573	
2989	394812	
2989	394968	
2989	395210	
2989	395216	
2989	395640	
2989	395644	
2989	395707	
2989	395727	
2989	395748	
2989	395970	
2989	396197	
2989	400345	
2989	403774	
2989	403788	
2989	403794	
2989	404091	
2989	405806	
2989	406575	
2989	406654	
2989	406728	
2989	406907	
2989	408087	
2989	409868	
2989	410680	
2989	411280	
2989	412326	
2989	412442	
2989	412478	
2989	412925	
2989	415821	
2989	416684	
2989	417027	
2989	417153	
2989	418239	
2989	418460	
2989	418556	
2989	418584	
2989	418611	
2989	418962	
2989	418970	
2989	423051	
2989	423254	
2989	423259	
2989	423262	
2989	423283	
2989	423296	
2989	423300	
2989	423317	
2989	423354	
2989	423356	
2989	423359	
2989	425309	
2989	425422	
2989	425504	
2989	426164	
2989	426294	
2989	426324	
2989	426332	
2989	426404	
2989	427505	
2989	430483	
2989	433117	
2989	433368	
2989	433369	
2989	433605	
2989	433962	
2989	434314	
2989	434663	
2989	434749	
2989	435019	
2989	435397	
2989	436919	
2989	439524	
2989	442076	
2989	442135	
2989	444185	
2989	445598	
2989	445599	
2989	445603	
2989	447660	
2989	447926	
2989	448235	
2989	449107	
2989	450115	
2989	452367	
2989	452546	
2989	453051	
2989	457128	
2989	457496	
2989	457544	
2989	458408	
2989	458933	
2989	459205	
2989	463251	
2989	465854	
2989	468178	
2989	470801	
2989	471200	
2989	471253	
2989	471495	
2989	471636	
2989	471703	
2989	471746	
2989	471916	
2989	471941	
2989	472523	
2989	472572	
2989	472588	
2989	472594	
2989	472675	
2989	472710	
2989	472715	
2989	472719	
2989	472720	
2989	472723	
2989	472725	
2989	472727	
2989	472746	
2989	472747	
2989	472750	
2989	472754	
2989	473324	
2989	473945	
2989	474342	
2989	474918	
2989	475950	
2989	476201	
2989	476318	
2989	476347	
2989	478799	
2989	479768	
2989	485005	
2989	488828	
2989	490143	
2989	498309	
2989	521140	
2989	525821	
2989	525847	
2989	534313	
2989	535466	
2989	537916	
2989	539582	
2989	542574	
2989	542589	
2989	542629	
2989	542695	
2989	542704	
2989	552149	
2989	552384	
2989	552996	
2989	553205	
2989	553340	
2989	553775	
2989	554727	
2989	554785	
2989	555968	
2989	555999	
2989	557735	
2989	557947	
2989	557958	
2989	557984	
2989	558441	
2989	558622	
2989	558764	
2989	558907	
2989	559042	
2989	560595	
2989	561892	
2989	562591	
2989	562948	
2989	563876	
2989	565079	
2989	569560	
2989	572881	
2989	574514	
2989	577243	
2989	584580	
2989	584726	
2989	586108	
2989	586672	
2989	587365	
2989	588355	
2989	588467	
2989	589904	
2989	590313	
2989	591095	
2989	591903	
2989	593391	
2989	594769	
2989	594951	
2989	595094	
2989	595103	
2989	595105	
2989	595167	
2989	595288	
2989	595753	
2989	595889	
2989	596071	
2989	596485	
2989	597127	
2989	597151	
2989	597235	
2989	597311	
2989	597503	
2989	598151	
2989	598163	
2989	598561	
2989	598569	
2989	598605	
2989	598622	
2989	598653	
2989	598715	
2989	598778	
2989	598798	
2989	598836	
2989	599022	
2989	599060	
2989	599064	
2989	599073	
2989	599085	
2989	599107	
2989	599117	
2989	599125	
2989	599155	
2989	599160	
2989	599178	
2989	599296	
2989	599299	
2989	599529	
2989	599595	
2989	599663	
2989	599688	
2989	599695	
2989	599705	
2989	599737	
2989	599740	
2989	599745	
2989	599765	
2989	599778	
2989	599801	
2989	599804	
2989	599832	
2989	599861	
2989	599884	
2989	599965	
2989	599970	
2989	600103	
2989	600128	
2989	604310	
2989	604349	
2989	604364	
2989	604367	
2989	604439	
2989	604598	
2989	604835	
2989	604888	
2989	605045	
2989	607114	
2989	607626	
2989	608896	
2989	608910	
2989	609110	
2989	609346	
2989	609375	
2989	609414	
2989	609632	
2989	610107	
2989	611020	
2989	611158	
2989	611430	
2989	611431	
2989	611439	
2989	611565	
2989	611750	
2989	612323	
2989	612636	
2989	612682	
2989	612772	
2989	612792	
2989	613012	
2989	613031	
2989	616261	
2989	616432	
2989	617153	
2989	617160	
2989	617183	
2989	617194	
2989	617196	
2989	617201	
2989	617202	
2989	617203	
2989	617205	
2989	617215	
2989	617218	
2989	617219	
2989	617224	
2989	617227	
2989	617234	
2989	617241	
2989	617318	
2989	617333	
2989	617435	
2989	617678	
2989	617712	
2989	617715	
2989	617754	
2989	617763	
2989	617788	
2989	618073	
2989	618112	
2989	618151	
2989	618152	
2989	618171	
2989	618183	
2989	618308	
2989	618331	
2989	618621	
2989	622973	
2989	623008	
2989	623204	
2989	623377	
2989	623389	
2989	623974	
2989	625569	
2989	625576	
2989	625590	
2989	625598	
2989	625615	
2989	625616	
2989	627201	
2989	637852	
2989	637853	
2989	637871	
2989	637904	
2989	638681	
2989	639453	
2989	641483	
2989	642986	
2989	643173	
2989	645356	
2989	646689	
2989	647358	
2989	651949	
2989	653988	
2989	654657	
2989	655615	
2989	656494	
2989	656513	
2989	656520	
2989	660952	
2989	662494	
2989	663160	
2989	664242	
2989	665445	
2989	665651	
2989	666826	
2989	668141	
2989	671233	
2989	673599	
2989	674808	
2989	675219	
2989	675226	
2989	677356	
2989	680845	
2989	681114	
2989	683591	
2989	683758	
2989	688786	
2989	688856	
2989	688882	
2989	688884	
2989	690481	
2989	690938	
2989	693353	
2989	694056	
2989	694488	
2989	694693	
2989	694708	
2989	695131	
2989	698015	
2989	701419	
2989	701762	
2989	702376	
2989	702380	
2989	702501	
2989	702686	
2989	702771	
2989	702798	
2989	702837	
2989	702856	
2989	702908	
2989	703003	
2989	703881	
2989	703942	
2989	703986	
2989	704152	
2989	704224	
2989	704739	
2989	705299	
2989	706293	
2989	706456	
2989	707486	
2989	719209	
2989	719436	
2989	719945	
2989	720002	
2989	723017	
2989	723052	
2989	725637	
2989	738548	
2989	740325	
2989	757602	
2989	771788	
2989	782109	
2989	790427	
2989	791814	
2989	792137	
2989	796995	
2989	797161	
2989	797996	
2989	798028	
2989	798029	
2989	798042	
2989	798058	
2989	798164	
2989	803550	
2989	814119	
2989	814485	
2989	814585	
2989	814611	
2989	814632	
2989	814712	
2989	815062	
2989	815081	
2989	815110	
2989	815651	
2989	816258	
2989	817922	
2989	817923	
2989	817926	
2989	818532	
2989	819494	
2989	820440	
2989	831488	
2989	833103	
2989	834340	
2989	835441	
2989	836300	
2989	836825	
2989	838481	
2989	838585	
2989	838663	
2989	839449	
2989	839461	
2989	841500	
2989	841784	
2989	841791	
2989	841830	
2989	841832	
2989	841835	
2989	842287	
2989	842322	
2989	842517	
2989	842689	
2989	843058	
2989	843079	
2989	843366	
2989	843452	
2989	844744	
2989	846237	
2989	846553	
2989	846578	
2989	847067	
2989	847664	
2989	848084	
2989	848251	
2989	848313	
2989	848318	
2989	848539	
2989	848607	
2989	848649	
2989	848959	
2989	872163	
2989	872185	
2989	873426	
2989	873785	
2989	874696	
2989	875505	
2989	876018	
2989	878527	
2989	878755	
2989	878918	
2989	879026	
2989	879237	
2989	889041	
2989	896111	
2989	896118	
2989	898039	
2989	898159	
2989	898277	
2989	898704	
2989	900946	
2989	906233	
2989	908737	
2989	908738	
2989	910932	
2989	912315	
2989	913400	
2989	913885	
2989	914677	
2989	915084	
2989	915312	
2989	915550	
2989	915560	
2989	916118	
2989	917942	
2989	919424	
2989	919855	
2989	923054	
2989	924606	
2989	924610	
2989	925155	
2989	925709	
2989	926018	
2989	926229	
2989	926238	
2989	926768	
2989	926775	
2989	927090	
2989	927155	
2989	927159	
2989	927556	
