21614	1018380	
456369	1018380	
485925	1018380	
618679	1018380	
638583	1018380	
639541	1018380	
694689	1018380	
717805	1018380	
747121	1018380	
796851	1018380	
928109	1018380	
1018122	1018380	
1018123	1018380	
1018125	1018380	
1018126	1018380	
1018128	1018380	
1018129	1018380	
1018131	1018380	
1018156	1018380	
1018167	1018380	
1018303	1018380	
1018380	1018546	
1018380	1018561	
1018380	1113799	
1018380	1113800	
1018380	1113801	
1018380	1113802	
1018380	1113803	
1018380	1113804	
1018380	1113805	
1018380	1113806	
1018380	1113807	
1018380	1113808	
1018380	1113809	
1018380	1113810	
1018380	1113811	
1018380	1113812	
1018380	1113819	
1018380	1113820	
1018380	1113822	
1018380	1113823	
1018380	1113832	
1018380	1113833	
1018380	1113834	
1018380	1846746	
1018380	1918074	
1018380	2034648	
1018380	2034766	
1018380	2393703	
1018380	2393706	
1018380	2393714	
1018380	2393798	
1018380	2393800	
1018380	2393825	
1018380	2393856	
1018380	2393857	
1318	21614	
1500	21614	
1557	21614	
1564	21614	
2932	928109	
4435	618679	
4435	1113804	
5428	21614	
5636	21614	
6147	21614	
6160	21614	
6165	21614	
6930	21614	
7486	796851	
7492	796851	
9351	21614	
9573	21614	
9765	747121	
9765	928109	
9765	1018122	
9765	1018303	
9778	928109	
9794	928109	
9805	928109	
11708	21614	
11783	618679	
11871	21614	
11872	21614	
13300	928109	
14190	456369	
15958	928109	
16497	456369	
18634	21614	
21471	21614	
21527	21614	
21614	21684	
21614	22217	
21614	22641	
21614	34610	
21614	36754	
21614	39355	
21614	41114	
21614	41597	
21614	43693	
21614	50346	
21614	50357	
21614	50556	
21614	50614	
21614	84304	
21614	88039	
21614	101610	
21614	199929	
21614	199952	
21614	200344	
21614	207977	
21614	218274	
21614	265804	
21614	270085	
21614	270088	
21614	277657	
21614	280102	
21614	280552	
21614	280651	
21614	281717	
21614	281750	
21614	281771	
21614	284353	
21614	299876	
21614	364525	
21614	366913	
21614	382216	
21614	382407	
21614	383834	
21614	383836	
21614	383852	
21614	395581	
21614	397580	
21614	398181	
21614	401105	
21614	418808	
21614	436821	
21614	473666	
21614	478975	
21614	478976	
21614	478977	
21614	478978	
21614	480265	
21614	480267	
21614	480362	
21614	480812	
21614	482956	
21614	483110	
21614	483155	
21614	483288	
21614	483762	
21614	484475	
21614	484571	
21614	484796	
21614	484862	
21614	485042	
21614	485117	
21614	485731	
21614	485757	
21614	485864	
21614	485960	
21614	485961	
21614	485980	
21614	503139	
21614	527201	
21614	528316	
21614	528317	
21614	528321	
21614	528326	
21614	554002	
21614	554010	
21614	647157	
21614	657244	
21614	701611	
21614	706195	
21614	717791	
21614	717796	
21614	717799	
21614	717804	
21614	717813	
21614	778326	
21614	796851	
21614	813507	
21614	816572	
21614	847598	
21614	847606	
21614	965796	
21614	988714	
21614	988718	
21614	988727	
21614	1012902	
21614	1012905	
21614	1012913	
21614	1012914	
21614	1012916	
21614	1012918	
21614	1012919	
21614	1012923	
21614	1012927	
21614	1012928	
21614	1017999	
21614	1018002	
21614	1018008	
21614	1018035	
21614	1018036	
21614	1018053	
21614	1018070	
21614	1018092	
21614	1018094	
21614	1018110	
21614	1018111	
21614	1018113	
21614	1018115	
21614	1018117	
21614	1018119	
21614	1018121	
21614	1018140	
21614	1018152	
21614	1018157	
21614	1018162	
21614	1018163	
21614	1018166	
21614	1018169	
21614	1018170	
21614	1018178	
21614	1018189	
21614	1018202	
21614	1018205	
21614	1018228	
21614	1018247	
21614	1018250	
21614	1018253	
21614	1018264	
21614	1018273	
21614	1018280	
21614	1018294	
21614	1018295	
21614	1018331	
21614	1018334	
21614	1018356	
21614	1018368	
21614	1018381	
21614	1018389	
21614	1018416	
21614	1018451	
21614	1018464	
21614	1018485	
21614	1018560	
21614	1018609	
21614	1018645	
21614	1018646	
21614	1018647	
21614	1018648	
21614	1018649	
21614	1018651	
21614	1018652	
21614	1018654	
21614	1018655	
21614	1018658	
21614	1018659	
21614	1018660	
21614	1018661	
21614	1018663	
21614	1018665	
21614	1018668	
21614	1018669	
21614	1018670	
21614	1018671	
21614	1018672	
21614	1018673	
21614	1018677	
21614	1018683	
21614	1018740	
21614	1019455	
21614	1019759	
21614	1019761	
21614	1047380	
21614	1060114	
21614	1216538	
21614	1336974	
21614	1465241	
21614	1602036	
21614	1603726	
21614	1691466	
21614	1776546	
21614	1960233	
21614	2034624	
21614	2034626	
21614	2034640	
21614	2034641	
21614	2034642	
21614	2034643	
21614	2034644	
21614	2034645	
21614	2034646	
21614	2034647	
21614	2034648	
21614	2034649	
21614	2034650	
21614	2034651	
21614	2034652	
21614	2034653	
21614	2034654	
21614	2034655	
21614	2034656	
21614	2034657	
21614	2034658	
21614	2034659	
21614	2034660	
21614	2034661	
21614	2034662	
21614	2034663	
21614	2034664	
21614	2034665	
21614	2034666	
21614	2034667	
21614	2034668	
21614	2034669	
21614	2034670	
21614	2034671	
21614	2034672	
21614	2034673	
21614	2034674	
21614	2034675	
21614	2034676	
21614	2034677	
21614	2034678	
21614	2034679	
21614	2034680	
21614	2034681	
21614	2034682	
21614	2034683	
21614	2034684	
21614	2034685	
21614	2034686	
21614	2034687	
21614	2034688	
21614	2034689	
21614	2034690	
21614	2034691	
21614	2034692	
21614	2034693	
21614	2034694	
21614	2034695	
21614	2034696	
21614	2034697	
21614	2034698	
21614	2034699	
21614	2034700	
21614	2034701	
21614	2034702	
21614	2034703	
21614	2034704	
21614	2034705	
21614	2034706	
21614	2034707	
21614	2034708	
21614	2034709	
21614	2034710	
21614	2034711	
21614	2034712	
21614	2034713	
21614	2034714	
21614	2034715	
21614	2034716	
21614	2034717	
21614	2034718	
21614	2034719	
21614	2034720	
21614	2034721	
21614	2034722	
21614	2034723	
21614	2034724	
21614	2034725	
21614	2034726	
21614	2034727	
21614	2034728	
21614	2034729	
21614	2034730	
21614	2034731	
21614	2034732	
21614	2162648	
21614	2392633	
21614	2849138	
22217	485925	
24995	456369	
39407	796851	
75598	928109	
77451	456369	
77451	639541	
81188	618679	
104559	1018167	
105392	485925	
144927	1018546	
157592	456369	
157611	928109	
163456	1018156	
184901	928109	
198462	1018167	
200529	618679	
202572	639541	
202572	747121	
202572	1018123	
202572	1018303	
203933	638583	
203933	1018156	
212773	456369	
216162	456369	
216162	639541	
216605	456369	
217972	928109	
221832	2034648	
229048	1113800	
261280	1113808	
281323	1018167	
288226	456369	
297698	1018167	
303959	456369	
319002	456369	
319020	456369	
337958	456369	
339701	456369	
364525	485925	
364525	796851	
370737	485925	
373354	456369	
378210	639541	
378973	618679	
380493	796851	
380557	928109	
380763	2034648	
381079	639541	
381079	747121	
381079	1018123	
381079	1018303	
382216	1018561	
382220	639541	
382220	747121	
382220	1018123	
382220	1018126	
382220	1018303	
382405	485925	
382408	485925	
382409	485925	
382601	1018546	
382642	1846746	
383210	639541	
383652	456369	
383811	485925	
383811	1018167	
383813	1018167	
383815	485925	
383823	456369	
383826	485925	
383826	1018167	
383833	485925	
383834	485925	
383834	1018561	
383836	485925	
383836	1018167	
383836	1113803	
383843	485925	
384309	694689	
384311	456369	
384677	694689	
384682	2034648	
385451	456369	
385616	618679	
386003	456369	
386003	639541	
386003	1018126	
390942	928109	
390962	456369	
391740	456369	
391740	639541	
391785	456369	
391785	639541	
392406	928109	
393149	694689	
393738	928109	
393756	928109	
393757	928109	
393816	928109	
394282	928109	
396155	928109	
396266	456369	
399506	485925	
401105	2034766	
428262	456369	
428394	928109	
433934	1918074	
437264	456369	
442962	928109	
443224	456369	
443511	1846746	
453843	456369	
455003	456369	
455632	717805	
456369	472882	
456369	474288	
456369	475300	
456369	478975	
456369	514622	
456369	541911	
456369	551218	
456369	552786	
456369	557392	
456369	588416	
456369	594538	
456369	594679	
456369	595543	
456369	595546	
456369	596403	
456369	598807	
456369	598946	
456369	614994	
456369	618679	
456369	636900	
456369	636901	
456369	636907	
456369	636909	
456369	638583	
456369	638866	
456369	638877	
456369	638879	
456369	638884	
456369	638885	
456369	638887	
456369	638892	
456369	638895	
456369	638899	
456369	638900	
456369	638915	
456369	638954	
456369	639344	
456369	639345	
456369	639346	
456369	639347	
456369	639351	
456369	639352	
456369	639362	
456369	639366	
456369	639520	
456369	639522	
456369	639523	
456369	639524	
456369	639527	
456369	639530	
456369	639531	
456369	639537	
456369	639538	
456369	639541	
456369	639552	
456369	639563	
456369	640780	
456369	640781	
456369	640809	
456369	640815	
456369	641141	
456369	667051	
456369	692074	
456369	702655	
456369	747121	
456369	879608	
456369	911573	
456369	921209	
456369	925208	
456369	928028	
456369	951290	
456369	961486	
456369	1018122	
456369	1018123	
456369	1018125	
456369	1018126	
456369	1018128	
456369	1018129	
456369	1018131	
456369	1018156	
456369	1018303	
456369	1096502	
456369	1113795	
456369	1113796	
456369	1113797	
456369	1113798	
456369	1113799	
456369	1113800	
456369	1113801	
456369	1113802	
456369	1113803	
456369	1113804	
456369	1113805	
456369	1113806	
456369	1113807	
456369	1113808	
456369	1113809	
456369	1113810	
456369	1113811	
456369	1113812	
456369	1113813	
456369	1113814	
456369	1113815	
456369	1113816	
456369	1113817	
456369	1113818	
456369	1113819	
456369	1113820	
456369	1113821	
456369	1113822	
456369	1113823	
456369	1113824	
456369	1113825	
456369	1113826	
456369	1113827	
456369	1113828	
456369	1113829	
456369	1113830	
456369	1113831	
456369	1113832	
456369	1113833	
456369	1113834	
456369	1113835	
456369	1113836	
456369	1113837	
456369	1490149	
456369	1798245	
456369	1798261	
456369	1798262	
456369	1798411	
456369	3628066	
456468	928109	
465512	928109	
473701	1018126	
473701	1113807	
474269	618679	
474272	618679	
474288	639541	
474465	747121	
474465	1018128	
474622	618679	
478975	485925	
478975	618679	
478975	638583	
478975	639541	
478975	717805	
478975	1018122	
478975	1018123	
478975	1018125	
478975	1018126	
478975	1018128	
478975	1018129	
478975	1018131	
478975	1018156	
478979	717805	
479007	485925	
479021	485925	
480265	485925	
480265	717805	
480265	1018167	
480266	485925	
480272	796851	
480812	485925	
482437	485925	
482909	485925	
483413	2034648	
483443	485925	
484261	485925	
484275	485925	
484473	1018167	
484569	1018167	
484574	1018167	
484611	717805	
484719	1018561	
484772	485925	
484772	1018167	
484796	485925	
484897	485925	
484973	485925	
484973	717805	
485042	485925	
485044	485925	
485047	485925	
485495	485925	
485512	1018561	
485922	485925	
485923	485925	
485923	1018167	
485924	485925	
485924	1018167	
485925	485926	
485925	485927	
485925	485928	
485925	528317	
485925	717357	
485925	717793	
485925	717794	
485925	717797	
485925	778358	
485925	778361	
485925	847588	
485925	847595	
485925	847605	
485925	953513	
485925	953695	
485925	953696	
485925	953707	
485925	953710	
485925	1012901	
485925	1012902	
485925	1012909	
485925	1012920	
485925	1017990	
485925	1017999	
485925	1018002	
485925	1018003	
485925	1018012	
485925	1018014	
485925	1018016	
485925	1018017	
485925	1018018	
485925	1018019	
485925	1018020	
485925	1018023	
485925	1018029	
485925	1018032	
485925	1018034	
485925	1018043	
485925	1018044	
485925	1018046	
485925	1018047	
485925	1018049	
485925	1018063	
485925	1018065	
485925	1018068	
485925	1018069	
485925	1018072	
485925	1018073	
485925	1018075	
485925	1018108	
485925	1018111	
485925	1018167	
485925	1018178	
485925	1018180	
485925	1018182	
485925	1018185	
485925	1018187	
485925	1018189	
485925	1018190	
485925	1018194	
485925	1018195	
485925	1018196	
485925	1018198	
485925	1018200	
485925	1018203	
485925	1018204	
485925	1018205	
485925	1018206	
485925	1018207	
485925	1018208	
485925	1018209	
485925	1018211	
485925	1018215	
485925	1018216	
485925	1018224	
485925	1018242	
485925	1018246	
485925	1018260	
485925	1018261	
485925	1018273	
485925	1018274	
485925	1018276	
485925	1018280	
485925	1018283	
485925	1018287	
485925	1018290	
485925	1018291	
485925	1018302	
485925	1018311	
485925	1018312	
485925	1018326	
485925	1018329	
485925	1018349	
485925	1018366	
485925	1018368	
485925	1018369	
485925	1018371	
485925	1018375	
485925	1018376	
485925	1018377	
485925	1018378	
485925	1018379	
485925	1018381	
485925	1018382	
485925	1018383	
485925	1018384	
485925	1018385	
485925	1018386	
485925	1018387	
485925	1018388	
485925	1018389	
485925	1018390	
485925	1018391	
485925	1018392	
485925	1018393	
485925	1018394	
485925	1018395	
485925	1018396	
485925	1018397	
485925	1018398	
485925	1018399	
485925	1018400	
485925	1018401	
485925	1018402	
485925	1018403	
485925	1018404	
485925	1018405	
485925	1018406	
485925	1018407	
485925	1018408	
485925	1018409	
485925	1018410	
485925	1018411	
485925	1018412	
485925	1018413	
485925	1018414	
485925	1018415	
485925	1018416	
485925	1018417	
485925	1018418	
485925	1018419	
485925	1018420	
485925	1018421	
485925	2392843	
485925	3172064	
485927	1018167	
485928	1018167	
485958	1018167	
485979	717805	
485983	717805	
486169	694689	
486261	928109	
486268	928109	
486271	928109	
486300	928109	
495733	1018122	
517386	928109	
522677	796851	
528317	639541	
528317	717805	
528321	796851	
552786	639541	
552786	1018126	
552786	1113820	
559049	1018167	
586726	717805	
586896	928109	
587280	639541	
593291	1846746	
593494	618679	
594537	928109	
596041	1918074	
596152	1918074	
599927	1113800	
599927	1113807	
618674	638583	
618679	620633	
618679	638583	
618679	639541	
618679	747121	
618679	844138	
618679	1018122	
618679	1018123	
618679	1018125	
618679	1018126	
618679	1018127	
618679	1018128	
618679	1018129	
618679	1018156	
618679	1018303	
618679	1113799	
618679	1113801	
618679	1113802	
618679	1113803	
618679	1113804	
618679	1113805	
618679	1113807	
618679	1113808	
618679	1113811	
618679	1113812	
618679	1113819	
618679	1113820	
618679	1113832	
618679	1113833	
618679	1113834	
618679	2393716	
618679	2393805	
618679	2393806	
618679	2393814	
618679	2393815	
618679	2393816	
618679	2393817	
618679	3023669	
618679	3337550	
636898	638583	
638583	639541	
638583	1018122	
638583	1018123	
638583	1018125	
638583	1018126	
638583	1018127	
638583	1018128	
638583	1018129	
638583	1018156	
638583	1113799	
638583	1113801	
638583	1113802	
638583	1113803	
638583	1113804	
638583	1113805	
638583	1113807	
638583	1113808	
638583	1113811	
638583	1113812	
638583	1113819	
638583	1113820	
638583	1113822	
638583	1113832	
638583	1113833	
638583	1113834	
638583	2393804	
638583	2393805	
638877	639541	
639346	639541	
639541	641141	
639541	644759	
639541	747121	
639541	818025	
639541	847984	
639541	947552	
639541	1018072	
639541	1018122	
639541	1018123	
639541	1018125	
639541	1018126	
639541	1018127	
639541	1018128	
639541	1018129	
639541	1018130	
639541	1018131	
639541	1018137	
639541	1018156	
639541	1018158	
639541	1018303	
639541	1018832	
639541	1018834	
639541	1047914	
639541	1113799	
639541	1113800	
639541	1113801	
639541	1113802	
639541	1113803	
639541	1113804	
639541	1113805	
639541	1113806	
639541	1113807	
639541	1113808	
639541	1113809	
639541	1113810	
639541	1113811	
639541	1113812	
639541	1113819	
639541	1113820	
639541	1113822	
639541	1113823	
639541	1113828	
639541	1113829	
639541	1113830	
639541	1113831	
639541	1113832	
639541	1113833	
639541	1113834	
639541	1113836	
639541	1490149	
639541	1634650	
639541	2034762	
639541	2193767	
639541	2393704	
639541	2393802	
639541	2393806	
639541	2393814	
639541	2393821	
639541	2393822	
639541	2393823	
639541	2393824	
639541	2890632	
639541	3881563	
641141	1018128	
641141	1113807	
643656	796851	
644759	1018126	
693816	747121	
693816	1018122	
693816	1018128	
693816	1018303	
693821	747121	
694477	694689	
694676	694689	
694688	694689	
694689	694703	
694689	694706	
694689	847508	
694689	1572213	
694972	1918074	
703867	928109	
707187	928109	
717357	717805	
717794	1018167	
717795	717805	
717799	717805	
717800	1018167	
717802	717805	
717804	1018126	
717805	717806	
717805	953693	
717805	1018158	
717805	1018183	
717805	1018192	
717805	1018338	
717805	1018573	
717805	1018669	
717805	1018847	
717805	1651279	
717805	2034630	
717805	2034631	
717805	2392645	
717805	2392646	
717805	2392795	
717805	2393019	
717805	2393066	
717805	2393131	
717805	2393175	
717805	2393230	
717805	2393252	
717805	2393578	
717805	2393581	
717805	2393591	
717806	1018131	
744077	747121	
744077	1018128	
744077	1113805	
747118	1018128	
747121	818025	
747121	847984	
747121	947552	
747121	1012904	
747121	1018072	
747121	1018122	
747121	1018123	
747121	1018125	
747121	1018126	
747121	1018127	
747121	1018128	
747121	1018129	
747121	1018131	
747121	1018132	
747121	1018133	
747121	1018150	
747121	1018159	
747121	1018303	
747121	1018313	
747121	1018643	
747121	1113799	
747121	1113800	
747121	1113801	
747121	1113802	
747121	1113804	
747121	1113805	
747121	1113806	
747121	1113807	
747121	1113808	
747121	1113811	
747121	1113820	
747121	1113828	
747121	1113829	
747121	1113832	
747121	1113833	
747121	1113836	
747121	1846746	
747121	2034648	
747121	2393597	
747121	2393689	
747121	2393692	
747121	2393704	
747121	2393808	
747121	2393810	
747121	2393811	
747121	2393812	
747121	2393813	
790127	1018122	
790127	1018126	
790127	1113801	
790127	1113808	
796816	796851	
796851	1131943	
796851	2393058	
796851	2393312	
796851	3234701	
796851	3234707	
810977	1018167	
818025	1018303	
844153	928109	
847589	1018167	
847591	1018167	
847593	1018167	
847594	1018167	
847605	2034766	
847620	1018167	
847621	1018167	
847984	1018123	
847984	1018303	
865515	1018122	
928109	1018928	
928109	1113802	
928109	1166218	
928109	1167230	
928109	2129810	
928109	2315019	
928109	3023669	
928109	3023670	
928109	3825609	
947552	1018122	
947552	1018123	
947552	1018126	
947552	1018128	
947552	1018303	
947552	1113805	
953513	1018167	
953693	1018126	
953693	1018131	
953693	1018156	
953693	1113803	
953693	1113805	
1012901	2034766	
1012904	1018303	
1012905	1113801	
1012905	1113803	
1012906	1018303	
1012907	1018546	
1012907	1113801	
1012907	1113803	
1012912	1018167	
1012924	1018561	
1012925	1018561	
1012926	1018303	
1017991	2034766	
1018009	1018122	
1018019	1018167	
1018020	1018167	
1018022	1018546	
1018046	1018561	
1018068	2034766	
1018072	1018123	
1018073	1018167	
1018122	1018123	
1018122	1018124	
1018122	1018125	
1018122	1018126	
1018122	1018127	
1018122	1018128	
1018122	1018129	
1018122	1018130	
1018122	1018131	
1018122	1018133	
1018122	1018156	
1018122	1018161	
1018122	1018164	
1018122	1018303	
1018122	1018313	
1018122	1113799	
1018122	1113800	
1018122	1113801	
1018122	1113802	
1018122	1113803	
1018122	1113804	
1018122	1113805	
1018122	1113806	
1018122	1113807	
1018122	1113808	
1018122	1113809	
1018122	1113810	
1018122	1113811	
1018122	1113812	
1018122	1113820	
1018122	1113822	
1018122	1113829	
1018122	1113830	
1018122	1113832	
1018122	1113833	
1018122	1113834	
1018122	1113836	
1018122	1634650	
1018122	1809876	
1018122	1846746	
1018122	2034648	
1018122	2393597	
1018122	2393703	
1018122	2393704	
1018122	2393797	
1018122	2393799	
1018122	2393802	
1018122	2393806	
1018122	2393811	
1018122	2393814	
1018122	2393821	
1018122	2393836	
1018122	2393837	
1018122	2393838	
1018122	2393839	
1018122	2393840	
1018123	1018125	
1018123	1018126	
1018123	1018127	
1018123	1018128	
1018123	1018129	
1018123	1018130	
1018123	1018131	
1018123	1018132	
1018123	1018150	
1018123	1018156	
1018123	1018158	
1018123	1018160	
1018123	1018303	
1018123	1113799	
1018123	1113800	
1018123	1113801	
1018123	1113802	
1018123	1113803	
1018123	1113804	
1018123	1113805	
1018123	1113806	
1018123	1113807	
1018123	1113808	
1018123	1113812	
1018123	1113819	
1018123	1113820	
1018123	1113823	
1018123	1113828	
1018123	1113830	
1018123	1113831	
1018123	1113832	
1018123	1113833	
1018123	1113834	
1018123	1113836	
1018123	2034766	
1018123	2393706	
1018123	2393806	
1018123	2393808	
1018123	2393818	
1018123	2393819	
1018123	2393820	
1018125	1018126	
1018125	1018127	
1018125	1018128	
1018125	1018129	
1018125	1018156	
1018125	1018303	
1018125	1113799	
1018125	1113801	
1018125	1113802	
1018125	1113803	
1018125	1113804	
1018125	1113805	
1018125	1113806	
1018125	1113807	
1018125	1113808	
1018125	1113811	
1018125	1113812	
1018125	1113819	
1018125	1113820	
1018125	1113832	
1018125	1113834	
1018125	1269382	
1018125	1918074	
1018125	2393801	
1018125	2393818	
1018125	2393841	
1018125	2393842	
1018126	1018127	
1018126	1018128	
1018126	1018129	
1018126	1018130	
1018126	1018131	
1018126	1018132	
1018126	1018150	
1018126	1018156	
1018126	1018160	
1018126	1018303	
1018126	1018532	
1018126	1018593	
1018126	1113799	
1018126	1113800	
1018126	1113801	
1018126	1113802	
1018126	1113803	
1018126	1113804	
1018126	1113805	
1018126	1113806	
1018126	1113807	
1018126	1113808	
1018126	1113811	
1018126	1113812	
1018126	1113820	
1018126	1113823	
1018126	1113830	
1018126	1113831	
1018126	1113832	
1018126	1113833	
1018126	1113834	
1018126	1113836	
1018126	1809876	
1018126	2034648	
1018126	2393595	
1018126	2393714	
1018126	2393774	
1018126	2393814	
1018126	2393818	
1018126	2393822	
1018126	2393841	
1018127	1018128	
1018127	1018303	
1018127	1018546	
1018127	1113799	
1018127	1113801	
1018127	1113802	
1018127	1113803	
1018127	1113804	
1018127	1113805	
1018127	1113807	
1018127	1113808	
1018127	1113811	
1018127	2034648	
1018127	2393703	
1018128	1018129	
1018128	1018130	
1018128	1018131	
1018128	1018132	
1018128	1018156	
1018128	1018164	
1018128	1018303	
1018128	1018908	
1018128	1113799	
1018128	1113800	
1018128	1113801	
1018128	1113802	
1018128	1113803	
1018128	1113804	
1018128	1113805	
1018128	1113806	
1018128	1113807	
1018128	1113808	
1018128	1113809	
1018128	1113810	
1018128	1113811	
1018128	1113812	
1018128	1113819	
1018128	1113820	
1018128	1113823	
1018128	1113828	
1018128	1113830	
1018128	1113831	
1018128	1113832	
1018128	1113833	
1018128	1113834	
1018128	1113836	
1018128	1269382	
1018128	1634650	
1018128	1809876	
1018128	2034648	
1018128	2393594	
1018128	2393599	
1018128	2393704	
1018128	2393706	
1018128	2393720	
1018128	2393774	
1018128	2393797	
1018128	2393798	
1018128	2393799	
1018128	2393800	
1018128	2393801	
1018128	2393802	
1018128	2393803	
1018129	1018130	
1018129	1018150	
1018129	1018156	
1018129	1018164	
1018129	1018183	
1018129	1018303	
1018129	1113799	
1018129	1113801	
1018129	1113802	
1018129	1113803	
1018129	1113804	
1018129	1113806	
1018129	1113807	
1018129	1113808	
1018129	1113811	
1018129	1113820	
1018129	1113823	
1018129	1113828	
1018129	1113830	
1018129	1113831	
1018129	1113832	
1018129	1113833	
1018129	1113834	
1018129	1113836	
1018129	2034648	
1018129	2034762	
1018129	2393706	
1018129	2393800	
1018129	2393818	
1018129	2393843	
1018130	1018303	
1018130	1113801	
1018130	1113806	
1018130	1113819	
1018131	1018150	
1018131	1018156	
1018131	1018164	
1018131	1018303	
1018131	1018546	
1018131	1113801	
1018131	1113802	
1018131	1113803	
1018131	1113804	
1018131	1113805	
1018131	1113806	
1018131	1113807	
1018131	1113808	
1018131	1113820	
1018131	1113833	
1018131	1575443	
1018131	1846746	
1018131	2392878	
1018131	2393594	
1018131	2393595	
1018131	2393598	
1018131	2393599	
1018131	2393600	
1018131	2393625	
1018131	2393699	
1018131	2393700	
1018131	2393701	
1018131	2393702	
1018131	2393703	
1018131	2393704	
1018131	2393705	
1018131	2393706	
1018131	2393707	
1018131	2393710	
1018131	2393711	
1018132	1018303	
1018132	1113806	
1018133	1018303	
1018134	1018167	
1018135	2034766	
1018148	1018303	
1018150	1018303	
1018150	1018546	
1018150	1113803	
1018150	1113805	
1018150	1113806	
1018150	1113808	
1018150	1113834	
1018150	2393703	
1018156	1113800	
1018156	1113801	
1018156	1113802	
1018156	1113803	
1018156	1113804	
1018156	1113805	
1018156	1113806	
1018156	1113807	
1018156	1113808	
1018156	1113809	
1018156	1113810	
1018156	1113811	
1018156	1113812	
1018156	1113819	
1018156	1113820	
1018156	1113829	
1018156	1113832	
1018156	1113833	
1018156	1113834	
1018156	1113836	
1018156	1269382	
1018156	1410387	
1018156	1846746	
1018156	2393704	
1018156	2393706	
1018156	2393799	
1018156	2393810	
1018156	2393811	
1018159	1018303	
1018164	1018546	
1018164	1113808	
1018167	1018168	
1018167	1018178	
1018167	1018183	
1018167	1018185	
1018167	1018189	
1018167	1018192	
1018167	1018195	
1018167	1018196	
1018167	1018216	
1018167	1018265	
1018167	1018266	
1018167	1018290	
1018167	1018364	
1018167	1018383	
1018167	1018384	
1018167	1018401	
1018167	1018418	
1018167	1018449	
1018167	1018453	
1018167	1018455	
1018167	1018456	
1018167	1018621	
1018167	1018683	
1018167	1415862	
1018167	2083415	
1018167	2392734	
1018167	2392735	
1018167	2392736	
1018167	2392737	
1018167	2392746	
1018167	2392781	
1018167	2392805	
1018167	2392913	
1018167	2392914	
1018167	2392915	
1018167	2392916	
1018167	2392917	
1018167	2392918	
1018167	2392919	
1018167	2392920	
1018167	2392921	
1018167	2392922	
1018167	2392923	
1018167	2392924	
1018167	2392925	
1018167	2392926	
1018167	2392927	
1018167	2392928	
1018189	2034766	
1018195	2034766	
1018200	2034766	
1018228	2034766	
1018303	1018313	
1018303	1113799	
1018303	1113800	
1018303	1113801	
1018303	1113802	
1018303	1113804	
1018303	1113805	
1018303	1113806	
1018303	1113807	
1018303	1113808	
1018303	1113811	
1018303	1113828	
1018303	1113829	
1018303	1338442	
1018303	1634650	
1018303	2034648	
1018303	2393411	
1018303	2393597	
1018303	2393689	
1018303	2393692	
1018303	2393704	
1018303	2393797	
1018303	2393806	
1018303	2393807	
1018303	2393808	
1018303	2393809	
1018303	2393810	
1018303	2393811	
1018303	2393812	
1018303	2393813	
1018313	1113801	
1018313	2034648	
1018324	2034766	
1018355	1113801	
1018355	1113803	
1018436	1018561	
1018527	1018561	
1018546	1113803	
1018546	1113805	
1018546	1113806	
1018546	1575443	
1018546	2393594	
1018546	2393595	
1018546	2393598	
1018546	2393625	
1018546	2393699	
1018546	2393700	
1018546	2393701	
1018546	2393702	
1018546	2393703	
1018546	2393705	
1018546	2393710	
1018546	2393711	
1018560	1018561	
1018561	1018563	
1018561	1018593	
1018561	2392871	
1018561	2392872	
1018561	2393243	
1018561	2393259	
1018561	2393826	
1018593	1113801	
1018593	1113803	
1018593	1113808	
1018605	1113820	
1018605	1846746	
1018669	1113834	
1018738	1113801	
1018834	1113823	
1113799	1113801	
1113799	1113802	
1113799	1113803	
1113799	1113804	
1113799	1113805	
1113799	1113807	
1113799	1113811	
1113799	1113819	
1113799	2393814	
1113799	2393822	
1113800	1113801	
1113800	1113802	
1113800	1113804	
1113800	1113806	
1113800	1113807	
1113800	1113808	
1113800	1113819	
1113800	1113820	
1113800	1113836	
1113800	1269379	
1113800	1269380	
1113800	1269381	
1113800	1269382	
1113800	2393864	
1113800	3023669	
1113800	3766782	
1113801	1113802	
1113801	1113803	
1113801	1113804	
1113801	1113805	
1113801	1113806	
1113801	1113807	
1113801	1113808	
1113801	1113809	
1113801	1113810	
1113801	1113811	
1113801	1113812	
1113801	1113819	
1113801	1113820	
1113801	1113823	
1113801	1113832	
1113801	1113834	
1113801	1113836	
1113801	1269382	
1113801	2034648	
1113801	2034724	
1113801	2393595	
1113801	2393597	
1113801	2393690	
1113801	2393702	
1113801	2393714	
1113801	2393799	
1113801	2393801	
1113801	2393804	
1113801	2393806	
1113801	2393825	
1113801	2393830	
1113801	2393831	
1113801	2393832	
1113801	2393833	
1113801	2393834	
1113801	2393835	
1113801	2393859	
1113802	1113803	
1113802	1113804	
1113802	1113805	
1113802	1113806	
1113802	1113807	
1113802	1113808	
1113802	1113809	
1113802	1113810	
1113802	1113811	
1113802	1113819	
1113802	1113820	
1113802	1918074	
1113802	2034648	
1113802	2393714	
1113802	2393821	
1113802	2393822	
1113803	1113804	
1113803	1113805	
1113803	1113807	
1113803	1113808	
1113803	1113811	
1113803	1113812	
1113803	1113820	
1113803	1113830	
1113803	1113832	
1113803	1113833	
1113803	1113834	
1113803	1575443	
1113803	2034724	
1113803	2392878	
1113803	2393022	
1113803	2393594	
1113803	2393595	
1113803	2393598	
1113803	2393682	
1113803	2393688	
1113803	2393699	
1113803	2393700	
1113803	2393701	
1113803	2393702	
1113803	2393703	
1113803	2393705	
1113803	2393713	
1113803	2393714	
1113803	2393715	
1113803	2393716	
1113803	2393717	
1113803	2393718	
1113803	2393719	
1113803	2393720	
1113804	1113805	
1113804	1113807	
1113804	1113808	
1113804	1113810	
1113804	1113811	
1113804	1113812	
1113804	1113819	
1113804	1113820	
1113804	1113829	
1113804	1113832	
1113804	1113833	
1113804	1113834	
1113804	1918074	
1113804	2034724	
1113804	2393599	
1113804	2393692	
1113804	2393703	
1113804	2393822	
1113804	2393844	
1113804	2393845	
1113804	2393846	
1113805	1113806	
1113805	1113807	
1113805	1113808	
1113805	1113811	
1113805	1113812	
1113805	1113819	
1113805	1113820	
1113805	1113822	
1113805	1113829	
1113805	1113832	
1113805	1113833	
1113805	1113834	
1113805	1575443	
1113805	1846746	
1113805	2034648	
1113805	2393595	
1113805	2393699	
1113805	2393700	
1113805	2393701	
1113805	2393702	
1113805	2393703	
1113805	2393704	
1113805	2393705	
1113805	2393800	
1113806	1113807	
1113806	1113809	
1113806	1113810	
1113806	1113819	
1113806	1113828	
1113806	1113829	
1113806	1113833	
1113806	1113834	
1113806	1113836	
1113806	2393851	
1113807	1113808	
1113807	1113809	
1113807	1113810	
1113807	1113811	
1113807	1113819	
1113807	1113820	
1113807	1113822	
1113807	1113823	
1113807	1113830	
1113807	1113832	
1113807	1113833	
1113807	1113834	
1113807	1113836	
1113807	1809876	
1113807	1846746	
1113807	2034648	
1113807	2393706	
1113807	2393714	
1113807	2393716	
1113807	2393798	
1113807	2393814	
1113807	2393821	
1113807	2393822	
1113807	2393823	
1113807	2393825	
1113807	2393852	
1113807	2393853	
1113808	1113810	
1113808	1113811	
1113808	1113812	
1113808	1113819	
1113808	1113820	
1113808	1113830	
1113808	1113832	
1113808	1113834	
1113808	1846746	
1113808	2034648	
1113808	2393703	
1113808	2393706	
1113808	2393714	
1113808	2393811	
1113808	2393821	
1113808	2393825	
1113808	2393837	
1113809	1269380	
1113809	2393858	
1113810	1113819	
1113810	1113836	
1113810	1269380	
1113810	1269382	
1113810	2393704	
1113810	2393840	
1113810	2393858	
1113810	2393859	
1113811	1113812	
1113811	1113820	
1113811	1113832	
1113811	1846746	
1113811	2034648	
1113811	2393703	
1113811	2393714	
1113811	2393825	
1113811	2393837	
1113812	1113832	
1113812	1113834	
1113812	2393715	
1113812	2393804	
1113812	2393815	
1113812	2393866	
1113819	1113820	
1113819	1813381	
1113819	2393825	
1113819	2393826	
1113819	2393827	
1113819	2393828	
1113820	1113823	
1113820	1113832	
1113820	1113833	
1113820	1113834	
1113820	1113836	
1113820	1846746	
1113820	2034648	
1113820	2193767	
1113820	2393703	
1113820	2393714	
1113820	2393825	
1113820	2393837	
1113820	2393839	
1113820	2393847	
1113820	2393848	
1113820	2393849	
1113820	2393850	
1113823	1113834	
1113823	2034762	
1113829	1846746	
1113830	1113834	
1113832	1113833	
1113832	1113834	
1113832	1846746	
1113832	2034648	
1113832	2393703	
1113832	2393714	
1113832	2393811	
1113833	1113834	
1113833	1216538	
1113833	2393817	
1113833	2393871	
1113834	1113836	
1113834	2034766	
1113834	2393872	
1575443	2393703	
1846746	2393521	
1846746	2393703	
1846746	2393704	
1846746	2393810	
1846746	2393811	
1846746	2393825	
1918074	2393316	
1918074	2393693	
1918074	2393810	
2034648	2393706	
2034648	2393797	
2034648	2393861	
2034766	2392717	
2034766	2392734	
2034766	2392783	
2034766	2392840	
2034766	2393316	
2034766	2393642	
2034766	2849128	
2034766	2849129	
2034766	2849130	
2034766	2849131	
2034766	2849132	
2393595	2393703	
2393699	2393703	
2393700	2393703	
2393701	2393703	
2393702	2393703	
2393703	2393705	
2393714	3295262	
2393798	2393822	
2393798	2393854	
7	41597	
8	483762	
11	6147	
13	41597	
19	11708	
27	2932	
27	3825609	
28	483762	
28	1018069	
28	1018386	
29	483762	
30	482956	
30	483155	
30	483762	
31	34610	
41	77451	
84	1557	
84	50346	
95	5636	
227	6147	
233	11871	
233	11872	
235	2932	
235	3825609	
250	1318	
259	4435	
261	4435	
265	7486	
265	7492	
267	9765	
267	13300	
268	9573	
273	6930	
297	6147	
297	6160	
297	6165	
301	865515	
302	9765	
302	865515	
313	1500	
321	5636	
322	9351	
323	9765	
323	9778	
323	9794	
323	9805	
329	9573	
332	9765	
359	11783	
360	18634	
372	1557	
372	1564	
387	4435	
435	4435	
447	6930	
447	299876	
447	527201	
461	11708	
501	9765	
504	5428	
507	4435	
588	9765	
588	13300	
588	14190	
676	6147	
682	6165	
686	7486	
686	7492	
686	39407	
697	9805	
697	221832	
697	474622	
697	588416	
698	16497	
703	2890632	
706	157592	
708	1564	
708	503139	
762	7486	
762	77451	
762	212773	
767	9765	
860	2890632	
865	9765	
876	813507	
877	303959	
877	384311	
879	75598	
879	319002	
879	391740	
882	9805	
883	9765	
887	11708	
904	2890632	
915	9805	
928	9765	
949	9765	
956	75598	
959	14190	
961	9765	
970	9765	
1006	9765	
1006	216162	
1009	9765	
1009	75598	
1017	9765	
1017	2890632	
1024	9805	
1026	75598	
1026	586896	
1032	9805	
1033	41114	
1033	200344	
1042	319020	
1043	9765	
1043	216162	
1046	380493	
1050	9805	
1050	596403	
1054	9805	
1055	9765	
1059	9765	
1059	2890632	
1066	2890632	
1071	9805	
1076	393816	
1101	2932	
1101	9778	
1101	9794	
1101	75598	
1101	517386	
1101	2890632	
1101	3825609	
1125	587280	
1139	1500	
1139	378973	
1145	21471	
1148	81188	
1148	717806	
1171	11708	
1195	2890632	
1220	6930	
1225	5636	
1225	6147	
1225	6165	
1225	22641	
1228	34610	
1228	299876	
1254	9765	
1256	9765	
1256	14190	
1256	380763	
1256	2890632	
1257	200344	
1259	5636	
1259	6930	
1262	7486	
1262	9765	
1263	9794	
1263	9805	
1263	270088	
1263	319002	
1263	428394	
1263	442962	
1263	551218	
1263	594537	
1263	2392633	
1265	7486	
1269	9765	
1273	5636	
1275	14190	
1275	2890632	
1279	7486	
1279	7492	
1279	22641	
1279	39407	
1288	9765	
1292	50346	
1293	9765	
1295	5636	
1296	596403	
1302	270085	
1302	270088	
1302	391740	
1302	1113798	
1307	75598	
1314	41114	
1315	9765	
1316	9805	
1317	380763	
1318	1557	
1318	5636	
1318	7094	
1318	7408	
1318	11159	
1318	11714	
1318	11872	
1318	13833	
1318	16030	
1318	16469	
1318	16473	
1318	16502	
1318	16558	
1318	16862	
1318	17219	
1318	17230	
1318	18619	
1318	18634	
1318	20198	
1318	21614	
1318	21892	
1318	23625	
1318	25312	
1318	27768	
1318	27772	
1318	27778	
1318	27782	
1318	31151	
1318	33947	
1318	34021	
1318	39491	
1318	39515	
1318	39838	
1318	41357	
1318	42721	
1318	46400	
1318	47593	
1318	48945	
1318	49431	
1318	49658	
1318	50346	
1318	50843	
1318	54361	
1318	55173	
1318	55174	
1318	55212	
1318	55297	
1318	58062	
1318	60062	
1318	63832	
1318	63858	
1318	63866	
1318	65421	
1318	66648	
1318	70909	
1318	74010	
1318	84380	
1318	85078	
1318	88039	
1318	96761	
1318	101610	
1318	106708	
1318	108501	
1318	109045	
1318	151632	
1318	170480	
1318	176766	
1318	182371	
1318	207654	
1318	208354	
1318	210109	
1318	210399	
1318	210425	
1318	216189	
1318	216789	
1318	222534	
1318	232015	
1318	232016	
1318	232395	
1318	240214	
1318	245067	
1318	261527	
1318	261529	
1318	261549	
1318	261554	
1318	261562	
1318	261589	
1318	263168	
1318	263169	
1318	265804	
1318	265833	
1318	266607	
1318	271303	
1318	271354	
1318	271355	
1318	271356	
1318	276159	
1318	276175	
1318	276183	
1318	277315	
1318	278235	
1318	279976	
1318	280102	
1318	280292	
1318	281716	
1318	281717	
1318	281718	
1318	283741	
1318	287335	
1318	290463	
1318	307781	
1318	317258	
1318	317429	
1318	322229	
1318	324717	
1318	335807	
1318	337512	
1318	353903	
1318	360521	
1318	361043	
1318	364525	
1318	366913	
1318	367056	
1318	368973	
1318	371183	
1318	371766	
1318	372251	
1318	372333	
1318	373714	
1318	380836	
1318	382148	
1318	382733	
1318	383834	
1318	383893	
1318	393053	
1318	394614	
1318	397559	
1318	397580	
1318	397997	
1318	400002	
1318	401203	
1318	404512	
1318	420019	
1318	423255	
1318	426465	
1318	427537	
1318	432488	
1318	434720	
1318	447075	
1318	453668	
1318	456412	
1318	457265	
1318	474819	
1318	475811	
1318	478976	
1318	478977	
1318	478978	
1318	478979	
1318	480266	
1318	480267	
1318	480778	
1318	482885	
1318	482946	
1318	483155	
1318	483156	
1318	483358	
1318	483753	
1318	483754	
1318	483916	
1318	483933	
1318	484001	
1318	484474	
1318	484475	
1318	484568	
1318	484570	
1318	484595	
1318	485117	
1318	485906	
1318	485955	
1318	485961	
1318	494924	
1318	507795	
1318	528315	
1318	528316	
1318	530291	
1318	531114	
1318	535179	
1318	560269	
1318	562559	
1318	562569	
1318	563692	
1318	588143	
1318	608183	
1318	609878	
1318	610272	
1318	610701	
1318	623900	
1318	627696	
1318	637859	
1318	654199	
1318	656400	
1318	658740	
1318	670681	
1318	675830	
1318	678820	
1318	679853	
1318	681675	
1318	690634	
1318	698855	
1318	705950	
1318	717795	
1318	734136	
1318	749378	
1318	778326	
1318	778327	
1318	778491	
1318	783763	
1318	784259	
1318	788229	
1318	827624	
1318	838590	
1318	840004	
1318	864385	
1318	878894	
1318	913384	
1318	927623	
1318	937725	
1318	946107	
1318	983561	
1318	987167	
1318	988365	
1318	988707	
1318	988708	
1318	988709	
1318	988710	
1318	988711	
1318	988712	
1318	988713	
1318	988714	
1318	988715	
1318	988716	
1318	988717	
1318	988718	
1318	988719	
1318	988720	
1318	988721	
1318	988722	
1318	988723	
1318	988724	
1318	988725	
1318	988726	
1318	988727	
1318	988728	
1318	988729	
1318	988730	
1318	988731	
1318	988732	
1318	988733	
1318	988734	
1318	988735	
1318	1018367	
1318	1018645	
1318	1040196	
1318	1124742	
1318	1273139	
1318	1579330	
1318	1659720	
1318	1976863	
1318	1978800	
1318	2034626	
1318	2034627	
1318	2034640	
1318	2044928	
1318	2132088	
1318	2162648	
1318	2246078	
1318	2393603	
1318	2527687	
1318	2669996	
1318	2820958	
1318	3504170	
1318	3894582	
1319	75598	
1321	7486	
1331	319002	
1337	9805	
1338	7486	
1338	101610	
1339	482956	
1340	1131943	
1344	9805	
1344	319002	
1344	319020	
1347	482956	
1349	482956	
1351	319002	
1351	393149	
1362	212773	
1374	77451	
1387	7486	
1387	39407	
1391	393738	
1392	9765	
1401	77451	
1405	9778	
1405	200344	
1420	75598	
1460	4435	
1460	75598	
1460	517386	
1461	9765	
1461	41114	
1482	9805	
1482	319002	
1482	393738	
1496	2890632	
1497	216605	
1498	386003	
1500	2995	
1500	3293	
1500	3295	
1500	8279	
1500	9240	
1500	10833	
1500	11268	
1500	11278	
1500	11352	
1500	11537	
1500	11714	
1500	16499	
1500	17223	
1500	17731	
1500	17775	
1500	18170	
1500	18362	
1500	18365	
1500	18411	
1500	18415	
1500	18423	
1500	18760	
1500	19251	
1500	20687	
1500	21340	
1500	21410	
1500	21584	
1500	21585	
1500	21586	
1500	21587	
1500	21588	
1500	21589	
1500	21590	
1500	21591	
1500	21592	
1500	21593	
1500	21594	
1500	21595	
1500	21596	
1500	21597	
1500	21598	
1500	21599	
1500	21600	
1500	21601	
1500	21602	
1500	21603	
1500	21604	
1500	21605	
1500	21606	
1500	21607	
1500	21608	
1500	21609	
1500	21610	
1500	21611	
1500	21612	
1500	21613	
1500	21614	
1500	21615	
1500	21616	
1500	21617	
1500	21618	
1500	21619	
1500	21620	
1500	21621	
1500	21622	
1500	21623	
1500	21624	
1500	21625	
1500	21626	
1500	21627	
1500	21628	
1500	21629	
1500	21630	
1500	21631	
1500	21632	
1500	21633	
1500	21634	
1500	21635	
1500	21636	
1500	21637	
1500	21638	
1500	21639	
1500	21640	
1500	21641	
1500	21642	
1500	21643	
1500	21644	
1500	21645	
1500	21646	
1500	21647	
1500	21648	
1500	21649	
1500	21650	
1500	21651	
1500	21652	
1500	21653	
1500	21654	
1500	21655	
1500	21656	
1500	21657	
1500	21658	
1500	21659	
1500	21660	
1500	21661	
1500	21662	
1500	21663	
1500	21664	
1500	21665	
1500	21666	
1500	21667	
1500	21668	
1500	21669	
1500	21670	
1500	21671	
1500	21672	
1500	21673	
1500	21674	
1500	21675	
1500	21676	
1500	21677	
1500	21678	
1500	21679	
1500	21680	
1500	21681	
1500	21682	
1500	21683	
1500	21684	
1500	21685	
1500	21686	
1500	21687	
1500	21688	
1500	21689	
1500	21690	
1500	21691	
1500	21692	
1500	21693	
1500	21694	
1500	21695	
1500	21696	
1500	21697	
1500	21698	
1500	21699	
1500	21700	
1500	21701	
1500	21702	
1500	21703	
1500	21704	
1500	21705	
1500	21706	
1500	21707	
1500	21708	
1500	21709	
1500	22528	
1500	22553	
1500	22897	
1500	22975	
1500	23620	
1500	23631	
1500	23770	
1500	23793	
1500	23803	
1500	23831	
1500	25312	
1500	33929	
1500	33987	
1500	34027	
1500	34190	
1500	34444	
1500	34596	
1500	34613	
1500	34657	
1500	34700	
1500	34747	
1500	35028	
1500	35110	
1500	35573	
1500	36762	
1500	38678	
1500	40390	
1500	42953	
1500	45823	
1500	47125	
1500	49316	
1500	49768	
1500	54402	
1500	77614	
1500	81835	
1500	84304	
1500	93983	
1500	108501	
1500	199918	
1500	214140	
1500	214337	
1500	266052	
1500	266604	
1500	272322	
1500	273782	
1500	273965	
1500	276081	
1500	280489	
1500	281750	
1500	281889	
1500	281952	
1500	284404	
1500	284429	
1500	284482	
1500	286642	
1500	288456	
1500	290463	
1500	292903	
1500	294421	
1500	298464	
1500	302317	
1500	302491	
1500	303795	
1500	308256	
1500	311451	
1500	315556	
1500	343647	
1500	344516	
1500	357453	
1500	363852	
1500	364909	
1500	366777	
1500	368501	
1500	373846	
1500	374350	
1500	377953	
1500	379749	
1500	385916	
1500	399057	
1500	404804	
1500	408390	
1500	408921	
1500	416377	
1500	447819	
1500	452017	
1500	452762	
1500	453125	
1500	477408	
1500	482075	
1500	494450	
1500	494754	
1500	501573	
1500	509487	
1500	524243	
1500	527087	
1500	527201	
1500	529048	
1500	570562	
1500	597123	
1500	611437	
1500	620661	
1500	630684	
1500	633568	
1500	647717	
1500	658953	
1500	661684	
1500	673709	
1500	679665	
1500	687752	
1500	698833	
1500	724114	
1500	754984	
1500	813237	
1500	859392	
1500	867138	
1500	873036	
1500	917419	
1500	950745	
1500	966723	
1500	1058278	
1500	1066282	
1500	1088633	
1500	1091927	
1500	1099360	
1500	1108041	
1500	1115570	
1500	1175035	
1500	1192014	
1500	1204842	
1500	1217122	
1500	1237071	
1500	1283959	
1500	1288373	
1500	1294268	
1500	1296062	
1500	1307739	
1500	1405669	
1500	1419042	
1500	1450244	
1500	1464817	
1500	1475370	
1500	1490447	
1500	1512295	
1500	1513444	
1500	1530661	
1500	1536261	
1500	1615762	
1500	1659585	
1500	1739972	
1500	1934213	
1500	2088724	
1500	2163981	
1500	2211249	
1500	2359804	
1500	2479565	
1500	2557265	
1500	3283922	
1500	3921459	
1500	4021317	
1500	4026965	
1510	21471	
1511	34610	
1511	39355	
1557	2808	
1557	2814	
1557	4128	
1557	5638	
1557	6159	
1557	6163	
1557	9766	
1557	11708	
1557	18106	
1557	18214	
1557	18650	
1557	19004	
1557	19676	
1557	19689	
1557	19935	
1557	20181	
1557	20184	
1557	20941	
1557	21007	
1557	21025	
1557	21363	
1557	21614	
1557	21623	
1557	21710	
1557	21732	
1557	22187	
1557	22213	
1557	22215	
1557	22301	
1557	22415	
1557	22571	
1557	22927	
1557	22943	
1557	23124	
1557	23234	
1557	23607	
1557	23986	
1557	24358	
1557	26882	
1557	27420	
1557	30890	
1557	31151	
1557	31185	
1557	33650	
1557	33742	
1557	34028	
1557	34226	
1557	34309	
1557	34610	
1557	35149	
1557	38382	
1557	38824	
1557	39407	
1557	40518	
1557	40541	
1557	42581	
1557	43085	
1557	43611	
1557	44800	
1557	47321	
1557	47579	
1557	48086	
1557	50346	
1557	51006	
1557	78359	
1557	79838	
1557	83790	
1557	87511	
1557	102191	
1557	196768	
1557	199240	
1557	200592	
1557	205820	
1557	260982	
1557	262701	
1557	266676	
1557	266999	
1557	267043	
1557	267583	
1557	268275	
1557	268602	
1557	268960	
1557	269388	
1557	269529	
1557	269927	
1557	270173	
1557	272612	
1557	273943	
1557	273973	
1557	273981	
1557	274011	
1557	275415	
1557	276256	
1557	278806	
1557	278926	
1557	279997	
1557	280030	
1557	280251	
1557	280799	
1557	283212	
1557	283220	
1557	283221	
1557	283222	
1557	283223	
1557	283227	
1557	283229	
1557	283299	
1557	283341	
1557	283394	
1557	283402	
1557	283406	
1557	285152	
1557	295168	
1557	297260	
1557	297789	
1557	297875	
1557	302225	
1557	302862	
1557	311286	
1557	312630	
1557	321262	
1557	321988	
1557	327356	
1557	334159	
1557	334920	
1557	335059	
1557	347915	
1557	348029	
1557	352973	
1557	356975	
1557	360521	
1557	360543	
1557	361828	
1557	363217	
1557	363943	
1557	365009	
1557	366176	
1557	373722	
1557	373846	
1557	374227	
1557	395863	
1557	397060	
1557	407505	
1557	413488	
1557	414770	
1557	415803	
1557	424025	
1557	425416	
1557	427888	
1557	430692	
1557	433376	
1557	441922	
1557	442009	
1557	444683	
1557	470253	
1557	477071	
1557	479232	
1557	480823	
1557	483074	
1557	483407	
1557	494222	
1557	501763	
1557	506940	
1557	506941	
1557	507717	
1557	507795	
1557	509866	
1557	511597	
1557	513846	
1557	514347	
1557	529924	
1557	534237	
1557	544610	
1557	552058	
1557	571961	
1557	583910	
1557	601220	
1557	616300	
1557	617014	
1557	617018	
1557	617019	
1557	617020	
1557	617021	
1557	617022	
1557	617025	
1557	617039	
1557	617040	
1557	617044	
1557	617045	
1557	617054	
1557	617056	
1557	643603	
1557	646050	
1557	680636	
1557	689485	
1557	724171	
1557	731206	
1557	762179	
1557	778865	
1557	781398	
1557	785281	
1557	810109	
1557	810113	
1557	819137	
1557	833763	
1557	833776	
1557	838733	
1557	859461	
1557	885150	
1557	896225	
1557	905004	
1557	968060	
1557	977159	
1557	977832	
1557	1025559	
1557	1036820	
1557	1082425	
1557	1095349	
1557	1116344	
1557	1170307	
1557	1174310	
1557	1246959	
1557	1259445	
1557	1276283	
1557	1284453	
1557	1319308	
1557	1351473	
1557	1447252	
1557	1458326	
1557	1504131	
1557	1532120	
1557	1532138	
1557	1532140	
1557	1532166	
1557	1541911	
1557	1552723	
1557	1552750	
1557	1552763	
1557	1552764	
1557	1552860	
1557	1557898	
1557	1557902	
1557	1561819	
1557	1606134	
1557	1606135	
1557	1615852	
1557	1656406	
1557	1661255	
1557	1689442	
1557	1864682	
1557	1864890	
1557	1923780	
1557	1944498	
1557	1971553	
1557	2177782	
1557	2185333	
1557	2191148	
1557	2229407	
1557	2269124	
1557	2286826	
1557	2286829	
1557	2286835	
1557	2375097	
1557	2555860	
1557	2605477	
1557	2629502	
1557	2629503	
1557	2629504	
1557	2629505	
1557	2629506	
1557	2629507	
1557	2629508	
1557	2629509	
1557	3241421	
1564	1577	
1564	2436	
1564	2441	
1564	2468	
1564	2480	
1564	4355	
1564	4403	
1564	6689	
1564	6728	
1564	16040	
1564	16064	
1564	16484	
1564	16858	
1564	17775	
1564	17802	
1564	17997	
1564	18642	
1564	18655	
1564	20164	
1564	20810	
1564	20834	
1564	20913	
1564	20991	
1564	21007	
1564	21018	
1564	21065	
1564	21218	
1564	21274	
1564	21329	
1564	21340	
1564	21477	
1564	21614	
1564	21797	
1564	21801	
1564	22047	
1564	22066	
1564	22202	
1564	22267	
1564	22268	
1564	22630	
1564	22688	
1564	23281	
1564	23497	
1564	25312	
1564	33650	
1564	33742	
1564	33807	
1564	34006	
1564	34124	
1564	34309	
1564	34334	
1564	34609	
1564	37935	
1564	38060	
1564	44719	
1564	47843	
1564	48599	
1564	49296	
1564	50373	
1564	50410	
1564	51646	
1564	55318	
1564	63858	
1564	75910	
1564	76119	
1564	77156	
1564	77220	
1564	77287	
1564	77614	
1564	77919	
1564	77929	
1564	78813	
1564	79474	
1564	79769	
1564	79838	
1564	82618	
1564	82751	
1564	82776	
1564	82795	
1564	83226	
1564	83234	
1564	83248	
1564	83904	
1564	83914	
1564	84456	
1564	84504	
1564	84518	
1564	84540	
1564	84551	
1564	84644	
1564	85030	
1564	85032	
1564	85071	
1564	86122	
1564	86329	
1564	87482	
1564	87504	
1564	87515	
1564	87534	
1564	88037	
1564	88039	
1564	91981	
1564	93999	
1564	94013	
1564	94612	
1564	98310	
1564	99081	
1564	101517	
1564	101607	
1564	101764	
1564	105381	
1564	105396	
1564	105741	
1564	108674	
1564	109098	
1564	116069	
1564	136906	
1564	145399	
1564	149854	
1564	151823	
1564	155465	
1564	173348	
1564	177659	
1564	196762	
1564	199741	
1564	202073	
1564	202795	
1564	202979	
1564	203177	
1564	208411	
1564	213824	
1564	214518	
1564	231068	
1564	244918	
1564	247446	
1564	247630	
1564	261534	
1564	261537	
1564	261557	
1564	261759	
1564	266565	
1564	266653	
1564	266726	
1564	266870	
1564	267151	
1564	267661	
1564	268930	
1564	269264	
1564	269587	
1564	270088	
1564	270302	
1564	270727	
1564	271157	
1564	271256	
1564	271297	
1564	271411	
1564	271582	
1564	272949	
1564	273954	
1564	275197	
1564	275573	
1564	275982	
1564	276092	
1564	276713	
1564	277443	
1564	277532	
1564	277728	
1564	278333	
1564	278910	
1564	279388	
1564	280266	
1564	281635	
1564	281738	
1564	283410	
1564	283421	
1564	283462	
1564	283751	
1564	284152	
1564	285131	
1564	286164	
1564	286321	
1564	287239	
1564	288029	
1564	288677	
1564	288790	
1564	296581	
1564	297258	
1564	304252	
1564	305538	
1564	311627	
1564	311665	
1564	311766	
1564	317384	
1564	318153	
1564	318172	
1564	318177	
1564	318610	
1564	318785	
1564	318801	
1564	318881	
1564	319112	
1564	319913	
1564	321228	
1564	321368	
1564	321641	
1564	321938	
1564	322243	
1564	323022	
1564	329887	
1564	341000	
1564	343540	
1564	347708	
1564	347976	
1564	351040	
1564	356450	
1564	357993	
1564	359104	
1564	360581	
1564	360698	
1564	363295	
1564	366109	
1564	368432	
1564	369900	
1564	372006	
1564	376917	
1564	397449	
1564	397557	
1564	397559	
1564	397880	
1564	399024	
1564	399965	
1564	405711	
1564	407697	
1564	407887	
1564	407995	
1564	411186	
1564	411893	
1564	417035	
1564	420379	
1564	420767	
1564	422384	
1564	422759	
1564	425416	
1564	426823	
1564	433448	
1564	434107	
1564	434170	
1564	434715	
1564	435373	
1564	439984	
1564	440387	
1564	440422	
1564	440900	
1564	445173	
1564	451103	
1564	463921	
1564	470729	
1564	478738	
1564	481479	
1564	481908	
1564	483093	
1564	483382	
1564	484313	
1564	485013	
1564	485961	
1564	493010	
1564	494335	
1564	507892	
1564	509032	
1564	509445	
1564	510596	
1564	511729	
1564	513296	
1564	526894	
1564	531129	
1564	531387	
1564	543437	
1564	544903	
1564	544993	
1564	547140	
1564	550850	
1564	564578	
1564	565090	
1564	565394	
1564	566481	
1564	572390	
1564	610197	
1564	628618	
1564	628621	
1564	628643	
1564	628648	
1564	644605	
1564	647681	
1564	662206	
1564	662219	
1564	676489	
1564	676609	
1564	686099	
1564	707943	
1564	715641	
1564	716008	
1564	720703	
1564	721154	
1564	731016	
1564	731670	
1564	731941	
1564	732076	
1564	732092	
1564	737113	
1564	738674	
1564	740072	
1564	770423	
1564	779233	
1564	779402	
1564	782650	
1564	783060	
1564	783347	
1564	857139	
1564	862475	
1564	864334	
1564	876865	
1564	879571	
1564	902532	
1564	913777	
1564	914823	
1564	1006461	
1564	1008640	
1564	1044114	
1564	1061680	
1564	1074285	
1564	1079854	
1564	1097461	
1564	1105482	
1564	1185837	
1564	1188349	
1564	1205499	
1564	1223330	
1564	1230472	
1564	1236472	
1564	1236497	
1564	1239495	
1564	1259383	
1564	1274772	
1564	1347771	
1564	1370949	
1564	1456109	
1564	1457334	
1564	1457724	
1564	1464190	
1564	1499599	
1564	1510970	
1564	1537646	
1564	1546612	
1564	1584955	
1564	1601430	
1564	1619913	
1564	1740275	
1564	1763787	
1564	1858272	
1564	1884681	
1564	1924035	
1564	1929505	
1564	1953497	
1564	1981018	
1564	1981019	
1564	2012463	
1564	2028827	
1564	2055491	
1564	2097610	
1564	2106719	
1564	2107898	
1564	2157497	
1564	2157786	
1564	2269120	
1564	2280578	
1564	2349982	
1564	2495648	
1564	2564224	
1564	2564225	
1564	2604598	
1564	2730178	
1564	2899861	
1564	3136265	
1564	3154100	
1564	3408346	
1564	3408353	
1564	3513046	
1564	3873970	
1564	3893924	
1564	3911884	
1564	3924388	
1564	3960596	
1564	3968720	
1577	21471	
1577	50357	
1577	88039	
1580	2890632	
1587	6147	
1595	401105	
1595	480272	
1608	81188	
1611	16497	
1635	2890632	
1669	2890632	
1676	207977	
1677	39355	
1696	2890632	
1698	277657	
1737	9765	
1737	75598	
1755	11872	
1755	34610	
1775	6165	
1775	7486	
1775	11871	
1775	39355	
1775	39407	
1776	7486	
1776	11872	
1776	39355	
1777	6930	
1779	5636	
1779	11871	
1779	11872	
1779	34610	
1779	39355	
1781	34610	
1782	5636	
1782	6147	
1782	34610	
1783	11708	
1783	299876	
1786	5636	
1786	6165	
1786	11871	
1786	22641	
1786	207977	
1791	397580	
1791	599927	
1792	34610	
1792	81188	
1794	528317	
1795	503139	
1796	39355	
1798	34610	
1820	5636	
1820	11872	
1820	22641	
1833	7486	
1833	796816	
1834	6147	
1834	11872	
1834	34610	
1840	5636	
1840	6147	
1840	6160	
1840	6165	
1840	22641	
1840	34610	
1841	9805	
1854	34610	
1854	207977	
1857	6165	
1857	6930	
1857	11872	
1857	207977	
1859	207977	
1861	6930	
1861	36754	
1861	39355	
1875	39355	
1877	9765	
1877	865515	
1885	34610	
1893	207977	
1907	207977	
1914	81188	
1937	21527	
1942	9765	
1950	796816	
1989	392406	
2432	200344	
2449	41114	
2452	2890632	
2455	34610	
2456	11872	
2459	5636	
2459	11872	
2459	34610	
2459	39355	
2469	9765	
2469	865515	
2480	50357	
2481	9765	
2481	303959	
2485	9765	
2500	34610	
2504	2890632	
2518	9765	
2572	18634	
2682	81188	
2686	21471	
2691	4435	
2697	207977	
2703	7486	
2703	7492	
2712	207977	
2717	2890632	
2731	207977	
2807	36754	
2811	5636	
2811	9805	
2811	36754	
2813	21471	
2813	50357	
2814	50346	
2814	207977	
2823	41114	
2834	88039	
2839	11872	
2851	277657	
2866	6147	
2866	21471	
2869	21527	
2872	21527	
2879	39355	
2880	34610	
2880	527201	
2880	2890632	
2884	9765	
2890	277657	
2892	84304	
2894	34610	
2895	11783	
2896	965796	
2903	9765	
2912	4435	
2917	2890632	
2922	6930	
2932	16537	
2932	24995	
2932	32966	
2932	34424	
2932	38508	
2932	43302	
2932	44723	
2932	77376	
2932	83933	
2932	169797	
2932	180948	
2932	202212	
2932	209467	
2932	213061	
2932	214647	
2932	215632	
2932	217006	
2932	217059	
2932	258053	
2932	275175	
2932	286927	
2932	288328	
2932	292261	
2932	293846	
2932	294096	
2932	318002	
2932	321791	
2932	335179	
2932	341650	
2932	341814	
2932	344940	
2932	346641	
2932	349111	
2932	349422	
2932	349583	
2932	377377	
2932	380653	
2932	383078	
2932	383301	
2932	385743	
2932	392430	
2932	393149	
2932	393191	
2932	393762	
2932	394117	
2932	394821	
2932	396293	
2932	399689	
2932	407390	
2932	424328	
2932	424822	
2932	425061	
2932	429070	
2932	434257	
2932	435724	
2932	441793	
2932	442079	
2932	447086	
2932	449672	
2932	451275	
2932	451906	
2932	458513	
2932	459707	
2932	465546	
2932	471821	
2932	471877	
2932	473155	
2932	475870	
2932	480342	
2932	486189	
2932	486364	
2932	533947	
2932	535500	
2932	543214	
2932	549468	
2932	554008	
2932	562220	
2932	577099	
2932	583912	
2932	584144	
2932	584726	
2932	585287	
2932	586321	
2932	586689	
2932	587373	
2932	588498	
2932	588547	
2932	589989	
2932	589996	
2932	590035	
2932	590047	
2932	590632	
2932	591290	
2932	591920	
2932	591955	
2932	592920	
2932	594733	
2932	594998	
2932	595095	
2932	595722	
2932	595876	
2932	595889	
2932	596021	
2932	596187	
2932	598345	
2932	598489	
2932	599689	
2932	599909	
2932	599912	
2932	600127	
2932	603145	
2932	618171	
2932	642216	
2932	657688	
2932	660013	
2932	660016	
2932	660017	
2932	660018	
2932	672198	
2932	683690	
2932	683725	
2932	683743	
2932	683778	
2932	683796	
2932	684072	
2932	684092	
2932	684100	
2932	685826	
2932	690291	
2932	697976	
2932	702042	
2932	702509	
2932	703219	
2932	718072	
2932	720485	
2932	720486	
2932	720487	
2932	734104	
2932	788784	
2932	790553	
2932	790574	
2932	790587	
2932	790590	
2932	791142	
2932	823665	
2932	837127	
2932	837132	
2932	841498	
2932	842195	
2932	842728	
2932	842731	
2932	842750	
2932	842780	
2932	842787	
2932	842806	
2932	842815	
2932	842822	
2932	842857	
2932	842867	
2932	845128	
2932	864248	
2932	875600	
2932	879694	
2932	884845	
2932	897339	
2932	897496	
2932	924094	
2932	928109	
2932	934438	
2932	934676	
2932	941792	
2932	947236	
2932	950062	
2932	950411	
2932	983748	
2932	1001031	
2932	1019095	
2932	1040371	
2932	1042524	
2932	1045086	
2932	1111634	
2932	1112191	
2932	1112717	
2932	1113183	
2932	1113184	
2932	1113185	
2932	1113186	
2932	1113187	
2932	1113188	
2932	1113189	
2932	1113190	
2932	1113191	
2932	1113192	
2932	1113193	
2932	1113194	
2932	1113195	
2932	1113196	
2932	1113197	
2932	1113198	
2932	1113199	
2932	1113200	
2932	1113201	
2932	1113202	
2932	1113203	
2932	1113204	
2932	1113205	
2932	1113206	
2932	1113207	
2932	1113208	
2932	1113209	
2944	11871	
2995	5636	
2995	6147	
2995	6930	
2995	22641	
2995	207977	
2996	75598	
2996	157611	
2996	390942	
2996	517386	
3000	9765	
3009	9765	
3009	865515	
3013	401105	
3013	482437	
3013	482909	
3013	482956	
3013	483155	
3013	483413	
3063	392406	
3065	6147	
3077	482956	
3235	11708	
3254	4435	
3293	11872	
3293	218274	
3295	5636	
3296	6930	
3296	11872	
3296	21471	
3298	5636	
3298	6147	
3298	22641	
3300	5636	
3300	34610	
3302	11872	
3308	6165	
3308	34610	
3312	11872	
3312	364525	
3312	401105	
3314	5636	
3314	11871	
3314	22641	
3314	34610	
3317	7486	
3320	22641	
3320	34610	
3324	34610	
3331	5636	
3335	7486	
3349	5636	
3349	9765	
3349	865515	
3351	6930	
3353	5636	
3382	6930	
3389	474272	
3389	636901	
3391	200529	
3397	4435	
3398	4435	
3399	9765	
3401	9765	
3401	9794	
3401	75598	
3401	184901	
3401	2890632	
3404	9573	
3405	9765	
3420	84304	
3448	81188	
3461	200529	
3475	9765	
3490	383652	
3490	2890632	
3521	9765	
3521	865515	
3544	443511	
3546	288226	
3546	443511	
3668	9805	
3668	303959	
3668	2890632	
3671	9805	
3672	75598	
3673	442962	
3674	13300	
3674	261280	
3674	396155	
3674	428394	
3674	486300	
3674	517386	
3679	75598	
3690	9765	
3690	75598	
3714	2890632	
3777	9794	
3887	5636	
3887	11871	
3887	34610	
3892	50556	
3892	216162	
3893	34610	
3908	77451	
3909	77451	
3911	77451	
3913	5636	
3915	50556	
3915	216162	
3916	7486	
3921	7486	
3928	11708	
3940	5636	
3940	6147	
3940	34610	
3940	39355	
3959	13300	
3966	6930	
3966	7486	
4025	9765	
4117	34610	
4128	277657	
4128	528321	
4130	18634	
4153	11708	
4175	81188	
4185	2890632	
4215	50346	
4256	5636	
4331	5636	
4331	6147	
4337	77451	
4337	482956	
4352	21471	
4355	5636	
4355	11708	
4355	22641	
4355	34610	
4377	50357	
4395	21471	
4408	16497	
4435	4876	
4435	4884	
4435	6977	
4435	8162	
4435	8228	
4435	8382	
4435	8435	
4435	8687	
4435	8715	
4435	9215	
4435	9234	
4435	9776	
4435	9825	
4435	9939	
4435	9962	
4435	10332	
4435	10392	
4435	10393	
4435	10397	
4435	10474	
4435	10475	
4435	10873	
4435	10919	
4435	11280	
4435	11284	
4435	11302	
4435	11365	
4435	11543	
4435	11595	
4435	11597	
4435	11774	
4435	11781	
4435	12126	
4435	12428	
4435	12603	
4435	12609	
4435	12628	
4435	12644	
4435	12781	
4435	12993	
4435	13034	
4435	13040	
4435	13062	
4435	13117	
4435	13305	
4435	13308	
4435	13793	
4435	13798	
4435	13802	
4435	13803	
4435	13837	
4435	13849	
4435	13856	
4435	13896	
4435	13915	
4435	13978	
4435	13985	
4435	13990	
4435	13999	
4435	14052	
4435	14053	
4435	14075	
4435	15515	
4435	15586	
4435	15614	
4435	15634	
4435	15668	
4435	15673	
4435	15952	
4435	16118	
4435	16135	
4435	16378	
4435	16390	
4435	17491	
4435	17548	
4435	17634	
4435	17831	
4435	17979	
4435	18345	
4435	18924	
4435	19042	
4435	19466	
4435	19477	
4435	19728	
4435	20317	
4435	20416	
4435	20431	
4435	20627	
4435	20671	
4435	20731	
4435	20861	
4435	21142	
4435	21779	
4435	22175	
4435	22501	
4435	22529	
4435	22560	
4435	22844	
4435	22968	
4435	23038	
4435	24312	
4435	24368	
4435	24571	
4435	24577	
4435	24630	
4435	24648	
4435	25041	
4435	25066	
4435	25806	
4435	26133	
4435	26316	
4435	26634	
4435	26771	
4435	27663	
4435	28001	
4435	28316	
4435	28976	
4435	29564	
4435	29801	
4435	29897	
4435	29910	
4435	29932	
4435	30011	
4435	30144	
4435	30362	
4435	30481	
4435	30667	
4435	30802	
4435	30812	
4435	31052	
4435	31054	
4435	31096	
4435	31372	
4435	31402	
4435	31407	
4435	31419	
4435	31465	
4435	31557	
4435	31702	
4435	31923	
4435	32200	
4435	32274	
4435	32637	
4435	32866	
4435	32868	
4435	32933	
4435	33109	
4435	33192	
4435	33391	
4435	33529	
4435	34093	
4435	34725	
4435	34794	
4435	35738	
4435	35772	
4435	36027	
4435	36038	
4435	36114	
4435	36179	
4435	36249	
4435	36298	
4435	36692	
4435	37659	
4435	37880	
4435	38088	
4435	39381	
4435	40056	
4435	40119	
4435	40407	
4435	40875	
4435	41910	
4435	42509	
4435	43626	
4435	43671	
4435	44997	
4435	46767	
4435	47106	
4435	47153	
4435	47376	
4435	48166	
4435	48789	
4435	48849	
4435	49002	
4435	49505	
4435	50913	
4435	74996	
4435	77893	
4435	78212	
4435	78786	
4435	81189	
4435	84297	
4435	84516	
4435	84858	
4435	85997	
4435	90288	
4435	91103	
4435	92193	
4435	92206	
4435	93352	
4435	104550	
4435	107966	
4435	126118	
4435	136342	
4435	137281	
4435	140730	
4435	141894	
4435	145407	
4435	151615	
4435	151760	
4435	174651	
4435	186526	
4435	189014	
4435	197070	
4435	197088	
4435	197786	
4435	198382	
4435	198682	
4435	198755	
4435	198861	
4435	199413	
4435	199453	
4435	199687	
4435	199871	
4435	200446	
4435	200501	
4435	200731	
4435	201108	
4435	201385	
4435	201414	
4435	201498	
4435	201751	
4435	202206	
4435	202455	
4435	202716	
4435	202777	
4435	202831	
4435	202850	
4435	202928	
4435	203009	
4435	203013	
4435	203208	
4435	203713	
4435	203906	
4435	204064	
4435	204108	
4435	204301	
4435	204500	
4435	204521	
4435	204535	
4435	204592	
4435	204626	
4435	204629	
4435	204633	
4435	204649	
4435	204654	
4435	204762	
4435	204768	
4435	204790	
4435	204803	
4435	204991	
4435	205315	
4435	205360	
4435	205370	
4435	205497	
4435	205744	
4435	205762	
4435	205851	
4435	206084	
4435	206178	
4435	206421	
4435	206551	
4435	206566	
4435	206634	
4435	206635	
4435	206782	
4435	206823	
4435	206833	
4435	207142	
4435	208157	
4435	208712	
4435	211935	
4435	212225	
4435	213949	
4435	214937	
4435	216652	
4435	217265	
4435	217776	
4435	218049	
4435	226020	
4435	233076	
4435	235343	
4435	238399	
4435	248742	
4435	249333	
4435	251081	
4435	251086	
4435	254908	
4435	259992	
4435	260731	
4435	262614	
4435	265447	
4435	265471	
4435	265568	
4435	265931	
4435	266061	
4435	266417	
4435	266421	
4435	267139	
4435	269177	
4435	270196	
4435	270833	
4435	270845	
4435	274746	
4435	274827	
4435	277110	
4435	278122	
4435	278932	
4435	279038	
4435	280081	
4435	280490	
4435	280555	
4435	280572	
4435	281872	
4435	281930	
4435	282189	
4435	282244	
4435	284060	
4435	284512	
4435	284594	
4435	284841	
4435	284867	
4435	285365	
4435	285673	
4435	285991	
4435	286343	
4435	287041	
4435	287400	
4435	288121	
4435	288177	
4435	289074	
4435	294209	
4435	296311	
4435	296493	
4435	296517	
4435	296624	
4435	297490	
4435	297544	
4435	297684	
4435	298130	
4435	298232	
4435	298326	
4435	298595	
4435	298656	
4435	298670	
4435	299827	
4435	299928	
4435	300520	
4435	301002	
4435	301109	
4435	301135	
4435	301630	
4435	301641	
4435	302608	
4435	303436	
4435	303464	
4435	303466	
4435	303664	
4435	303848	
4435	304731	
4435	304743	
4435	305117	
4435	305357	
4435	305546	
4435	305598	
4435	305615	
4435	306570	
4435	306649	
4435	306680	
4435	306969	
4435	307006	
4435	307571	
4435	307615	
4435	307658	
4435	307735	
4435	308149	
4435	308166	
4435	308176	
4435	308187	
4435	308188	
4435	308190	
4435	308210	
4435	308259	
4435	308272	
4435	308318	
4435	308453	
4435	308476	
4435	308528	
4435	308541	
4435	308708	
4435	308729	
4435	308762	
4435	308812	
4435	308818	
4435	308850	
4435	308908	
4435	308950	
4435	309096	
4435	309168	
4435	309182	
4435	309227	
4435	309354	
4435	309415	
4435	309761	
4435	310032	
4435	310057	
4435	310294	
4435	310408	
4435	310444	
4435	310453	
4435	311243	
4435	311317	
4435	312076	
4435	312227	
4435	312358	
4435	313216	
4435	313300	
4435	313414	
4435	313895	
4435	314285	
4435	314535	
4435	315261	
4435	315529	
4435	315710	
4435	316251	
4435	316285	
4435	317010	
4435	317308	
4435	317630	
4435	317658	
4435	318077	
4435	318169	
4435	318559	
4435	318646	
4435	319588	
4435	319965	
4435	320368	
4435	321252	
4435	321551	
4435	321623	
4435	321664	
4435	321938	
4435	322146	
4435	322425	
4435	323038	
4435	324681	
4435	325163	
4435	325202	
4435	325536	
4435	325653	
4435	325848	
4435	326189	
4435	326200	
4435	326280	
4435	326345	
4435	326444	
4435	326493	
4435	326565	
4435	326571	
4435	326721	
4435	326784	
4435	326805	
4435	327427	
4435	328166	
4435	328478	
4435	328990	
4435	329121	
4435	329144	
4435	329484	
4435	329641	
4435	329743	
4435	329753	
4435	329803	
4435	329821	
4435	329995	
4435	330010	
4435	330013	
4435	330675	
4435	330683	
4435	330741	
4435	330752	
4435	330969	
4435	331386	
4435	331558	
4435	331603	
4435	331728	
4435	331866	
4435	332486	
4435	332716	
4435	332914	
4435	332998	
4435	333106	
4435	333271	
4435	333435	
4435	333440	
4435	333659	
4435	333742	
4435	333743	
4435	333989	
4435	334349	
4435	334525	
4435	334534	
4435	334615	
4435	337293	
4435	338863	
4435	340975	
4435	341598	
4435	345528	
4435	346627	
4435	346718	
4435	348021	
4435	348079	
4435	348296	
4435	348379	
4435	348986	
4435	349577	
4435	349730	
4435	349767	
4435	349832	
4435	350164	
4435	350799	
4435	351035	
4435	351265	
4435	351923	
4435	351994	
4435	352329	
4435	352557	
4435	352958	
4435	354338	
4435	354345	
4435	355985	
4435	356192	
4435	356777	
4435	356887	
4435	357147	
4435	358095	
4435	359316	
4435	359419	
4435	359724	
4435	360173	
4435	361505	
4435	363886	
4435	363943	
4435	364490	
4435	364965	
4435	365873	
4435	366771	
4435	367142	
4435	367323	
4435	368332	
4435	368823	
4435	369865	
4435	369963	
4435	370072	
4435	370507	
4435	370523	
4435	370544	
4435	370708	
4435	370722	
4435	370726	
4435	371242	
4435	371243	
4435	371245	
4435	371254	
4435	371484	
4435	372075	
4435	372409	
4435	372631	
4435	372643	
4435	372884	
4435	373186	
4435	373822	
4435	374059	
4435	374119	
4435	374131	
4435	374171	
4435	374511	
4435	374611	
4435	374655	
4435	374687	
4435	374956	
4435	375526	
4435	375774	
4435	375813	
4435	376228	
4435	376387	
4435	376666	
4435	377071	
4435	377753	
4435	377779	
4435	377784	
4435	377785	
4435	377786	
4435	377797	
4435	377798	
4435	378074	
4435	378076	
4435	378078	
4435	378080	
4435	378103	
4435	378119	
4435	378121	
4435	378137	
4435	378138	
4435	378142	
4435	378162	
4435	378177	
4435	378241	
4435	378305	
4435	378570	
4435	378661	
4435	378662	
4435	378665	
4435	378670	
4435	378691	
4435	378719	
4435	378734	
4435	378756	
4435	378781	
4435	378847	
4435	378852	
4435	378855	
4435	378897	
4435	378901	
4435	378905	
4435	378908	
4435	378920	
4435	378921	
4435	378922	
4435	378939	
4435	378952	
4435	379031	
4435	379037	
4435	379114	
4435	379116	
4435	379201	
4435	379234	
4435	379260	
4435	379335	
4435	379351	
4435	379392	
4435	379398	
4435	379414	
4435	379423	
4435	379436	
4435	379437	
4435	379449	
4435	379521	
4435	379526	
4435	379597	
4435	379627	
4435	379746	
4435	379763	
4435	379866	
4435	379902	
4435	379967	
4435	379989	
4435	379992	
4435	380601	
4435	380671	
4435	381686	
4435	383836	
4435	383988	
4435	385107	
4435	385124	
4435	385144	
4435	385170	
4435	385554	
4435	385696	
4435	385780	
4435	385866	
4435	386196	
4435	387768	
4435	387836	
4435	388370	
4435	389108	
4435	389184	
4435	389769	
4435	389888	
4435	390349	
4435	391321	
4435	391562	
4435	391698	
4435	391724	
4435	391857	
4435	392183	
4435	392239	
4435	392771	
4435	395307	
4435	395645	
4435	395931	
4435	395936	
4435	396075	
4435	397573	
4435	397863	
4435	399278	
4435	399470	
4435	400003	
4435	401003	
4435	401395	
4435	401845	
4435	402189	
4435	404795	
4435	404821	
4435	404823	
4435	404829	
4435	404839	
4435	404857	
4435	404872	
4435	404914	
4435	404922	
4435	404926	
4435	404930	
4435	404975	
4435	404982	
4435	406578	
4435	407739	
4435	407817	
4435	407826	
4435	408102	
4435	409189	
4435	409636	
4435	409781	
4435	410874	
4435	411015	
4435	411121	
4435	411173	
4435	411666	
4435	412052	
4435	412429	
4435	412777	
4435	413013	
4435	413501	
4435	414023	
4435	415792	
4435	416677	
4435	417001	
4435	417298	
4435	417806	
4435	418363	
4435	419424	
4435	419616	
4435	419660	
4435	420425	
4435	420824	
4435	421679	
4435	422388	
4435	422692	
4435	422746	
4435	424751	
4435	425116	
4435	425268	
4435	425969	
4435	426652	
4435	426790	
4435	427187	
4435	427341	
4435	427346	
4435	427981	
4435	428261	
4435	430002	
4435	432352	
4435	433211	
4435	433459	
4435	433744	
4435	433999	
4435	434097	
4435	434578	
4435	434777	
4435	434895	
4435	436095	
4435	436146	
4435	436510	
4435	436616	
4435	436742	
4435	437406	
4435	438396	
4435	439877	
4435	440131	
4435	440176	
4435	441668	
4435	444625	
4435	444844	
4435	444847	
4435	445046	
4435	445108	
4435	445308	
4435	445327	
4435	447510	
4435	447951	
4435	448085	
4435	448725	
4435	450414	
4435	450841	
4435	451274	
4435	451513	
4435	451615	
4435	451711	
4435	452258	
4435	452700	
4435	452810	
4435	452813	
4435	452819	
4435	452958	
4435	452988	
4435	453115	
4435	453174	
4435	453368	
4435	453636	
4435	453643	
4435	453645	
4435	453663	
4435	453807	
4435	453818	
4435	453831	
4435	453836	
4435	453858	
4435	453871	
4435	454159	
4435	454304	
4435	454670	
4435	454683	
4435	454762	
4435	454936	
4435	455020	
4435	455165	
4435	455470	
4435	455508	
4435	455657	
4435	455917	
4435	456272	
4435	456774	
4435	456958	
4435	457156	
4435	457236	
4435	457518	
4435	457707	
4435	458263	
4435	458486	
4435	458552	
4435	458785	
4435	458835	
4435	459783	
4435	460262	
4435	461326	
4435	461576	
4435	461694	
4435	461980	
4435	462079	
4435	463142	
4435	463154	
4435	463305	
4435	463321	
4435	463367	
4435	463482	
4435	463490	
4435	464297	
4435	464311	
4435	464726	
4435	465450	
4435	465758	
4435	465794	
4435	466057	
4435	466211	
4435	466727	
4435	466814	
4435	468075	
4435	468235	
4435	468464	
4435	468724	
4435	469231	
4435	469321	
4435	469398	
4435	469455	
4435	469794	
4435	470354	
4435	471085	
4435	472282	
4435	472678	
4435	473221	
4435	473399	
4435	473451	
4435	473502	
4435	473524	
4435	473536	
4435	473540	
4435	473551	
4435	473554	
4435	473558	
4435	473562	
4435	473578	
4435	473587	
4435	473591	
4435	473592	
4435	473611	
4435	473613	
4435	473627	
4435	473630	
4435	473636	
4435	473642	
4435	473658	
4435	473660	
4435	473666	
4435	473678	
4435	473690	
4435	473695	
4435	473696	
4435	473700	
4435	473703	
4435	473708	
4435	473711	
4435	473715	
4435	473720	
4435	473721	
4435	473729	
4435	473750	
4435	473752	
4435	473754	
4435	473759	
4435	473930	
4435	473949	
4435	473953	
4435	473969	
4435	474004	
4435	474018	
4435	474028	
4435	474029	
4435	474048	
4435	474085	
4435	474156	
4435	474219	
4435	474221	
4435	474226	
4435	474228	
4435	474230	
4435	474231	
4435	474234	
4435	474239	
4435	474253	
4435	474267	
4435	474273	
4435	474278	
4435	474284	
4435	474287	
4435	474290	
4435	474292	
4435	474297	
4435	474310	
4435	474314	
4435	474326	
4435	474327	
4435	474329	
4435	474333	
4435	474341	
4435	474342	
4435	474347	
4435	474350	
4435	474354	
4435	474375	
4435	474379	
4435	474404	
4435	474430	
4435	474435	
4435	474533	
4435	474562	
4435	474578	
4435	474586	
4435	474627	
4435	474636	
4435	474709	
4435	474710	
4435	474720	
4435	474725	
4435	474728	
4435	474831	
4435	474866	
4435	474867	
4435	474875	
4435	474882	
4435	474929	
4435	474995	
4435	475344	
4435	475621	
4435	476510	
4435	476652	
4435	476662	
4435	476792	
4435	477010	
4435	477091	
4435	477799	
4435	478349	
4435	478836	
4435	478873	
4435	479277	
4435	479465	
4435	479728	
4435	480316	
4435	480581	
4435	481790	
4435	483919	
4435	484435	
4435	486017	
4435	486712	
4435	487199	
4435	487706	
4435	487942	
4435	488660	
4435	489480	
4435	489646	
4435	489656	
4435	489665	
4435	490035	
4435	491020	
4435	491044	
4435	491286	
4435	491288	
4435	491479	
4435	491785	
4435	491835	
4435	491872	
4435	491875	
4435	491896	
4435	492335	
4435	492576	
4435	492643	
4435	492741	
4435	494053	
4435	494335	
4435	494815	
4435	495088	
4435	495378	
4435	495684	
4435	495806	
4435	496229	
4435	496792	
4435	497140	
4435	497448	
4435	497766	
4435	497841	
4435	498061	
4435	498077	
4435	498098	
4435	498245	
4435	498268	
4435	498363	
4435	498466	
4435	498467	
4435	498494	
4435	498503	
4435	498535	
4435	498547	
4435	498565	
4435	498593	
4435	498635	
4435	498659	
4435	498730	
4435	498733	
4435	498738	
4435	498841	
4435	498991	
4435	499245	
4435	499389	
4435	499398	
4435	499454	
4435	499521	
4435	499989	
4435	500029	
4435	500122	
4435	500814	
4435	500894	
4435	501349	
4435	502217	
4435	502487	
4435	502634	
4435	502971	
4435	503948	
4435	504166	
4435	504457	
4435	504573	
4435	504581	
4435	504664	
4435	504865	
4435	504992	
4435	505320	
4435	505615	
4435	505642	
4435	505749	
4435	506093	
4435	506444	
4435	506857	
4435	508589	
4435	509236	
4435	509601	
4435	509661	
4435	509816	
4435	509900	
4435	509946	
4435	509995	
4435	509998	
4435	510190	
4435	510506	
4435	510677	
4435	510880	
4435	510903	
4435	510906	
4435	511452	
4435	511775	
4435	512507	
4435	512549	
4435	512918	
4435	513816	
4435	514070	
4435	514475	
4435	515178	
4435	518605	
4435	519043	
4435	520315	
4435	522398	
4435	522706	
4435	524066	
4435	524732	
4435	525190	
4435	525615	
4435	526058	
4435	527115	
4435	527654	
4435	528128	
4435	528393	
4435	529508	
4435	529641	
4435	530157	
4435	530338	
4435	530374	
4435	530949	
4435	531127	
4435	531582	
4435	531589	
4435	531937	
4435	532290	
4435	532486	
4435	533268	
4435	533360	
4435	535463	
4435	537975	
4435	538022	
4435	538096	
4435	538113	
4435	538174	
4435	538722	
4435	538991	
4435	539005	
4435	539097	
4435	539198	
4435	539204	
4435	539314	
4435	539650	
4435	539665	
4435	539682	
4435	539702	
4435	539818	
4435	539960	
4435	540198	
4435	540233	
4435	540243	
4435	540390	
4435	540692	
4435	541541	
4435	542973	
4435	543015	
4435	543356	
4435	547864	
4435	549506	
4435	550222	
4435	550931	
4435	552258	
4435	553255	
4435	553922	
4435	558220	
4435	558362	
4435	558384	
4435	558620	
4435	559482	
4435	559989	
4435	560116	
4435	560126	
4435	560298	
4435	560368	
4435	560391	
4435	561241	
4435	561513	
4435	561982	
4435	562560	
4435	562724	
4435	563232	
4435	563243	
4435	563747	
4435	563990	
4435	566372	
4435	566427	
4435	567551	
4435	567636	
4435	568412	
4435	569209	
4435	569554	
4435	570029	
4435	570826	
4435	571054	
4435	571181	
4435	571653	
4435	571905	
4435	571940	
4435	572899	
4435	573783	
4435	573785	
4435	573908	
4435	574220	
4435	574311	
4435	574957	
4435	574974	
4435	575050	
4435	575445	
4435	576813	
4435	576815	
4435	588394	
4435	590870	
4435	593203	
4435	593338	
4435	593719	
4435	594230	
4435	594706	
4435	595635	
4435	596589	
4435	597189	
4435	597524	
4435	597860	
4435	597868	
4435	598375	
4435	599495	
4435	599917	
4435	601126	
4435	601218	
4435	601280	
4435	602360	
4435	603149	
4435	605786	
4435	606039	
4435	606182	
4435	608149	
4435	608247	
4435	608719	
4435	610030	
4435	612073	
4435	612251	
4435	612350	
4435	612351	
4435	612678	
4435	613585	
4435	613698	
4435	613970	
4435	614436	
4435	614531	
4435	615247	
4435	616707	
4435	617149	
4435	617506	
4435	618037	
4435	618210	
4435	618242	
4435	618495	
4435	618526	
4435	618564	
4435	618633	
4435	618652	
4435	618661	
4435	618671	
4435	618679	
4435	618680	
4435	618747	
4435	618771	
4435	618791	
4435	618817	
4435	618840	
4435	618909	
4435	618960	
4435	618969	
4435	619123	
4435	619171	
4435	619184	
4435	619205	
4435	619576	
4435	619610	
4435	619812	
4435	619979	
4435	619980	
4435	620013	
4435	620140	
4435	620728	
4435	620742	
4435	620746	
4435	620752	
4435	620793	
4435	620921	
4435	620960	
4435	621020	
4435	621380	
4435	621601	
4435	622113	
4435	624297	
4435	626067	
4435	626125	
4435	627067	
4435	627795	
4435	628325	
4435	628479	
4435	629393	
4435	630265	
4435	630728	
4435	632016	
4435	632280	
4435	632308	
4435	632330	
4435	632358	
4435	632383	
4435	632824	
4435	633243	
4435	633387	
4435	633419	
4435	633431	
4435	633924	
4435	633938	
4435	634690	
4435	635269	
4435	635388	
4435	636343	
4435	636596	
4435	636704	
4435	636894	
4435	638470	
4435	638746	
4435	638773	
4435	638880	
4435	639029	
4435	639356	
4435	639994	
4435	640397	
4435	640918	
4435	640966	
4435	640969	
4435	641202	
4435	641669	
4435	641819	
4435	643856	
4435	644065	
4435	644907	
4435	646077	
4435	646611	
4435	647999	
4435	648605	
4435	649533	
4435	650278	
4435	651927	
4435	651943	
4435	652865	
4435	653593	
4435	654107	
4435	654108	
4435	654470	
4435	654690	
4435	654998	
4435	655016	
4435	655430	
4435	655872	
4435	655888	
4435	656969	
4435	656978	
4435	657108	
4435	657607	
4435	657774	
4435	659517	
4435	660014	
4435	660700	
4435	660896	
4435	660903	
4435	660960	
4435	661308	
4435	662287	
4435	662446	
4435	663611	
4435	663791	
4435	664309	
4435	665941	
4435	666271	
4435	666302	
4435	667453	
4435	667458	
4435	667518	
4435	668421	
4435	668427	
4435	669124	
4435	670168	
4435	670224	
4435	670225	
4435	670227	
4435	670427	
4435	670589	
4435	671001	
4435	671118	
4435	671165	
4435	672226	
4435	672317	
4435	672881	
4435	673232	
4435	673428	
4435	674199	
4435	675325	
4435	675502	
4435	675902	
4435	677058	
4435	677641	
4435	677693	
4435	678984	
4435	679104	
4435	679357	
4435	679530	
4435	679926	
4435	680454	
4435	682197	
4435	682722	
4435	683009	
4435	683012	
4435	683234	
4435	683268	
4435	683507	
4435	683517	
4435	683551	
4435	683552	
4435	684107	
4435	684344	
4435	684534	
4435	684650	
4435	685207	
4435	685826	
4435	685866	
4435	686005	
4435	686859	
4435	686946	
4435	687515	
4435	687714	
4435	688044	
4435	688406	
4435	688565	
4435	688691	
4435	688706	
4435	689284	
4435	689301	
4435	689463	
4435	689519	
4435	689532	
4435	689583	
4435	689593	
4435	689626	
4435	689650	
4435	689657	
4435	689658	
4435	689666	
4435	689712	
4435	689713	
4435	689718	
4435	689755	
4435	689866	
4435	690213	
4435	690249	
4435	690966	
4435	691024	
4435	691028	
4435	691056	
4435	691309	
4435	691310	
4435	691676	
4435	691682	
4435	691709	
4435	691803	
4435	691921	
4435	691933	
4435	691934	
4435	692166	
4435	692170	
4435	692178	
4435	692250	
4435	692399	
4435	692404	
4435	692436	
4435	692447	
4435	692536	
4435	692540	
4435	692582	
4435	692602	
4435	692603	
4435	692637	
4435	692644	
4435	692666	
4435	692692	
4435	692769	
4435	692991	
4435	693185	
4435	693244	
4435	693367	
4435	693527	
4435	693541	
4435	693574	
4435	693774	
4435	693777	
4435	693786	
4435	693826	
4435	693834	
4435	693839	
4435	693880	
4435	693935	
4435	694426	
4435	695771	
4435	695922	
4435	698364	
4435	698423	
4435	698510	
4435	699260	
4435	699468	
4435	699741	
4435	699782	
4435	699805	
4435	700111	
4435	700143	
4435	700372	
4435	700548	
4435	700566	
4435	701004	
4435	701306	
4435	701448	
4435	701840	
4435	701997	
4435	702627	
4435	702916	
4435	702917	
4435	703767	
4435	703809	
4435	707450	
4435	708353	
4435	708963	
4435	709696	
4435	710507	
4435	710612	
4435	710723	
4435	710762	
4435	710773	
4435	710781	
4435	710782	
4435	710783	
4435	711194	
4435	711262	
4435	711426	
4435	711659	
4435	711914	
4435	712191	
4435	715909	
4435	716226	
4435	717483	
4435	717494	
4435	717553	
4435	717554	
4435	718160	
4435	719313	
4435	719448	
4435	719599	
4435	720086	
4435	720502	
4435	721400	
4435	722424	
4435	723438	
4435	727715	
4435	728338	
4435	730395	
4435	733973	
4435	734121	
4435	734912	
4435	735839	
4435	737308	
4435	737312	
4435	737602	
4435	738581	
4435	738716	
4435	739944	
4435	740602	
4435	740740	
4435	741290	
4435	741767	
4435	742287	
4435	742983	
4435	742992	
4435	743024	
4435	743936	
4435	745282	
4435	745889	
4435	746559	
4435	746575	
4435	747073	
4435	747240	
4435	747329	
4435	749266	
4435	750076	
4435	751067	
4435	752174	
4435	757928	
4435	773649	
4435	779000	
4435	781224	
4435	781770	
4435	782124	
4435	782412	
4435	782850	
4435	782853	
4435	783066	
4435	783287	
4435	785872	
4435	786662	
4435	786686	
4435	786880	
4435	788236	
4435	788543	
4435	788549	
4435	789592	
4435	789622	
4435	789626	
4435	790074	
4435	790286	
4435	790299	
4435	790469	
4435	791068	
4435	791404	
4435	791634	
4435	791968	
4435	791973	
4435	792278	
4435	792831	
4435	794080	
4435	795932	
4435	796586	
4435	796831	
4435	796858	
4435	797111	
4435	797153	
4435	797154	
4435	797761	
4435	797841	
4435	798535	
4435	799024	
4435	800867	
4435	800924	
4435	801235	
4435	801317	
4435	801730	
4435	803160	
4435	803352	
4435	803354	
4435	803428	
4435	804561	
4435	804828	
4435	805119	
4435	805425	
4435	805510	
4435	805752	
4435	806785	
4435	806849	
4435	806852	
4435	806947	
4435	807087	
4435	807562	
4435	807791	
4435	807934	
4435	807998	
4435	808729	
4435	808737	
4435	809530	
4435	809836	
4435	809991	
4435	810888	
4435	811305	
4435	811315	
4435	812097	
4435	812144	
4435	812277	
4435	812592	
4435	813154	
4435	813260	
4435	813262	
4435	813346	
4435	813352	
4435	813410	
4435	813853	
4435	814137	
4435	814253	
4435	814753	
4435	814914	
4435	814957	
4435	814961	
4435	816239	
4435	817128	
4435	817670	
4435	818161	
4435	818729	
4435	818904	
4435	819911	
4435	819928	
4435	819933	
4435	820017	
4435	821501	
4435	822140	
4435	822182	
4435	823019	
4435	833880	
4435	834066	
4435	834094	
4435	834390	
4435	835190	
4435	835643	
4435	836488	
4435	836654	
4435	838081	
4435	839585	
4435	840559	
4435	840843	
4435	840942	
4435	841151	
4435	842740	
4435	843265	
4435	843290	
4435	843578	
4435	843602	
4435	843802	
4435	843822	
4435	843840	
4435	843843	
4435	843919	
4435	844077	
4435	844138	
4435	844613	
4435	845948	
4435	847018	
4435	847060	
4435	847077	
4435	849099	
4435	849613	
4435	849803	
4435	850052	
4435	850142	
4435	850358	
4435	850558	
4435	850806	
4435	850828	
4435	851717	
4435	851760	
4435	852093	
4435	852098	
4435	852678	
4435	852813	
4435	853595	
4435	853895	
4435	853913	
4435	854571	
4435	854828	
4435	854886	
4435	854968	
4435	855260	
4435	855776	
4435	856173	
4435	856432	
4435	856453	
4435	857244	
4435	857473	
4435	858527	
4435	859058	
4435	859804	
4435	860590	
4435	863330	
4435	864123	
4435	864176	
4435	864465	
4435	864753	
4435	864853	
4435	864906	
4435	865031	
4435	866008	
4435	866432	
4435	866873	
4435	867559	
4435	867839	
4435	868814	
4435	869112	
4435	869227	
4435	869823	
4435	870149	
4435	871325	
4435	871511	
4435	874589	
4435	874591	
4435	874840	
4435	875466	
4435	876047	
4435	876877	
4435	878044	
4435	878507	
4435	878626	
4435	878879	
4435	879089	
4435	879149	
4435	879691	
4435	880323	
4435	883165	
4435	883822	
4435	884153	
4435	886893	
4435	888667	
4435	889007	
4435	890057	
4435	891434	
4435	892880	
4435	893161	
4435	894956	
4435	896378	
4435	897392	
4435	898154	
4435	898371	
4435	898419	
4435	901088	
4435	901360	
4435	901778	
4435	902351	
4435	903752	
4435	904034	
4435	905668	
4435	906475	
4435	906968	
4435	908800	
4435	908866	
4435	909442	
4435	909756	
4435	912599	
4435	913437	
4435	913680	
4435	913727	
4435	913731	
4435	914049	
4435	914771	
4435	914971	
4435	915518	
4435	915786	
4435	915965	
4435	915993	
4435	916485	
4435	917014	
4435	918514	
4435	918808	
4435	919073	
4435	919436	
4435	920199	
4435	920252	
4435	920583	
4435	920788	
4435	922196	
4435	923330	
4435	923938	
4435	924578	
4435	927194	
4435	928041	
4435	928124	
4435	928204	
4435	928528	
4435	928997	
4435	929014	
4435	929049	
4435	929588	
4435	929599	
4435	931040	
4435	931812	
4435	932090	
4435	933348	
4435	933596	
4435	934000	
4435	934256	
4435	934564	
4435	935063	
4435	935380	
4435	935563	
4435	935564	
4435	935716	
4435	935813	
4435	935885	
4435	936072	
4435	936268	
4435	937790	
4435	938254	
4435	938337	
4435	938613	
4435	940019	
4435	941654	
4435	943103	
4435	943256	
4435	943504	
4435	943927	
4435	944396	
4435	944704	
4435	945581	
4435	945734	
4435	947236	
4435	947370	
4435	947414	
4435	949825	
4435	950653	
4435	952030	
4435	952053	
4435	952159	
4435	952560	
4435	956963	
4435	958016	
4435	958399	
4435	958423	
4435	958687	
4435	958694	
4435	958896	
4435	958921	
4435	959647	
4435	959661	
4435	959769	
4435	960154	
4435	960157	
4435	960299	
4435	960590	
4435	960968	
4435	961264	
4435	961472	
4435	961499	
4435	963711	
4435	964645	
4435	964842	
4435	965641	
4435	965693	
4435	965860	
4435	965924	
4435	966134	
4435	966190	
4435	966288	
4435	967218	
4435	967712	
4435	967748	
4435	968354	
4435	968427	
4435	968582	
4435	969066	
4435	970081	
4435	970822	
4435	972831	
4435	975187	
4435	975338	
4435	975815	
4435	976568	
4435	976779	
4435	976916	
4435	976984	
4435	977648	
4435	977666	
4435	978646	
4435	978660	
4435	979296	
4435	979504	
4435	980453	
4435	980867	
4435	981393	
4435	981603	
4435	982217	
4435	986501	
4435	986839	
4435	987052	
4435	987212	
4435	988294	
4435	988391	
4435	988532	
4435	988564	
4435	989063	
4435	989437	
4435	990039	
4435	990469	
4435	991904	
4435	993594	
4435	994905	
4435	994959	
4435	995222	
4435	995277	
4435	995320	
4435	995534	
4435	995699	
4435	995963	
4435	996492	
4435	996588	
4435	996616	
4435	996644	
4435	996722	
4435	997219	
4435	997221	
4435	998463	
4435	1001938	
4435	1001952	
4435	1002112	
4435	1002184	
4435	1002430	
4435	1002468	
4435	1002862	
4435	1002887	
4435	1002888	
4435	1002907	
4435	1003307	
4435	1003436	
4435	1003550	
4435	1003642	
4435	1003888	
4435	1004062	
4435	1004170	
4435	1004181	
4435	1004355	
4435	1005218	
4435	1005476	
4435	1005554	
4435	1005603	
4435	1005962	
4435	1006886	
4435	1007040	
4435	1007186	
4435	1008646	
4435	1008920	
4435	1008941	
4435	1011056	
4435	1011401	
4435	1011868	
4435	1012054	
4435	1012412	
4435	1012463	
4435	1012847	
4435	1012989	
4435	1013150	
4435	1013771	
4435	1014336	
4435	1014337	
4435	1014930	
4435	1015433	
4435	1015567	
4435	1015748	
4435	1016306	
4435	1016311	
4435	1016520	
4435	1017286	
4435	1018069	
4435	1020913	
4435	1021116	
4435	1021260	
4435	1021296	
4435	1021317	
4435	1021336	
4435	1021694	
4435	1021719	
4435	1022140	
4435	1022326	
4435	1022410	
4435	1022418	
4435	1022504	
4435	1022859	
4435	1022946	
4435	1023334	
4435	1023529	
4435	1023757	
4435	1024470	
4435	1024532	
4435	1024855	
4435	1025331	
4435	1026119	
4435	1026730	
4435	1027754	
4435	1028341	
4435	1028342	
4435	1028343	
4435	1028462	
4435	1028494	
4435	1028784	
4435	1028896	
4435	1030051	
4435	1030468	
4435	1030509	
4435	1030518	
4435	1030761	
4435	1031267	
4435	1031347	
4435	1031409	
4435	1031780	
4435	1031863	
4435	1033819	
4435	1035277	
4435	1036348	
4435	1036377	
4435	1036424	
4435	1036474	
4435	1036618	
4435	1036690	
4435	1036728	
4435	1036912	
4435	1037162	
4435	1037908	
4435	1038132	
4435	1038198	
4435	1038752	
4435	1043164	
4435	1043197	
4435	1044765	
4435	1046707	
4435	1046937	
4435	1047152	
4435	1047940	
4435	1048039	
4435	1048071	
4435	1048950	
4435	1049261	
4435	1049376	
4435	1049824	
4435	1049989	
4435	1050496	
4435	1050568	
4435	1050695	
4435	1052807	
4435	1053067	
4435	1053168	
4435	1053230	
4435	1053242	
4435	1053653	
4435	1054466	
4435	1054944	
4435	1055491	
4435	1055568	
4435	1055593	
4435	1055594	
4435	1056187	
4435	1056220	
4435	1057688	
4435	1057695	
4435	1059608	
4435	1062069	
4435	1062397	
4435	1062491	
4435	1062857	
4435	1062877	
4435	1062880	
4435	1062899	
4435	1062907	
4435	1062924	
4435	1063439	
4435	1063774	
4435	1063849	
4435	1064207	
4435	1064265	
4435	1064317	
4435	1064457	
4435	1064539	
4435	1065025	
4435	1065106	
4435	1065614	
4435	1065708	
4435	1066005	
4435	1066031	
4435	1066038	
4435	1066043	
4435	1066052	
4435	1066284	
4435	1066396	
4435	1066449	
4435	1066509	
4435	1066532	
4435	1066668	
4435	1066813	
4435	1066870	
4435	1067163	
4435	1067341	
4435	1067465	
4435	1067472	
4435	1067543	
4435	1068931	
4435	1069360	
4435	1069502	
4435	1070010	
4435	1070845	
4435	1070921	
4435	1071595	
4435	1071824	
4435	1072244	
4435	1074283	
4435	1074646	
4435	1075542	
4435	1075852	
4435	1076257	
4435	1076642	
4435	1077319	
4435	1077448	
4435	1077683	
4435	1077785	
4435	1077913	
4435	1077933	
4435	1080656	
4435	1081268	
4435	1081290	
4435	1081443	
4435	1081705	
4435	1082542	
4435	1082752	
4435	1082765	
4435	1083058	
4435	1083131	
4435	1083348	
4435	1083698	
4435	1083764	
4435	1084192	
4435	1084204	
4435	1084590	
4435	1085168	
4435	1085322	
4435	1085449	
4435	1085675	
4435	1086735	
4435	1086876	
4435	1087428	
4435	1087502	
4435	1088393	
4435	1088469	
4435	1088511	
4435	1088526	
4435	1088597	
4435	1088806	
4435	1088957	
4435	1089429	
4435	1089601	
4435	1089720	
4435	1089992	
4435	1090116	
4435	1090320	
4435	1090577	
4435	1091444	
4435	1091504	
4435	1091516	
4435	1091548	
4435	1091572	
4435	1091659	
4435	1091742	
4435	1091769	
4435	1091771	
4435	1092075	
4435	1092080	
4435	1092085	
4435	1092648	
4435	1092810	
4435	1094176	
4435	1094290	
4435	1094464	
4435	1094469	
4435	1095199	
4435	1095273	
4435	1095590	
4435	1095681	
4435	1095831	
4435	1097464	
4435	1097529	
4435	1097725	
4435	1098154	
