570201	1019490	
617563	1019490	
820346	1019490	
846855	1019490	
1019490	1090870	
1019490	2832257	
1019490	2832258	
1019490	2832259	
1019490	2832260	
1019490	2832261	
1019490	2832262	
1019490	2832263	
1019490	2832264	
1019490	2832265	
1019490	2832266	
1019490	2832267	
1019490	2832268	
13868	846855	
16232	617563	
22823	570201	
39524	617563	
46717	846855	
151664	846855	
151748	846855	
167333	846855	
212491	1090870	
244409	846855	
317229	846855	
321848	846855	
326039	1090870	
330399	846855	
345257	1090870	
351066	846855	
367054	846855	
383069	846855	
391885	846855	
392411	846855	
392584	617563	
392613	617563	
392682	617563	
393509	846855	
393598	617563	
393722	846855	
394025	617563	
394092	846855	
394294	846855	
394309	846855	
394359	846855	
394477	617563	
394733	846855	
395029	846855	
395613	617563	
395637	846855	
395659	846855	
395692	846855	
395757	846855	
395758	846855	
395762	846855	
395782	846855	
395821	846855	
406587	617563	
433400	846855	
433408	846855	
433418	846855	
433478	846855	
433524	846855	
433600	846855	
433625	846855	
434755	617563	
443199	617563	
457255	570201	
464352	846855	
474889	846855	
476227	617563	
570195	570201	
570200	570201	
570201	570202	
570201	570208	
570201	820346	
570201	820347	
570201	1112818	
570201	1142395	
570201	1385457	
570201	1567616	
570201	1611917	
570201	1990285	
570201	1990352	
570201	2129690	
570201	2832241	
570201	2832246	
570201	2832247	
570201	2832248	
570201	2832249	
570201	2832250	
570207	820346	
580139	1090870	
588074	617563	
598668	617563	
598798	1090870	
598835	617563	
598849	617563	
599518	617563	
599655	617563	
599769	617563	
599770	617563	
608673	617563	
615620	846855	
617563	617746	
617563	618391	
617563	621918	
617563	623813	
617563	679830	
617563	694477	
617563	694669	
617563	694670	
617563	694671	
617563	694672	
617563	694686	
617563	694703	
617563	702565	
617563	703046	
617563	835778	
617563	843429	
617563	846587	
617563	848379	
617563	917812	
617563	927292	
617563	928011	
617563	994922	
617563	1018747	
617563	1019486	
617563	1019487	
617563	1019488	
617563	1019489	
617563	1019491	
617563	1019492	
617563	1019493	
617563	1019494	
617563	1019495	
617563	1019496	
617563	1019497	
617563	1019498	
617563	1019499	
617563	1019500	
617563	1019501	
617563	1019502	
617563	1196259	
617563	1222593	
617563	1941214	
617563	2107988	
617563	2197021	
617563	2197024	
617563	2197027	
617563	2197031	
617563	4031684	
646345	846855	
664267	846855	
688438	846855	
709390	1090870	
778928	846855	
797023	2832267	
820346	820347	
820346	987805	
820346	1990281	
820346	1990370	
820346	1990392	
820346	2135083	
820346	2360136	
820346	2685960	
820346	2685961	
820346	2832250	
820346	2832253	
820346	2832254	
820346	2832255	
820346	2832256	
839488	846855	
846855	847496	
846855	912631	
846855	927301	
846855	927778	
846855	951020	
846855	1222800	
846855	1432638	
846855	1948344	
846855	1951681	
846855	2066644	
846855	2551840	
846855	2561021	
846855	2796289	
1090870	1203125	
1090870	1222232	
1090870	1658872	
1090870	1780745	
1090870	3404636	
1090870	3811728	
2832257	2832258	
2832257	2832259	
2832257	2832260	
2832257	2832266	
2832258	2832260	
2832258	2832266	
2832258	2832267	
2832259	2832260	
2832259	2832261	
2832259	2832265	
2832259	2832266	
2832261	2832267	
2832262	2832266	
2832264	2832266	
259	13868	
1021	395029	
1262	317229	
1263	394092	
1263	835778	
1274	703046	
1314	393509	
1345	608673	
1345	703046	
1350	394092	
1350	406587	
1350	598798	
1350	702565	
1350	846587	
1351	394477	
1352	608673	
1352	703046	
1352	1019502	
1357	598668	
1357	608673	
1357	1019502	
1359	703046	
1388	394092	
1405	383069	
2685	395692	
2721	393509	
2989	321848	
2989	391885	
2989	394092	
2989	598798	
3374	703046	
4355	317229	
4748	395029	
5442	394092	
5443	151664	
5445	151664	
5448	151664	
5450	151664	
5453	151664	
5455	151664	
5456	151664	
6728	321848	
6732	22823	
6748	2551840	
7131	580139	
7832	351066	
7832	383069	
7832	394733	
7832	694669	
7860	351066	
8138	151664	
9246	367054	
9261	615620	
9536	151664	
9541	1112818	
9558	351066	
9558	394309	
9583	395637	
9627	151748	
9765	321848	
9765	391885	
9765	392411	
9765	394025	
9765	394092	
9765	394733	
9765	615620	
9765	688438	
9765	927292	
9766	391885	
9766	395821	
9766	598798	
9766	843429	
9773	351066	
9792	392411	
9844	476227	
9869	392682	
9874	151664	
9913	395659	
9917	434755	
9922	1658872	
9935	393598	
9980	434755	
10133	598849	
10387	395029	
10432	394477	
11083	151664	
11189	395637	
11260	326039	
11509	394092	
11551	646345	
11708	317229	
11835	395029	
12486	391885	
12684	46717	
12718	394359	
12839	835778	
13294	321848	
13294	351066	
13294	394309	
13294	688438	
13294	694669	
13294	694703	
13294	835778	
13294	848379	
13294	1196259	
13491	16232	
13491	443199	
13511	16232	
13566	598849	
13664	570207	
13672	394294	
13740	394294	
13740	694669	
13760	395637	
13835	474889	
13856	474889	
13858	13868	
13868	13946	
13868	13993	
13868	88167	
13868	146476	
13868	173548	
13868	178929	
13868	231568	
13868	255851	
13868	378556	
13868	380802	
13868	383919	
13868	394003	
13868	394052	
13868	474907	
13868	480996	
13868	671183	
13868	826624	
13868	867792	
13868	960001	
13868	1647597	
13868	1704877	
13868	2066392	
13868	2066394	
13868	3535382	
14190	598835	
15880	406587	
15957	599769	
15958	617746	
16025	16232	
16033	321848	
16073	16232	
16079	16232	
16082	16232	
16107	16232	
16107	917812	
16116	16232	
16116	917812	
16123	16232	
16157	367054	
16158	694477	
16160	16232	
16178	1222232	
16187	16232	
16201	16232	
16231	16232	
16231	917812	
16232	16233	
16232	16264	
16232	16270	
16232	16307	
16232	212919	
16232	226441	
16232	392989	
16232	393177	
16232	408120	
16232	414570	
16232	444185	
16232	595068	
16232	595966	
16232	595969	
16232	595978	
16232	595989	
16232	606985	
16232	623546	
16232	674808	
16232	741144	
16232	915089	
16232	917784	
16232	917790	
16232	917793	
16232	917794	
16232	917795	
16232	917796	
16232	917821	
16232	925022	
16232	944288	
16232	987416	
16232	987420	
16232	987525	
16232	987526	
16232	987527	
16232	987528	
16232	987529	
16232	987530	
16232	2430348	
16233	917812	
16264	917812	
16275	395637	
16397	151748	
16409	588074	
16498	392411	
16498	598835	
16498	621918	
16501	617746	
16512	702565	
16522	598668	
16858	394309	
16866	351066	
16893	383069	
16920	393598	
17895	317229	
17895	395637	
18363	394092	
18363	1112818	
18675	778928	
18907	393509	
19134	433625	
19682	395637	
19684	22823	
20985	570207	
21025	317229	
21026	317229	
21382	839488	
21596	317229	
21639	927292	
21710	22823	
21710	317229	
21790	433524	
21846	351066	
21846	570207	
21912	618391	
22047	317229	
22064	618391	
22134	317229	
22147	326039	
22231	22823	
22232	22823	
22504	326039	
22534	394309	
22673	570207	
22823	26884	
22823	27952	
22823	83792	
22823	84302	
22823	199857	
22823	245879	
22823	276079	
22823	284152	
22823	310259	
22823	316455	
22823	349741	
22823	349753	
22823	360772	
22823	425824	
22823	434781	
22823	452626	
22823	476794	
22823	499121	
22823	570187	
22823	570188	
22823	570189	
22823	570190	
22823	570191	
22823	570192	
22823	570193	
22823	570194	
22823	570195	
22823	570196	
22823	570197	
22823	570198	
22823	570199	
22823	570200	
22823	570201	
22823	570202	
22823	570203	
22823	570204	
22823	570205	
22823	570206	
22823	570207	
22823	570208	
22823	570209	
22823	570210	
22823	570211	
22823	570212	
22823	570213	
22823	570214	
22823	570215	
22823	570216	
22823	820336	
22823	836952	
22831	395637	
22839	317229	
22839	351066	
22851	951020	
22912	317229	
23130	317229	
23301	317229	
23414	570207	
23474	570207	
23642	617746	
23702	151664	
24121	345257	
24506	345257	
24818	457255	
24826	457255	
26528	598798	
26884	317229	
26897	433400	
27324	394092	
27423	395637	
28084	615620	
29055	395637	
29057	394092	
29242	474889	
29939	694477	
30009	433524	
31637	395821	
32815	317229	
32815	395637	
32827	317229	
32827	395637	
33981	317229	
34847	167333	
35445	395637	
37784	326039	
37915	39524	
38500	392411	
38777	46717	
38864	244409	
39040	46717	
39514	395637	
39524	105967	
39524	123917	
39524	390906	
39524	392359	
39524	392612	
39524	392615	
39524	392626	
39524	392826	
39524	392899	
39524	393311	
39524	393519	
39524	393635	
39524	393721	
39524	393918	
39524	393920	
39524	393999	
39524	394000	
39524	394034	
39524	394043	
39524	394865	
39524	410785	
39524	500361	
39524	553763	
39524	593157	
39524	593495	
39524	610351	
39524	617241	
39524	617567	
39524	623572	
39524	703856	
39524	841853	
39524	842429	
39524	842611	
39524	847252	
39524	913883	
39524	913887	
39524	925023	
39524	951215	
39524	1015216	
39524	1019611	
39524	1196325	
39524	1197293	
39524	1391282	
39524	1391283	
39524	1391284	
39524	1391285	
39524	1391286	
39524	1391287	
39524	1391288	
39524	1391289	
39524	1391290	
39524	1816572	
39529	392411	
39529	393509	
39529	394733	
39529	395029	
39529	395692	
39529	395757	
39529	395762	
39529	433400	
39529	433418	
39529	474889	
39529	927301	
39529	1222800	
39558	394477	
39629	46717	
39793	797023	
39797	608673	
39826	1019494	
40109	46717	
40267	46717	
41247	151664	
42074	702565	
43359	443199	
43375	476227	
44335	212491	
44422	367054	
45902	951020	
46304	383069	
46521	46717	
46582	835778	
46717	78532	
46717	200592	
46717	255851	
46717	345430	
46717	376757	
46717	392239	
46717	394094	
46717	417754	
46717	474292	
46717	480731	
46717	486148	
46717	490220	
46717	552158	
46717	604205	
46717	611425	
46717	657495	
46717	702492	
46717	702524	
46717	818573	
46717	897351	
46717	943711	
46717	1124745	
46717	1535848	
46717	1594955	
46717	3267709	
47045	151664	
47593	326039	
47622	2551840	
48964	151664	
49155	151664	
49155	151748	
50506	391885	
51446	835778	
51598	151664	
51787	646345	
51803	646345	
51904	395029	
55082	394309	
55211	395637	
55456	580139	
58371	580139	
62139	167333	
67725	617746	
67725	694477	
77288	615620	
77352	847496	
77454	394092	
77512	151664	
78440	151664	
78445	326039	
78445	330399	
78445	351066	
78445	393509	
78445	394092	
78445	394294	
78445	395029	
78445	395659	
78445	395692	
78445	395757	
78445	395762	
78445	433400	
78445	433418	
78445	433478	
78445	433600	
78445	464352	
78445	474889	
78445	664267	
78445	778928	
78445	835778	
78445	927778	
78465	317229	
78473	393509	
78473	394294	
78473	395029	
78473	395758	
78473	433400	
78473	433418	
78473	433600	
78473	1222800	
78503	395637	
78503	433418	
78503	664267	
78507	1222232	
78520	394733	
78554	151748	
78554	383069	
78554	394294	
78554	394733	
78554	395029	
78554	395692	
78554	433418	
78554	474889	
78554	927292	
78554	1222800	
78554	2066644	
78569	321848	
78569	351066	
78569	392411	
78569	394294	
81244	394477	
81244	703046	
81860	927778	
83220	167333	
84268	151664	
84374	395637	
86303	927778	
86875	615620	
87986	326039	
88043	151664	
88167	167333	
88167	351066	
88167	383069	
88167	392411	
88167	394294	
88167	394309	
88167	394733	
88167	395029	
88167	395692	
88167	395757	
88167	395758	
88167	433400	
88167	433478	
88167	912631	
88167	927778	
88167	1222800	
88167	2066644	
88537	395637	
90076	694703	
90078	1019494	
90472	383069	
92191	433625	
92815	2551840	
93346	394477	
93433	2129690	
94728	394477	
94996	1019494	
96672	317229	
96674	317229	
96674	383069	
96674	393509	
96675	317229	
100377	848379	
101639	394359	
101708	393598	
101708	598668	
105377	167333	
105959	394092	
105959	703046	
107554	1780745	
109298	393598	
109380	474889	
114910	394477	
118818	244409	
129376	383069	
135113	395029	
135134	395029	
135162	1019494	
136751	599769	
137773	580139	
140957	598668	
142050	395613	
142054	395613	
145032	617746	
146470	383069	
146797	443199	
146797	1112818	
147174	395029	
147208	395029	
147239	688438	
147255	351066	
147672	317229	
147765	167333	
147765	394294	
147765	395029	
147765	395757	
147771	395757	
147771	927301	
148805	351066	
149306	383069	
149309	395637	
149309	694669	
149311	393509	
149312	394733	
149325	392411	
149325	395637	
149325	598835	
149325	928011	
149845	394092	
151599	476227	
151602	151664	
151603	151664	
151604	151664	
151607	394309	
151614	617746	
151615	394294	
151627	617746	
151627	1019498	
151642	151664	
151664	186344	
151664	188089	
151664	200592	
151664	205821	
151664	246985	
151664	255851	
151664	264266	
151664	269509	
151664	280784	
151664	304750	
151664	306837	
151664	307133	
151664	314513	
151664	315569	
151664	351424	
151664	354405	
151664	359645	
151664	360105	
151664	360242	
151664	372264	
151664	382838	
151664	394426	
151664	395282	
151664	395670	
151664	395860	
151664	402969	
151664	403155	
151664	404327	
151664	404358	
151664	404359	
151664	404361	
151664	404362	
151664	406528	
151664	409059	
151664	409230	
151664	410527	
151664	413511	
151664	414447	
151664	421083	
151664	421131	
151664	421696	
151664	423534	
151664	426047	
151664	426048	
151664	426050	
151664	426052	
151664	426053	
151664	426058	
151664	426063	
151664	426064	
151664	426065	
151664	426066	
151664	426067	
151664	426068	
151664	426072	
151664	426078	
151664	426082	
151664	426101	
151664	426105	
151664	427911	
151664	428943	
151664	431204	
151664	431224	
151664	431241	
151664	431242	
151664	431454	
151664	433370	
151664	433420	
151664	433681	
151664	436003	
151664	450000	
151664	451631	
151664	453244	
151664	476036	
151664	479080	
151664	480704	
151664	488347	
151664	496465	
151664	508067	
151664	523146	
151664	537687	
151664	538538	
151664	538768	
151664	540978	
151664	542039	
151664	545870	
151664	551491	
151664	551502	
151664	551997	
151664	555216	
151664	556083	
151664	556747	
151664	560714	
151664	564872	
151664	565447	
151664	567071	
151664	567829	
151664	573934	
151664	573936	
151664	575197	
151664	576278	
151664	598583	
151664	599544	
151664	599814	
151664	601520	
151664	601851	
151664	603357	
151664	604307	
151664	611727	
151664	615899	
151664	624234	
151664	629577	
151664	629616	
151664	655505	
151664	661286	
151664	663093	
151664	663527	
151664	668426	
151664	668563	
151664	670690	
151664	687273	
151664	700712	
151664	701139	
151664	701148	
151664	709966	
151664	714166	
151664	724644	
151664	730144	
151664	730166	
151664	730178	
151664	730354	
151664	732770	
151664	781582	
151664	781588	
151664	781589	
151664	781593	
151664	781594	
151664	781595	
151664	781596	
151664	781609	
151664	781610	
151664	781617	
151664	781619	
151664	781633	
151664	781638	
151664	781669	
151664	781690	
151664	781691	
151664	781701	
151664	781722	
151664	781730	
151664	786671	
151664	790286	
151664	793053	
151664	793054	
151664	808107	
151664	834219	
151664	837338	
151664	837405	
151664	841102	
151664	847396	
151664	878533	
151664	879063	
151664	886048	
151664	898238	
151664	898460	
151664	915842	
151664	918203	
151664	922246	
151664	927821	
151664	937933	
151664	937943	
151664	937944	
151664	944008	
151664	953082	
151664	970639	
151664	983870	
151664	992163	
151664	992378	
151664	1010984	
151664	1016030	
151664	1016640	
151664	1047577	
151664	1061029	
151664	1061032	
151664	1061034	
151664	1061035	
151664	1061039	
151664	1061040	
151664	1061041	
151664	1061042	
151664	1061047	
151664	1061049	
151664	1061281	
151664	1065818	
151664	1075663	
151664	1096683	
151664	1097018	
151664	1097019	
151664	1123727	
151664	1124016	
151664	1124017	
151664	1145610	
151664	1146158	
151664	1159688	
151664	1161372	
151664	1169686	
151664	1169697	
151664	1169713	
151664	1181559	
151664	1194373	
151664	1198959	
151664	1198961	
151664	1198962	
151664	1198990	
151664	1199736	
151664	1202806	
151664	1210009	
151664	1211984	
151664	1213303	
151664	1213304	
151664	1213309	
151664	1213322	
151664	1213325	
151664	1213326	
151664	1215287	
151664	1223235	
151664	1229197	
151664	1231449	
151664	1299614	
151664	1318255	
151664	1335361	
151664	1350561	
151664	1358158	
151664	1365721	
151664	1367994	
151664	1375467	
151664	1383965	
151664	1396002	
151664	1396018	
151664	1418319	
151664	1430840	
151664	1439251	
151664	1452586	
151664	1452587	
151664	1452620	
151664	1452623	
151664	1452624	
151664	1452638	
151664	1452644	
151664	1452662	
151664	1452663	
151664	1452688	
151664	1452724	
151664	1452731	
151664	1452773	
151664	1452778	
151664	1452782	
151664	1478195	
151664	1481389	
151664	1481553	
151664	1481555	
151664	1481609	
151664	1481628	
151664	1481629	
151664	1481695	
151664	1481793	
151664	1481796	
151664	1481807	
151664	1544578	
151664	1598202	
151664	1604837	
151664	1609890	
151664	1616266	
151664	1629634	
151664	1661774	
151664	1665315	
151664	1681547	
151664	1681568	
151664	1802496	
151664	1806939	
151664	1816040	
151664	1842314	
151664	1842315	
151664	1901544	
151664	1911872	
151664	1966955	
151664	1966956	
151664	1967028	
151664	1997188	
151664	2016923	
151664	2024783	
151664	2024786	
151664	2032638	
151664	2035169	
151664	2055755	
151664	2058679	
151664	2058684	
151664	2058759	
151664	2058831	
151664	2058864	
151664	2058880	
151664	2106870	
151664	2106877	
151664	2106879	
151664	2106920	
151664	2107202	
151664	2107416	
151664	2129616	
151664	2154888	
151664	2163266	
151664	2163267	
151664	2163268	
151664	2163269	
151664	2163270	
151664	2163271	
151664	2163272	
151664	2163273	
151664	2163274	
151664	2163275	
151664	2163276	
151664	2163277	
151664	2163278	
151664	2163279	
151664	2163280	
151664	2163281	
151664	2163282	
151664	2163283	
151664	2163284	
151664	2163285	
151664	2163286	
151664	2163287	
151664	2163288	
151664	2163289	
151664	2163290	
151664	2163291	
151664	2163292	
151664	2163293	
151664	2966535	
151666	476227	
151725	395692	
151730	395637	
151748	183309	
151748	226450	
151748	239140	
151748	318758	
151748	322119	
151748	328452	
151748	383896	
151748	383995	
151748	416466	
151748	434085	
151748	440530	
151748	451906	
151748	479874	
151748	480281	
151748	480701	
151748	536214	
151748	615783	
151748	652518	
151748	736851	
151748	780963	
151748	862153	
151748	915842	
151748	945310	
151748	971466	
151748	1104569	
151748	1180288	
151748	1180290	
151748	1282441	
151748	1992978	
151748	2537813	
151748	2813654	
151793	2551840	
154965	395029	
154965	395757	
157231	395613	
162743	393598	
165980	351066	
165984	395029	
166441	393598	
167333	203189	
167333	233723	
167333	239140	
167333	262449	
167333	270563	
167333	311444	
167333	317829	
167333	384509	
167333	412441	
167333	443518	
167333	444025	
167333	513178	
167333	547413	
167333	553014	
167333	586012	
167333	608853	
167333	678880	
167333	730434	
167333	751684	
167333	814852	
167333	874816	
167333	930237	
167333	950702	
167333	1023502	
167333	1059147	
167333	1060377	
167333	1070483	
167333	1105522	
167333	1114717	
167333	1114718	
167333	1114719	
167333	1114720	
167333	1114721	
167333	1114722	
167333	1114723	
167333	1114724	
167333	1114725	
167333	1114726	
167333	1114727	
167333	1114728	
167333	1114729	
167333	1114730	
167333	1564567	
170786	244409	
172685	393598	
172685	599518	
173543	393509	
173544	317229	
173548	317229	
173548	383069	
173548	395029	
173548	395637	
173548	395659	
173548	395757	
173548	395782	
173548	433418	
173548	474889	
173549	457255	
178920	351066	
178920	394733	
178920	474889	
178929	351066	
178952	383069	
181939	598835	
182367	598835	
183309	244409	
183309	367054	
183309	393509	
183309	394294	
183309	395029	
183309	395757	
183309	395762	
183309	433400	
183309	433418	
183309	433600	
183309	433625	
183309	839488	
183309	927301	
183309	927778	
186110	835778	
187554	395029	
188087	393509	
188089	367054	
188089	393509	
188089	394294	
188089	394733	
188089	395029	
188089	395637	
188089	395659	
188089	395692	
188089	395757	
188089	395758	
188089	395762	
188089	395782	
188089	395821	
188089	433418	
188089	778928	
188089	2796289	
191184	395637	
191513	835778	
194010	317229	
197893	646345	
199472	646345	
199715	326039	
200304	394092	
200404	317229	
200485	2107988	
200592	383069	
200592	394294	
200592	394733	
200592	395029	
200592	395692	
200592	395757	
200592	395758	
200592	395762	
200592	395782	
200592	433408	
200592	433418	
200592	433478	
200592	433600	
200794	351066	
201951	598798	
201951	618391	
202020	615620	
202389	345257	
202638	688438	
202852	688438	
202874	688438	
203654	393509	
203705	351066	
203735	839488	
203776	212491	
203943	395029	
204077	474889	
204133	474889	
204252	317229	
204253	317229	
204890	395637	
204890	433524	
206422	395613	
207829	393509	
208273	694477	
208336	598835	
208378	394309	
208529	394092	
208532	394092	
208554	394092	
208562	694703	
210354	598835	
210359	927292	
211104	394092	
211161	702565	
212360	212491	
212491	213060	
212491	213064	
212491	213071	
212491	213074	
212491	215461	
212491	216641	
212491	229053	
212491	266375	
212491	295023	
212491	350899	
212491	368985	
212491	414677	
212491	426324	
212491	429546	
212491	434546	
212491	468690	
212491	479764	
212491	542767	
212491	542931	
212491	550235	
212491	552919	
212491	605763	
212491	605954	
212491	610614	
212491	611148	
212491	617204	
212491	617213	
212491	836226	
212491	838481	
212491	849452	
212491	894057	
212491	908185	
212491	942588	
212491	944444	
212491	962238	
212491	987566	
212491	1040577	
212491	1253747	
212491	1257587	
212491	1384331	
212491	1466933	
212491	1481435	
212491	1481436	
212491	1498095	
212491	1578777	
212491	1620484	
212491	1658872	
212491	1903053	
212491	1941552	
212491	2146966	
212491	2354230	
212491	2436737	
212491	2505379	
212491	2513552	
212491	2544378	
212491	2630864	
212773	588074	
213125	598835	
213257	1019486	
213449	394025	
213746	588074	
215257	383069	
216600	474889	
216621	912631	
217507	457255	
217886	588074	
217896	599769	
218700	846587	
219670	588074	
221797	393598	
221811	394359	
221811	395762	
221811	598835	
221811	688438	
226434	392411	
226434	392613	
226434	393509	
226434	599769	
226434	927292	
226450	394294	
226450	394733	
226450	395762	
226450	433600	
226452	244409	
226452	351066	
226452	395029	
226452	395637	
226452	433418	
226903	392411	
226903	393509	
226903	394733	
227901	443199	
228340	848379	
228482	244409	
228482	330399	
228482	383069	
228482	393509	
228482	433400	
228482	433418	
228482	835778	
228482	927301	
228485	392411	
228485	393509	
228485	394733	
228485	395029	
228485	433400	
228485	433418	
228486	433418	
231568	393722	
231568	394733	
231568	395029	
231568	395637	
231568	433400	
231568	464352	
231568	474889	
231568	1432638	
231667	1019494	
234566	394359	
235337	394092	
235337	394477	
235851	1112818	
235853	1112818	
236592	395029	
236592	464352	
239140	394733	
239140	395029	
239140	395757	
239140	395758	
239438	392411	
239706	694671	
241492	392411	
241492	599769	
242296	457255	
243329	317229	
244409	244410	
244409	244418	
244409	244419	
244409	246117	
244409	246126	
244409	277296	
244409	293340	
244409	319823	
244409	380802	
244409	381067	
244409	394692	
244409	433397	
244409	442325	
244409	493093	
244409	493989	
244409	535070	
244409	549081	
244409	551311	
244409	551318	
244409	551328	
244409	552170	
244409	591158	
244409	690948	
244409	690954	
244409	695826	
244409	848765	
244409	913904	
244409	926669	
244409	992132	
244409	1095434	
244409	1131158	
244409	1223663	
244409	1384916	
244409	1581406	
244409	1677712	
244409	1818989	
244409	1819208	
244409	1977514	
244409	2107081	
244409	2111604	
244409	2228720	
244409	2822652	
245714	394309	
245797	443199	
245879	1112818	
245943	393509	
246004	351066	
248801	393509	
248864	394092	
248864	598668	
248864	703046	
248866	394092	
248866	598668	
248866	702565	
248866	703046	
248873	394092	
248886	394092	
248886	598668	
249310	646345	
250355	457255	
251184	395029	
251270	433478	
252268	1019502	
252721	608673	
252723	383069	
252723	392411	
252723	395782	
252724	599770	
252733	599769	
252733	621918	
253373	326039	
253467	392613	
254338	395692	
254910	598835	
254910	928011	
254917	703046	
255360	392411	
255360	394294	
255360	395029	
255360	395758	
255360	433625	
255360	664267	
255521	394359	
255551	395029	
255654	395692	
255656	395692	
255657	395692	
255658	395692	
255851	367054	
255851	383069	
255851	392411	
255851	393509	
255851	394294	
255851	394733	
255851	395029	
255851	395692	
255851	395757	
255851	395758	
255851	433400	
255851	433408	
255851	433418	
255851	433478	
255851	433524	
255851	433600	
255851	433625	
255909	317229	
255909	395637	
255911	688438	
257791	330399	
257791	383069	
257791	464352	
257791	580139	
257791	927292	
258050	464352	
258051	703046	
260858	570207	
260862	839488	
260866	927301	
261280	598835	
261367	330399	
261705	847496	
261975	395029	
263831	395029	
265480	394733	
265561	394477	
265582	394477	
265793	394733	
265814	394733	
267117	1385457	
267123	927778	
268419	646345	
269841	395821	
270002	393509	
270012	618391	
270020	702565	
270030	392613	
270032	839488	
270047	393509	
270047	394359	
270047	476227	
270088	394477	
270094	608673	
270112	618391	
270163	835778	
270163	1019488	
270661	694477	
270662	839488	
270665	839488	
270688	392682	
270694	406587	
270699	394309	
271272	839488	
271303	393509	
271303	395637	
271414	394092	
272742	395637	
272761	599518	
272831	839488	
273778	598849	
274648	433524	
275533	443199	
275626	608673	
275689	317229	
275820	703046	
276015	457255	
276096	847496	
276288	317229	
276288	351066	
276290	317229	
276296	317229	
276321	395637	
276322	317229	
276322	395637	
276327	395637	
276507	434755	
276517	321848	
277285	679830	
277285	994922	
277285	2197021	
277285	2197031	
277637	394309	
278012	608673	
278013	608673	
279391	395637	
279748	835778	
280036	394309	
280196	474889	
280688	608673	
281001	433625	
281197	474889	
282570	395659	
282591	394294	
282614	395029	
282804	599770	
284390	394359	
285166	392613	
285363	2551840	
285519	393509	
285699	847496	
286323	383069	
286359	317229	
287380	433524	
287482	393509	
287800	474889	
287932	839488	
289354	598835	
290749	393598	
292329	588074	
292334	588074	
292337	588074	
292583	588074	
292649	598835	
293027	394025	
293397	588074	
293421	621918	
293807	443199	
294555	351066	
294556	608673	
294737	395613	
295527	395637	
295814	927292	
297987	393509	
297987	394309	
298468	679830	
302844	927292	
303054	598849	
303620	330399	
308130	580139	
308144	395637	
309759	598798	
309815	383069	
310320	317229	
310479	394294	
310683	367054	
310759	598668	
310912	394309	
311598	317229	
311607	394309	
311649	317229	
311730	394359	
311790	395029	
311790	464352	
311790	688438	
311794	394309	
311806	395637	
312262	599769	
312279	395637	
312280	395029	
313250	395029	
314216	393598	
314529	621918	
314653	646345	
315349	474889	
316619	317229	
317141	598798	
317228	317229	
317229	317442	
317229	320620	
317229	320630	
317229	320846	
317229	321530	
317229	322115	
317229	322119	
317229	322216	
317229	322235	
317229	322239	
317229	323527	
317229	331379	
317229	351634	
317229	356962	
317229	377378	
317229	395027	
317229	409736	
317229	452681	
317229	453383	
317229	479233	
317229	547513	
317229	565921	
317229	599089	
317229	617684	
317229	672367	
317229	838446	
317229	987655	
317229	1118097	
317229	1778663	
317229	1852409	
317229	1888208	
317229	3020598	
317229	3253920	
317229	3459766	
317309	703046	
317341	615620	
317373	395637	
317438	395637	
317502	951020	
317690	383069	
317690	927292	
317815	694477	
317948	395637	
318133	351066	
318504	618391	
319030	394359	
319741	395637	
320610	393509	
320648	395637	
320805	395637	
320836	395637	
320935	395637	
321309	351066	
321464	351066	
321464	394294	
321464	433625	
321530	395637	
321597	395637	
321599	395757	
321645	847496	
321681	395637	
321753	951020	
321783	406587	
321848	384323	
321848	385503	
321848	394309	
321848	434934	
321848	467663	
321848	481346	
321848	481402	
321848	514648	
321848	514659	
321848	563876	
321848	583180	
321848	597471	
321848	610554	
321848	617155	
321848	617754	
321848	617758	
321848	617764	
321848	617766	
321848	617774	
321848	617933	
321848	623378	
321848	623379	
321848	665489	
321848	673600	
321848	673603	
321848	673623	
321848	673624	
321848	726109	
321848	846886	
321848	847740	
321848	913885	
321848	928017	
321848	1383315	
321848	1383800	
321848	1383801	
321848	1383802	
321848	1383924	
321848	1383925	
321848	1383926	
321848	1384193	
321848	3894582	
322115	395637	
322119	330399	
322119	393509	
322119	394733	
322119	395029	
322119	395637	
322119	395758	
322119	433418	
322119	778928	
322119	927292	
322119	927301	
322149	395637	
322189	395637	
322203	394359	
322206	395637	
322209	395637	
322212	395637	
322222	395637	
322236	395637	
322237	395637	
322239	395637	
322246	395637	
322255	395637	
322372	395637	
322523	383069	
322523	395029	
322523	395637	
322548	927292	
323197	395637	
323204	395637	
323230	395637	
323527	395637	
324541	694477	
325921	326039	
326038	395029	
326038	395637	
326038	1222800	
326039	326061	
326039	356310	
326039	370993	
326039	371779	
326039	379908	
326039	384322	
326039	392432	
326039	392451	
326039	392830	
326039	392853	
326039	392883	
326039	394214	
326039	394573	
326039	433325	
326039	433669	
326039	463762	
326039	465544	
326039	476018	
326039	479471	
326039	479749	
326039	480974	
326039	542498	
326039	542601	
326039	594825	
326039	599490	
326039	599529	
326039	599568	
326039	599952	
326039	608645	
326039	617205	
326039	646668	
326039	656528	
326039	660661	
326039	665464	
326039	684309	
326039	690298	
326039	702480	
326039	790838	
326039	846803	
326039	876152	
326039	898299	
326039	913882	
326039	917374	
326039	1045063	
326039	1236390	
326039	1269660	
326039	1310327	
326039	1481329	
326039	1496837	
326039	1562158	
326039	1677948	
326039	1846545	
326039	1947640	
326039	1977564	
326039	1992730	
326039	2201333	
326039	2208042	
326039	2405580	
326039	2790039	
326039	2816422	
326060	394294	
326060	395029	
326060	395757	
326060	433478	
326060	433625	
326060	1222800	
326061	395659	
326061	694477	
326418	394092	
326836	406587	
328627	330399	
328692	330399	
328696	330399	
329046	330399	
329423	1658872	
329503	330399	
329541	330399	
329559	330399	
329650	330399	
329651	330399	
330024	330399	
330108	330399	
330238	330399	
330399	330406	
330399	330408	
330399	330413	
330399	330416	
330399	330644	
330399	330651	
330399	330658	
330399	331211	
330399	331239	
330399	331240	
330399	331244	
330399	331348	
330399	350898	
330399	394076	
330399	394096	
330399	692625	
330399	847446	
330399	919217	
330399	1077143	
330399	1099466	
330399	1146645	
330399	1146730	
330399	1147679	
330399	1147721	
330399	1255030	
330399	1385346	
330399	1831282	
330399	2144931	
330399	2752956	
330399	2753090	
330399	2753091	
330399	2753092	
330399	2753093	
331366	395637	
331378	395637	
331379	395637	
331380	395637	
332228	617746	
336670	588074	
338193	433408	
339135	394092	
339135	394477	
339135	598668	
339195	395637	
339396	394025	
339412	618391	
339414	392613	
339915	395029	
340777	476227	
340896	646345	
341500	394092	
341514	393509	
341514	394092	
342015	694671	
342034	694477	
342039	599518	
342050	395637	
343236	598668	
344396	345257	
344767	393598	
345257	370708	
345257	378775	
345257	378776	
345257	378820	
345257	379753	
345257	691586	
345257	879160	
345257	916663	
345257	1003467	
345257	1063704	
345257	1202123	
345257	1203121	
345257	1203122	
345257	1203123	
345257	1441963	
345257	1560420	
345257	1677470	
345257	1677471	
345257	1677472	
345257	1677473	
345257	1677474	
345257	2198892	
345260	599770	
345749	391885	
345947	433408	
347164	457255	
347242	394294	
347632	394294	
347793	392682	
348176	694686	
349124	694686	
349201	395029	
349417	835778	
349711	394092	
350681	394359	
350712	395637	
350898	383069	
350898	393722	
350898	394294	
350898	395692	
350899	351066	
350911	395029	
350912	394359	
350912	395029	
350915	394309	
350915	394359	
350925	351066	
350925	433625	
350933	395029	
350934	393509	
350935	394309	
350935	394359	
350935	395029	
350936	351066	
350938	688438	
350947	395029	
350947	395757	
350954	383069	
350954	394733	
350954	395637	
350954	395692	
350954	395757	
350954	433400	
350954	433478	
350954	664267	
350959	433625	
351051	395637	
351061	351066	
351065	393509	
351066	351254	
351066	354546	
351066	381639	
351066	383958	
351066	392488	
351066	393373	
351066	393441	
351066	393658	
351066	393660	
351066	394200	
351066	395049	
351066	395217	
351066	395231	
351066	395279	
351066	395285	
351066	396368	
351066	396847	
351066	403749	
351066	433354	
351066	433356	
351066	433517	
351066	445217	
351066	452401	
351066	453679	
351066	464326	
351066	474003	
351066	480984	
351066	480991	
351066	534868	
351066	540237	
351066	540240	
351066	540249	
351066	540447	
351066	591174	
351066	598882	
351066	610556	
351066	709407	
351066	709613	
351066	709681	
351066	710700	
351066	710920	
351066	710921	
351066	710922	
351066	710936	
351066	710940	
351066	712107	
351066	712109	
351066	712422	
351066	712775	
351066	712877	
351066	712953	
351066	712968	
351066	713166	
351066	806917	
351066	841719	
351066	846149	
351066	846151	
351066	846160	
351066	846161	
351066	846162	
351066	846170	
351066	846849	
351066	846850	
351066	846851	
351066	846852	
351066	846853	
351066	846854	
351066	846856	
351066	846857	
351066	846858	
351066	846859	
351066	846860	
351066	846861	
351066	846862	
351066	846863	
351066	846864	
351066	846865	
351066	846866	
351066	846867	
351066	846868	
351066	846869	
351066	846870	
351066	1391511	
351066	1562043	
351066	1810466	
351066	2044509	
351066	3076403	
351066	3934899	
351066	4004716	
351238	433625	
351256	464352	
351409	847496	
352164	994922	
352849	1019486	
352907	433400	
353323	1385457	
353754	598798	
353876	2551840	
353877	987805	
353943	598668	
353971	694477	
354259	392411	
355542	847496	
355544	393598	
355544	598668	
355616	694477	
357139	835778	
358010	598798	
358319	393598	
360429	391885	
360429	2551840	
361022	580139	
362248	395637	
364906	392682	
364906	394477	
364909	598668	
364950	598849	
364951	598849	
365091	835778	
366231	598798	
366897	598798	
367044	367054	
367054	367062	
367054	386700	
367054	391125	
367054	393918	
367054	395649	
367054	403749	
367054	410353	
367054	433370	
367054	434298	
367054	480703	
367054	480706	
367054	596023	
367054	606972	
367054	617219	
367054	690384	
367054	690386	
367054	690387	
367054	843022	
367054	847158	
367054	847842	
367054	916303	
367054	1019199	
367054	1035039	
367054	1193045	
367054	1209979	
367054	1222144	
367054	1287651	
367054	1915138	
367054	2299628	
367054	2299629	
367054	2860928	
367058	395637	
367864	694686	
368410	570207	
368867	664267	
370037	393722	
371465	395029	
371764	598668	
371766	393509	
371772	694477	
371779	617746	
371782	394309	
371824	618391	
371874	702565	
372415	1142395	
373157	580139	
373615	1951681	
373983	433524	
373988	395637	
375216	580139	
376471	457255	
376482	457255	
376488	457255	
376682	395613	
376727	393509	
376728	393509	
376732	694477	
376734	394309	
376738	393509	
376753	393509	
376831	694477	
376952	395692	
377112	457255	
377289	457255	
379587	457255	
379638	618391	
379651	598668	
379892	393509	
379893	406587	
379893	703046	
379901	598835	
379905	393509	
379914	694477	
379914	1019494	
379916	395029	
379916	433400	
379917	599655	
379923	457255	
379937	394092	
379937	702565	
379937	703046	
379937	846587	
379939	393509	
379952	623813	
379960	393509	
380670	927292	
380802	392411	
380802	394294	
380802	394733	
380802	395029	
380802	433418	
380802	474889	
380871	694669	
380981	694686	
381027	394733	
381252	664267	
381253	395029	
381254	474889	
381256	395029	
381434	443199	
381639	688438	
381642	395029	
381666	688438	
381669	709390	
381718	395637	
381845	694477	
381851	393598	
382168	618391	
382433	395821	
382597	394309	
382685	395029	
382692	394733	
382702	394309	
382702	694477	
382705	395659	
383069	387886	
383069	394426	
383069	400573	
383069	421277	
383069	424853	
383069	442095	
383069	453725	
383069	462428	
383069	462468	
383069	462862	
383069	483838	
383069	549912	
383069	623479	
383069	692891	
383069	697898	
383069	743977	
383069	878782	
383069	889710	
383069	906981	
383069	1012546	
383069	1222696	
383069	1223116	
383069	1338741	
383069	1358402	
383069	1543947	
383069	1719907	
383069	2042539	
383069	2290835	
383069	2848511	
383069	2971937	
383069	3230651	
383081	464352	
383477	474889	
383807	394733	
383807	395637	
383807	395758	
383807	433524	
383807	474889	
383823	392613	
383823	1018747	
383856	443199	
383885	394025	
383889	394359	
383889	395029	
383896	393509	
383896	433400	
383897	702565	
383920	395029	
383931	394359	
383931	395029	
383932	394359	
383935	443199	
383944	394359	
383944	394733	
383995	393509	
383995	433400	
384017	2796289	
384039	394309	
384041	393598	
384043	393509	
384084	394309	
384088	433400	
384097	394309	
384194	623813	
384312	598835	
384312	928011	
384314	618391	
384315	394294	
384326	694477	
384331	393598	
384331	598798	
384332	393598	
384338	598668	
384344	694477	
384351	394309	
384354	392682	
384365	1019502	
384369	393598	
384685	395821	
384840	703046	
384901	406587	
385466	835778	
385503	617746	
386557	392682	
386700	394294	
386700	395757	
386700	395758	
386700	433400	
387625	395029	
388651	392682	
389166	395029	
390155	395613	
390800	646345	
390833	391885	
390864	598798	
390902	391885	
390950	395029	
390969	395637	
391000	393598	
391010	393598	
391035	392613	
391035	476227	
391035	599769	
391035	621918	
391035	1018747	
391063	394025	
391067	664267	
391316	392682	
391770	393598	
391770	599769	
391779	598798	
391885	455050	
391885	457402	
391885	2551840	
391885	2561021	
391885	3795925	
391885	3795926	
391919	392682	
391943	394025	
391987	392411	
391987	476227	
392048	598668	
392313	392682	
392333	433524	
392363	392613	
392363	1018747	
392365	392584	
392367	392682	
392367	598668	
392368	392411	
392380	393598	
392383	392613	
392385	393722	
392398	598849	
392399	394025	
392402	599770	
392404	393598	
392404	598668	
392404	621918	
392411	392419	
392411	392452	
392411	392636	
392411	392833	
392411	392883	
392411	392887	
392411	393391	
392411	393427	
392411	393541	
392411	393552	
392411	393635	
392411	393653	
392411	393667	
392411	393842	
392411	393951	
392411	394007	
392411	394013	
392411	416100	
392411	433117	
392411	433628	
392411	465577	
392411	480984	
392411	481001	
392411	548150	
392411	555173	
392411	590290	
392411	590387	
392411	595089	
392411	595105	
392411	595115	
392411	595119	
392411	595124	
392411	595181	
392411	598840	
392411	599786	
392411	599907	
392411	623604	
392411	647019	
392411	654941	
392411	683821	
392411	684354	
392411	694895	
392411	703072	
392411	790427	
392411	818594	
392411	841952	
392411	846253	
392411	846665	
392411	846979	
392411	848395	
392411	848414	
392411	848984	
392411	868983	
392411	906981	
392411	913887	
392411	914110	
392411	924732	
392411	1019474	
392411	1045060	
392411	1503240	
392411	3990910	
392421	476227	
392427	598835	
392427	608673	
392427	694477	
392427	928011	
392427	1019502	
392444	434755	
392446	987805	
392448	694477	
392449	393509	
392451	618391	
392452	599769	
392453	598835	
392455	393598	
392456	393598	
392456	599518	
392460	621918	
392470	694671	
392472	394477	
392482	434755	
392498	474889	
392534	621918	
392545	599769	
392546	434755	
392549	395692	
392555	433625	
392565	618391	
392574	406587	
392584	495559	
392584	593341	
392584	667614	
392584	688292	
392584	703114	
392584	1378219	
392584	2036212	
392584	2565232	
392584	2960061	
392584	3134897	
392594	392613	
392594	1018747	
392595	392613	
392595	598849	
392599	598835	
392599	617746	
392599	928011	
392599	1019498	
392600	392613	
392600	476227	
392600	1018747	
392601	476227	
392603	599769	
392603	1658872	
392608	476227	
392609	617746	
392611	476227	
392613	392614	
392613	392615	
392613	392616	
392613	392619	
392613	392623	
392613	392624	
392613	392628	
392613	392633	
392613	392644	
392613	392826	
392613	393344	
392613	393379	
392613	393748	
392613	394005	
392613	394839	
392613	395673	
392613	433671	
392613	486075	
392613	559261	
392613	588992	
392613	588993	
392613	589010	
392613	599507	
392613	599516	
392613	599589	
392613	599707	
392613	623317	
392613	627297	
392613	627328	
392613	646517	
392613	688884	
392613	693816	
392613	815666	
392613	841828	
392613	842376	
392613	842680	
392613	846518	
392613	846529	
392613	866574	
392613	920314	
392613	1018514	
392613	1018691	
392613	1018695	
392613	1018696	
392613	1018707	
392613	1018709	
392613	1018710	
392613	1018711	
392613	1018712	
392613	1018713	
392613	1018714	
392613	1018715	
392613	1018716	
392613	1018717	
392613	1018718	
392613	1018719	
392613	1018720	
392613	1018723	
392613	1018727	
392613	1018732	
392613	1018735	
392613	1018739	
392613	1018740	
392613	1018741	
392613	1018742	
392613	1018743	
392613	1018744	
392613	1018746	
392613	1018747	
392613	1018749	
392613	1018750	
392613	1018752	
392613	1018756	
392613	1019049	
392613	1019050	
392613	1019051	
392613	1019052	
392613	1019053	
392613	1019054	
392613	1019055	
392613	1019056	
392613	1019057	
392613	1019058	
392613	1019059	
392613	1019060	
392613	1019061	
392613	1019062	
392613	1019063	
392613	1019064	
392613	1019065	
392613	1019066	
392613	1019067	
392613	1019068	
392613	1019615	
392614	1018747	
392615	599770	
392615	1018747	
392616	476227	
392616	1018747	
392619	1018747	
392620	393598	
392620	598849	
392620	599518	
392623	608673	
392623	1018747	
392624	1018747	
392628	1018747	
392633	1018747	
392644	476227	
392654	598668	
392655	598668	
392655	846587	
392658	846587	
392679	393598	
392679	394477	
392682	392692	
392682	393346	
392682	393521	
392682	393537	
392682	393638	
392682	393727	
392682	393763	
392682	394100	
392682	394119	
392682	404140	
392682	408087	
392682	412461	
392682	419828	
392682	466523	
392682	472523	
392682	476202	
392682	476226	
392682	493901	
392682	504964	
392682	528607	
392682	536620	
392682	553745	
392682	586332	
392682	588459	
392682	588562	
392682	593795	
392682	595717	
392682	598508	
392682	598832	
392682	598892	
392682	598893	
392682	598902	
392682	599486	
392682	599597	
392682	599638	
392682	599660	
392682	599697	
392682	600117	
392682	604332	
392682	612355	
392682	613030	
392682	613045	
392682	617147	
392682	617151	
392682	617155	
392682	617156	
392682	617159	
392682	617162	
392682	617163	
392682	617164	
392682	617238	
392682	617530	
392682	617558	
392682	617559	
392682	617560	
392682	617561	
392682	617562	
392682	617564	
392682	617565	
392682	617566	
392682	617567	
392682	617568	
392682	617569	
392682	617570	
392682	617571	
392682	617572	
392682	617573	
392682	617574	
392682	617575	
392682	617576	
392682	617577	
392682	617578	
392682	617579	
392682	617580	
392682	617581	
392682	617582	
392682	617583	
392682	617584	
392682	617585	
392682	617586	
392682	617587	
392682	617588	
392682	617589	
392682	617590	
392682	617591	
392682	617592	
392682	617593	
392682	617594	
392682	617595	
392682	617596	
392682	617597	
392682	617598	
392682	617599	
392682	617600	
392682	617601	
392682	617602	
392682	617603	
392682	617604	
392682	617605	
392682	617606	
392682	617607	
392682	617608	
392682	617609	
392682	617610	
392682	617611	
392682	617612	
392682	617613	
392682	617614	
392682	617615	
392682	617616	
392682	617617	
392682	617618	
392682	617619	
392682	617620	
392682	617621	
392682	617622	
392682	617623	
392682	617624	
392682	617625	
392682	617626	
392682	617627	
392682	617628	
392682	617629	
392682	617630	
392682	617631	
392682	617632	
392682	617633	
392682	617634	
392682	617635	
392682	617636	
392682	617637	
392682	617638	
392682	617639	
392682	617640	
392682	617641	
392682	617642	
392682	617643	
392682	617644	
392682	617645	
392682	617646	
392682	617647	
392682	617648	
392682	617649	
392682	617650	
392682	617651	
392682	617652	
392682	617653	
392682	617654	
392682	617655	
392682	617656	
392682	617657	
392682	617658	
392682	617659	
392682	617660	
392682	617661	
392682	617662	
392682	617663	
392682	617664	
392682	617665	
392682	617666	
392682	617667	
392682	617668	
392682	617669	
392682	617670	
392682	617671	
392682	617672	
392682	617673	
392682	617674	
392682	617675	
392682	617676	
392752	987805	
392753	617746	
392826	1018747	
392833	599769	
392853	393509	
392853	623813	
392878	433478	
392919	599769	
392993	694477	
393000	694477	
393020	694477	
393023	393598	
393025	394477	
393036	694477	
393041	599655	
393050	694477	
393054	694477	
393069	694477	
393118	599655	
393118	694477	
393118	694670	
393119	694477	
393144	618391	
393146	694477	
393147	694477	
393149	694477	
393156	694477	
393156	848379	
393163	1222232	
393167	394025	
393172	694477	
393175	395029	
393210	599655	
393224	394025	
393257	393509	
393257	1019488	
393261	1222232	
393262	394092	
393263	1222232	
393266	1222232	
393272	599769	
393279	394092	
393279	394477	
393279	599769	
393279	702565	
393279	703046	
393279	846587	
393279	1019492	
393279	1941214	
393286	476227	
393286	598835	
393286	928011	
393287	599769	
393297	394359	
393307	394092	
393310	393598	
393310	476227	
393310	599769	
393310	599770	
393317	394477	
393317	694477	
393320	927292	
393326	394309	
393331	393598	
393335	599769	
393337	476227	
393337	621918	
393343	393598	
393344	476227	
393344	1018747	
393350	623813	
393371	598835	
393371	928011	
393372	393598	
393379	1018747	
393413	394477	
393417	621918	
393419	598835	
393432	623813	
393479	588074	
393479	598835	
393479	621918	
393479	702565	
393479	928011	
393480	393598	
393480	599518	
393480	599769	
393480	608673	
393480	621918	
393480	1019502	
393509	393557	
393509	393656	
393509	393926	
393509	394060	
393509	394096	
393509	394309	
393509	394733	
393509	395661	
393509	395673	
393509	395753	
393509	395796	
393509	395810	
393509	419528	
393509	433368	
393509	454484	
393509	454544	
393509	454604	
393509	457405	
393509	457480	
393509	464317	
393509	464392	
393509	471715	
393509	480670	
393509	480961	
393509	533259	
393509	542689	
393509	542700	
393509	594347	
393509	604302	
393509	604609	
393509	610556	
393509	611186	
393509	617797	
393509	617837	
393509	618430	
393509	618433	
393509	618439	
393509	623188	
393509	649637	
393509	652518	
393509	652519	
393509	670025	
393509	683955	
393509	687857	
393509	703840	
393509	814486	
393509	847346	
393509	848261	
393509	849005	
393509	876513	
393509	920859	
393509	927816	
393509	928281	
393509	1012546	
393509	1131609	
393509	1182753	
393509	1197314	
393509	1207328	
393509	1222337	
393509	1272112	
393509	1496692	
393509	1796765	
393509	1796766	
393509	1856047	
393509	1857371	
393509	1988940	
393509	1988941	
393509	1988942	
393509	1988943	
393509	1988944	
393511	395659	
393519	599769	
393520	847496	
393523	394092	
393523	703046	
393534	599769	
393540	395637	
393555	621918	
393586	1019486	
393598	393651	
393598	393678	
393598	393944	
393598	393956	
393598	393960	
393598	393964	
393598	393973	
393598	394812	
393598	395815	
393598	395923	
393598	396210	
393598	402661	
393598	406622	
393598	416660	
393598	417356	
393598	417380	
393598	418375	
393598	433529	
393598	434884	
393598	451987	
393598	457536	
393598	461084	
393598	461690	
393598	464345	
393598	465530	
393598	465559	
393598	465570	
393598	465578	
393598	465581	
393598	471745	
393598	471944	
393598	472627	
393598	475950	
393598	476182	
393598	476200	
393598	476204	
393598	480954	
393598	489999	
393598	494793	
393598	519542	
393598	542366	
393598	542604	
393598	542607	
393598	552987	
393598	553600	
393598	553608	
393598	582825	
393598	583354	
393598	584582	
393598	587299	
393598	588491	
393598	588497	
393598	588964	
393598	589128	
393598	589410	
393598	591856	
393598	591903	
393598	593498	
393598	595090	
393598	595094	
393598	595736	
393598	597351	
393598	597575	
393598	597576	
393598	597577	
393598	598535	
393598	598536	
393598	598537	
393598	598538	
393598	598539	
393598	598541	
393598	598542	
393598	598543	
393598	598544	
393598	598545	
393598	598546	
393598	598549	
393598	598550	
393598	598551	
393598	598554	
393598	598555	
393598	598559	
393598	598562	
393598	598568	
393598	598579	
393598	598582	
393598	598718	
393598	598835	
393598	598840	
393598	598879	
393598	598887	
393598	599129	
393598	599215	
393598	599220	
393598	599239	
393598	599289	
393598	599292	
393598	599344	
393598	599363	
393598	599385	
393598	599386	
393598	599428	
393598	599586	
393598	599590	
393598	599613	
393598	599615	
393598	599617	
393598	599618	
393598	599619	
393598	599621	
393598	599646	
393598	599655	
393598	599656	
393598	599658	
393598	599660	
393598	599664	
393598	599681	
393598	599682	
393598	599685	
393598	599692	
393598	599695	
393598	599767	
393598	599884	
393598	599904	
393598	600049	
393598	609414	
393598	612686	
393598	617159	
393598	617197	
393598	617581	
393598	617638	
393598	617657	
393598	621918	
393598	623713	
393598	623764	
393598	627996	
393598	643173	
393598	648246	
393598	669843	
393598	671166	
393598	702352	
393598	702472	
393598	702750	
393598	788346	
393598	815564	
393598	842699	
393598	842785	
393598	844342	
393598	846669	
393598	846676	
393598	848099	
393598	848650	
393598	924197	
393598	924591	
393598	924945	
393598	926227	
393598	930682	
393598	934911	
393598	944696	
393598	948036	
393598	948120	
393598	948138	
393598	948257	
393598	948500	
393598	948901	
393598	949409	
393598	1019359	
393598	1120308	
393598	1142786	
393598	1164130	
393598	1182649	
393598	1185250	
393598	1222597	
393598	1256790	
393598	1344535	
393598	1385571	
393598	1574978	
393598	1647577	
393598	1780356	
393598	1810860	
393598	1838383	
393598	1838408	
393598	1887708	
393598	2062036	
393598	2291069	
393598	3325791	
393598	4032795	
393602	394092	
393608	848379	
393621	848379	
393627	394092	
393630	621918	
393635	928011	
393636	621918	
393640	598835	
393640	928011	
393648	599769	
393656	395029	
393656	395637	
393656	406587	
393656	927292	
393659	476227	
393659	688438	
393662	617746	
393680	618391	
393710	599769	
393722	480984	
393722	814114	
393722	848395	
393722	905868	
393722	905870	
393722	1222696	
393722	1955160	
393722	2355370	
393722	2419489	
393722	2468195	
393722	2703404	
393722	2703407	
393722	3400162	
393728	394025	
393760	617746	
393763	703046	
393796	394092	
393818	617746	
393829	394092	
393856	621918	
393913	621918	
393915	621918	
393918	394309	
393918	394359	
393918	688438	
393918	927292	
393923	474889	
393931	394309	
393931	395637	
393936	394092	
393938	474889	
393940	394092	
393942	476227	
393942	598835	
393942	599769	
393942	928011	
393947	1948344	
393951	621918	
393956	476227	
393959	694477	
393960	476227	
393961	599769	
393962	394477	
393962	703046	
393962	846587	
393964	599770	
393967	598835	
393967	599769	
393967	928011	
393968	395613	
393968	599769	
393976	598835	
393981	621918	
394001	598835	
394005	621918	
394005	1018747	
394016	433478	
394025	406422	
394025	451299	
394025	461690	
394025	466523	
394025	471256	
394025	489999	
394025	549440	
394025	577033	
394025	583354	
394025	588074	
394025	588459	
394025	588492	
394025	588497	
394025	588549	
394025	588554	
394025	588587	
394025	593155	
394025	593326	
394025	597234	
394025	599637	
394025	600115	
394025	601539	
394025	604463	
394025	604838	
394025	605725	
394025	617575	
394025	617599	
394025	617642	
394025	617678	
394025	625615	
394025	662566	
394025	663774	
394025	663803	
394025	667213	
394025	675240	
394025	701823	
394025	702373	
394025	702383	
394025	786358	
394025	788625	
394025	818175	
394025	842417	
394025	846292	
394025	848551	
394025	877089	
394025	913781	
394025	915876	
394025	915981	
394025	925029	
394025	1016192	
394025	1019013	
394025	1019333	
394025	1019373	
394025	1082640	
394025	1131204	
394025	1132350	
394025	1166504	
394025	1175896	
394025	1210375	
394025	1222393	
394025	1256450	
394025	1257424	
394025	1410051	
394025	1562528	
394025	1620698	
394025	1677945	
394025	1677946	
394025	1816536	
394025	1900124	
394025	2070009	
394025	2104276	
394025	2459316	
394025	2512125	
394025	2537070	
394025	3956662	
394025	4010890	
394028	394359	
394040	588074	
394040	599769	
394040	702565	
394042	394309	
394044	395659	
394060	395659	
394066	394092	
394066	694477	
394079	394092	
394081	394359	
394084	394294	
394085	394309	
394089	1432638	
394092	394477	
394092	395752	
394092	396351	
394092	405444	
394092	408080	
394092	408081	
394092	408143	
394092	413520	
394092	416123	
394092	418574	
394092	423785	
394092	433659	
394092	434290	
394092	454913	
394092	457549	
394092	475940	
394092	486058	
394092	561678	
394092	584072	
394092	588814	
394092	594151	
394092	595188	
394092	595746	
394092	598374	
394092	598775	
394092	598851	
394092	599153	
394092	599154	
394092	599266	
394092	599706	
394092	609357	
394092	610192	
394092	610210	
394092	610767	
394092	611512	
394092	613299	
394092	617155	
394092	617639	
394092	617760	
394092	617858	
394092	618003	
394092	622982	
394092	637877	
394092	699532	
394092	702350	
394092	702518	
394092	702999	
394092	703046	
394092	729969	
394092	786199	
394092	794127	
394092	897314	
394092	900166	
394092	947329	
394092	948265	
394092	948397	
394092	948407	
394092	1070565	
394092	1120272	
394092	1132164	
394092	1178105	
394092	1193716	
394092	1197173	
394092	1222696	
394092	1334004	
394092	1383565	
394092	1383578	
394092	1513836	
394092	1840995	
394092	1900035	
394092	1900036	
394092	1900037	
394092	1900038	
394092	1900039	
394092	1900040	
394092	1900041	
394092	1900042	
394092	1900043	
394092	1900044	
394092	1900045	
394092	1930664	
394096	433400	
394096	433418	
394096	839488	
394096	927301	
394099	406587	
394100	588074	
394122	406587	
394174	395637	
394177	394294	
394177	395821	
394184	474889	
394212	395613	
394214	617746	
394231	621918	
394232	580139	
394233	406587	
394257	394359	
394258	394359	
394260	394359	
394278	394477	
394294	394316	
394294	395810	
394294	395860	
394294	395861	
394294	410353	
394294	433348	
394294	479784	
394294	480961	
394294	480974	
394294	481001	
394294	519868	
394294	598834	
394294	622981	
394294	623188	
394294	652525	
394294	657355	
394294	663873	
394294	684328	
394294	703139	
394294	790084	
394294	793880	
394294	878529	
394294	879019	
394294	913762	
394294	955106	
394294	971466	
394294	988522	
394294	1016756	
394294	1016831	
394294	1223267	
394294	1231578	
394294	1391793	
394294	1519567	
394294	1523611	
394294	1685739	
394294	2244627	
394294	2460809	
394294	2783216	
394306	395029	
394309	394320	
394309	394359	
394309	394372	
394309	394384	
394309	394436	
394309	394496	
394309	394498	
394309	394501	
394309	394503	
394309	394746	
394309	395411	
394309	395508	
394309	395649	
394309	395656	
394309	395796	
394309	429822	
394309	433455	
394309	453923	
394309	509825	
394309	542027	
394309	563737	
394309	611367	
394309	611525	
394309	612658	
394309	617740	
394309	656517	
394309	684328	
394309	689120	
394309	785950	
394309	814119	
394309	814852	
394309	847165	
394309	847166	
394309	847167	
394309	847168	
394309	847169	
394309	847170	
394309	847171	
394309	847172	
394309	847173	
394309	847174	
394309	847175	
394309	926775	
394309	927994	
394309	988490	
394309	1018844	
394309	1181055	
394309	1391489	
394309	1575025	
394309	1603726	
394309	1853585	
394309	1925376	
394309	1948763	
394309	2208817	
394309	2313065	
394309	2383241	
394309	2720434	
394310	474889	
394315	395659	
394316	474889	
394325	395029	
394339	394359	
394339	1432638	
394340	394359	
394341	394733	
394348	395613	
394351	394359	
394359	394362	
394359	394377	
394359	394395	
394359	394427	
394359	394466	
394359	394528	
394359	394530	
394359	394694	
394359	394865	
394359	395010	
394359	395047	
394359	395506	
394359	433335	
394359	433603	
394359	433618	
394359	464346	
394359	464366	
394359	553789	
394359	566930	
394359	574666	
394359	599279	
394359	611416	
394359	612533	
394359	655156	
394359	662934	
394359	667653	
394359	667660	
394359	683876	
394359	683937	
394359	818534	
394359	841021	
394359	847092	
394359	847146	
394359	847161	
394359	847198	
394359	847216	
394359	847218	
394359	847350	
394359	847377	
394359	847513	
394359	847514	
394359	847649	
394359	847711	
394359	847714	
394359	847722	
394359	847748	
394359	847829	
394359	847830	
394359	847848	
394359	948771	
394359	1016473	
394359	1016486	
394359	1016663	
394359	1016946	
394359	1255370	
394359	1255497	
394359	1255501	
394359	1354166	
394359	1354664	
394359	1385525	
394359	1390940	
394359	1390946	
394359	1391037	
394359	1391474	
394359	1391475	
394359	1391476	
394359	1391477	
394359	1391478	
394359	1391479	
394359	1391480	
394359	1391481	
394359	1391482	
394359	1391483	
394359	1391484	
394359	1391485	
394359	1391486	
394359	1391487	
394359	1391488	
394359	1391489	
394378	688438	
394395	395029	
394395	464352	
394426	395029	
394434	394477	
394437	694686	
394477	394480	
394477	394619	
394477	396165	
394477	396351	
394477	399195	
394477	400690	
394477	408144	
394477	434756	
394477	445135	
394477	458406	
394477	459169	
394477	480953	
394477	533240	
394477	542506	
394477	555890	
394477	558715	
394477	563992	
394477	585638	
394477	588814	
394477	589896	
394477	593503	
394477	594772	
394477	595739	
394477	597471	
394477	598802	
394477	598832	
394477	598854	
394477	598929	
394477	599633	
394477	599638	
394477	599668	
394477	599706	
394477	607626	
394477	610274	
394477	611032	
394477	613008	
394477	613018	
394477	617155	
394477	617237	
394477	617249	
394477	617587	
394477	617621	
394477	617639	
394477	617756	
394477	617761	
394477	617986	
394477	626647	
394477	662151	
394477	688505	
394477	702565	
394477	702976	
394477	702989	
394477	702999	
394477	704152	
394477	792143	
394477	796823	
394477	817922	
394477	843011	
394477	898276	
394477	925061	
394477	926545	
394477	944699	
394477	947548	
394477	948261	
394477	948386	
394477	1019680	
394477	1142743	
394477	1142834	
394477	1194404	
394477	1426471	
394477	1432645	
394477	1477236	
394477	1490440	
394477	1899677	
394477	1899678	
394477	1899679	
394477	1899680	
394477	1899681	
394501	1019488	
394519	703046	
394521	395029	
394543	847496	
394564	835778	
394564	846587	
394567	395692	
394567	433400	
394627	394733	
394628	394733	
394629	394733	
394657	395029	
394665	395029	
394666	395029	
394672	394733	
394673	395029	
394714	395029	
394733	394746	
394733	395048	
394733	395400	
394733	395791	
394733	395860	
394733	395976	
394733	396066	
394733	433462	
394733	433489	
394733	443236	
394733	480958	
394733	480969	
394733	480984	
394733	480987	
394733	481001	
394733	598831	
394733	598834	
394733	610556	
394733	623585	
394733	684328	
394733	846214	
394733	846227	
394733	847201	
394733	906981	
394733	1222689	
394733	1223689	
394733	1383415	
394733	1496912	
394733	1564206	
394733	1575252	
394733	1705100	
394733	1810868	
394733	1988926	
394733	1988927	
394733	2066437	
394733	2066526	
394796	839488	
394812	599518	
394825	433478	
394839	1018747	
394865	395029	
395029	395034	
395029	395209	
395029	395471	
395029	395764	
395029	395810	
395029	395860	
395029	395861	
395029	396195	
395029	396397	
395029	396400	
395029	396407	
395029	432054	
395029	433377	
395029	433406	
395029	442575	
395029	442657	
395029	443236	
395029	444667	
395029	445517	
395029	450848	
395029	464321	
395029	464323	
395029	464324	
395029	464325	
395029	464333	
395029	464339	
395029	464341	
395029	464342	
395029	464345	
395029	464352	
395029	464353	
395029	464364	
395029	480279	
395029	480299	
395029	481201	
395029	481361	
395029	481362	
395029	481363	
395029	481364	
395029	485462	
395029	486108	
395029	486196	
395029	486241	
395029	513199	
395029	540444	
395029	566930	
395029	583312	
395029	585987	
395029	595155	
395029	595458	
395029	595758	
395029	599712	
395029	601225	
395029	601239	
395029	604301	
395029	604650	
395029	604957	
395029	611379	
395029	615345	
395029	615348	
395029	615373	
395029	615722	
395029	615826	
395029	615831	
395029	615832	
395029	615833	
395029	615834	
395029	615835	
395029	615836	
395029	615848	
395029	615850	
395029	615851	
395029	616422	
395029	616461	
395029	623188	
395029	629413	
395029	632456	
395029	632457	
395029	632458	
395029	632463	
395029	632465	
395029	632481	
395029	632523	
395029	641515	
395029	641537	
395029	652525	
395029	652565	
395029	664267	
395029	683936	
395029	692359	
395029	692370	
395029	714871	
395029	750406	
395029	750420	
395029	751190	
395029	782192	
395029	782296	
395029	814834	
395029	818534	
395029	839408	
395029	842774	
395029	843022	
395029	847100	
395029	847197	
395029	847208	
395029	847218	
395029	847642	
395029	847644	
395029	847645	
395029	847649	
395029	869203	
395029	869951	
395029	906981	
395029	910299	
395029	912466	
395029	924812	
395029	927729	
395029	927810	
395029	928184	
395029	987870	
395029	1012546	
395029	1016691	
395029	1066035	
395029	1077364	
395029	1081976	
395029	1102830	
395029	1103829	
395029	1104683	
395029	1104684	
395029	1104687	
395029	1104689	
395029	1104690	
395029	1104691	
395029	1104692	
395029	1104703	
395029	1104714	
395029	1117987	
395029	1139800	
395029	1166754	
395029	1171926	
395029	1193293	
395029	1197086	
395029	1197314	
395029	1222667	
395029	1222684	
395029	1255363	
395029	1255368	
395029	1255370	
395029	1263958	
395029	1287646	
395029	1315993	
395029	1334716	
395029	1354661	
395029	1362842	
395029	1390793	
395029	1390801	
395029	1390805	
395029	1390807	
395029	1390854	
395029	1390904	
395029	1390976	
395029	1391010	
395029	1391011	
395029	1391012	
395029	1391013	
395029	1391014	
395029	1391015	
395029	1391016	
395029	1391017	
395029	1391018	
395029	1391019	
395029	1391020	
395029	1391021	
395029	1391022	
395029	1391023	
395029	1391024	
395029	1391025	
395029	1391026	
395029	1391027	
395029	1391028	
395029	1391029	
395029	1391030	
395029	1391031	
395029	1540403	
395079	395613	
395109	618391	
395202	688438	
395208	688438	
395284	395637	
395477	433625	
395482	395659	
395514	476227	
395613	395618	
395613	395620	
395613	395630	
395613	703170	
395613	746159	
395613	831930	
395613	846427	
395613	847099	
395613	847681	
395613	878779	
395613	878915	
395613	905074	
395613	905082	
395613	971352	
395613	1170733	
395613	1171466	
395613	1255334	
395613	1255335	
395613	1255336	
395613	1255337	
395613	1255338	
395613	1255382	
395613	1432573	
395613	1471670	
395613	1561759	
395613	1566475	
395613	2147619	
395613	3637871	
395635	839488	
395637	395810	
395637	421436	
395637	426253	
395637	426552	
395637	433630	
395637	435159	
395637	435482	
395637	437189	
395637	439524	
395637	445013	
395637	449683	
395637	452001	
395637	453241	
395637	453448	
395637	453453	
395637	453727	
395637	453743	
395637	453845	
395637	453894	
395637	453906	
395637	453917	
395637	453921	
395637	453994	
395637	454009	
395637	454017	
395637	454023	
395637	454116	
395637	454217	
395637	454228	
395637	454508	
395637	454614	
395637	459304	
395637	459702	
395637	459940	
395637	460379	
395637	460659	
395637	469799	
395637	471740	
395637	475933	
395637	480472	
395637	480650	
395637	480703	
395637	480706	
395637	481001	
395637	486249	
395637	512542	
395637	514969	
395637	515089	
395637	515127	
395637	515161	
395637	515162	
395637	515177	
395637	535087	
395637	542007	
395637	551816	
395637	574574	
395637	598144	
395637	599490	
395637	604550	
395637	604608	
395637	604609	
395637	604610	
395637	604612	
395637	611363	
395637	611462	
395637	611534	
395637	612386	
395637	617793	
395637	617809	
395637	618452	
395637	623413	
395637	623972	
395637	633230	
395637	637861	
395637	639032	
395637	639574	
395637	640823	
395637	640833	
395637	640841	
395637	640844	
395637	640848	
395637	643186	
395637	655623	
395637	688857	
395637	698548	
395637	700344	
395637	703001	
395637	703139	
395637	703199	
395637	722358	
395637	730758	
395637	787454	
395637	792235	
395637	834009	
395637	834034	
395637	844123	
395637	847169	
395637	847253	
395637	848377	
395637	848960	
395637	849005	
395637	852629	
395637	860661	
395637	879091	
395637	899739	
395637	932112	
395637	952737	
395637	955251	
395637	955649	
395637	987963	
395637	993531	
395637	1004363	
395637	1039691	
395637	1053839	
395637	1107464	
395637	1115876	
395637	1118026	
395637	1120452	
395637	1131233	
395637	1131313	
395637	1131350	
395637	1131610	
395637	1140715	
395637	1140829	
395637	1141039	
395637	1141043	
395637	1141044	
395637	1141055	
395637	1141070	
395637	1141077	
395637	1141558	
395637	1141562	
395637	1142628	
395637	1142636	
395637	1142640	
395637	1142642	
395637	1142645	
395637	1142654	
395637	1142656	
395637	1142657	
395637	1161355	
395637	1185566	
395637	1197272	
395637	1208167	
395637	1220847	
395637	1222102	
395637	1222103	
395637	1222104	
395637	1222105	
395637	1222106	
395637	1222107	
395637	1222108	
395637	1222109	
395637	1222110	
395637	1222111	
395637	1222112	
395637	1222113	
395637	1222114	
395637	1222115	
395637	1222116	
395637	1222117	
395637	1222118	
395637	1222119	
395637	1222120	
395637	1222121	
395637	1222122	
395637	1222123	
395637	1222124	
395637	1222125	
395637	1222126	
395637	1222127	
395637	1222128	
395637	1222129	
395637	1222130	
395637	1222131	
395637	1222132	
395637	1222133	
395637	1222134	
395637	1222135	
395637	1222136	
395637	1222137	
395637	1222138	
395637	1222139	
395637	1222140	
395637	1222141	
395637	1222142	
395637	1222143	
395637	1222144	
395637	1222145	
395637	1222146	
395637	1222147	
395637	1222148	
395637	1222149	
395637	1222150	
395637	1222151	
395637	1222152	
395637	1222153	
395637	1222154	
395637	1222155	
395637	1222156	
395637	1222157	
395637	1222158	
395637	1222159	
395637	1222160	
395637	1222161	
395637	1222162	
395637	1222163	
395637	1222164	
395637	1222165	
395637	1222166	
395637	1222167	
395637	1222168	
395637	1222169	
395637	1222170	
395637	1462488	
395637	1562043	
395637	1584397	
395644	927292	
395659	395866	
395659	480983	
395659	481001	
395659	612401	
395659	612414	
395659	669891	
395659	684328	
395659	741208	
395659	847302	
395659	847904	
395659	848282	
395659	987337	
395659	1014865	
395659	1022621	
395659	1194633	
395659	1221945	
395659	1266726	
395659	1573189	
395659	1573198	
395659	1573206	
395659	1664465	
395659	1982748	
395659	2303913	
395659	2303914	
395659	2303915	
395668	599769	
395673	476227	
395673	1018747	
395674	599770	
395676	618391	
395692	395810	
395692	395860	
395692	399698	
395692	433383	
395692	433462	
395692	475950	
395692	598144	
395692	684328	
395692	703139	
395692	852627	
395692	906981	
395692	961273	
395692	1197314	
395692	1222621	
395692	1263758	
395692	1456644	
395692	2329919	
395692	2329923	
395692	2329924	
395692	2984862	
395692	2984867	
395692	3001714	
395692	3001715	
395700	2796289	
395723	688438	
395741	433625	
395743	395757	
395757	395860	
395757	433592	
395757	480961	
395757	610556	
395757	623188	
395757	652528	
395757	784495	
395757	790084	
395757	793929	
395757	846856	
395757	879019	
395757	927716	
395757	927721	
395757	1222856	
395757	1385782	
395757	2334820	
395758	395810	
395758	395861	
395758	410353	
395758	433462	
395758	684328	
395758	703139	
395758	1197314	
395762	746131	
395762	1012546	
395782	395810	
395782	395861	
395782	433409	
395782	652518	
395782	655623	
395782	906981	
395782	1523611	
395810	433625	
395810	778928	
395821	691991	
395821	869714	
395821	1066385	
395821	3910488	
395860	433418	
395860	474889	
395860	927301	
395861	433418	
396203	588074	
396241	951020	
396887	618391	
398976	406587	
400328	598668	
400931	694477	
403761	598798	
403795	598798	
404606	702565	
404627	599769	
406162	847496	
406575	598798	
406587	406609	
406587	433622	
406587	474903	
406587	486244	
406587	553762	
406587	599145	
406587	599490	
406587	661899	
406587	703001	
406587	703949	
406587	707486	
406587	746131	
406587	746135	
406587	791297	
406587	817928	
406587	817936	
406587	832008	
406587	856630	
406587	866883	
406587	905062	
406587	933637	
406587	944617	
406587	1018783	
406587	1083759	
406587	1223695	
406587	1354166	
406587	1383243	
406587	1385431	
406587	1385432	
406587	1385433	
406587	1385434	
406587	1385435	
406587	1385436	
406587	1385437	
406587	1385438	
406587	1385439	
406587	1385440	
406587	1385441	
406587	1385442	
406587	1385443	
406587	1385444	
406587	1385445	
406587	1385446	
406587	1385447	
406587	1385448	
406587	1385449	
406587	1385450	
406587	1385451	
406587	1385452	
406587	1385453	
406587	1385454	
406587	1385455	
406587	1385456	
406587	1385457	
406587	1385458	
406587	1385459	
406587	1385460	
406587	1385461	
406587	1385462	
406587	1385463	
406587	1385464	
406587	1785065	
406587	1785066	
406587	2015926	
406618	927292	
406654	835778	
406654	1019488	
406778	443199	
408073	588074	
408117	843429	
408144	703046	
408336	580139	
408422	598798	
409023	994922	
409023	2197021	
410635	474889	
410785	433408	
410785	433478	
410997	702565	
411280	598668	
412209	797023	
412633	1142395	
413036	847496	
413509	703046	
413515	1019502	
413932	927778	
413976	588074	
414570	917812	
415132	702565	
415243	588074	
415499	847496	
416030	434755	
416036	927292	
416435	598849	
416444	623813	
416626	588074	
416684	835778	
416796	476227	
417268	848379	
417380	598798	
417680	608673	
417829	848379	
418563	588074	
418574	703046	
418575	1019486	
418582	598835	
418582	928011	
418586	608673	
418599	1019488	
420244	615620	
420911	588074	
421019	797023	
421993	847496	
422922	2551840	
423259	617746	
423295	598849	
423794	474889	
423802	443199	
424524	1567616	
424526	1567616	
424537	588074	
425871	598668	
427488	839488	
427497	839488	
428021	443199	
428357	434755	
429777	646345	
429778	646345	
429821	688438	
431728	588074	
432294	1019494	
433117	476227	
433150	1019502	
433154	1019502	
433360	599770	
433367	474889	
433368	617746	
433371	599770	
433388	464352	
433400	443236	
433400	480961	
433400	619749	
433400	652518	
433400	697951	
433400	706860	
433400	841024	
433400	860610	
433400	891203	
433400	906981	
433400	1287407	
433400	1287576	
433400	1287580	
433400	1287619	
433400	2078475	
433400	2173686	
433400	2197119	
433400	2277626	
433400	2277691	
433408	433409	
433408	480747	
433408	484162	
433408	530697	
433408	587192	
433408	587261	
433408	587402	
433408	589197	
433408	591177	
433408	592690	
433408	593773	
433408	595076	
433408	683806	
433408	707257	
433408	712907	
433408	718072	
433408	913606	
433408	941072	
433408	1000094	
433408	1222070	
433408	1226874	
433408	1227087	
433408	1232511	
433408	1285311	
433408	1384834	
433408	1510551	
433408	1546434	
433408	1816044	
433408	1816045	
433408	1816047	
433408	1816048	
433408	1816049	
433408	1816050	
433408	1816051	
433408	1817040	
433408	1819532	
433408	1819533	
433408	1819536	
433408	1819539	
433408	2377549	
433413	927301	
433418	598177	
433418	610556	
433418	623188	
433418	652518	
433418	719170	
433418	906981	
433418	926072	
433418	927289	
433418	927850	
433418	960199	
433418	988522	
433418	1012546	
433418	1197314	
433418	1222695	
433418	1564204	
433418	1564205	
433418	1564206	
433418	2925845	
433418	2925846	
433433	434755	
433478	434290	
433478	533514	
433478	596603	
433478	622879	
433478	622880	
433478	623712	
433478	623718	
433478	627303	
433478	793838	
433478	793919	
433478	793931	
433478	846642	
433478	906981	
433478	917755	
433478	926072	
433478	1115294	
433478	1197314	
433478	1564199	
433478	1798100	
433478	1926748	
433478	1990531	
433478	2632367	
433478	2632375	
433478	3001711	
433478	3001712	
433478	3001713	
433524	443109	
433524	452382	
433524	708501	
433524	708503	
433524	708518	
433524	793482	
433524	878730	
433524	928862	
433524	971179	
433524	975049	
433524	1089119	
433524	1089120	
433524	1089139	
433524	1110738	
433524	1110740	
433524	1295722	
433524	1296048	
433524	1296049	
433524	1296050	
433524	1296051	
433524	1296052	
433524	1296053	
433524	1296055	
433524	1296057	
433524	1296570	
433524	1296577	
433524	1296579	
433524	1296583	
433524	1730521	
433524	2010381	
433524	2010385	
433524	2010389	
433524	2010410	
433524	2010422	
433524	2010423	
433524	2010454	
433545	664267	
433552	664267	
433591	618391	
433625	480274	
433625	588794	
433625	623825	
433625	638561	
433625	2028394	
433625	2128910	
433625	2561021	
433626	688438	
433649	688438	
434047	617746	
434061	847496	
434303	839488	
434316	839488	
434338	598668	
434549	702565	
434619	709390	
434683	1990281	
434755	443199	
434755	474927	
434755	550882	
434755	598849	
434755	659169	
434755	660498	
434755	671246	
434755	694669	
434755	699895	
434755	868859	
434755	925893	
434755	968280	
434755	1019487	
434755	1019493	
434755	1070882	
434755	1131275	
434755	1309940	
434755	1309941	
434755	1309943	
434755	1309947	
434755	1309949	
434755	1349204	
434755	1463964	
434755	1533481	
434755	1557852	
434755	1558253	
434755	1558254	
434755	1558258	
434755	1558260	
434755	1558263	
434755	1558266	
434755	1620398	
434755	1620399	
434755	1690149	
434755	1690155	
434755	1805728	
434755	2021704	
434755	2021710	
434755	2482632	
434755	2482633	
434755	2648432	
434755	2888346	
434755	2888353	
434755	2888357	
434755	2888360	
434755	2888361	
434760	570200	
434760	570202	
434934	617746	
435167	694477	
435182	839488	
435263	703046	
436023	598849	
438262	623813	
440311	835778	
440522	588074	
442020	646345	
442246	1019494	
442554	1112818	
442619	1112818	
442725	1112818	
443022	621918	
443187	443199	
443188	443199	
443199	443209	
443199	443287	
443199	443323	
443199	534436	
443199	543236	
443199	573115	
443199	665765	
443199	694477	
443199	694669	
443199	694670	
443199	694672	
443199	694686	
443199	694703	
443199	845159	
443199	846814	
443199	918737	
443199	924374	
443199	955693	
443199	977299	
443199	1019491	
443199	1019499	
443199	1170723	
443199	1196259	
443199	1283076	
443199	1361106	
443199	1361107	
443199	1392476	
443199	1657827	
443199	1657830	
443199	1762368	
443199	1861218	
443199	2235618	
443199	2308653	
443199	2452763	
443199	2452764	
443199	2717171	
443199	2808916	
443199	2808917	
444956	2107988	
445004	703046	
445315	1019494	
445721	646345	
445735	598798	
446408	646345	
446586	646345	
447075	835778	
447075	846587	
447271	598849	
447293	839488	
447336	703046	
449404	457255	
450069	694477	
450115	608673	
450115	1019502	
451299	588074	
451514	1611917	
452101	457255	
452353	688438	
452556	2796289	
452584	618391	
453861	987805	
454362	457255	
454884	694477	
454913	598835	
454913	928011	
457128	474889	
457254	457255	
457255	570201	
457255	587289	
457255	651840	
457255	654926	
457255	689173	
457255	1016522	
457255	1093002	
457255	1103801	
457255	1397403	
457255	1397404	
457255	1397405	
457255	1397406	
457255	1397408	
457255	1567614	
457255	1567615	
457255	1567616	
457255	1567617	
457255	1567618	
457255	1567619	
457255	1567620	
457255	1567621	
457255	1567622	
457255	1567623	
457255	1567624	
457255	1567625	
457255	1567626	
457255	1567627	
457255	1567628	
457255	1567629	
457255	1567630	
457255	1567631	
457255	1567632	
457255	1567633	
457255	1567634	
457255	1567635	
457255	1567636	
457255	1567637	
457255	1567638	
457255	1567639	
457255	1567640	
457255	1567641	
457255	1567642	
457255	1567643	
457402	2551840	
457536	598835	
457536	598849	
458398	646345	
458667	702565	
461690	598835	
464320	688438	
464324	688438	
464333	464352	
464333	598798	
464342	927778	
464344	847496	
464351	464352	
464352	464364	
464352	481345	
464352	549912	
464352	722306	
464352	741206	
464352	751845	
464352	814839	
464352	927989	
464352	1117983	
464352	1117988	
464352	1385417	
464352	1390793	
464352	1391014	
465444	598798	
465528	476227	
465530	588074	
465530	598835	
465530	617746	
465530	928011	
465532	588074	
465538	927292	
465544	694477	
465570	617746	
465578	598668	
465581	599770	
465585	599770	
466426	476227	
466523	588074	
466527	615620	
466552	839488	
467964	1019502	
468692	927292	
469719	598798	
469733	598668	
470095	846587	
470794	703046	
471282	476227	
471659	476227	
472012	927292	
472014	598668	
472627	621918	
472627	694670	
472648	702565	
472671	839488	
473403	474889	
474704	476227	
474889	480736	
474889	480961	
474889	480984	
474889	584727	
474889	604210	
474889	684328	
474889	690650	
474889	741208	
474889	904953	
474889	904954	
474889	904955	
474889	904956	
474889	904957	
474889	904958	
474889	904959	
474889	904960	
474939	599655	
475715	615620	
475849	694477	
476190	476227	
476200	927292	
476201	598835	
476201	599769	
476201	928011	
476202	847496	
476203	476227	
476204	598835	
476204	599655	
476227	476228	
476227	479068	
476227	479103	
476227	480502	
476227	593157	
476227	595098	
476227	595150	
476227	598902	
476227	598926	
476227	598989	
476227	599503	
476227	599697	
476227	599716	
476227	599847	
476227	604368	
476227	609375	
476227	617331	
476227	618365	
476227	623413	
476227	660952	
476227	660956	
476227	662601	
476227	712874	
476227	712884	
476227	712885	
476227	712886	
476227	712887	
476227	713284	
476227	839880	
476227	841785	
476227	841835	
476227	841836	
476227	842380	
476227	842668	
476227	842669	
476227	842670	
476227	846263	
476227	846826	
476227	924671	
476227	948343	
476227	948361	
476227	1014175	
476227	1019235	
476227	1019752	
476227	1019788	
476227	1165158	
476227	1648049	
476227	1810777	
476227	1810778	
476227	1810779	
476227	1810780	
476227	1810781	
476319	617746	
478655	1432638	
478656	1658872	
478657	1658872	
478849	847496	
479178	598798	
479452	694477	
479471	598798	
479906	598798	
480032	1196259	
480670	927292	
480861	987805	
480929	664267	
480953	1019488	
480961	664267	
481332	847496	
481369	618391	
481438	839488	
484152	608673	
484726	2129690	
485005	598668	
486033	588074	
486035	588074	
486979	618391	
490617	835778	
491697	2197031	
491707	2197031	
493129	570207	
494851	703046	
495743	694477	
495946	646345	
500361	846587	
504964	598668	
506063	839488	
508010	835778	
509172	847496	
509947	679830	
512002	1019488	
512002	1948344	
514788	618391	
516899	664267	
519069	2107988	
519816	1019486	
519823	1019486	
520056	598668	
524805	608673	
526896	598798	
526908	598798	
526920	598798	
527866	835778	
530533	694477	
532333	1019492	
532681	608673	
532754	1019494	
532990	927292	
534381	598798	
534436	694703	
536214	839488	
536867	994922	
538847	598849	
540827	646345	
542037	839488	
542951	618391	
546039	847496	
549176	1222232	
549912	927292	
550230	694670	
550230	694686	
552378	839488	
552386	839488	
552387	703046	
552917	598798	
553573	1112818	
553722	839488	
553730	599518	
553731	618391	
553789	599769	
554314	839488	
554429	835778	
554714	598668	
554719	598668	
554725	598668	
554726	598668	
554743	598668	
554743	703046	
555890	598668	
556442	702565	
557687	608673	
557687	1019502	
558121	2129690	
558516	835778	
558526	598849	
558731	598798	
559261	1018747	
561678	694477	
562974	917812	
565969	598668	
566899	598798	
566931	608673	
566935	598798	
567840	703046	
567953	1196259	
570110	679830	
570187	570202	
570187	570207	
570190	570200	
570190	570202	
570190	1112818	
570190	1990352	
570190	2832246	
570193	1112818	
570195	570196	
570195	570197	
570195	570198	
570195	570201	
570195	570207	
570195	820336	
570195	1112818	
570195	1490616	
570195	1990294	
570195	1990350	
570195	1990351	
570195	1990352	
570196	570207	
570196	1112818	
570197	570207	
570199	570200	
570199	570202	
570199	1990352	
570200	570201	
570200	570202	
570200	611093	
570200	798174	
570200	1112818	
570200	1131302	
570200	1490616	
570200	1990285	
570200	1990352	
570200	2832246	
570200	2832247	
570201	570202	
570201	570208	
570201	820347	
570201	1019490	
570201	1112818	
570201	1142395	
570201	1385457	
570201	1567616	
570201	1611917	
570201	1990285	
570201	1990352	
570201	2129690	
570201	2832241	
570201	2832246	
570201	2832247	
570201	2832248	
570201	2832249	
570201	2832250	
570202	570203	
570202	703023	
570202	798174	
570202	1990285	
570202	1990352	
570202	2832246	
570206	1990370	
570207	570208	
570207	570209	
570207	570210	
570207	663081	
570207	693545	
570207	701447	
570207	746903	
570207	820336	
570207	820337	
570207	820338	
570207	820339	
570207	820340	
570207	820341	
570207	820342	
570207	820343	
570207	820344	
570207	820345	
570207	820346	
570207	820347	
570207	820348	
570207	820349	
570207	820350	
570207	820351	
570207	820352	
570207	820353	
570207	820354	
570208	1112818	
570208	1193373	
570208	1812146	
570208	1812156	
570208	1812157	
570208	1812165	
570211	1990370	
570214	1990281	
571916	835778	
573393	618391	
574253	599769	
574759	688438	
574760	688438	
575265	839488	
576298	847496	
580139	588886	
580139	618123	
580139	637850	
580139	663132	
580139	667692	
580139	784350	
580139	784351	
580139	795744	
580139	1047281	
580139	1090661	
580139	1090868	
580139	1090869	
580139	1090871	
580139	1090872	
580139	1090873	
580139	1090874	
580139	1090875	
580139	1095660	
580139	1818171	
580139	2616028	
580139	2833907	
580139	4025485	
582887	1222232	
583172	615620	
584153	1019494	
584619	588074	
585701	588074	
586012	646345	
586269	588074	
586332	588074	
586483	618391	
588074	588459	
588074	588490	
588074	588912	
588074	590553	
588074	591047	
588074	591846	
588074	593155	
588074	593341	
588074	593854	
588074	593926	
588074	593963	
588074	595462	
588074	595746	
588074	595755	
588074	597269	
588074	597801	
588074	598578	
588074	599935	
588074	600115	
588074	600127	
588074	617240	
588074	617570	
588074	617608	
588074	617625	
588074	617655	
588074	617657	
588074	623016	
588074	625574	
588074	627979	
588074	640084	
588074	643173	
588074	657988	
588074	664553	
588074	762591	
588074	842418	
588074	847989	
588074	855581	
588074	913287	
588074	924596	
588074	924612	
588074	927281	
588074	934911	
588074	948013	
588074	948107	
588074	948161	
588074	949754	
588074	949783	
588074	950014	
588074	991819	
588074	1019347	
588074	1019373	
588074	1361094	
588074	1545867	
588074	1647923	
588074	1677942	
588074	1822547	
588074	2102283	
588074	2625969	
588365	694477	
588490	618391	
588497	618391	
588814	846587	
588992	1018747	
589986	912631	
591064	598668	
591856	599518	
592221	694686	
592549	598835	
593157	608673	
593373	598798	
593495	703046	
593499	617746	
593499	621918	
593505	702565	
594192	1019492	
594296	598849	
594999	617746	
595089	598835	
595089	928011	
595090	598849	
595090	599518	
595090	599655	
595098	599769	
595098	1018747	
595102	617746	
595106	598835	
595106	928011	
595113	703046	
595115	598835	
595115	928011	
595125	621918	
595146	598835	
595146	928011	
595166	621918	
595224	694477	
595224	694686	
595549	694477	
595582	621918	
595740	608673	
595740	1019502	
595751	608673	
595751	1019502	
595978	917812	
596434	598668	
596603	598668	
596603	598798	
596603	703046	
596607	598835	
596607	928011	
597241	702565	
597697	1019488	
598143	703046	
598143	835778	
598144	664267	
598380	608673	
598539	598798	
598552	598835	
598604	598668	
598620	598668	
598623	598668	
598624	598668	
598627	598668	
598651	598668	
598654	598668	
598668	598673	
598668	598782	
598668	599016	
598668	599027	
598668	599062	
598668	599090	
598668	599137	
598668	599149	
598668	599511	
598668	604852	
598668	610270	
598668	611572	
598668	611617	
598668	611896	
598668	611898	
598668	611949	
598668	617655	
598668	663497	
598668	703933	
598668	704254	
598668	704595	
598668	704618	
598668	704727	
598668	704728	
598668	704729	
598668	704730	
598668	704731	
598668	704732	
598668	704733	
598668	704734	
598668	704735	
598668	704736	
598668	704737	
598668	704738	
598668	704739	
598668	704740	
598668	704741	
598668	704742	
598668	704743	
598668	704744	
598668	704745	
598668	704746	
598668	704747	
598668	704748	
598668	704749	
598668	1506312	
598718	598798	
598718	1222593	
598755	1019502	
598782	598798	
598782	608673	
598782	1019502	
598783	598798	
598798	598799	
598798	598801	
598798	599498	
598798	599654	
598798	599737	
598798	599876	
598798	601084	
598798	604456	
598798	608645	
598798	618166	
598798	623974	
598798	627201	
598798	684310	
598798	685745	
598798	704894	
598798	743277	
598798	763266	
598798	792136	
598798	792137	
598798	842911	
598798	843452	
598798	843453	
598798	843454	
598798	848467	
598798	848530	
598798	925142	
598798	927182	
598798	948371	
598798	1019637	
598798	1071377	
598798	1154936	
598798	1171166	
598798	1197285	
598798	1318822	
598798	1458345	
598798	1623078	
598798	1834586	
598798	1888288	
598798	1953694	
598798	1955234	
598798	2395834	
598798	2636489	
598798	2750348	
598798	2750349	
598798	3423495	
598799	703046	
598830	703046	
598830	846587	
598835	599298	
598835	599546	
598835	599773	
598835	599775	
598835	599777	
598835	599802	
598835	617240	
598835	617694	
598835	627967	
598835	815653	
598835	846452	
598835	846526	
598835	846803	
598835	847541	
598835	864248	
598835	873191	
598835	923630	
598835	928011	
598835	1352382	
598835	1620772	
598835	1674419	
598835	1675183	
598835	1675184	
598835	1780342	
598835	1846472	
598835	2851342	
598835	2851344	
598835	2851345	
598835	2851346	
598835	2851347	
598849	598853	
598849	694477	
598849	694669	
598849	694670	
598849	694672	
598849	694703	
598849	703173	
598849	736727	
598849	848481	
598849	911700	
598849	920148	
598849	1019499	
598849	1019679	
598849	1118921	
598849	1131569	
598849	1196259	
598849	1453794	
598849	1453795	
598849	1685643	
598849	1725362	
598849	1817040	
598849	1817041	
598850	703046	
598852	703046	
598856	599518	
598873	843429	
598874	843429	
598876	617746	
598901	835778	
598909	599655	
598940	617746	
599027	618391	
599029	703046	
599060	703046	
599078	702565	
599111	599518	
599127	664267	
599145	618391	
599153	703046	
599157	599655	
599157	835778	
599160	599655	
599173	927292	
599180	1611917	
599298	599769	
599321	617746	
599363	623813	
599378	599518	
599434	599770	
599445	618391	
599474	694670	
599481	694686	
599503	599769	
599503	599770	
599507	1018747	
599509	694477	
599509	694686	
599516	1018747	
599518	623267	
599518	716221	
599518	798160	
599518	948341	
599518	993244	
599518	1223577	
599518	1257959	
599518	1477355	
599531	694477	
599535	694477	
599557	694477	
599562	618391	
599589	1018747	
599596	617746	
599627	1019502	
599638	703046	
599640	702565	
599653	703046	
599654	703046	
599655	604650	
599655	613023	
599655	613056	
599655	901914	
599655	922460	
599655	1018914	
599655	1122199	
599655	1194437	
599655	1209822	
599655	1383323	
599655	1383704	
599655	1620391	
599655	1620844	
599655	1934945	
599655	2497873	
599655	2538994	
599655	2636489	
599656	599769	
599667	702565	
599675	848379	
599706	702565	
599706	703046	
599706	846587	
599707	1018747	
599722	621918	
599737	1019502	
599769	599776	
599769	599780	
599769	623317	
599769	627967	
599769	703170	
599769	818594	
599769	837182	
599769	841945	
599769	846452	
599769	846637	
599769	848104	
599769	910978	
599769	912473	
599769	1019681	
599769	1019859	
599769	1035186	
599769	1171574	
599769	1352382	
599769	1391381	
599769	1448204	
599769	2971806	
599769	3009451	
599769	3673012	
599770	612432	
599770	617245	
599770	617701	
599770	625587	
599770	684109	
599770	703658	
599770	722344	
599770	817583	
599770	841952	
599770	847350	
599770	848371	
599770	848456	
599770	924612	
599770	951545	
599770	1019334	
599770	1256885	
599770	1257955	
599770	1816806	
599771	1948344	
599773	928011	
599787	846587	
599803	621918	
599840	608673	
599840	1019502	
599842	839488	
599844	617746	
599844	987805	
599847	608673	
599847	1019502	
599849	839488	
599922	618391	
599967	694477	
600014	694670	
600105	618391	
600742	694477	
604314	1658872	
604419	608673	
604419	1019502	
604439	1019502	
604456	618391	
604473	618391	
605043	1142395	
605053	835778	
605954	618391	
607092	608673	
608623	1222593	
608673	617371	
608673	638684	
608673	645383	
608673	646446	
608673	661537	
608673	662635	
608673	692359	
608673	702692	
608673	713773	
608673	742561	
608673	787211	
608673	817926	
608673	834591	
608673	842429	
608673	895564	
608673	901914	
608673	1012546	
608673	1016357	
608673	1019611	
608673	1025269	
608673	1044421	
608673	1044425	
608673	1044638	
608673	1096370	
608673	1138303	
608673	1192494	
608673	1212609	
608673	1212615	
608673	1243407	
608673	1248107	
608673	1248111	
608673	1362689	
608673	1429686	
608673	1432725	
608673	1432726	
608673	1432727	
608673	1432728	
608673	1432729	
608673	1432730	
608673	1432731	
608673	1432732	
608673	1432733	
608673	1432734	
608673	1432735	
608673	1432736	
608673	1432737	
608673	1432738	
608673	1432739	
608764	847496	
609351	617746	
609789	694477	
610195	694669	
610259	987805	
610556	664267	
610714	694686	
610767	702565	
611093	2832246	
611096	848379	
611526	951020	
611588	621918	
611719	2551840	
612644	2107988	
612664	927292	
612833	927292	
613193	1611917	
613795	1222232	
615549	839488	
615620	793692	
615620	1120911	
615620	2576444	
615620	2703304	
616426	847496	
616566	688438	
617155	617746	
617240	621918	
617481	618391	
617504	618391	
617506	843429	
617568	618391	
617576	703046	
617615	618391	
617639	703046	
617658	618391	
617684	618391	
617694	928011	
617698	927292	
617746	617748	
617746	617749	
617746	617753	
617746	617754	
617746	617758	
617746	617759	
617746	617764	
617746	617787	
617746	618116	
617746	622986	
617746	623371	
617746	623380	
617746	623389	
617746	651949	
617746	673599	
617746	673603	
617746	673606	
617746	694477	
617746	694669	
617746	694703	
617746	694713	
617746	726087	
617746	746135	
617746	788213	
617746	798157	
617746	817937	
617746	841866	
617746	842705	
617746	842709	
617746	846543	
617746	846559	
617746	846565	
617746	846570	
617746	846581	
617746	905529	
617746	911406	
617746	914670	
617746	914681	
617746	944147	
617746	944155	
617746	944169	
617746	950922	
617746	951003	
617746	954279	
617746	954319	
617746	954320	
617746	954403	
617746	987197	
617746	1019498	
617746	1019499	
617746	1131746	
617746	1131841	
617746	1132072	
617746	1163985	
617746	1383324	
617746	1383325	
617746	1383326	
617746	1383329	
617746	1383363	
617746	1383364	
617746	1383377	
617746	1383393	
617746	1383397	
617746	1383452	
617746	1383453	
617746	1383455	
617746	1383456	
617746	1383457	
617746	1383852	
617746	1384032	
617746	1384229	
617746	1391121	
617746	1532687	
617746	1620309	
617746	1926954	
617746	2050157	
617746	2185440	
617746	2221686	
617746	2334696	
617746	2334697	
617746	2334698	
617746	2334699	
617761	703046	
617777	703046	
617909	702565	
617922	618391	
617936	703046	
618139	618391	
618373	694670	
618391	618395	
618391	618396	
618391	618397	
618391	622971	
618391	622988	
618391	623860	
618391	639594	
618391	639596	
618391	639597	
618391	639598	
618391	639600	
618391	639601	
618391	639602	
618391	663591	
618391	671218	
618391	683959	
618391	691033	
618391	695126	
618391	702006	
618391	703189	
618391	704160	
618391	704728	
618391	705081	
618391	705422	
618391	713773	
618391	720111	
618391	730545	
618391	788421	
618391	791811	
618391	791816	
618391	791818	
618391	791836	
618391	808581	
618391	808747	
618391	815679	
618391	848050	
618391	848275	
618391	848279	
618391	848283	
618391	848286	
618391	848318	
618391	848323	
618391	848325	
618391	848330	
618391	848345	
618391	848354	
618391	848371	
618391	848520	
618391	848524	
618391	848537	
618391	848541	
618391	848543	
618391	848546	
618391	848631	
618391	872185	
618391	898280	
618391	912508	
618391	919266	
618391	927247	
618391	930093	
618391	930682	
618391	934501	
618391	947269	
618391	947270	
618391	951301	
618391	988358	
618391	988479	
618391	998773	
618391	1013773	
618391	1018754	
618391	1019340	
618391	1114301	
618391	1165613	
618391	1181280	
618391	1181281	
618391	1181282	
618391	1181283	
618391	1181284	
618391	1181285	
618391	1181286	
618391	1181287	
618391	1181288	
618391	1181289	
618391	1181290	
618391	1181291	
618391	1181292	
618391	1181293	
618391	1181294	
618391	1181295	
618391	1181296	
618391	1181297	
618391	1181298	
618391	1181299	
618391	1181300	
618391	1181301	
618391	1181302	
618391	1181303	
618391	1181304	
618391	1181305	
618391	1181306	
618391	1181307	
618391	1181308	
618391	1181309	
618391	1185249	
618391	1185316	
618391	1185321	
618391	1185324	
618391	1478108	
618391	1748520	
618391	1755704	
618391	1763877	
618391	1767416	
618391	1782747	
618391	1799714	
618391	1893953	
618391	1925717	
618391	1925743	
618391	1925811	
618391	1925814	
618391	1925815	
618391	2044475	
618391	2380808	
618391	2382550	
618391	2601615	
618391	3461038	
618391	4025902	
618450	1222232	
621695	621918	
621918	694703	
621918	702839	
621918	846674	
621918	847350	
621918	924612	
621918	948343	
621918	951793	
623317	1018747	
623389	1019498	
623532	1196259	
623578	1019494	
623806	623813	
623813	625517	
623813	641441	
623813	703173	
623813	746135	
623813	841786	
623813	843164	
623813	1019505	
623813	1359598	
623813	1780510	
623813	3839869	
623823	1196259	
623847	839488	
623858	694477	
623972	694477	
625546	797023	
627302	688438	
627308	688438	
627967	928011	
628765	846587	
639539	1222232	
641508	703046	
644598	1611917	
644600	839488	
645272	646345	
645669	1019492	
646345	653640	
646345	674016	
646345	689964	
646345	783003	
646345	942013	
646345	1220886	
646345	1282608	
646345	1463999	
646345	2029409	
646345	2416393	
646345	2514548	
646345	2534783	
646422	694669	
646517	1018747	
647281	694670	
