32548	1029884	
393680	1029884	
412470	1029884	
418350	1029884	
419284	1029884	
452852	1029884	
497822	1029884	
542672	1029884	
557233	1029884	
586500	1029884	
599560	1029884	
604430	1029884	
609412	1029884	
610609	1029884	
617582	1029884	
617925	1029884	
617986	1029884	
618395	1029884	
627938	1029884	
790841	1029884	
790850	1029884	
841177	1029884	
841208	1029884	
932032	1029884	
1029884	1185530	
1029884	1273865	
1029884	1378199	
1029884	1378206	
1029884	1603509	
1029884	1620247	
1029884	1793470	
1029884	1793473	
1029884	1899631	
1029884	1899632	
1029884	1899633	
1029884	1899634	
1029884	1899635	
1029884	1899636	
1029884	1899637	
1029884	2378494	
1029884	2636489	
1029884	3894582	
879	2636489	
1059	393680	
1069	497822	
1262	610609	
1265	610609	
1266	586500	
1278	412470	
1280	610609	
1318	3894582	
1342	610609	
1344	3894582	
1347	3894582	
1350	2636489	
1374	3894582	
1397	2636489	
1405	2636489	
1453	3894582	
1470	418350	
1695	497822	
2823	3894582	
2851	3894582	
2912	497822	
3010	3894582	
3333	497822	
4134	2636489	
6144	418350	
6412	3894582	
6629	3894582	
7498	2636489	
7832	542672	
8009	604430	
8670	586500	
9228	841208	
9545	586500	
9596	497822	
9765	586500	
9766	586500	
9766	1793470	
9801	3894582	
9827	2636489	
9847	609412	
9856	1793470	
9891	2636489	
9924	557233	
9930	2636489	
9935	542672	
9935	1899636	
9947	2636489	
9997	497822	
9999	542672	
10088	3894582	
10111	542672	
10133	32548	
10152	3894582	
10432	2636489	
11258	393680	
13149	2636489	
13491	586500	
13929	3894582	
15837	418350	
15906	497822	
16067	841177	
16082	586500	
16113	3894582	
16114	452852	
16119	2636489	
16123	586500	
16130	3894582	
16144	2636489	
16181	3894582	
16208	1185530	
16264	2636489	
16454	3894582	
16499	32548	
16566	1793470	
16605	3894582	
16861	3894582	
18154	557233	
18988	497822	
21685	418350	
21751	1185530	
21768	617986	
22061	3894582	
22064	393680	
22084	3894582	
22129	3894582	
22194	2636489	
22853	3894582	
22872	3894582	
23050	497822	
23146	497822	
23483	3894582	
23644	586500	
23856	3894582	
24637	2636489	
25130	412470	
25966	497822	
26375	497822	
27814	3894582	
31151	3894582	
31846	32548	
32321	32548	
32488	32548	
32490	32548	
32498	32548	
32510	32548	
32512	32548	
32548	36129	
32548	48480	
32548	77894	
32548	201470	
32548	266610	
32548	279589	
32548	279593	
32548	279601	
32548	301506	
32548	366598	
32548	383999	
32548	384309	
32548	391779	
32548	403949	
32548	406605	
32548	406622	
32548	456564	
32548	458235	
32548	458237	
32548	458238	
32548	465203	
32548	479452	
32548	497346	
32548	500557	
32548	542728	
32548	574998	
32548	586351	
32548	597802	
32548	608088	
32548	631568	
32548	678642	
32548	678644	
32548	678647	
32548	678651	
32548	678654	
32548	678665	
32548	679856	
32548	679922	
32548	691281	
32548	694662	
32548	723057	
32548	790289	
32548	790746	
32548	790841	
32548	790850	
32548	820356	
32548	833011	
32548	834311	
32548	834313	
32548	834315	
32548	834316	
32548	834317	
32548	834318	
32548	834319	
32548	834320	
32548	834321	
32548	834330	
32548	834334	
32548	901976	
32548	916012	
32548	1024119	
32548	1024120	
32548	1066199	
32548	1096479	
32548	1120416	
32548	1122720	
32548	1122721	
32548	1140176	
32548	1140177	
32548	1140178	
32548	1140179	
32548	1140180	
32548	1140181	
32548	1140182	
32548	1140183	
32548	1140184	
32548	1140185	
32548	1140186	
32548	1140187	
32548	1140188	
32548	1140189	
32548	1140190	
32548	1140191	
32548	1140192	
32548	1140193	
32548	1140194	
32548	1140195	
32548	1140196	
32548	1140197	
32548	1140198	
32548	1140199	
32548	1140200	
32548	1140201	
32548	1140202	
32548	1140203	
32548	1140204	
32548	1140205	
32548	1140206	
32548	1140207	
32548	1140208	
32548	1140209	
32548	1140210	
32548	1140211	
32548	1140212	
32548	1140213	
32548	1140214	
32548	1140215	
32548	1461896	
32548	1641508	
32548	3309320	
32625	1899631	
32836	1899631	
32841	1899631	
33650	3894582	
33846	3894582	
34033	3894582	
34775	586500	
34814	586500	
34997	586500	
37668	604430	
38264	497822	
38584	3894582	
38864	3894582	
41114	2636489	
41141	497822	
42065	3894582	
43694	393680	
44107	2636489	
44133	3894582	
44784	3894582	
44994	841208	
45500	412470	
48698	3894582	
49674	617925	
49749	3894582	
51653	497822	
52202	3894582	
54120	3894582	
54151	3894582	
54290	3894582	
55285	3894582	
58264	542672	
58311	3894582	
58988	3894582	
60073	3894582	
61024	3894582	
61092	3894582	
61327	3894582	
61818	3894582	
63014	3894582	
63022	3894582	
65178	3894582	
69674	3894582	
69996	3894582	
74664	3894582	
75952	3894582	
77346	3894582	
77380	497822	
77521	3894582	
77575	3894582	
78442	3894582	
78445	790841	
78445	790850	
78478	2636489	
78506	3894582	
79519	627938	
79519	1378206	
80787	3894582	
81224	542672	
86683	2636489	
88621	3894582	
89141	3894582	
91141	3894582	
93457	3894582	
95095	3894582	
96326	3894582	
99722	3894582	
100377	452852	
101708	542672	
101727	3894582	
101742	542672	
101742	609412	
101805	3894582	
103132	3894582	
103699	3894582	
104737	3894582	
105960	2636489	
107605	586500	
107837	586500	
109060	3894582	
109756	497822	
114656	3894582	
114966	3894582	
115031	3894582	
115816	542672	
116009	497822	
116051	2636489	
116207	3894582	
116254	3894582	
116380	3894582	
118646	1899634	
118782	3894582	
119133	3894582	
119915	3894582	
120015	3894582	
120804	3894582	
120871	3894582	
123353	3894582	
124677	2636489	
131642	3894582	
135126	1793470	
140961	2636489	
142045	3894582	
144978	418350	
146579	3894582	
147250	3894582	
151170	3894582	
151578	418350	
151707	2636489	
151758	3894582	
151818	2636489	
163500	3894582	
165740	497822	
168577	3894582	
176172	497822	
178935	497822	
180446	419284	
180530	3894582	
182383	3894582	
188820	3894582	
195889	3894582	
196107	3894582	
196289	3894582	
196739	497822	
196792	3894582	
198933	3894582	
200248	557233	
200502	1378199	
201605	497822	
201619	393680	
201625	393680	
201651	3894582	
201895	419284	
201900	393680	
202218	557233	
202231	497822	
202290	557233	
202382	3894582	
202657	3894582	
203330	497822	
203652	393680	
203662	2636489	
203681	2636489	
204376	497822	
204377	3894582	
204582	3894582	
205351	610609	
205391	610609	
206285	3894582	
206752	3894582	
207715	2636489	
207758	497822	
208532	2636489	
208536	2636489	
208585	3894582	
209332	418350	
209362	841208	
209541	3894582	
209970	586500	
210105	2636489	
210115	3894582	
210125	1185530	
210214	2636489	
210788	497822	
210835	604430	
211038	3894582	
211043	3894582	
211559	419284	
211560	419284	
212106	3894582	
212281	412470	
212420	3894582	
212508	3894582	
213050	617925	
213088	1273865	
213816	3894582	
213857	586500	
213858	586500	
214223	3894582	
214571	3894582	
214995	586500	
215063	3894582	
215128	412470	
216299	932032	
216419	542672	
216419	604430	
216899	497822	
217277	3894582	
217383	497822	
217729	497822	
218683	497822	
218700	3894582	
221824	2636489	
221844	497822	
222016	393680	
226903	393680	
226903	557233	
230933	497822	
236885	2636489	
242603	3894582	
245822	393680	
245863	542672	
248803	3894582	
248815	3894582	
249786	841208	
251223	2636489	
251271	3894582	
252721	3894582	
252722	3894582	
252733	2636489	
254703	3894582	
255060	418350	
255062	2636489	
255517	3894582	
256102	3894582	
260940	617986	
261721	3894582	
261757	3894582	
261792	3894582	
261888	3894582	
264445	3894582	
264634	497822	
267588	497822	
268351	3894582	
269033	497822	
269436	497822	
269490	586500	
270016	841208	
270019	2636489	
270040	3894582	
270043	2636489	
270047	2636489	
270048	3894582	
270055	2636489	
270068	3894582	
270101	418350	
270137	617582	
270227	3894582	
270667	2636489	
270676	3894582	
271067	3894582	
271161	3894582	
271266	2636489	
271376	3894582	
272328	3894582	
272632	3894582	
272740	841208	
272761	618395	
272809	841208	
272826	604430	
272828	604430	
272947	2636489	
273163	586500	
273434	3894582	
274925	3894582	
274995	497822	
274999	497822	
275128	3894582	
276107	3894582	
276290	3894582	
277409	1273865	
278938	3894582	
279388	3894582	
279394	3894582	
279475	3894582	
279985	618395	
280407	3894582	
280807	841177	
281062	3894582	
281157	497822	
281187	497822	
281718	3894582	
281981	418350	
282108	497822	
282114	3894582	
282121	497822	
282127	2636489	
283488	3894582	
283610	3894582	
284516	2636489	
287369	3894582	
287575	3894582	
287681	497822	
287847	3894582	
287982	3894582	
288024	497822	
289393	3894582	
289857	419284	
290044	3894582	
290094	3894582	
290517	3894582	
291324	3894582	
291905	3894582	
292043	3894582	
292482	3894582	
292483	3894582	
293048	790841	
293184	3894582	
293250	497822	
294555	599560	
294797	3894582	
294966	3894582	
302483	2636489	
302959	497822	
304821	2636489	
307740	3894582	
309678	497822	
310561	617986	
310570	617986	
310614	3894582	
310645	3894582	
310804	497822	
310875	610609	
311488	3894582	
312266	452852	
312275	2636489	
312297	2636489	
312768	497822	
312932	790841	
312932	790850	
313475	2636489	
314283	586500	
315368	497822	
317287	3894582	
317361	3894582	
317897	3894582	
318581	2636489	
318758	452852	
320420	3894582	
320800	2636489	
321214	3894582	
321637	3894582	
321824	3894582	
321848	3894582	
322119	790841	
322119	790850	
322231	3894582	
322539	2636489	
322982	497822	
326394	3894582	
326404	3894582	
326424	2636489	
326466	2636489	
329408	2636489	
329414	393680	
329449	2636489	
329787	3894582	
330133	418350	
330669	497822	
334966	3894582	
335195	617925	
335240	617925	
335241	617925	
335279	2636489	
335474	3894582	
337527	3894582	
337887	393680	
338576	497822	
339523	3894582	
340227	393680	
340227	412470	
340417	393680	
340428	393680	
340800	610609	
341051	3894582	
341500	497822	
342690	497822	
342823	497822	
342954	3894582	
344090	586500	
344095	586500	
344096	586500	
345001	393680	
345022	393680	
345160	3894582	
345306	412470	
345313	610609	
347478	586500	
347630	497822	
347767	3894582	
347785	497822	
347910	3894582	
348162	3894582	
349242	497822	
349411	3894582	
349907	542672	
350911	2636489	
350942	2636489	
351375	497822	
352758	3894582	
352838	3894582	
352894	3894582	
353322	542672	
353323	542672	
353338	542672	
353465	3894582	
353822	3894582	
353885	841208	
353919	3894582	
354105	497822	
354218	3894582	
354428	841208	
354543	2636489	
355203	497822	
355250	3894582	
355317	586500	
355318	586500	
355584	3894582	
355587	610609	
355616	557233	
355632	2636489	
355722	393680	
355732	497822	
356242	3894582	
356587	497822	
356631	841177	
356808	586500	
356969	497822	
357171	497822	
357490	497822	
358036	3894582	
358126	617582	
358158	452852	
358198	497822	
358827	3894582	
359845	932032	
363683	2636489	
364048	418350	
364080	3894582	
364136	3894582	
364492	557233	
365832	3894582	
366181	3894582	
366182	2636489	
366195	2636489	
366203	1793470	
366252	2636489	
367058	841208	
367603	932032	
368039	3894582	
368373	2636489	
368603	419284	
368910	497822	
368974	841208	
368977	2636489	
369523	497822	
371148	2636489	
371751	412470	
371751	2636489	
371752	841177	
371753	2636489	
371768	2636489	
371771	2636489	
371778	2636489	
371781	2636489	
371784	1378206	
371785	2636489	
372505	841177	
374133	497822	
374917	497822	
375261	497822	
376762	3894582	
376831	2636489	
376843	3894582	
377365	3894582	
377826	932032	
378104	497822	
378334	586500	
378351	2636489	
378661	3894582	
378670	3894582	
378719	497822	
379614	2636489	
379648	2636489	
379893	2636489	
379898	2636489	
379925	627938	
379925	1378206	
379927	2636489	
379941	2636489	
380099	557233	
380776	3894582	
381404	497822	
382392	3894582	
382526	586500	
383037	2636489	
383246	1378199	
383890	2636489	
383907	3894582	
383960	393680	
383960	610609	
383969	2636489	
383999	2636489	
384017	2636489	
384028	2636489	
384041	2636489	
384086	2636489	
384331	2636489	
384338	542672	
384338	604430	
384338	618395	
384339	2636489	
384367	2636489	
384369	2636489	
384729	3894582	
384847	627938	
385125	3894582	
385265	393680	
385438	542672	
385582	1378199	
385656	627938	
385656	1378199	
385656	1378206	
385672	1378199	
385706	1378199	
385742	1378199	
386003	599560	
390846	2636489	
390929	617986	
391382	393680	
392243	3894582	
392254	3894582	
392266	3894582	
392358	2636489	
392360	2636489	
392381	2636489	
392383	393680	
392386	2636489	
392399	790841	
392399	790850	
392426	2636489	
392432	2636489	
392434	2636489	
392445	627938	
392445	1378206	
392453	2636489	
392455	599560	
392455	2636489	
392460	1378199	
392460	2636489	
392465	2636489	
392467	2636489	
392468	599560	
392472	2636489	
392489	2636489	
392493	1620247	
392504	2636489	
392516	418350	
392532	2636489	
392533	2636489	
392536	2636489	
392539	2636489	
392553	610609	
392574	617986	
392577	418350	
392579	2636489	
392608	2636489	
392620	393680	
392620	2636489	
392651	599560	
392654	393680	
392658	618395	
392672	2636489	
392673	2636489	
392679	542672	
392679	2636489	
392682	617582	
392688	2636489	
392707	542672	
392708	2636489	
392765	2636489	
392839	2636489	
392848	2636489	
392853	2636489	
392853	3894582	
392870	2636489	
392871	2636489	
392881	2636489	
392883	2636489	
392892	2636489	
392975	2636489	
392999	2636489	
393033	2636489	
393035	627938	
393042	2636489	
393063	2636489	
393083	2636489	
393107	2636489	
393118	2636489	
393126	627938	
393126	1378206	
393126	2636489	
393166	2636489	
393201	3894582	
393241	2636489	
393257	2636489	
393263	2636489	
393302	393680	
393312	2636489	
393331	2636489	
393351	2636489	
393383	2636489	
393454	599560	
393468	586500	
393480	2636489	
393520	2636489	
393528	2636489	
393532	2636489	
393534	2636489	
393538	2636489	
393565	2636489	
393597	2636489	
393614	599560	
393620	599560	
393638	3894582	
393645	2636489	
393658	2636489	
393668	3894582	
393680	441756	
393680	451977	
393680	462134	
393680	462414	
393680	462444	
393680	480081	
393680	532645	
393680	557233	
393680	577830	
393680	578088	
393680	593158	
393680	599142	
393680	599560	
393680	607860	
393680	610230	
393680	615673	
393680	617925	
393680	618391	
393680	618395	
393680	618396	
393680	627938	
393680	658686	
393680	658705	
393680	702006	
393680	704156	
393680	790358	
393680	818751	
393680	835501	
393680	848275	
393680	848541	
393680	856982	
393680	861267	
393680	898685	
393680	1271452	
393680	1328544	
393680	1339066	
393680	1378206	
393680	1405291	
393680	1408243	
393680	1485911	
393680	1490439	
393680	1502590	
393680	1551409	
393680	1552151	
393680	1603509	
393680	1605046	
393680	1678074	
393680	1793467	
393680	1793470	
393680	1793471	
393680	1793472	
393680	1793473	
393680	1793474	
393680	1793475	
393680	1793476	
393680	1793477	
393680	1793478	
393680	1793479	
393680	1793480	
393680	1793481	
393691	2636489	
393693	542672	
393717	542672	
393717	2636489	
393968	2636489	
393973	2636489	
394008	2636489	
394030	2636489	
394034	3894582	
394049	2636489	
394058	2636489	
394201	3894582	
394202	2636489	
394395	3894582	
394477	617986	
394543	3894582	
394564	2636489	
394565	2636489	
394659	3894582	
394812	3894582	
394826	610609	
395028	3894582	
395036	3894582	
395088	2636489	
395198	2636489	
395267	3894582	
395402	3894582	
395482	3894582	
395491	3894582	
395654	557233	
395657	2636489	
395670	3894582	
395689	2636489	
397511	3894582	
397715	497822	
397905	3894582	
400244	497822	
400737	3894582	
401432	3894582	
402272	3894582	
403013	3894582	
403357	497822	
403799	3894582	
404464	2636489	
404512	627938	
404896	3894582	
405600	3894582	
405639	3894582	
405680	3894582	
406171	3894582	
406889	618395	
406904	418350	
407698	3894582	
407964	497822	
408106	3894582	
408111	497822	
408113	841208	
408118	3894582	
408380	2636489	
408435	841208	
409669	3894582	
409678	3894582	
409687	418350	
409879	3894582	
412452	412470	
412470	412520	
412470	412545	
412470	436149	
412470	439985	
412470	552906	
412470	610509	
412470	675186	
412470	688855	
412470	735162	
412470	841177	
412470	878899	
412470	894649	
412470	897233	
412470	950830	
412470	951379	
412470	972329	
412470	1010005	
412470	1104917	
412470	1257251	
412470	1257256	
412470	1703885	
412470	1703886	
412470	3144370	
412470	3771975	
412493	3894582	
412497	3894582	
413418	618395	
413507	497822	
414049	3894582	
414068	3894582	
415050	2636489	
415499	3894582	
416238	1899634	
416455	604430	
416660	3894582	
416729	3894582	
417158	841208	
417167	3894582	
417369	2636489	
417380	2636489	
418017	3894582	
418350	418593	
418350	427586	
418350	433137	
418350	438956	
418350	465537	
418350	472845	
418350	528607	
418350	530198	
418350	553760	
418350	560375	
418350	566935	
418350	582352	
418350	597262	
418350	601162	
418350	601574	
418350	610377	
418350	611247	
418350	611928	
418350	612127	
418350	617614	
418350	627934	
418350	628014	
418350	641675	
418350	656497	
418350	656502	
418350	658367	
418350	672198	
418350	675214	
418350	701480	
418350	701738	
418350	734110	
418350	790576	
418350	817964	
418350	818534	
418350	834807	
418350	842092	
418350	842173	
418350	847104	
418350	848672	
418350	879098	
418350	898120	
418350	899062	
418350	906055	
418350	912489	
418350	915170	
418350	921649	
418350	927749	
418350	927946	
418350	931185	
418350	937016	
418350	968724	
418350	995739	
418350	1028085	
418350	1154993	
418350	1171976	
418350	1177904	
418350	1177912	
418350	1192142	
418350	1193282	
418350	1213616	
418350	1220786	
418350	1221327	
418350	1222798	
418350	1257127	
418350	1410281	
418350	1468486	
418350	1516997	
418350	1599046	
418350	1620037	
418350	1653303	
418350	1725009	
418350	1725136	
418350	1735770	
418350	1769920	
418350	1812684	
418350	1817179	
418350	1868961	
418350	1926872	
418350	2023667	
418350	2030230	
418350	2180547	
418350	2231265	
418350	2331984	
418350	2331985	
418350	2331986	
418350	2331987	
418350	2331988	
418350	2331989	
418350	2331990	
418350	2331991	
418350	2331992	
418350	2331993	
418350	2331994	
418350	2331995	
418350	2331996	
418350	2331997	
418350	2331998	
418350	2331999	
418350	2332000	
418350	2332001	
418350	2332002	
418350	2332003	
418350	2332004	
418350	2332005	
418350	2332006	
418350	2332007	
418350	2332008	
418350	2332009	
418350	2332010	
418350	2332011	
418350	2332012	
418350	2332013	
418350	2332014	
418577	3894582	
418587	3894582	
418598	3894582	
418867	841208	
418971	3894582	
418972	2636489	
418974	3894582	
418981	3894582	
419038	542672	
419265	419284	
419284	419285	
419284	419298	
419284	419308	
419284	419312	
419284	419317	
419284	532035	
419284	542605	
419284	604420	
419284	717254	
419284	814136	
419284	950342	
419284	1033664	
419284	1041117	
419284	1171732	
419284	1320951	
419284	1547713	
419284	1780420	
419284	2554497	
419284	2688566	
419284	3642056	
419284	3894042	
419842	610609	
420288	3894582	
421722	599560	
422295	3894582	
422922	2636489	
423246	2636489	
423270	604430	
423295	2636489	
424045	3894582	
424071	2636489	
425393	3894582	
426164	497822	
426520	3894582	
426553	3894582	
426769	497822	
427494	604430	
428077	497822	
428346	2636489	
428678	3894582	
429150	2636489	
429152	2636489	
429222	3894582	
429231	3894582	
429719	3894582	
429915	2636489	
429955	2636489	
430674	1899634	
430801	497822	
431092	3894582	
431152	3894582	
431258	3894582	
431726	2636489	
431932	3894582	
432049	3894582	
432137	497822	
432877	617986	
433098	3894582	
433329	3894582	
433350	3894582	
433377	3894582	
433392	3894582	
433420	3894582	
433455	2636489	
433491	3894582	
433519	557233	
434106	3894582	
434443	3894582	
434514	452852	
434754	586500	
435271	542672	
435998	497822	
436190	2636489	
438151	3894582	
438156	3894582	
438393	3894582	
441333	497822	
441899	2636489	
441938	3894582	
442078	599560	
442245	586500	
442635	617986	
443921	3894582	
445601	2636489	
446856	3894582	
448197	542672	
448199	2636489	
448233	3894582	
448353	2636489	
450078	3894582	
450694	3894582	
450839	2636489	
451131	497822	
451515	2636489	
451536	497822	
452020	497822	
452429	452852	
452668	2636489	
452852	534381	
452852	538303	
452852	538304	
452852	599491	
452852	705102	
452852	1096256	
452852	1098597	
452852	1196168	
452852	1196418	
452852	1780517	
452852	1867837	
452852	1953677	
452852	2597183	
452852	2658349	
453100	3894582	
453401	497822	
453592	841208	
454499	2636489	
454529	2636489	
454555	2636489	
454586	3894582	
454646	557233	
454646	1603509	
455031	3894582	
455134	3894582	
455140	2636489	
457052	497822	
457141	3894582	
457153	497822	
457187	3894582	
457423	2636489	
457534	3894582	
457565	2636489	
457581	586500	
457949	586500	
458406	2636489	
459909	617582	
462007	497822	
463395	497822	
463454	1185530	
463711	841208	
463712	841208	
463732	2636489	
463754	841208	
463755	841208	
463758	841208	
463759	841208	
463762	2636489	
464722	542672	
465527	617986	
465541	2636489	
465564	3894582	
465709	841208	
465718	841208	
466003	3894582	
466184	497822	
467165	497822	
468733	497822	
468810	3894582	
469166	3894582	
469385	542672	
469860	3894582	
470016	3894582	
471122	841208	
471135	841208	
471203	2636489	
471205	3894582	
471720	2636489	
471740	610609	
471746	2636489	
472322	1793470	
472324	1793470	
472328	1793470	
472441	599560	
472559	2636489	
472585	2636489	
472587	2636489	
472589	610609	
472648	617986	
472716	3894582	
472815	3894582	
473129	3894582	
473445	1273865	
473445	2636489	
473474	617582	
473725	627938	
473725	2636489	
474840	497822	
477946	841208	
477971	2636489	
478868	3894582	
479080	2636489	
479093	2636489	
479440	2636489	
479444	2636489	
479728	2636489	
479775	2636489	
479780	3894582	
479797	2636489	
480384	841208	
480660	2636489	
480670	790850	
480775	841208	
480783	841177	
480792	841208	
480833	617986	
480918	599560	
480922	542672	
480953	2636489	
480965	841208	
480988	2636489	
481346	3894582	
481571	497822	
482515	497822	
482884	3894582	
483838	3894582	
484184	3894582	
484436	3894582	
484711	2636489	
486283	2636489	
486309	2636489	
486377	497822	
486934	3894582	
487289	932032	
487680	932032	
487898	2636489	
488225	932032	
492272	497822	
494793	2636489	
497390	1899634	
497822	499772	
497822	499989	
497822	502198	
497822	506170	
497822	508069	
497822	521872	
497822	524002	
497822	529931	
497822	546111	
497822	553582	
497822	560217	
497822	562952	
497822	567109	
497822	569945	
497822	570019	
497822	571096	
497822	574762	
497822	575571	
497822	576917	
497822	586220	
497822	591160	
497822	592975	
497822	597106	
497822	598020	
497822	610509	
497822	611542	
497822	615734	
497822	622042	
497822	634476	
497822	637546	
497822	638090	
497822	648955	
497822	652974	
497822	662042	
497822	662698	
497822	663575	
497822	668437	
497822	670269	
497822	671027	
497822	671805	
497822	676164	
497822	677424	
497822	679349	
497822	680417	
497822	680680	
497822	682874	
497822	691921	
497822	698153	
497822	702988	
497822	715699	
497822	724626	
497822	757346	
497822	813700	
497822	815285	
497822	836310	
497822	843412	
497822	858946	
497822	863217	
497822	865224	
497822	868847	
497822	869748	
497822	871020	
497822	874606	
497822	879894	
497822	879895	
497822	882609	
497822	883493	
497822	886270	
497822	890546	
497822	894759	
497822	902197	
497822	902977	
497822	908401	
497822	917077	
497822	926289	
497822	934041	
497822	934538	
497822	946953	
497822	961120	
497822	971204	
497822	981527	
497822	991321	
497822	992356	
497822	1029860	
497822	1029861	
497822	1029862	
497822	1029863	
497822	1029864	
497822	1029865	
497822	1029866	
497822	1029867	
497822	1029868	
497822	1029869	
497822	1029870	
497822	1029871	
497822	1029872	
497822	1029873	
497822	1029874	
497822	1029875	
497822	1029876	
497822	1029877	
497822	1029878	
497822	1029879	
497822	1029880	
497822	1029881	
497822	1029882	
497822	1029883	
497822	1029885	
497822	1029886	
497822	1029887	
497822	1029888	
497822	1029889	
497822	1029890	
497822	1029891	
497822	1029892	
497822	1029893	
497822	1029894	
497822	1029895	
497822	1029896	
497822	1029897	
497822	1029898	
497822	1029899	
497822	1029900	
497822	1029901	
497822	1029902	
497822	1029903	
497822	1029904	
497822	1029905	
497822	1029906	
497822	1029907	
497822	1029908	
497822	1029909	
497822	1029910	
497822	1029911	
497822	1029912	
497822	1029913	
497822	1029914	
497822	1029915	
497822	1029916	
497822	1029917	
497822	1029918	
497822	1029919	
497822	1029920	
497822	1029921	
497822	1029922	
499511	841208	
500361	2636489	
507980	3894582	
510494	557233	
512277	3894582	
514640	3894582	
519358	3894582	
520006	3894582	
520503	3894582	
522772	3894582	
523487	586500	
525320	3894582	
525918	3894582	
527170	3894582	
527219	3894582	
528418	3894582	
530603	3894582	
530692	2636489	
531127	3894582	
532612	557233	
533217	3894582	
534313	2636489	
534385	3894582	
535139	2636489	
535203	3894582	
535450	2636489	
536613	3894582	
538847	2636489	
539694	2636489	
540443	2636489	
540477	2636489	
541974	542672	
542010	2636489	
542015	841208	
542024	3894582	
542605	3894582	
542621	604430	
542622	841177	
542622	1185530	
542624	542672	
542632	2636489	
542634	542672	
542634	2636489	
542639	542672	
542664	1185530	
542672	542673	
542672	542675	
542672	553561	
542672	565969	
542672	598960	
542672	599054	
542672	599144	
542672	599146	
542672	599176	
542672	604430	
542672	605049	
542672	605052	
542672	605107	
542672	609400	
542672	609412	
542672	609420	
542672	609875	
542672	637699	
542672	656526	
542672	664570	
542672	690084	
542672	704067	
542672	704190	
542672	793866	
542672	793867	
542672	835179	
542672	948520	
542672	981427	
542672	993287	
542672	1017321	
542672	1018827	
542672	1038047	
542672	1038062	
542672	1038208	
542672	1038223	
542672	1038234	
542672	1061468	
542672	1131667	
542672	1196179	
542672	1259017	
542672	1287479	
542672	1351441	
542672	1378206	
542672	1537179	
542672	1590267	
542672	1620247	
542672	1621419	
542672	1621422	
542672	1621427	
542672	1925376	
542672	2295305	
542672	2295531	
542672	2367585	
542672	2411172	
542672	2469486	
542672	2469488	
542672	2469497	
542672	2469498	
542672	2469499	
542980	2636489	
544001	3894582	
545863	2636489	
545867	2636489	
546039	3894582	
547075	3894582	
548324	3894582	
550472	557233	
550472	1603509	
551448	3894582	
551450	3894582	
552153	2636489	
552271	1378199	
552377	610609	
552396	3894582	
552833	3894582	
552888	2636489	
552902	2636489	
552933	2636489	
552953	2636489	
552987	2636489	
553527	2636489	
553621	557233	
553621	1603509	
553669	3894582	
553720	2636489	
553738	2636489	
553743	3894582	
553744	2636489	
553761	2636489	
553789	2636489	
553792	2636489	
553794	2636489	
554035	2636489	
554729	3894582	
555624	3894582	
556911	2636489	
557233	557241	
557233	557245	
557233	595055	
557233	617506	
557233	617925	
557233	618395	
557233	627938	
557233	688283	
557233	694861	
557233	701080	
557233	841205	
557233	843425	
557233	843426	
557233	843437	
557233	843438	
557233	848275	
557233	848541	
557233	878840	
557233	1107878	
557233	1378206	
557233	1432227	
557233	1490439	
557233	1574997	
557233	1603507	
557233	1603509	
557233	1753663	
557233	1753664	
557233	1753666	
557233	1753668	
557233	1753670	
557233	1943598	
557233	1943599	
557233	1943620	
557233	1943627	
557233	1943630	
557233	1943650	
557233	1960581	
557233	1960582	
557233	1960583	
557233	2806708	
557233	2958915	
557233	2958916	
557233	2958917	
557233	2958918	
557233	2958919	
557241	1603509	
557245	1603509	
557251	618395	
557938	2636489	
557958	2636489	
557985	2636489	
557988	2636489	
558764	3894582	
560047	3894582	
560164	610609	
560246	2636489	
561678	2636489	
561682	2636489	
562956	610609	
563872	3894582	
564026	3894582	
565108	2636489	
565913	3894582	
566177	3894582	
566930	2636489	
566935	2636489	
566936	2636489	
566951	618395	
566952	2636489	
567075	3894582	
569222	3894582	
569561	3894582	
572965	3894582	
572998	2636489	
573109	1185530	
573110	1185530	
574243	3894582	
574244	3894582	
574431	2636489	
574515	2636489	
574523	610609	
574566	2636489	
575659	2636489	
576025	2636489	
576699	3894582	
577046	3894582	
577071	3894582	
577721	3894582	
578380	3894582	
579737	3894582	
583696	3894582	
584098	3894582	
584365	586500	
584405	3894582	
585983	3894582	
586500	586501	
586500	593990	
586500	594386	
586500	597580	
586500	671626	
586500	671629	
586500	698103	
586500	719133	
586500	726335	
586500	726340	
586500	726341	
586500	726344	
586500	726347	
586500	726352	
586500	726353	
586500	726358	
586500	726359	
586500	726363	
586500	766206	
586500	818123	
586500	847400	
586500	917517	
586500	942094	
586500	946431	
586500	960067	
586500	970152	
586500	999603	
586500	1157082	
586500	1163613	
586500	1173383	
586500	1195513	
586500	1195525	
586500	1195530	
586500	1195542	
586500	1195549	
586500	1195564	
586500	1545231	
586500	1554534	
586500	1564474	
586500	1564475	
586500	1564477	
586500	1564478	
586500	1564481	
586500	1564482	
586500	1564483	
586500	1564484	
586500	1564488	
586500	1564489	
586500	1564490	
586500	1564511	
586500	1669568	
586500	1801749	
586500	1801750	
586701	617986	
587193	617986	
587194	617986	
588158	2636489	
588491	2636489	
588685	617986	
589158	3894582	
589370	3894582	
589574	2636489	
589576	3894582	
590654	3894582	
591603	618395	
591949	841208	
593500	627938	
593618	2636489	
594529	2636489	
594800	790841	
594800	790850	
595079	2636489	
595181	2636489	
595200	627938	
595200	1378206	
595584	2636489	
595969	2636489	
595978	2636489	
598551	2636489	
598580	2636489	
598718	2636489	
598718	3894582	
598778	2636489	
598780	3894582	
598784	2636489	
598798	2636489	
598799	2636489	
598807	1185530	
598829	1185530	
598840	599560	
598866	2636489	
598925	2636489	
598959	2636489	
599049	3894582	
599054	604430	
599078	604430	
599089	3894582	
599107	2636489	
599142	2636489	
599144	604430	
599145	2636489	
599173	2636489	
599185	2636489	
599218	1378206	
599283	2636489	
599319	2636489	
599337	2636489	
599357	2636489	
599421	1185530	
599487	2636489	
599490	2636489	
599496	2636489	
599530	599560	
599533	2636489	
599534	2636489	
599542	2636489	
599543	2636489	
599550	2636489	
599551	2636489	
599560	599734	
599560	622963	
599560	627997	
599560	639598	
599560	672189	
599560	792725	
599560	848711	
599560	922996	
599560	923006	
599560	1496928	
599560	1543827	
599560	2127549	
599560	3894582	
599563	2636489	
599565	2636489	
599569	2636489	
599608	617986	
599613	2636489	
599614	2636489	
599621	2636489	
599622	2636489	
599627	2636489	
599635	2636489	
599648	2636489	
599655	2636489	
599670	2636489	
599706	617986	
599861	2636489	
599876	2636489	
599877	2636489	
599885	2636489	
599888	2636489	
600053	617986	
600061	3894582	
604309	2636489	
604326	2636489	
604363	3894582	
604421	1185530	
604430	610957	
604430	663497	
604430	704132	
604430	1378206	
604430	1600761	
604430	1612212	
604430	1619122	
604518	3894582	
604611	1273865	
604650	2636489	
605338	3894582	
605816	3894582	
606447	618395	
606604	1185530	
606635	3894582	
607551	3894582	
607669	3894582	
607910	2636489	
607921	2636489	
608377	3894582	
608623	2636489	
608894	2636489	
609220	2636489	
609412	681091	
609412	945700	
609646	841208	
610270	2636489	
610319	3894582	
610345	610609	
610449	610609	
610564	610609	
610609	610770	
610609	610783	
610609	665464	
610609	671336	
610609	675212	
610609	702989	
610609	872185	
610609	903232	
610609	985973	
610609	997764	
610609	1022073	
610609	1193181	
610609	1243764	
610609	2142642	
610994	2636489	
611020	617986	
611038	2636489	
611047	3894582	
611234	2636489	
611320	3894582	
611341	3894582	
611355	3894582	
611369	2636489	
611369	3894582	
611381	3894582	
611400	3894582	
611485	3894582	
611492	3894582	
611517	2636489	
611533	2636489	
611544	2636489	
611590	2636489	
611596	2636489	
611677	3894582	
611979	3894582	
611996	3894582	
612028	3894582	
612585	3894582	
612648	1273865	
612941	2636489	
612982	1273865	
613034	2636489	
613045	2636489	
613069	3894582	
614127	932032	
615057	3894582	
616569	3894582	
617156	2636489	
617159	2636489	
617162	2636489	
617164	617925	
617164	2636489	
617176	2636489	
617193	2636489	
617296	2636489	
617419	2636489	
617504	2636489	
617525	2636489	
617578	2636489	
617582	627938	
617582	790841	
617582	790850	
617582	1218385	
617582	1270968	
617582	1454136	
617582	1496790	
617582	2023148	
617582	2343850	
617582	3274485	
617685	2636489	
617686	2636489	
617687	2636489	
617689	2636489	
617718	2636489	
617729	2636489	
617732	2636489	
617737	2636489	
617792	2636489	
617796	2636489	
617801	2636489	
617810	617986	
617858	618395	
617884	2636489	
617925	618395	
617925	627938	
617925	968471	
617925	1296757	
617925	1362017	
617925	1431733	
617925	1432226	
617925	1432227	
617925	1462764	
617925	1490439	
617925	1603509	
617925	1753119	
617925	1793470	
617925	1793471	
617925	1802724	
617925	1943620	
617925	1943624	
617925	1943630	
617925	1943719	
617925	1943720	
617925	1943721	
617925	1943722	
617925	1943723	
617925	1943724	
617925	1943725	
617925	1943726	
617925	1943727	
617925	1943728	
617925	1943729	
617925	1943730	
617986	663580	
617986	673730	
617986	675227	
617986	702036	
617986	702852	
617986	719666	
617986	719882	
617986	814261	
617986	816810	
617986	817686	
617986	822326	
617986	841951	
617986	842102	
617986	845607	
617986	846447	
617986	846801	
617986	846806	
617986	879237	
617986	907290	
617986	907294	
617986	907300	
617986	907325	
617986	907330	
617986	907333	
617986	907336	
617986	948332	
617986	950943	
617986	1019252	
617986	1105069	
617986	1105070	
617986	1105071	
617986	1113715	
617986	1120156	
617986	1150412	
617986	1165704	
617986	1171466	
617986	1223612	
617986	1256183	
617986	1256401	
617986	1632835	
617986	1684743	
617986	1684745	
617986	1684752	
617986	1830260	
617986	1899600	
617986	1899629	
617986	1899630	
618073	2636489	
618108	2636489	
618139	618395	
618391	618395	
618395	618396	
618395	639594	
618395	703108	
618395	792725	
618395	848035	
618395	848275	
618395	848542	
618395	892031	
618395	987585	
618395	1182711	
618395	1378206	
618395	1490439	
618395	1508498	
618395	1515221	
618395	1555015	
618395	1555027	
618395	1567963	
618395	1600991	
618395	1603506	
618395	1603507	
618395	1603509	
618395	1620401	
618395	1723878	
618395	1793471	
618395	1858471	
618395	1858472	
618395	1943590	
618395	1943597	
618395	1943598	
618395	1943599	
618395	1943600	
618395	1943601	
618395	1943602	
618395	1943603	
618395	1943604	
618395	1943605	
618395	1943606	
618395	1943621	
618395	1943624	
618395	1943625	
618395	1943626	
618395	1943630	
618395	1943643	
618395	1960672	
618395	2326698	
621567	841177	
623096	3894582	
623204	3894582	
623240	3894582	
623388	2636489	
623430	3894582	
623565	3894582	
623569	3894582	
623656	2636489	
623661	841208	
623730	2636489	
623764	2636489	
623853	3894582	
623964	790841	
623964	790850	
623968	790841	
623968	790850	
623972	2636489	
624108	3894582	
624532	3894582	
625128	3894582	
625576	2636489	
626336	3894582	
626346	3894582	
627202	2636489	
627935	2636489	
627936	3894582	
627938	790841	
627938	790850	
627938	840106	
627938	914232	
627938	947316	
627938	1603509	
627938	1781004	
627938	1793473	
627938	1899632	
627938	1943720	
627938	2164053	
627938	2207737	
627938	2207738	
627938	2207739	
627938	2207740	
627938	2207741	
627938	2207742	
627938	2207743	
627938	2636489	
627938	2759325	
628510	841208	
637226	841177	
637918	3894582	
638122	3894582	
639596	2636489	
640228	3894582	
641525	2636489	
641537	3894582	
641641	3894582	
641741	790841	
641741	790850	
641748	790841	
641748	790850	
643166	841208	
644053	3894582	
645367	3894582	
646419	2636489	
646420	3894582	
646442	3894582	
646554	3894582	
647019	2636489	
648552	3894582	
650070	3894582	
650948	3894582	
651207	2636489	
655420	2636489	
655479	3894582	
655674	2636489	
656500	2636489	
656516	3894582	
656523	3894582	
656840	3894582	
658005	3894582	
658009	2636489	
658190	3894582	
658213	3894582	
658214	3894582	
658269	3894582	
658401	1899634	
660685	841208	
660743	3894582	
661303	3894582	
661968	3894582	
661969	3894582	
662068	3894582	
662502	3894582	
662848	3894582	
663109	3894582	
663113	3894582	
665464	2636489	
665470	3894582	
665965	3894582	
667356	2636489	
667656	3894582	
667659	3894582	
667811	3894582	
669294	3894582	
669590	3894582	
669595	3894582	
669682	3894582	
670232	3894582	
671166	2636489	
671182	2636489	
671406	3894582	
671670	3894582	
671855	3894582	
672221	3894582	
672248	2636489	
672383	2636489	
673618	3894582	
674665	3894582	
674812	3894582	
675981	3894582	
675988	2636489	
680932	2636489	
681049	2636489	
683991	3894582	
684075	2636489	
684109	3894582	
684301	2636489	
684307	2636489	
684355	2636489	
691281	1273865	
691282	1273865	
693353	2636489	
694664	2636489	
694692	2636489	
695035	3894582	
697070	3894582	
697388	2636489	
697461	3894582	
699095	2636489	
699842	1899631	
699896	2636489	
701130	1273865	
701671	3894582	
701830	2636489	
701845	3894582	
702335	1273865	
702352	2636489	
702470	2636489	
702472	2636489	
702492	3894582	
702524	3894582	
702622	3894582	
702623	3894582	
702660	2636489	
702685	3894582	
702741	2636489	
702745	2636489	
702788	2636489	
702829	2636489	
702871	2636489	
702882	2636489	
702908	2636489	
702917	841177	
702944	2636489	
702981	3894582	
703021	2636489	
703102	2636489	
703107	2636489	
703108	2636489	
703159	2636489	
703164	1620247	
703166	2636489	
703168	2636489	
703170	2636489	
703193	2636489	
703877	790841	
703877	790850	
703885	2636489	
703915	2636489	
703945	841208	
704182	2636489	
704206	2636489	
704207	2636489	
704210	2636489	
705290	2636489	
705827	3894582	
706528	3894582	
708355	3894582	
709102	3894582	
709103	3894582	
709411	2636489	
712067	2636489	
712102	2636489	
712119	3894582	
713214	2636489	
713614	3894582	
714566	3894582	
715077	3894582	
718093	2636489	
719937	2636489	
720059	2636489	
720285	3894582	
721179	3894582	
723085	1378206	
724111	3894582	
727400	3894582	
727723	3894582	
728854	3894582	
730315	3894582	
731633	841177	
732608	3894582	
734461	3894582	
735162	841177	
736718	3894582	
743979	841208	
745969	3894582	
746131	790841	
746131	790850	
746317	3894582	
746666	841208	
749162	932032	
752460	3894582	
752471	3894582	
754704	3894582	
756417	3894582	
757078	3894582	
760822	3894582	
763268	3894582	
780962	3894582	
781631	3894582	
783980	2636489	
784545	3894582	
785864	3894582	
786061	3894582	
787682	3894582	
790841	856280	
790841	856572	
790841	856671	
790841	856737	
790841	979786	
790841	1237924	
790841	1283189	
790841	1453405	
790841	1521304	
790841	1846470	
790841	2023148	
790841	2123145	
790841	2176041	
790841	2323020	
790841	2323031	
790841	2323157	
790841	2548958	
790841	2548963	
790841	2556988	
790841	2556991	
790841	2579498	
790841	2615514	
790841	2633207	
790841	2705539	
790841	2705609	
790841	2705610	
790841	2705611	
790841	2705612	
790841	2705613	
790841	3467140	
790850	856280	
790850	856572	
790850	856671	
790850	856737	
790850	1115795	
790850	1237924	
790850	1283189	
790850	1453405	
790850	1521304	
790850	1846470	
790850	2023148	
790850	2123145	
790850	2176041	
790850	2323031	
790850	2323157	
790850	2548958	
790850	2548963	
790850	2556988	
790850	2556991	
790850	2579498	
790850	2615514	
790850	2633207	
790850	2705539	
790850	2705609	
790850	2705610	
790850	2705611	
790850	2705612	
790850	2705613	
791400	2636489	
791812	2636489	
792251	1620247	
793911	1620247	
794125	2636489	
794237	3894582	
794550	2636489	
797161	2636489	
808354	2636489	
808477	1793470	
814119	2636489	
814633	2636489	
814839	3894582	
814855	2636489	
815439	2636489	
816363	2636489	
817926	2636489	
818682	3894582	
819967	2636489	
820300	2636489	
820333	2636489	
821598	3894582	
822978	3894582	
834941	2636489	
835151	841208	
835308	3894582	
835537	3894582	
836901	3894582	
837868	3894582	
838613	1185530	
838718	3894582	
839080	841177	
839080	3894582	
839086	841177	
839429	3894582	
839542	3894582	
840106	1378206	
840220	2636489	
841174	841177	
841177	841195	
841177	851915	
841177	851918	
841177	897233	
841177	1185532	
841177	1185534	
841177	1257259	
841177	1344834	
841177	2482601	
841177	2928645	
841208	841212	
841208	875657	
841208	894646	
841208	913719	
841208	915501	
841208	920305	
841208	928001	
841208	961104	
841208	1035164	
841208	1040055	
841208	1121627	
841208	1125779	
841208	1192844	
841208	1193401	
841208	1193402	
841208	1193412	
841208	1193671	
841208	1194068	
841208	1194975	
841208	1195786	
841208	1195787	
841208	1195792	
841208	1196016	
841208	1196017	
841208	1196018	
841208	1196019	
841208	1196020	
841208	1196021	
841208	1196022	
841208	1196023	
841208	1196024	
841208	1196025	
841208	1196026	
841208	1196027	
841208	1196028	
841208	1196029	
841208	1196030	
841208	1196031	
841208	1196032	
841208	1196033	
841208	1196034	
841208	1196035	
841208	2806805	
841208	3894582	
841620	3894582	
841833	3894582	
842174	3894582	
842233	3894582	
842263	2636489	
842380	3894582	
842382	2636489	
842499	1185530	
842594	2636489	
842668	3894582	
842680	3894582	
843334	2636489	
843335	2636489	
843342	2636489	
843425	1603509	
843426	1603509	
843437	1603509	
846190	2636489	
846210	3894582	
846424	2636489	
846813	2636489	
846914	2636489	
847033	2636489	
847061	2636489	
847219	3894582	
847357	2636489	
847459	2636489	
847463	2636489	
847468	2636489	
847494	2636489	
847634	2636489	
847765	3894582	
847834	2636489	
848033	2636489	
848035	1899633	
848081	2636489	
848084	2636489	
848114	2636489	
848258	2636489	
848275	1603509	
848312	2636489	
848388	2636489	
848441	2636489	
848465	2636489	
848593	2636489	
848648	2636489	
848650	2636489	
848711	1378199	
849235	1273865	
849596	3894582	
850970	3894582	
851037	3894582	
852643	3894582	
857768	2636489	
858230	1899631	
858231	1899631	
858250	1899631	
861139	2636489	
862259	3894582	
863100	2636489	
863153	3894582	
863652	3894582	
866574	3894582	
868361	1378199	
870001	2636489	
870698	3894582	
875663	2636489	
876452	3894582	
878549	2636489	
878557	2636489	
878731	2636489	
878762	3894582	
878835	2636489	
878869	2636489	
879819	932032	
880226	2636489	
880302	3894582	
881993	3894582	
882099	3894582	
885069	3894582	
886339	2636489	
886879	3894582	
888850	3894582	
892330	3894582	
892676	2636489	
892972	3894582	
894659	3894582	
894768	3894582	
895680	3894582	
897233	1185530	
898232	2636489	
898688	2636489	
902355	2636489	
902832	1899634	
904138	3894582	
905513	1185530	
906961	2636489	
907150	3894582	
909680	3894582	
910403	3894582	
911680	2636489	
913154	3894582	
914232	1378206	
915313	3894582	
915523	2636489	
915599	2636489	
916904	3894582	
919945	2636489	
920309	3894582	
920325	3894582	
922531	3894582	
924302	3894582	
924509	3894582	
924634	3894582	
924786	2636489	
924836	3894582	
925097	2636489	
925113	2636489	
925502	2636489	
925881	2636489	
926436	2636489	
927155	2636489	
927171	2636489	
927294	2636489	
927298	3894582	
927544	3894582	
927696	3894582	
927714	3894582	
927740	3894582	
927750	3894582	
927753	3894582	
927906	3894582	
927925	2636489	
927928	2636489	
928018	2636489	
928018	3894582	
928049	2636489	
928142	3894582	
928286	3894582	
928287	2636489	
928292	2636489	
928293	2636489	
928309	2636489	
931326	2636489	
931327	2636489	
931370	932032	
932032	1148538	
932032	1247682	
932032	1892002	
932032	2061935	
932032	2061959	
933632	2636489	
933634	2636489	
933638	2636489	
942490	3894582	
944144	3894582	
944287	2636489	
944292	2636489	
946544	3894582	
948138	2636489	
948296	3894582	
948500	2636489	
949032	2636489	
949274	3894582	
949759	3894582	
950901	3894582	
952027	3894582	
952074	2636489	
953264	2636489	
955382	2636489	
960060	3894582	
970702	3894582	
970767	3894582	
971386	3894582	
972292	2636489	
972347	1620247	
975594	3894582	
977768	3894582	
984919	2636489	
985008	3894582	
985889	2636489	
985891	2636489	
986709	3894582	
987439	2636489	
987440	2636489	
987541	2636489	
988336	3894582	
988449	1620247	
991538	2636489	
992063	3894582	
992724	3894582	
992940	2636489	
994038	3894582	
997320	3894582	
1004019	3894582	
1007582	2636489	
1011043	2636489	
1012718	3894582	
1013773	2636489	
1016272	3894582	
1016526	3894582	
1016645	2636489	
1016860	3894582	
1017058	1620247	
1017818	1620247	
1019081	3894582	
1019092	2636489	
1019196	2636489	
1019289	3894582	
1019368	2636489	
1019558	2636489	
1019688	2636489	
1022554	1899631	
1023435	1899631	
1025265	2636489	
1032029	1273865	
1040956	3894582	
1042371	3894582	
1043113	2636489	
1044878	3894582	
1059399	3894582	
1061012	1899636	
1064836	3894582	
1066930	3894582	
1069848	3894582	
1072371	3894582	
1073638	3894582	
1081079	2636489	
1083325	3894582	
1087782	3894582	
1088665	3894582	
1091855	3894582	
1095023	2636489	
1096371	2636489	
1096537	3894582	
1096688	2636489	
1096715	3894582	
1099846	2636489	
1107878	1603509	
1110194	1899631	
1113798	3894582	
1114307	2636489	
1114525	3894582	
1120824	3894582	
1120915	2636489	
1131525	2636489	
1131526	2636489	
1131538	2636489	
1131846	2636489	
1131858	3894582	
1131939	3894582	
1132120	2636489	
1132240	3894582	
1134400	3894582	
1148901	3894582	
1154501	1378199	
1154506	1378199	
1157213	3894582	
1164123	1793470	
1165091	3894582	
1168385	2636489	
1169011	3894582	
1170895	3894582	
1171166	2636489	
1171234	2378494	
1171702	2636489	
1171716	2636489	
1171910	2636489	
1173744	3894582	
1176333	3894582	
1176955	3894582	
1177560	3894582	
1178259	3894582	
1181292	3894582	
1182505	3894582	
1185235	2636489	
1185249	2636489	
1185250	2636489	
1185314	2636489	
1185530	1185532	
1185530	1257883	
1185530	1309610	
1185530	1309613	
1185530	1316885	
1185530	1926795	
1185530	2113452	
1185530	2266529	
1185541	2636489	
1189531	3894582	
1192461	3894582	
1192669	2636489	
1192750	2636489	
1193257	3894582	
1193436	3894582	
1194459	2636489	
1194896	3894582	
1196428	3894582	
1196453	3894582	
1196517	2636489	
1196582	3894582	
1196677	2636489	
1197032	2636489	
1197133	3894582	
1197203	2636489	
1197285	2636489	
1197292	2636489	
1197320	2636489	
1198093	3894582	
1199005	3894582	
1201082	1273865	
1208090	3894582	
1208981	3894582	
1209816	3894582	
1212617	3894582	
1213622	2636489	
1221778	3894582	
1222171	2636489	
1222231	2636489	
1222256	2636489	
1222373	3894582	
1222589	2636489	
1222597	2636489	
1222746	2636489	
1222986	3894582	
1223186	3894582	
1223496	2636489	
1223685	2636489	
1223704	2636489	
1227076	2636489	
1250404	3894582	
1253323	3894582	
1254109	3894582	
1254191	3894582	
1255404	3894582	
1257051	3894582	
1260207	3894582	
1272063	3894582	
1273754	1273865	
1273755	1273865	
1273862	1273865	
1273865	1378640	
1273865	1383421	
1273865	1531385	
1273865	1531386	
1273865	1531387	
1273865	1531388	
1273865	1531389	
1273865	1531390	
1273865	1531391	
1273865	1531392	
1283454	3894582	
1286416	1378199	
1287479	2636489	
1287711	3894582	
1301394	2636489	
1303279	3894582	
1304654	3894582	
1306726	3894582	
1310259	2636489	
1312761	2636489	
1315093	3894582	
1326730	3894582	
1329389	3894582	
1330943	3894582	
1333997	3894582	
1344753	2636489	
1344803	2636489	
1344910	2636489	
1354392	3894582	
1359611	2636489	
1359716	3894582	
1360014	2636489	
1360916	2636489	
1377885	1378199	
1377905	1378199	
1377920	1378199	
1377938	1378199	
1377941	1378199	
1378194	1378199	
1378195	1378199	
1378199	1471474	
1378199	3452595	
1378199	3452596	
1378199	3452597	
1378199	3452598	
1378206	1793473	
1378206	1899637	
1378206	2164058	
1378206	2207737	
1378206	2207740	
1378206	2207741	
1378206	2207742	
1378206	2396667	
1381040	3894582	
1383508	2636489	
1383553	2636489	
1383634	2636489	
1383780	2636489	
1383808	3894582	
1384181	2636489	
1385223	3894582	
1385508	3894582	
1387814	3894582	
1391015	3894582	
1391087	2636489	
1391201	3894582	
1391511	3894582	
1391877	2636489	
1401716	3894582	
1403922	2636489	
1404045	3894582	
1410602	2636489	
1427718	3894582	
1428975	3894582	
1429402	3894582	
1429553	3894582	
1432019	1899634	
1432676	2636489	
1448200	2636489	
1448591	3894582	
1455580	3894582	
1456821	2636489	
1457253	3894582	
1457318	3894582	
1459170	3894582	
1461451	2636489	
1461602	3894582	
1461638	3894582	
1462826	1620247	
1464836	3894582	
1466004	2636489	
1466667	3894582	
1467658	3894582	
1467962	3894582	
1468900	3894582	
1471486	2636489	
1471667	2636489	
1471747	2636489	
1483339	3894582	
1484054	3894582	
1487483	3894582	
1490439	1603509	
1496790	2636489	
1496843	2636489	
1496848	2636489	
1496860	2636489	
1496901	2636489	
1497526	3894582	
1497588	3894582	
1497793	2636489	
1497994	2636489	
1501882	2636489	
1509416	3894582	
1511829	3894582	
1513312	3894582	
1516606	3894582	
1522032	3894582	
1529111	2378494	
1534561	3894582	
1536121	3894582	
1536720	2636489	
1536848	3894582	
1550194	3894582	
1550640	3894582	
1551695	2636489	
1559425	3894582	
1561486	3894582	
1561549	3894582	
1561614	2636489	
1564356	2636489	
1565858	2636489	
1566048	2636489	
1566055	3894582	
1566166	3894582	
1566697	3894582	
1575252	2636489	
1580343	2636489	
1580371	2636489	
1581207	3894582	
1583609	3894582	
1586495	2636489	
1588112	3894582	
1589937	1899631	
1594811	3894582	
1599479	3894582	
1600561	2636489	
1603506	1899632	
1603509	1753664	
1603509	1753670	
1603509	1960583	
1603509	2958916	
1603509	2958917	
1603509	2958918	
1603676	2636489	
1604258	1899636	
1607606	1899631	
1615504	3894582	
1619897	1620247	
1620247	1620248	
1620247	1620249	
1620247	1620250	
1620247	1620254	
1620247	1620255	
1620247	1677855	
1620247	1725432	
1620247	2178578	
1620247	3163457	
1620247	3163458	
1620614	3894582	
1620786	2636489	
1627789	2636489	
1628084	3894582	
1628732	2636489	
1629916	2636489	
1632953	3894582	
1641010	1899631	
1641680	1899631	
1641934	1899631	
1642575	1899631	
1647929	2636489	
1648049	2636489	
1655341	3894582	
1687987	3894582	
1695216	3894582	
1704386	3894582	
1704987	2636489	
1714162	3894582	
1719947	2636489	
1720288	3894582	
1725009	3894582	
1725020	2636489	
1725321	3894582	
1725387	3894582	
1725410	2636489	
1729221	2636489	
1753149	3894582	
1759240	2378494	
1762851	2636489	
1776431	3894582	
1778938	2636489	
1780719	2636489	
1780801	3894582	
1781004	1793473	
1781344	3894582	
1782776	2636489	
1782785	2636489	
1791418	3894582	
1793470	1934681	
1793470	1943680	
1793470	1943681	
1793470	1943682	
1793471	1899632	
1810293	2636489	
1810572	3894582	
1810573	3894582	
1810868	2636489	
1814707	3894582	
1816758	2636489	
1818484	3894582	
1823507	3894582	
1833402	3894582	
1838398	3894582	
1838570	2636489	
1840536	3894582	
1844441	3894582	
1854865	3894582	
1857034	3894582	
1867185	3894582	
1868998	2636489	
1869241	3894582	
1876226	1899634	
1877277	3894582	
1889461	2636489	
1899357	2636489	
1899579	2636489	
1899631	1926615	
1899631	1947860	
1899631	1947861	
1899631	2016062	
1899631	2016067	
1899631	2016091	
1899631	2016106	
1899631	2016109	
1899631	2016111	
1899631	2016115	
1899631	2016433	
1899631	2079009	
1899631	2085033	
1899631	2101266	
1899631	2277104	
1899631	2284152	
1899631	2284169	
1899631	2284171	
1899631	2284172	
1899631	2284173	
1899631	2284175	
1899631	2284209	
1899631	2284210	
1899631	2284279	
1899631	2729744	
1899631	2729749	
1899632	1943598	
1899632	1943599	
1899632	1943600	
1899632	1943601	
1899632	1943602	
1899632	1943618	
1899632	1943619	
1899632	1943620	
1899632	1943621	
1899632	1943622	
1899632	1943623	
1899632	1943624	
1899632	1943625	
1899632	1943626	
1899632	1943627	
1899632	1943628	
1899632	1943629	
1899632	1943630	
1899632	1943631	
1899632	1943632	
1899632	1943633	
1899632	1943634	
1899632	1943636	
1899632	1943637	
1899632	1943639	
1899632	1943641	
1899632	1943642	
1899632	1943645	
1899632	1943646	
1899632	1943647	
1899632	1943648	
1899632	1943649	
1899632	1943653	
1899634	1958259	
1899634	2286642	
1899634	2851335	
1899634	2851336	
1899944	2636489	
1900810	2636489	
1921256	3894582	
1925710	2636489	
1926747	2636489	
1933312	2636489	
1934886	2636489	
1935981	2636489	
1935983	2636489	
1936206	2636489	
1936319	3894582	
1941547	3894582	
1943951	2636489	
1943963	2636489	
1948213	3894582	
1948660	2636489	
1981331	2636489	
1986540	3894582	
1998975	3894582	
2014544	2636489	
2015249	2636489	
2020091	2636489	
2020274	2636489	
2023319	2636489	
2024179	3894582	
2027046	2636489	
2027274	3894582	
2041016	3894582	
2044544	2636489	
2048855	2636489	
2053723	3894582	
2062869	3894582	
2064317	3894582	
2065199	2636489	
2066530	2636489	
2068410	3894582	
2069649	3894582	
2070646	3894582	
2120296	2636489	
2131918	2636489	
2137494	2636489	
2138279	3894582	
2140378	3894582	
2172199	3894582	
2178939	3894582	
2187649	3894582	
2198901	2636489	
2213934	2636489	
2222667	3894582	
2241361	2636489	
2244449	2636489	
2246234	3894582	
2251958	2636489	
2256492	2636489	
2264235	3894582	
2266380	2636489	
2273517	3894582	
2273563	3894582	
2296270	2636489	
2306585	3894582	
2323739	2636489	
2330807	3894582	
2340744	3894582	
2354010	3894582	
2373953	3894582	
2378494	2724841	
2380217	3894582	
2400947	2636489	
2417205	3894582	
2459022	3894582	
2465045	3894582	
2468264	2636489	
2497873	2636489	
2497876	2636489	
2498497	3894582	
2499735	3894582	
2503050	2636489	
2506252	2636489	
2511367	3894582	
2534310	2636489	
2538994	2636489	
2550896	3894582	
2554994	3894582	
2586166	2636489	
2592224	3894582	
2608149	2636489	
2627345	3894582	
2636489	2639945	
2636489	2645263	
2636489	2646687	
2636489	2693498	
2636489	2705830	
2636489	2721248	
2636489	2721249	
2636489	2721251	
2636489	2721252	
2636489	2721256	
2636489	2721257	
2636489	2746994	
2636489	2753297	
2636489	2869793	
2636489	2891402	
2636489	2991539	
2636489	3101818	
2636489	3101825	
2636489	3156802	
2636489	3165993	
2636489	3220442	
2636489	3291376	
2636489	3291392	
2636489	3310463	
2636489	3315060	
2636489	3420029	
2636489	3435311	
2636489	3472625	
2636489	3492856	
2636489	3561029	
2636489	3592507	
2636489	3592508	
2636489	3608144	
2636489	3608145	
2636489	3608146	
2636489	3608147	
2636489	3608148	
2636489	3608149	
2636489	3608150	
2636489	3608151	
2636489	3608152	
2636489	3608153	
2636489	3608154	
2636489	3608155	
2636489	3608156	
2636489	3608157	
2636489	3608158	
2636489	3608159	
2636489	3608160	
2636489	3608161	
2636489	3608162	
2636489	3608163	
2636489	3608164	
2636489	3608165	
2636489	3608166	
2636489	3608167	
2636489	3608168	
2636489	3608169	
2636489	3608170	
2636489	3608171	
2636489	3608172	
2636489	3608173	
2636489	3608174	
2636489	3608175	
2636489	3608176	
2636489	3608177	
2636489	3608178	
2636489	3608179	
2649675	3894582	
2665584	3894582	
2667093	3894582	
2700116	3894582	
2722512	3894582	
2771418	3894582	
2784354	3894582	
2788889	3894582	
2804447	3894582	
2809111	3894582	
2822661	3894582	
2832828	3894582	
2946204	3894582	
2954683	3894582	
2962404	3894582	
3013406	3894582	
3044985	3894582	
3092013	3894582	
3137591	3894582	
3195441	3894582	
3245816	3894582	
3278301	3894582	
3283516	3894582	
3389670	3894582	
3395456	3894582	
3405740	3894582	
3551354	3894582	
3597510	3894582	
3693305	3894582	
3726013	3894582	
3742281	3894582	
3804090	3894582	
3824390	3894582	
3852321	3894582	
3894582	3894583	
3894582	3894584	
3894582	3894585	
3894582	3894586	
3894582	3894587	
3894582	3894588	
3894582	3894589	
3894582	3894590	
3894582	3894591	
3894582	3894592	
3894582	3894593	
3894582	3894594	
3894582	3894595	
3894582	3894596	
3894582	3894597	
3894582	3894598	
3894582	3894599	
3894582	3894600	
3894582	3894601	
3894582	3894602	
3894582	3894603	
3894582	3894604	
3894582	3894605	
3894582	3894606	
3894582	3894607	
3894582	3894608	
3894582	3894609	
3894582	3894610	
3894582	3894611	
3894582	3894612	
3894582	3894613	
3894582	3894614	
3894582	3894615	
3894582	3894616	
3894582	3894617	
3894582	3894618	
3894582	3894619	
3894582	3894620	
3894582	3894621	
3894582	3894622	
3894582	3894623	
4	282127	
4	551450	
4	611996	
4	697070	
6	163500	
6	271067	
6	293184	
6	644053	
6	705827	
7	407698	
7	583696	
11	1599479	
12	77521	
14	356242	
15	347910	
18	345001	
18	697070	
23	77521	
23	116380	
24	567109	
25	43694	
25	311488	
25	355317	
26	118646	
26	120015	
37	1059	
40	697070	
41	268351	
41	551450	
41	697070	
43	567109	
47	463395	
60	697070	
66	697070	
94	1029876	
97	216899	
97	268351	
197	10152	
227	52202	
230	4134	
234	8670	
235	2912	
245	6412	
249	7832	
250	1262	
250	1265	
250	1266	
250	1278	
250	1280	
250	1318	
250	1342	
250	1344	
250	1347	
250	1350	
250	1374	
250	1397	
250	1405	
250	1453	
250	1470	
259	13929	
265	7498	
267	7832	
267	9765	
278	3010	
279	1695	
282	2823	
282	2851	
283	2823	
285	1641010	
297	6144	
300	879	
302	9765	
302	9766	
308	9228	
311	13149	
317	3333	
323	1278	
323	1342	
323	1453	
323	7832	
323	9765	
323	9766	
323	9801	
323	9827	
323	9847	
323	9856	
323	9891	
323	9924	
323	9930	
323	9935	
323	9947	
323	9997	
323	9999	
323	10088	
323	10111	
323	10133	
323	1554534	
324	11258	
329	9545	
329	9596	
329	727723	
332	9765	
332	9766	
348	6629	
370	879	
370	1059	
370	1069	
397	1641010	
428	13491	
433	10432	
459	529931	
461	11258	
475	9766	
501	9765	
501	9766	
557	8009	
580	7832	
588	7832	
588	9765	
674	879	
674	9766	
674	662502	
675	77521	
675	116207	
675	268351	
675	271161	
675	311488	
675	358198	
675	558764	
675	1016860	
677	27814	
677	392853	
677	655674	
688	118646	
697	315368	
703	9766	
703	93457	
703	381404	
703	591160	
705	1342	
706	397715	
706	412497	
706	450839	
706	560375	
706	669595	
713	77575	
713	546111	
748	894768	
757	527170	
759	599613	
762	879	
762	9766	
762	347785	
762	499989	
762	664570	
767	9765	
767	281981	
767	599613	
770	677424	
858	1262	
858	329408	
859	1266	
859	507980	
860	879	
860	9596	
860	282127	
860	1554534	
862	281157	
863	1266	
863	9766	
863	471205	
865	9765	
865	1554534	
866	314283	
866	347785	
866	406904	
866	589158	
866	589576	
866	948138	
868	7832	
874	1059	
875	9766	
875	282127	
877	93457	
877	591160	
878	822978	
879	906	
879	995	
879	1029	
879	1035	
879	1050	
879	1086	
879	1263	
879	1264	
879	1302	
879	1338	
879	1344	
879	2989	
879	3432	
879	3675	
879	3727	
879	4331	
879	7860	
879	9567	
879	9586	
879	9844	
879	9896	
879	9899	
879	9905	
879	10006	
879	13491	
879	16340	
879	28011	
879	38260	
879	38276	
879	38467	
879	49671	
879	75598	
879	77388	
879	78524	
879	88055	
879	105959	
879	107518	
879	107573	
879	151840	
879	174615	
879	184893	
879	191030	
879	202778	
879	202824	
879	203049	
879	208248	
879	208255	
879	208270	
879	208336	
879	208532	
879	208952	
879	210669	
879	212600	
879	212712	
879	215025	
879	215128	
879	217869	
879	217878	
879	217901	
879	217937	
879	219681	
879	247504	
879	248864	
879	254914	
879	257464	
879	266185	
879	278581	
879	282088	
879	282127	
879	284377	
879	288020	
879	292224	
879	292914	
879	292933	
879	293226	
879	293402	
879	293403	
879	293417	
879	307754	
879	315073	
879	318744	
879	319002	
879	320936	
879	321975	
879	335980	
879	337818	
879	339893	
879	347785	
879	355544	
879	355776	
879	364993	
879	366175	
879	368296	
879	379893	
879	380309	
879	380933	
879	381133	
879	381854	
879	382719	
879	385185	
879	390952	
879	391740	
879	392651	
879	392759	
879	393331	
879	394100	
879	394595	
879	394814	
879	394968	
879	395080	
879	396318	
879	396351	
879	397619	
879	407034	
879	408073	
879	408087	
879	408119	
879	409059	
879	409642	
879	412485	
879	416684	
879	416694	
879	420226	
879	423248	
879	425944	
879	432624	
879	434285	
879	436270	
879	439836	
879	439839	
879	439855	
879	439866	
879	439889	
879	439894	
879	439935	
879	440741	
879	440914	
879	441341	
879	441552	
879	441646	
879	441891	
879	442076	
879	443010	
879	443273	
879	444190	
879	444296	
879	450075	
879	456693	
879	465431	
879	465530	
879	467083	
879	470149	
879	471224	
879	480673	
879	491924	
879	495136	
879	506606	
879	508782	
879	520147	
879	524473	
879	537009	
879	543686	
879	547312	
879	547475	
879	547655	
879	553125	
879	553720	
879	555172	
879	556936	
879	560310	
879	584620	
879	587370	
879	587390	
879	589191	
879	589547	
879	590061	
879	590615	
879	590710	
879	591082	
879	593499	
879	595136	
879	595462	
879	595894	
879	595929	
879	596603	
879	596730	
879	597801	
879	598030	
879	598050	
879	598639	
879	598784	
879	598830	
879	599633	
879	599734	
879	599983	
879	600220	
879	607997	
879	610455	
879	611034	
879	623664	
879	626561	
879	638122	
879	641633	
879	645356	
879	646826	
879	656498	
879	659140	
879	661830	
879	663613	
879	664190	
879	664595	
879	676240	
879	676255	
879	676257	
879	688854	
879	690484	
879	696163	
879	702416	
879	704250	
879	704728	
879	705081	
879	705181	
879	788625	
879	819182	
879	831733	
879	841187	
879	844376	
879	859125	
879	872168	
879	875600	
879	880485	
879	902568	
879	919427	
879	920305	
879	922035	
879	924593	
879	934334	
879	948103	
879	948915	
879	987661	
879	1082781	
879	1114434	
879	1117489	
879	1119018	
879	1192609	
879	1192884	
879	1214301	
879	1347193	
879	1365102	
879	1476433	
879	1503133	
879	1712820	
879	1731611	
879	1827908	
879	1847843	
879	1996557	
879	2577401	
879	2636489	
881	553744	
883	9765	
883	274999	
887	281187	
887	1554534	
888	429222	
896	471205	
897	471205	
899	552271	
901	8009	
901	430801	
904	16114	
905	1554534	
906	9766	
908	2912	
908	287369	
914	368603	
915	7832	
917	8009	
917	16082	
917	430801	
928	9765	
932	281157	
941	848258	
949	9765	
949	38864	
956	217383	
957	1059	
961	9765	
964	210115	
964	255517	
964	392243	
964	392266	
964	448233	
964	593158	
966	546111	
970	9765	
973	337887	
975	7832	
975	9766	
975	1554534	
977	16082	
980	270227	
982	950342	
985	950342	
992	18154	
1006	9765	
1006	9766	
1009	9765	
1009	1554534	
1015	950342	
1017	9765	
1018	1059	
1018	9766	
1019	950342	
1021	1344	
1021	1405	
1021	6629	
1021	78445	
1021	80787	
1021	93457	
1021	109060	
1021	248803	
1021	270047	
1021	377365	
1021	392539	
1021	392883	
1021	394564	
1021	412493	
1021	438156	
1021	540477	
1021	599533	
1021	611341	
1021	611355	
1021	611369	
1021	611381	
1021	611400	
1021	1427718	
1024	9766	
1026	1069	
1028	406904	
1029	1069	
1030	274999	
1030	1554534	
1032	457534	
1032	1554534	
1033	9891	
1033	41114	
1033	208532	
1033	270101	
1035	1344	
1035	392848	
1035	479093	
1035	599861	
1035	617792	
1035	790358	
1035	1019092	
1039	1069	
1039	274999	
1039	471205	
1040	7832	
1040	274999	
1042	289857	
1042	442635	
1043	9765	
1043	9766	
1045	1266	
1045	77346	
1045	442635	
1050	10133	
1050	201625	
1050	392651	
1050	465564	
1050	598840	
1050	599706	
1050	1554534	
1051	1069	
1052	9766	
1054	274999	
1055	9765	
1055	9766	
1055	1554534	
1057	426769	
1058	315368	
1059	1696	
1059	1702	
1059	5416	
1059	9765	
1059	9842	
1059	9881	
1059	35272	
1059	39639	
1059	43699	
1059	48472	
1059	48665	
1059	77371	
1059	155706	
1059	199580	
1059	200151	
1059	203660	
1059	205286	
1059	216524	
1059	216960	
1059	217882	
1059	249342	
1059	269223	
1059	271100	
1059	276565	
1059	277606	
1059	280527	
1059	291705	
1059	292567	
1059	338855	
1059	338864	
1059	338865	
1059	352499	
1059	354169	
1059	354698	
1059	361053	
1059	370037	
1059	381334	
1059	393680	
1059	400255	
1059	401287	
1059	401298	
1059	410790	
1059	421069	
1059	426661	
1059	430393	
1059	431137	
1059	439061	
1059	439855	
1059	442923	
1059	457623	
1059	459167	
1059	470862	
1059	495319	
1059	495320	
1059	520370	
1059	535926	
1059	536113	
1059	584625	
1059	586003	
1059	589774	
1059	590208	
1059	591073	
1059	614995	
1059	664547	
1059	727878	
1059	736123	
1059	859955	
1059	864395	
1059	879566	
1059	930938	
1059	935474	
1059	948585	
1059	977855	
1059	990786	
1059	1055451	
1059	1106000	
1059	1123723	
1059	1123785	
1059	1123788	
1059	1123791	
1059	1176499	
1059	1191819	
1059	1426975	
1059	1487649	
1059	1489387	
1059	1572335	
1059	1588075	
1059	1667632	
1059	1667633	
1059	1667634	
1059	1667635	
1059	1667636	
1059	1667637	
1059	1667638	
1059	1667639	
1059	1667640	
1059	1667642	
1059	1722360	
1059	1755845	
1059	1762372	
1059	1804892	
1059	1804897	
1059	1891116	
1059	1891117	
1059	1891118	
1059	1891121	
1059	1891166	
1059	1891167	
1059	1891168	
1059	1891169	
1059	1891170	
1059	1891171	
1059	1891172	
1059	1891173	
1059	1891174	
1059	1891175	
1059	1891176	
1059	1891177	
1059	1891178	
1059	1891179	
1059	1937706	
1059	2224319	
1059	2890632	
1059	3529332	
1059	3900700	
1059	4010367	
1060	1069	
1061	1069	
1068	314283	
1068	436149	
1069	1074	
1069	1087	
1069	1089	
1069	1109	
1069	1129	
1069	6349	
1069	9875	
1069	10008	
1069	11846	
1069	38260	
1069	38263	
1069	38315	
1069	38337	
1069	38354	
1069	203033	
1069	207207	
1069	207209	
1069	207210	
1069	207229	
1069	207244	
1069	207269	
1069	212874	
1069	217873	
1069	217907	
1069	217930	
1069	217952	
1069	217996	
1069	218024	
1069	260927	
1069	266185	
1069	291863	
1069	292359	
1069	293435	
1069	293484	
1069	338538	
1069	370234	
1069	377955	
1069	379682	
1069	380168	
1069	381452	
1069	381508	
1069	384749	
1069	385046	
1069	413523	
1069	418248	
1069	439751	
1069	439850	
1069	439853	
1069	439882	
1069	439884	
1069	439888	
1069	439889	
1069	439911	
1069	439919	
1069	439922	
1069	440551	
1069	441350	
1069	442613	
1069	442614	
1069	442895	
1069	443893	
1069	467083	
1069	470149	
1069	471467	
1069	474157	
1069	478515	
1069	486347	
1069	547310	
1069	547311	
1069	548198	
1069	565805	
1069	577016	
1069	584048	
1069	584676	
1069	584691	
1069	584761	
1069	584786	
1069	585113	
1069	585190	
1069	585934	
1069	586050	
1069	586245	
1069	586585	
1069	587539	
1069	589076	
1069	589182	
1069	589664	
1069	589700	
1069	589771	
1069	589774	
1069	590381	
1069	590717	
1069	593057	
1069	593931	
1069	595917	
1069	596871	
1069	625287	
1069	642642	
1069	642654	
1069	643441	
1069	688724	
1069	690168	
1069	690280	
1069	720137	
1069	726554	
1069	737729	
1069	778149	
1069	780243	
1069	816987	
1069	818267	
1069	844461	
1069	844463	
1069	844494	
1069	844519	
1069	844522	
1069	844529	
1069	845130	
1069	845445	
1069	846815	
1069	862139	
1069	895698	
1069	910320	
1069	922915	
1069	934396	
1069	1008001	
1069	1113619	
1069	1159690	
1069	1290898	
1069	1341742	
1069	1360847	
1069	1360850	
1069	1476413	
1069	1477423	
1069	1656406	
1069	1712225	
1069	2495287	
1069	2495288	
1069	2652194	
1069	2878754	
1071	9766	
1077	274999	
1077	471205	
1078	274999	
1081	9766	
1082	353919	
1086	116051	
1086	471205	
1094	471205	
1098	599613	
1101	595584	
1101	1554534	
1115	471205	
1115	599613	
1125	274999	
1129	9766	
1139	669682	
1141	425393	
1143	31151	
1147	9766	
1151	9766	
1151	527170	
1162	669682	
1172	531127	
1192	378670	
1193	1554534	
1197	481346	
1215	42065	
1216	576917	
1254	7832	
1254	9765	
1254	9766	
1256	7832	
1256	9765	
1256	9766	
1256	16119	
1256	371753	
1256	1554534	
1257	1405	
1257	9891	
1257	269490	
1257	1193181	
1258	1278	
1258	270016	
1258	463758	
1258	463759	
1258	499511	
1258	542015	
1258	607921	
1258	670232	
1258	848035	
1258	1194068	
1260	353885	
1260	480775	
1262	1265	
1262	1280	
1262	1291	
1262	1338	
1262	1342	
1262	1362	
1262	1494	
1262	4788	
1262	7486	
1262	7507	
1262	7832	
1262	9765	
1262	9766	
1262	9777	
1262	9866	
1262	16042	
1262	16495	
1262	17895	
1262	21477	
1262	22839	
1262	26147	
1262	27814	
1262	32815	
1262	38060	
1262	38782	
1262	39600	
1262	46299	
1262	46303	
1262	46314	
1262	47593	
1262	50500	
1262	55212	
1262	79769	
1262	81297	
1262	87460	
1262	93341	
1262	93994	
1262	95359	
1262	102477	
1262	105959	
1262	147663	
1262	149342	
1262	173548	
1262	180798	
1262	181302	
1262	194010	
1262	206320	
1262	207632	
1262	208532	
1262	212380	
1262	213205	
1262	215470	
1262	216419	
1262	221810	
1262	255542	
1262	266914	
1262	270727	
1262	271257	
1262	271277	
1262	271281	
1262	271284	
1262	271613	
1262	272761	
1262	272772	
1262	272826	
1262	276288	
1262	276296	
1262	276315	
1262	277642	
1262	279655	
1262	279703	
1262	279704	
1262	283781	
1262	311649	
1262	317229	
1262	317688	
1262	319913	
1262	320050	
1262	320163	
1262	320169	
1262	320620	
1262	320630	
1262	320632	
1262	320805	
1262	321691	
1262	322162	
1262	322189	
1262	322239	
1262	336020	
1262	339139	
1262	348328	
1262	349711	
1262	350925	
1262	355587	
1262	355790	
1262	360228	
1262	360637	
1262	368978	
1262	371781	
1262	376771	
1262	388026	
1262	390927	
1262	390928	
1262	392611	
1262	400161	
1262	406891	
1262	408102	
1262	410346	
1262	412931	
1262	412939	
1262	413492	
1262	417861	
1262	417895	
1262	418974	
1262	430773	
1262	430815	
1262	434880	
1262	435161	
1262	442925	
1262	443062	
1262	444993	
1262	453230	
1262	453595	
1262	453719	
1262	454614	
1262	470777	
1262	472589	
1262	472681	
1262	488728	
1262	497982	
1262	520489	
1262	524130	
1262	530094	
1262	534322	
1262	542027	
1262	542237	
1262	542638	
1262	543604	
1262	546314	
1262	550410	
1262	552159	
1262	552377	
1262	552393	
1262	552935	
1262	553198	
1262	553210	
1262	553846	
1262	554900	
1262	556937	
1262	560164	
1262	563715	
1262	567972	
1262	574642	
1262	575328	
1262	576744	
1262	595466	
1262	604075	
1262	604301	
1262	604352	
1262	606779	
1262	608532	
1262	610311	
1262	610318	
1262	610319	
1262	610332	
1262	610345	
1262	610354	
1262	610363	
1262	610416	
1262	610417	
1262	610420	
1262	610428	
1262	610549	
1262	610550	
1262	610551	
1262	610552	
1262	610553	
1262	610554	
1262	610555	
1262	610556	
1262	610557	
1262	610558	
1262	610559	
1262	610560	
1262	610561	
1262	610562	
1262	610563	
1262	610564	
1262	610565	
1262	610566	
1262	610567	
1262	610568	
1262	610569	
1262	610570	
1262	610571	
1262	610572	
1262	610573	
1262	610574	
1262	610575	
1262	610576	
1262	610577	
1262	610578	
1262	610579	
1262	610580	
1262	610581	
1262	610582	
1262	610583	
1262	610584	
1262	610585	
1262	610586	
1262	610587	
1262	610588	
1262	610589	
1262	610590	
1262	610591	
1262	610592	
1262	610593	
1262	610594	
1262	610595	
1262	610596	
1262	610597	
1262	610598	
1262	610599	
1262	610600	
1262	610601	
1262	610602	
1262	610603	
1262	610604	
1262	610605	
1262	610606	
1262	610607	
1262	610608	
1262	610610	
1262	610611	
1262	610633	
1262	610645	
1262	610647	
1262	610652	
1262	610725	
1262	610776	
1262	611211	
1262	611914	
1262	734863	
1262	853289	
1262	885436	
1262	902616	
1262	926075	
1262	934014	
1262	1039888	
1262	1040749	
1262	1193790	
1262	1249934	
1262	1359804	
1262	1384672	
1262	1462488	
1262	1536081	
1262	1580216	
1262	1603570	
1262	2495605	
1262	2495645	
1262	2655486	
1262	3060687	
1263	252722	
1263	382392	
1263	390929	
1263	393118	
1263	393528	
1263	432049	
1263	472648	
1263	528607	
1263	552987	
1263	558764	
1263	593500	
1263	595584	
1263	598840	
1263	599357	
1263	599613	
1263	599861	
1263	601574	
1263	613045	
1263	623764	
1263	702352	
1263	702472	
1263	816810	
1263	845607	
1263	906961	
1263	951379	
1263	1221778	
1263	1583609	
1263	1844441	
1264	116380	
1264	863652	
1264	1177904	
1265	1280	
1265	1313	
1265	1338	
1265	1342	
1265	1407	
1265	4765	
1265	7486	
1265	9777	
1265	9829	
1265	27328	
1265	30345	
1265	33618	
1265	33629	
1265	33692	
1265	33693	
1265	38782	
1265	44793	
1265	50500	
1265	55173	
1265	79769	
1265	93341	
1265	114812	
1265	170505	
1265	196816	
1265	208533	
1265	215470	
1265	216419	
1265	248892	
1265	255537	
1265	268930	
1265	269518	
1265	271281	
1265	271284	
1265	276507	
1265	279703	
1265	280266	
1265	294216	
1265	310759	
1265	310793	
1265	311649	
1265	321691	
1265	339136	
1265	340800	
1265	347771	
1265	352721	
1265	354464	
1265	355570	
1265	355587	
1265	355790	
1265	360637	
1265	360957	
1265	361060	
1265	365470	
1265	376771	
1265	379888	
1265	397698	
1265	410843	
1265	413492	
1265	419023	
1265	424729	
1265	435161	
1265	437437	
1265	468205	
1265	472589	
1265	472681	
1265	508010	
1265	520468	
1265	522984	
1265	534322	
1265	542237	
1265	542304	
1265	550389	
1265	550410	
1265	551700	
1265	551841	
1265	553198	
1265	560164	
1265	563917	
1265	564592	
1265	565001	
1265	565114	
1265	576744	
1265	584694	
1265	599091	
1265	606687	
1265	608143	
1265	610311	
1265	610318	
1265	610332	
1265	610335	
1265	610345	
1265	610354	
1265	610417	
1265	610420	
1265	610449	
1265	610455	
1265	610463	
1265	610551	
1265	610552	
1265	610560	
1265	610564	
1265	610578	
1265	610586	
1265	610590	
1265	610622	
1265	610623	
1265	610624	
1265	610625	
1265	610626	
1265	610627	
1265	610628	
1265	610629	
1265	610630	
1265	610631	
1265	610632	
1265	610633	
1265	610634	
1265	610635	
1265	610636	
1265	610637	
1265	610638	
1265	610639	
1265	610640	
1265	610641	
1265	610642	
1265	610643	
1265	610644	
1265	610645	
1265	610646	
1265	610647	
1265	610648	
1265	610649	
1265	610650	
1265	610651	
1265	610652	
1265	610653	
1265	610654	
1265	610655	
1265	610656	
1265	610657	
1265	610658	
1265	610659	
1265	610660	
1265	610661	
1265	610662	
1265	610663	
1265	610664	
1265	610665	
1265	610666	
1265	610667	
1265	610668	
1265	610669	
1265	610670	
1265	610671	
1265	645388	
1265	875223	
1265	922190	
1265	1359804	
1265	1506312	
1265	1870393	
1265	2989316	
1265	3306673	
1266	1411	
1266	1482	
1266	3665	
1266	3988	
1266	9567	
1266	9585	
1266	9785	
1266	9800	
1266	9806	
1266	9807	
1266	9808	
1266	9860	
1266	9954	
1266	10035	
1266	10044	
1266	10124	
1266	10700	
1266	11509	
1266	11855	
1266	13530	
1266	13781	
1266	15875	
1266	15908	
1266	22964	
1266	28080	
1266	33692	
1266	33693	
1266	36906	
1266	38599	
1266	39788	
1266	47304	
1266	51445	
1266	77235	
1266	77460	
1266	77827	
1266	98318	
1266	135128	
1266	157615	
1266	201908	
1266	201909	
1266	201942	
1266	202026	
1266	202573	
1266	202909	
1266	202910	
1266	208893	
1266	210654	
1266	211896	
1266	212380	
1266	213494	
1266	217878	
1266	246503	
1266	257464	
1266	266928	
1266	267447	
1266	268403	
1266	269411	
1266	269512	
1266	280323	
1266	282803	
1266	288126	
1266	290404	
1266	291031	
1266	292256	
1266	292573	
1266	293402	
1266	293425	
1266	294009	
1266	294037	
1266	294218	
1266	305846	
1266	311248	
1266	311485	
1266	314120	
1266	314130	
1266	315114	
1266	319871	
1266	335177	
1266	335980	
1266	337116	
1266	347659	
1266	348851	
1266	352449	
1266	352838	
1266	352864	
1266	354086	
1266	355537	
1266	359295	
1266	360868	
1266	366477	
1266	368068	
1266	377825	
1266	380168	
1266	380560	
1266	380681	
1266	380720	
1266	380908	
1266	381444	
1266	382719	
1266	382720	
1266	382916	
1266	382984	
1266	383466	
1266	391267	
1266	392070	
1266	393804	
1266	396268	
1266	404222	
1266	406733	
1266	410358	
1266	410907	
1266	413765	
1266	416732	
1266	420072	
1266	420226	
1266	424544	
1266	425541	
1266	437285	
1266	440762	
1266	441305	
1266	441333	
1266	441362	
1266	441388	
1266	441601	
1266	441681	
1266	441742	
1266	442331	
1266	442353	
1266	442474	
1266	442485	
1266	442590	
1266	442709	
1266	443257	
1266	443277	
1266	443295	
1266	452159	
1266	453452	
1266	462685	
1266	464335	
1266	466165	
1266	466167	
1266	471312	
1266	471716	
1266	478375	
1266	484257	
1266	495229	
1266	495879	
1266	506727	
1266	514952	
1266	530026	
1266	532233	
1266	534191	
1266	535111	
1266	541924	
1266	542002	
1266	548641	
1266	548647	
1266	555098	
1266	556571	
1266	557603	
1266	559670	
1266	560058	
1266	560203	
1266	561928	
1266	565904	
1266	574838	
1266	584043	
1266	585163	
1266	585982	
1266	586640	
1266	586647	
1266	586650	
1266	586661	
1266	586679	
1266	588356	
1266	588989	
1266	589046	
1266	589078	
1266	589089	
1266	589159	
1266	590206	
1266	590426	
1266	590858	
1266	591589	
1266	591704	
1266	592267	
1266	592330	
1266	592397	
1266	593359	
1266	593925	
1266	594108	
1266	594549	
1266	596693	
1266	596767	
1266	597397	
1266	598534	
1266	600619	
1266	605749	
1266	611195	
1266	625564	
1266	626846	
1266	650540	
1266	651317	
1266	660088	
1266	663716	
1266	668029	
1266	669093	
1266	684117	
1266	694184	
1266	697152	
1266	701800	
1266	709940	
1266	712507	
1266	735519	
1266	739057	
1266	745605	
1266	780896	
1266	788648	
1266	790511	
1266	814508	
1266	815739	
1266	816036	
1266	817324	
1266	817460	
1266	818713	
1266	819708	
1266	844631	
1266	845268	
1266	861276	
1266	888941	
1266	891806	
1266	905819	
1266	907955	
1266	909806	
1266	910479	
1266	910918	
1266	916541	
1266	917105	
1266	921640	
1266	926326	
1266	934615	
1266	947473	
1266	948075	
1266	949734	
1266	986060	
1266	998941	
1266	1094589	
1266	1112946	
1266	1119498	
1266	1165211	
1266	1165453	
1266	1173425	
1266	1200236	
1266	1211784	
1266	1221424	
1266	1236668	
1266	1301437	
1266	1451437	
1266	1476382	
1266	1509578	
1266	1533822	
1266	1545456	
1266	1711962	
1266	1760172	
1266	1836052	
1266	1851473	
1266	1864893	
1266	1913378	
1266	1918137	
1266	1996468	
1266	2098100	
1266	2223616	
1266	2301630	
1266	2301631	
1266	2311240	
1266	2994651	
1266	3690872	
1267	101708	
1267	115816	
1267	353323	
1267	395670	
1267	542622	
1267	599107	
1267	611047	
1267	612028	
1267	1061468	
1268	101708	
1268	353323	
1268	353338	
1268	395670	
1269	1453	
1269	9765	
1269	124677	
1270	392434	
1270	611047	
1271	441333	
1271	1554534	
1272	270047	
1272	350911	
1272	390846	
1272	427494	
1272	647019	
1275	9766	
1275	13491	
1275	216419	
1275	329414	
1275	540477	
1275	557241	
1275	841205	
1276	274999	
1278	1287	
1278	1292	
1278	1302	
1278	1336	
1278	1576	
1278	2693	
1278	4587	
1278	5040	
1278	16080	
1278	21727	
1278	24770	
1278	25164	
1278	27935	
1278	27936	
1278	34278	
1278	42581	
1278	47537	
1278	48945	
1278	49012	
1278	49296	
1278	50895	
1278	78473	
1278	94333	
1278	116765	
1278	130424	
1278	147672	
1278	151636	
1278	151891	
1278	170505	
1278	183309	
1278	196740	
1278	196797	
1278	197613	
1278	200729	
1278	203468	
1278	203473	
1278	207632	
1278	211275	
1278	212453	
1278	213258	
1278	215128	
1278	215169	
1278	216974	
1278	226450	
1278	245714	
1278	249342	
1278	261759	
1278	271267	
1278	272771	
1278	278268	
1278	278947	
1278	282090	
1278	287424	
1278	289144	
1278	311234	
1278	311323	
1278	327364	
1278	330514	
1278	335051	
1278	344549	
1278	345709	
1278	346168	
1278	349386	
1278	352733	
1278	354785	
1278	354786	
1278	354794	
1278	362292	
1278	366374	
1278	368296	
1278	373000	
1278	392430	
1278	395025	
1278	395711	
1278	400232	
1278	401552	
1278	407027	
1278	408434	
1278	409690	
1278	410792	
1278	412428	
1278	412429	
1278	412430	
1278	412431	
1278	412432	
1278	412433	
1278	412434	
1278	412435	
1278	412436	
1278	412437	
1278	412438	
1278	412439	
1278	412440	
1278	412441	
1278	412442	
1278	412443	
1278	412444	
1278	412445	
1278	412446	
1278	412447	
1278	412448	
1278	412449	
1278	412450	
1278	412451	
1278	412452	
1278	412453	
1278	412454	
1278	412455	
1278	412456	
1278	412457	
1278	412458	
1278	412459	
1278	412460	
1278	412461	
1278	412462	
1278	412463	
1278	412464	
1278	412465	
1278	412466	
1278	412467	
1278	412468	
1278	412469	
1278	412470	
1278	412471	
1278	412472	
1278	412473	
1278	412474	
1278	412475	
1278	412476	
1278	412477	
1278	412478	
1278	412479	
1278	412480	
1278	412481	
1278	412482	
1278	412483	
1278	412484	
1278	412485	
1278	412486	
1278	412487	
1278	412488	
1278	412489	
1278	412490	
1278	412491	
1278	412492	
1278	412493	
1278	412494	
1278	412495	
1278	412496	
1278	412497	
1278	412498	
1278	412499	
1278	412500	
1278	412501	
1278	412502	
1278	412503	
1278	412504	
1278	412505	
1278	412506	
1278	412507	
1278	412508	
1278	412509	
1278	412510	
1278	412511	
1278	412512	
1278	412513	
1278	412514	
1278	412515	
1278	412516	
1278	412517	
1278	412518	
1278	412519	
1278	412520	
1278	412521	
1278	412522	
1278	412523	
1278	412524	
1278	412525	
1278	412526	
1278	412527	
1278	412528	
1278	412529	
1278	412530	
1278	412531	
1278	412532	
1278	412533	
1278	412534	
1278	412535	
1278	412536	
1278	412537	
1278	412538	
1278	412539	
1278	412540	
1278	412541	
1278	412542	
1278	412543	
1278	412544	
1278	412545	
1278	430815	
1278	559119	
1278	564521	
1278	607861	
1278	646784	
1278	673844	
1278	676018	
1278	721300	
1278	902132	
1278	903407	
1278	926769	
1278	940741	
1278	1216353	
1278	1277054	
1278	1278659	
1278	1278671	
1278	1349738	
1278	1350604	
1278	1550951	
1278	1658210	
1278	1712450	
1278	1714513	
1278	1728913	
1278	1729854	
1278	1740547	
1278	1800682	
1278	1812670	
1278	1868871	
1278	1870740	
1278	1907791	
1278	2190468	
1278	2231636	
1278	2231640	
1278	2322562	
1278	2647895	
1278	2704000	
1278	2851022	
1278	3332671	
1278	3359515	
1278	3415609	
1278	3642563	
1278	3751352	
1278	3814282	
1279	213088	
1279	216419	
1280	1342	
1280	1442	
1280	2509	
1280	151689	
1280	194019	
1280	197588	
1280	201793	
1280	208584	
1280	246838	
1280	273973	
1280	320050	
1280	321691	
1280	336270	
1280	353906	
1280	355572	
1280	355584	
1280	355587	
1280	359497	
1280	360637	
1280	365030	
1280	366641	
1280	368045	
1280	410875	
1280	412485	
1280	417149	
1280	422211	
1280	472589	
1280	472681	
1280	487724	
1280	488728	
1280	518903	
1280	529985	
1280	532624	
1280	532662	
1280	532682	
1280	532692	
1280	545108	
1280	550829	
1280	552377	
1280	554764	
1280	554900	
1280	556578	
1280	558662	
1280	562956	
1280	576012	
1280	599035	
1280	604226	
1280	610332	
1280	610400	
1280	610416	
1280	610419	
1280	610425	
1280	610428	
1280	610449	
1280	610470	
1280	610576	
1280	610589	
1280	610650	
1280	610652	
1280	610725	
1280	610760	
1280	610776	
1280	610778	
1280	610779	
1280	610813	
1280	623013	
1280	661456	
1280	662603	
1280	671757	
1280	701287	
1280	705639	
1280	731352	
1280	741815	
1280	749707	
1280	813730	
1280	835497	
1280	839544	
1280	853475	
1280	885085	
1280	900976	
1280	915036	
1280	936916	
1280	970891	
1280	972820	
1280	1038051	
1280	1039363	
1280	1039492	
1280	1039504	
1280	1039637	
1280	1131246	
1280	1164620	
1280	1191750	
1280	1192755	
1280	1196469	
1280	1196646	
1280	1198115	
1280	1205851	
1280	1220731	
1280	1222607	
1280	1231208	
1280	1240475	
1280	1249934	
1280	1264316	
1280	1345142	
1280	1347956	
1280	1348147	
1280	1454945	
1280	1455431	
1280	1455486	
1280	1455489	
1280	1455490	
1280	1455491	
1280	1455492	
1280	1455493	
1280	1455494	
1280	1455495	
1280	1455496	
1280	1455497	
1280	1455500	
1280	1455502	
1280	1455503	
1280	1455505	
1280	1455506	
1280	1455511	
1280	1455514	
1280	1540435	
1280	1619720	
1280	1685216	
1280	1685715	
1280	1687085	
1280	1708821	
1280	1721192	
1280	1819912	
1280	1981969	
1280	2012685	
1280	2069660	
1280	2354446	
1280	2354447	
1280	2354448	
1280	2354449	
1280	2487608	
1280	2851152	
1280	3060687	
1280	3412021	
1282	252721	
1282	252722	
1283	552153	
1284	1470	
1287	465537	
1287	472716	
1288	9765	
1288	384367	
1289	607910	
1290	1470	
1291	203652	
1291	216419	
1291	282127	
1291	371751	
1292	13491	
1292	16082	
1292	279388	
1292	353323	
1292	378670	
1292	611047	
1292	705102	
1293	1342	
1293	7832	
1293	9765	
1293	9999	
1293	216419	
1293	270667	
1293	322231	
1293	358126	
1293	392651	
1293	412493	
1293	418577	
1293	599614	
1293	623204	
1293	1222256	
1294	9766	
1294	479093	
1294	1620614	
1295	81224	
1295	542010	
1296	9935	
1296	384041	
1296	392468	
1296	392651	
1296	472815	
1296	560164	
1296	598840	
1296	599530	
1296	599543	
1296	599734	
1296	622963	
1298	255517	
1298	637226	
1298	731633	
1300	9766	
1300	690084	
1300	1554534	
1302	9766	
1302	115816	
1302	270101	
1302	329408	
1302	392434	
1302	392445	
1302	392472	
1302	392493	
1302	473129	
1302	609875	
1302	611020	
1302	611038	
1302	611047	
1302	611517	
1302	1113798	
1304	124677	
1304	609220	
1307	9856	
1307	201900	
1307	394564	
1307	1554534	
1308	9856	
1310	9891	
1310	210105	
1310	374917	
1310	553789	
1310	598799	
1311	9801	
1311	282127	
1311	390846	
1311	946544	
1312	355616	
1312	617506	
1313	318581	
1313	383246	
1313	392445	
1313	394812	
1313	408113	
1313	423270	
1313	472716	
1313	604518	
1313	611517	
1313	611544	
1313	719937	
1313	734110	
1314	1405	
1314	41114	
1314	270047	
1314	326466	
1314	368603	
1314	371751	
1314	371753	
1314	371781	
1314	392383	
1314	392870	
1314	414049	
1314	463712	
1314	541974	
1314	557938	
1314	557985	
1314	557988	
1314	617796	
1314	1194068	
1315	9765	
1315	9766	
1315	9999	
1315	1554534	
1316	287982	
1316	313475	
1316	934538	
1317	7832	
1318	1557	
1318	5636	
1318	7094	
1318	7408	
1318	11159	
1318	11714	
1318	11872	
1318	13833	
1318	16030	
1318	16469	
1318	16473	
1318	16502	
1318	16558	
1318	16862	
1318	17219	
1318	17230	
1318	18619	
1318	18634	
1318	20198	
1318	21614	
1318	21892	
1318	23625	
1318	25312	
1318	27768	
1318	27772	
1318	27778	
1318	27782	
1318	31151	
1318	33947	
1318	34021	
1318	39491	
1318	39515	
1318	39838	
1318	41357	
1318	42721	
1318	46400	
1318	47593	
1318	48945	
1318	49431	
1318	49658	
1318	50346	
1318	50843	
1318	54361	
1318	55173	
1318	55174	
1318	55212	
1318	55297	
1318	58062	
1318	60062	
1318	63832	
1318	63858	
1318	63866	
1318	65421	
1318	66648	
1318	70909	
1318	74010	
1318	84380	
1318	85078	
1318	88039	
1318	96761	
1318	101610	
1318	106708	
1318	108501	
1318	109045	
1318	151632	
1318	170480	
1318	176766	
1318	182371	
1318	207654	
1318	208354	
1318	210109	
1318	210399	
1318	210425	
1318	216189	
1318	216789	
1318	222534	
1318	232015	
1318	232016	
1318	232395	
1318	240214	
1318	245067	
1318	261527	
1318	261529	
1318	261549	
1318	261554	
1318	261562	
1318	261589	
1318	263168	
1318	263169	
1318	265804	
1318	265833	
1318	266607	
1318	271303	
1318	271354	
1318	271355	
1318	271356	
1318	276159	
1318	276175	
1318	276183	
1318	277315	
1318	278235	
1318	279976	
1318	280102	
1318	280292	
1318	281716	
1318	281717	
1318	281718	
1318	283741	
