413982	1061372	
415488	1061372	
431635	1061372	
534922	1061372	
603353	1061372	
603364	1061372	
605450	1061372	
643118	1061372	
643136	1061372	
723573	1061372	
733341	1061372	
743340	1061372	
878155	1061372	
897387	1061372	
978747	1061372	
1014097	1061372	
1021553	1061372	
1022060	1061372	
1029537	1061372	
1060281	1061372	
1061328	1061372	
1061371	1061372	
1061372	1061377	
1061372	1075402	
1061372	1121347	
1061372	1141646	
1061372	1146016	
1061372	1148488	
1061372	1213220	
1061372	1213221	
1061372	1213222	
1061372	1213223	
1061372	1213225	
1061372	1213227	
1061372	1213228	
1061372	1213229	
1061372	1213234	
1061372	1213242	
1061372	1213243	
1061372	1213244	
1061372	1213245	
1061372	1213246	
1061372	1213247	
1061372	1213248	
1061372	1213250	
1061372	1213251	
1061372	1213252	
1061372	1213253	
1061372	1213258	
1061372	1213259	
1061372	1213265	
1061372	1266814	
1061372	1266819	
1061372	1266821	
1061372	1266823	
1061372	1419023	
1061372	1536300	
1061372	1590352	
1061372	1590439	
1061372	1590440	
1061372	1590442	
1061372	1590479	
1061372	1590572	
1061372	1590573	
1061372	1590574	
1061372	1590575	
1061372	1590576	
1061372	1590577	
1061372	1590578	
1061372	1590579	
1061372	1590580	
1061372	1590581	
1061372	1590582	
1061372	1590583	
1061372	1590584	
1061372	2047664	
2913	723573	
4129	1213246	
4129	1213265	
6671	1213247	
10225	1590575	
10248	978747	
10252	978747	
12470	1060281	
16617	605450	
23205	1590573	
31006	1021553	
31007	1021553	
34123	605450	
35712	1061371	
35863	733341	
35865	733341	
35892	1146016	
35949	1121347	
36000	733341	
36084	1061371	
36818	643136	
36989	1061371	
40996	723573	
47444	897387	
49571	1014097	
76334	897387	
76506	1014097	
85156	1213243	
88042	1121347	
90642	1590581	
91819	1590352	
91826	1021553	
101711	1146016	
114642	605450	
114646	897387	
114700	605450	
114810	605450	
114822	605450	
114882	605450	
114900	605450	
114931	605450	
115018	605450	
115992	605450	
116062	605450	
116063	605450	
116087	605450	
116125	605450	
116146	605450	
116324	1213246	
116324	1213265	
116736	605450	
152243	897387	
178322	1213242	
201419	605450	
206780	643118	
206780	1213244	
210521	415488	
210524	415488	
211382	534922	
211467	534922	
212079	605450	
212094	605450	
212701	605450	
215541	897387	
217136	897387	
218232	1213222	
218232	1590573	
245917	1121347	
266394	897387	
270364	897387	
270443	534922	
271068	534922	
271673	1029537	
271742	1029537	
271742	1590352	
272203	897387	
273453	605450	
273745	534922	
273745	603353	
273745	1060281	
273745	1213234	
273745	1213246	
273745	1213265	
275360	605450	
275781	743340	
276453	1029537	
283860	897387	
285106	1213251	
285141	1061371	
285141	1061377	
287682	1121347	
287734	1014097	
288497	1121347	
288499	1022060	
288542	1061371	
294070	605450	
299890	1022060	
299927	1061328	
309895	1213244	
310374	733341	
314024	1014097	
315448	1146016	
315455	1061371	
318453	733341	
319779	733341	
321433	1061371	
321433	1590574	
321440	1590574	
321448	1590574	
328679	1014097	
331084	1213222	
335268	534922	
339099	605450	
339103	605450	
339103	897387	
341265	1061328	
342677	603353	
342677	1590352	
342694	643118	
345363	1022060	
345375	534922	
346933	1121347	
349381	1022060	
354612	897387	
355533	605450	
355816	1014097	
355816	1148488	
356750	1590573	
358058	605450	
363817	723573	
368074	605450	
371315	643118	
377360	1141646	
379648	878155	
381630	1075402	
402878	603353	
403919	1022060	
403928	603364	
403951	1021553	
403959	603364	
403960	603364	
403961	603364	
403963	603364	
403964	603364	
403965	603364	
403973	978747	
403973	1021553	
403990	603364	
403995	603364	
404004	1029537	
404017	1022060	
404293	534922	
404293	1060281	
404436	605450	
404486	605450	
405527	605450	
405555	605450	
405670	1213243	
405750	1213243	
405753	1213243	
405753	1590352	
405757	1061371	
405764	1146016	
405801	1060281	
406072	605450	
406075	605450	
406083	605450	
406091	605450	
406094	605450	
406463	1590442	
406632	1590352	
407212	413982	
407944	534922	
408052	897387	
408389	1213259	
413982	503578	
413982	534922	
413982	561459	
413982	603353	
413982	643136	
413982	733341	
413982	897387	
413982	978747	
413982	1022060	
413982	1060281	
413982	1121347	
413982	1213220	
413982	1213228	
413982	1213230	
413982	1213234	
413982	1213242	
413982	1213243	
413982	1213244	
413982	1213245	
413982	1213246	
413982	1213247	
413982	1213248	
413982	1213251	
413982	1213252	
413982	1213253	
413982	1213258	
413982	1213259	
413982	1514658	
413982	1536300	
413982	1590442	
413982	1590475	
413982	1590794	
413982	1637645	
413982	2146362	
415488	480635	
415488	545410	
415488	605450	
415488	643114	
415488	677077	
415488	723573	
415488	743840	
415488	781223	
415488	781557	
415488	781558	
415488	782509	
415488	782515	
415488	782519	
415488	783115	
415488	783120	
415488	783133	
415488	783167	
415488	886060	
415488	886074	
415488	895778	
415488	978747	
415488	1021575	
415488	1034779	
415488	1060281	
415488	1074758	
415488	1074891	
415488	1075402	
415488	1121347	
415488	1141646	
415488	1205683	
415488	1213220	
415488	1213221	
415488	1213225	
415488	1213226	
415488	1213227	
415488	1213228	
415488	1213229	
415488	1213233	
415488	1213235	
415488	1213242	
415488	1213245	
415488	1213247	
415488	1213248	
415488	1213250	
415488	1213255	
415488	1266816	
415488	1266819	
415488	1266821	
415488	1266823	
415488	1387503	
415488	1458265	
415488	1458267	
415488	1586435	
415488	1590439	
415488	1590440	
415488	1590574	
415488	1590598	
415488	1590654	
415488	1590681	
415488	1590682	
415488	1590794	
415488	1590825	
415488	1693097	
415488	1753513	
415488	2157878	
415488	2572394	
415488	2589562	
415488	2589563	
415488	2613868	
415488	3211722	
416342	1121347	
418561	605450	
419073	1213220	
419075	1213220	
419079	1213220	
419221	1213220	
420071	897387	
427178	534922	
427192	605450	
429122	1213222	
429122	1213242	
429122	1213247	
429122	1213248	
429230	605450	
429378	1213259	
429378	1536300	
430032	431635	
431631	1213243	
431635	603353	
431635	603364	
431635	897387	
431635	978747	
431635	1021553	
431635	1022060	
431635	1060281	
431635	1061371	
431635	1121347	
431635	1158013	
431635	1213220	
431635	1213221	
431635	1213222	
431635	1213225	
431635	1213227	
431635	1213228	
431635	1213230	
431635	1213242	
431635	1213245	
431635	1213246	
431635	1213248	
431635	1213250	
431635	1213252	
431635	1213259	
431635	1213265	
431635	1266812	
431635	1266813	
431635	1266815	
431635	1266816	
431635	1266818	
431635	1536300	
431635	1589485	
431635	1590433	
431635	1590710	
431635	1590816	
431635	1590817	
431635	1590818	
431635	1590819	
431635	1590820	
431637	1213243	
431639	1213243	
431640	1213243	
431919	1213225	
431919	1213243	
432004	1022060	
434482	1061328	
437094	534922	
437140	1029537	
437164	1029537	
437804	1213242	
450032	1146016	
450744	1213242	
450744	1213247	
455093	605450	
458925	1121347	
459985	1014097	
464104	897387	
464243	1022060	
470296	897387	
471561	897387	
480638	1014097	
484706	534922	
486427	603353	
494992	1029537	
498184	2047664	
501907	1029537	
503611	605450	
510231	1014097	
522809	1213244	
524007	605450	
524332	1213242	
527717	1213225	
531108	723573	
532892	1213243	
533949	534922	
534482	603353	
534482	603364	
534922	534923	
534922	534924	
534922	534925	
534922	556578	
534922	603353	
534922	605450	
534922	925818	
534922	944098	
534922	950248	
534922	960023	
534922	978747	
534922	1060281	
534922	1074758	
534922	1075402	
534922	1121347	
534922	1156676	
534922	1188374	
534922	1188375	
534922	1188376	
534922	1213218	
534922	1213219	
534922	1213220	
534922	1213221	
534922	1213222	
534922	1213223	
534922	1213224	
534922	1213225	
534922	1213226	
534922	1213227	
534922	1213228	
534922	1213229	
534922	1213230	
534922	1213231	
534922	1213232	
534922	1213233	
534922	1213234	
534922	1213235	
534922	1213236	
534922	1213237	
534922	1213238	
534922	1213239	
534922	1213240	
534922	1213241	
534922	1213242	
534922	1213243	
534922	1213244	
534922	1213245	
534922	1213246	
534922	1213247	
534922	1213248	
534922	1213249	
534922	1213250	
534922	1213251	
534922	1213252	
534922	1213253	
534922	1213254	
534922	1213255	
534922	1213256	
534922	1213257	
534922	1213258	
534922	1213259	
534922	1213260	
534922	1213261	
534922	1213262	
534922	1213263	
534922	1213264	
534922	1213265	
534922	1213266	
534922	1271677	
534922	1514659	
534922	1536300	
534922	1590654	
534922	1590777	
534922	1590805	
534922	3084159	
534922	3255641	
534923	1213222	
537949	1146016	
538323	1029537	
542185	1213225	
546182	605450	
551528	1061328	
551538	1121347	
551641	1141646	
556563	723573	
560661	743340	
561926	1213229	
562265	1121347	
562269	1121347	
562596	1213221	
568671	1141646	
569723	603353	
570976	978747	
573026	723573	
573058	723573	
573260	1213221	
588271	1141646	
597988	1590575	
603082	605450	
603353	603364	
603353	605450	
603353	643118	
603353	643125	
603353	643136	
603353	643151	
603353	661907	
603353	664149	
603353	688489	
603353	723573	
603353	733341	
603353	845070	
603353	978747	
603353	1021553	
603353	1049750	
603353	1060281	
603353	1061097	
603353	1074758	
603353	1075402	
603353	1121347	
603353	1213218	
603353	1213219	
603353	1213220	
603353	1213221	
603353	1213222	
603353	1213223	
603353	1213225	
603353	1213227	
603353	1213228	
603353	1213229	
603353	1213230	
603353	1213232	
603353	1213233	
603353	1213234	
603353	1213235	
603353	1213242	
603353	1213243	
603353	1213244	
603353	1213245	
603353	1213246	
603353	1213247	
603353	1213248	
603353	1213250	
603353	1213251	
603353	1213252	
603353	1213253	
603353	1213255	
603353	1213258	
603353	1213259	
603353	1213265	
603353	1266567	
603353	1266814	
603353	1266815	
603353	1266818	
603353	1266819	
603353	1266821	
603353	1271677	
603353	1341575	
603353	1418392	
603353	1419023	
603353	1514658	
603353	1536300	
603353	1559901	
603353	1590352	
603353	1590433	
603353	1590440	
603353	1590442	
603353	1590448	
603353	1590574	
603353	1590576	
603353	1590578	
603353	1590579	
603353	1590598	
603353	1590636	
603353	1590653	
603353	1590654	
603353	1590675	
603353	1590682	
603353	1590782	
603353	1590822	
603353	1590824	
603353	1591068	
603353	1604229	
603353	1613822	
603353	1633752	
603353	1807090	
603353	1807091	
603353	1807092	
603353	2453838	
603364	605450	
603364	643118	
603364	716566	
603364	718294	
603364	718338	
603364	861938	
603364	978747	
603364	1014650	
603364	1021553	
603364	1022060	
603364	1029537	
603364	1044526	
603364	1063258	
603364	1075402	
603364	1107804	
603364	1107811	
603364	1121347	
603364	1205824	
603364	1213220	
603364	1213221	
603364	1213222	
603364	1213228	
603364	1213230	
603364	1213242	
603364	1213246	
603364	1213248	
603364	1213250	
603364	1213252	
603364	1213258	
603364	1213259	
603364	1213265	
603364	1243700	
603364	1262646	
603364	1266812	
603364	1266813	
603364	1266815	
603364	1266816	
603364	1266818	
603364	1266819	
603364	1266821	
603364	1266823	
603364	1381105	
603364	1416483	
603364	1590341	
603364	1590346	
603364	1590433	
603364	1590434	
603364	1590435	
603364	1590436	
603364	1590437	
603364	1590438	
603364	1590439	
603364	1590440	
603364	1590441	
603364	1590442	
603364	1590443	
603364	1590444	
603364	1590445	
603364	3020211	
603364	3020214	
605330	605450	
605450	605713	
605450	605792	
605450	607288	
605450	607406	
605450	608290	
605450	608296	
605450	608305	
605450	608311	
605450	608335	
605450	608371	
605450	610894	
605450	611213	
605450	612785	
605450	650191	
605450	656040	
605450	663822	
605450	718171	
605450	718782	
605450	718783	
605450	718786	
605450	723308	
605450	723573	
605450	762896	
605450	762913	
605450	838302	
605450	860900	
605450	887453	
605450	889167	
605450	891175	
605450	891183	
605450	891192	
605450	891414	
605450	892983	
605450	893246	
605450	893263	
605450	893294	
605450	894345	
605450	894476	
605450	894554	
605450	894995	
605450	895009	
605450	897387	
605450	898494	
605450	898775	
605450	899906	
605450	899935	
605450	926521	
605450	978747	
605450	1040883	
605450	1042042	
605450	1060281	
605450	1061219	
605450	1075402	
605450	1094505	
605450	1213220	
605450	1213221	
605450	1213222	
605450	1213227	
605450	1213234	
605450	1213244	
605450	1213245	
605450	1213246	
605450	1213247	
605450	1213250	
605450	1213252	
605450	1213253	
605450	1213255	
605450	1213258	
605450	1213259	
605450	1213264	
605450	1213265	
605450	1266820	
605450	1271677	
605450	1454093	
605450	1514658	
605450	1514659	
605450	1536300	
605450	1536301	
605450	1747512	
605713	897387	
606920	897387	
607170	897387	
607442	897387	
614042	1590581	
629229	1022060	
629229	1029537	
629229	1213223	
629233	1022060	
636680	1021553	
639451	1590581	
641929	643118	
641929	643136	
641974	643118	
641982	643118	
643118	643128	
643118	643136	
643118	648936	
643118	648943	
643118	648946	
643118	648947	
643118	648951	
643118	651798	
643118	654052	
643118	695366	
643118	889143	
643118	978747	
643118	1029537	
643118	1075402	
643118	1141646	
643118	1213220	
643118	1213221	
643118	1213222	
643118	1213242	
643118	1213248	
643118	1230237	
643118	1233991	
643118	1266812	
643118	1266818	
643118	1324491	
643118	1324507	
643118	1360988	
643118	1456008	
643118	1568587	
643118	1590440	
643118	1590442	
643118	1590681	
643118	1590725	
643118	1590844	
643118	1595383	
643118	1604229	
643118	1640542	
643118	1749020	
643118	1783520	
643118	1783522	
643118	1783524	
643118	1783525	
643118	1783526	
643118	1783527	
643118	1783528	
643118	1783529	
643118	2078326	
643124	643136	
643125	733341	
643125	1213223	
643128	643136	
643128	1266823	
643136	643154	
643136	643160	
643136	930791	
643136	950296	
643136	1075266	
643136	1213225	
643136	1213234	
643136	1213243	
643136	1213245	
643136	1213246	
643136	1213248	
643136	1213251	
643136	1213252	
643136	1213259	
643136	1213265	
643136	1233991	
643136	1245013	
643136	1266814	
643136	1266823	
643136	1271677	
643136	1413930	
643136	1413937	
643136	1456008	
643136	1590341	
643136	1590725	
643136	1590831	
643136	1590844	
643136	1604229	
643136	2040196	
643136	2145876	
643136	2146360	
643137	1213225	
643151	1121347	
643151	1213225	
643790	1014097	
644165	897387	
647259	1590577	
648514	1121347	
650168	1121347	
650191	897387	
651798	1213220	
651798	1213222	
654051	1213228	
654335	878155	
657337	723573	
659057	897387	
659058	733341	
659058	1141646	
659058	1213234	
659058	1590442	
660542	1213247	
661907	733341	
661907	1590352	
662325	1590575	
662339	1213234	
662771	1213246	
662771	1213265	
662794	1075402	
663345	733341	
664771	897387	
669135	1213242	
675059	1061328	
676726	1213242	
676900	1213250	
676903	1213250	
682943	1029537	
688489	897387	
688489	1029537	
688489	1213228	
688489	1213234	
688489	1213242	
688489	1213244	
688489	1213245	
688489	1213258	
688489	1213259	
688489	1419023	
688489	1536300	
692193	1014097	
692287	1590352	
692288	1590352	
701355	1014097	
707095	1029537	
707833	1590352	
716174	1121347	
716197	1213247	
716560	1146016	
716563	1213251	
716581	1022060	
718353	1121347	
718441	1213225	
718485	1266819	
718527	1213244	
718532	1021553	
718682	1590583	
718782	897387	
718786	897387	
723094	897387	
723308	897387	
723371	1061371	
723427	1075402	
723569	1213228	
723573	978747	
723573	1060281	
723573	1213235	
723573	1213242	
723573	1213253	
723573	1213258	
723573	1591435	
723573	2146095	
723573	2719602	
723573	3029013	
723573	3147102	
732434	1590572	
733317	733341	
733321	733341	
733322	733341	
733340	733341	
733341	733351	
733341	743082	
733341	744091	
733341	955281	
733341	967764	
733341	978747	
733341	1049750	
733341	1074806	
733341	1074813	
733341	1075266	
733341	1157385	
733341	1213227	
733341	1213234	
733341	1213246	
733341	1213256	
733341	1213265	
733341	1590782	
733341	1613822	
733341	2109122	
733341	2145988	
733341	2518076	
733341	2518077	
733341	2518078	
733341	2518079	
737494	1022060	
737522	1061328	
739196	1536300	
743082	978747	
743170	1419023	
743338	743340	
743338	897387	
743338	1213244	
743338	1213246	
743338	1213265	
743339	743340	
743339	897387	
743339	1213244	
743339	1213246	
743339	1213265	
743340	978747	
743340	1213244	
743340	1213246	
743340	1213265	
743340	1419023	
743340	1514658	
743340	1747862	
743340	3468317	
743343	1213225	
743752	1029537	
744215	1213247	
744602	1213221	
753173	1213228	
753173	1213242	
760585	1213221	
762804	1213250	
762805	1213250	
762806	1213250	
762811	1213250	
762918	897387	
778471	1061328	
778471	1061371	
780947	1061328	
787387	1029537	
787407	1014097	
787407	1148488	
789552	1590575	
791007	2047664	
792977	1213222	
807885	1590352	
809494	1590352	
823550	1014097	
834100	1061328	
834100	1061371	
834100	1061377	
834100	1590581	
835691	1213234	
839542	1121347	
867424	1590577	
872118	897387	
878155	1590580	
878155	2215373	
878155	2535288	
878155	2993154	
878155	3938111	
879975	897387	
881831	1213223	
884438	1014097	
886058	1021553	
886074	1121347	
889143	1022060	
889143	1029537	
894215	1590582	
897387	898916	
897387	904040	
897387	904048	
897387	935110	
897387	978747	
897387	1023450	
897387	1040817	
897387	1071911	
897387	1074760	
897387	1074765	
897387	1074773	
897387	1082528	
897387	1156676	
897387	1206092	
897387	1213218	
897387	1213220	
897387	1213221	
897387	1213223	
897387	1213227	
897387	1213228	
897387	1213234	
897387	1213235	
897387	1213243	
897387	1213245	
897387	1213246	
897387	1213248	
897387	1213251	
897387	1213253	
897387	1213255	
897387	1213258	
897387	1213259	
897387	1213260	
897387	1213265	
897387	1266820	
897387	1271677	
897387	1299920	
897387	1404230	
897387	1419023	
897387	1455506	
897387	1514310	
897387	1514659	
897387	1514661	
897387	1536300	
897387	1590576	
897387	1590598	
897387	1590805	
897387	1707198	
897387	1731161	
897387	1799032	
897387	1947983	
897387	2017184	
897387	2082535	
897387	2109043	
897387	2109118	
897387	2109119	
897387	2109120	
897387	2109121	
897387	2109122	
897387	2109123	
897387	2109124	
897387	2109125	
897387	2109126	
897387	2109127	
911093	1014097	
911093	1148488	
911346	1590582	
913963	1213259	
914368	1022060	
914368	1590574	
915037	1213246	
915037	1213265	
919522	1021553	
925818	1213242	
925818	1213247	
926521	1213258	
930785	1213243	
930799	1213228	
941469	1022060	
948224	1213244	
951183	1213250	
954928	1213247	
955388	1213221	
955420	1021553	
955531	978747	
955540	1213251	
964850	1213242	
967814	1121347	
973780	1213220	
978747	1003581	
978747	1021553	
978747	1060281	
978747	1061097	
978747	1074138	
978747	1075266	
978747	1075402	
978747	1156832	
978747	1213219	
978747	1213220	
978747	1213221	
978747	1213222	
978747	1213224	
978747	1213225	
978747	1213226	
978747	1213227	
978747	1213228	
978747	1213229	
978747	1213231	
978747	1213234	
978747	1213242	
978747	1213244	
978747	1213245	
978747	1213246	
978747	1213247	
978747	1213248	
978747	1213249	
978747	1213250	
978747	1213251	
978747	1213252	
978747	1213253	
978747	1213255	
978747	1213258	
978747	1213259	
978747	1213260	
978747	1213265	
978747	1223219	
978747	1258773	
978747	1266567	
978747	1266814	
978747	1266818	
978747	1266819	
978747	1266821	
978747	1266823	
978747	1272327	
978747	1414695	
978747	1419023	
978747	1514659	
978747	1536300	
978747	1590350	
978747	1590352	
978747	1590433	
978747	1590439	
978747	1590440	
978747	1590442	
978747	1590476	
978747	1590478	
978747	1590479	
978747	1590574	
978747	1590576	
978747	1590578	
978747	1590579	
978747	1590598	
978747	1590636	
978747	1590654	
978747	1590682	
978747	1590715	
978747	1590805	
978747	1590818	
978747	1590824	
978747	1590845	
978747	1604229	
978747	1644144	
978747	1746285	
978747	1806511	
978747	1828738	
978747	1834415	
978747	1834416	
978747	2034098	
978747	2047664	
978747	2146354	
978747	2175243	
978747	2206604	
978747	2206605	
978747	2206608	
978747	2291442	
978747	2292933	
978747	2345367	
978747	2518077	
978747	2583695	
978747	2589166	
978747	2589168	
978747	2897471	
978747	2897472	
978747	2897473	
978747	2897474	
978747	2897475	
985619	1213259	
985622	1075402	
986994	1213250	
987674	1213242	
988039	1590574	
988044	1590574	
1003676	1213251	
1004496	1022060	
1004502	1213251	
1007768	1213253	
1008998	1014097	
1010092	1213246	
1010092	1213265	
1012461	1213242	
1012473	1213242	
1014097	1014098	
1014097	1014100	
1014097	1048757	
1014097	1098302	
1014097	1134796	
1014097	1148488	
1014097	1504207	
1014097	1569814	
1014097	1708757	
1014097	1708759	
1014097	1951084	
1014097	1951092	
1014097	1951093	
1014097	1974927	
1014097	2087989	
1014097	2203099	
1014097	2211408	
1014097	2440258	
1014097	2662018	
1014097	2718553	
1014097	2996439	
1014097	3338803	
1014097	3338804	
1014097	3338805	
1014098	1148488	
1019035	1075402	
1021090	1021553	
1021552	1021553	
1021553	1021554	
1021553	1021555	
1021553	1021559	
1021553	1021561	
1021553	1021563	
1021553	1060281	
1021553	1075402	
1021553	1121347	
1021553	1139279	
1021553	1213220	
1021553	1213222	
1021553	1213228	
1021553	1213245	
1021553	1213246	
1021553	1213248	
1021553	1213265	
1021553	1266815	
1021553	1266816	
1021553	1266818	
1021553	1266821	
1021553	1266823	
1021553	1302912	
1021553	1321332	
1021553	1321346	
1021553	1321350	
1021553	1321353	
1021553	1526476	
1021553	1557012	
1021553	1590352	
1021553	1590440	
1021553	1590682	
1021553	1590845	
1021553	1640054	
1021553	1640130	
1021553	1640133	
1021553	1640418	
1021553	1640422	
1021553	1640427	
1021553	1853505	
1021553	2342694	
1021553	3255664	
1021573	1022060	
1021574	1022060	
1021594	1213220	
1022060	1029537	
1022060	1061097	
1022060	1061307	
1022060	1063646	
1022060	1063655	
1022060	1097780	
1022060	1121347	
1022060	1157050	
1022060	1157453	
1022060	1209315	
1022060	1213219	
1022060	1213221	
1022060	1213222	
1022060	1213223	
1022060	1213225	
1022060	1213227	
1022060	1213228	
1022060	1213230	
1022060	1213232	
1022060	1213243	
1022060	1213256	
1022060	1213259	
1022060	1266812	
1022060	1266813	
1022060	1266816	
1022060	1268134	
1022060	1271677	
1022060	1362856	
1022060	1390256	
1022060	1419023	
1022060	1536300	
1022060	1539011	
1022060	1590341	
1022060	1590342	
1022060	1590345	
1022060	1590346	
1022060	1590574	
1022060	1590575	
1022060	1590598	
1022060	1590637	
1022060	1590674	
1022060	1590675	
1022060	1590702	
1022060	1590705	
1022060	1590707	
1022060	1590709	
1022060	1590710	
1022060	1590711	
1022060	1590784	
1022060	1590785	
1022060	1590786	
1022060	1590787	
1022060	1590788	
1022060	1590789	
1022060	1590790	
1022060	1590791	
1022060	1590792	
1022060	1590793	
1022060	1590794	
1022060	1590795	
1022060	1590796	
1022060	1590797	
1022060	1590798	
1022060	1590799	
1022060	1590800	
1022060	1590801	
1022060	1590802	
1022060	1590803	
1022060	1590804	
1022060	1590805	
1022060	1590806	
1022060	1590807	
1022060	1590808	
1022060	1590809	
1022060	1590810	
1022060	1590811	
1022060	1590812	
1022060	1590813	
1022060	1590814	
1022060	1590815	
1022379	1590440	
1022380	1590440	
1022531	1213247	
1023182	1213225	
1023313	1590440	
1029537	1061307	
1029537	1074666	
1029537	1092556	
1029537	1092558	
1029537	1092565	
1029537	1092568	
1029537	1161389	
1029537	1213222	
1029537	1362855	
1029537	1362856	
1029537	1418934	
1029537	1569744	
1029537	1590257	
1029537	1590335	
1029537	1590336	
1029537	1590337	
1029537	1590338	
1029537	1590339	
1029537	1590340	
1029537	1590341	
1029537	1590342	
1029537	1590343	
1029537	1590344	
1029537	1590345	
1029537	1590346	
1029537	1590347	
1029537	1590348	
1029537	1590349	
1029537	1590350	
1029537	1590351	
1029537	1590352	
1029537	1590353	
1029537	1590354	
1029537	1590355	
1029537	1590356	
1029537	1590357	
1029537	1590358	
1029537	1590359	
1029537	1590360	
1029537	1590361	
1029537	1590362	
1029537	1590363	
1029537	1590364	
1029537	1590365	
1029537	1590366	
1029537	1590367	
1029537	1590710	
1039448	1213243	
1039450	1213243	
1046583	1061371	
1048757	1148488	
1049750	1213223	
1051942	1213229	
1060273	1060281	
1060281	1060284	
1060281	1074758	
1060281	1075402	
1060281	1121347	
1060281	1213218	
1060281	1213219	
1060281	1213220	
1060281	1213221	
1060281	1213222	
1060281	1213225	
1060281	1213227	
1060281	1213228	
1060281	1213230	
1060281	1213231	
1060281	1213232	
1060281	1213233	
1060281	1213234	
1060281	1213235	
1060281	1213242	
1060281	1213243	
1060281	1213244	
1060281	1213245	
1060281	1213246	
1060281	1213247	
1060281	1213248	
1060281	1213251	
1060281	1213252	
1060281	1213253	
1060281	1213257	
1060281	1213258	
1060281	1213261	
1060281	1213263	
1060281	1213265	
1060281	1213266	
1060281	1266814	
1060281	1266815	
1060281	1266816	
1060281	1266819	
1060281	1266821	
1060281	1387503	
1060281	1413930	
1060281	1419023	
1060281	1514658	
1060281	1590344	
1060281	1590365	
1060281	1590439	
1060281	1590574	
1060281	1590654	
1060281	1590682	
1060281	1590777	
1060281	1590790	
1060281	1590794	
1060281	1590805	
1060281	1590817	
1060281	1590822	
1060281	1590824	
1060281	1590825	
1060281	2546007	
1060281	2692449	
1060281	3255641	
1060281	3255642	
1060281	3255643	
1060592	2047664	
1060807	2047664	
1060808	2047664	
1060829	2047664	
1060857	2047664	
1060952	1061328	
1061097	1213220	
1061097	1213222	
1061097	1213242	
1061097	1213248	
1061097	1213250	
1061097	1213259	
1061097	1590442	
1061118	1061328	
1061166	1075402	
1061307	1213222	
1061328	1061370	
1061328	1061371	
1061328	1061373	
1061328	1061374	
1061328	1061375	
1061328	1061376	
1061328	1061377	
1061328	1061378	
1061328	1061379	
1061328	1640593	
1061328	3856429	
1061371	1061377	
1061371	1061379	
1061371	1137928	
1061371	1156496	
1061371	1244960	
1061371	1332003	
1061371	1559219	
1061371	1590581	
1061371	1590583	
1061371	1643248	
1061371	1644979	
1061371	1644981	
1061371	1808063	
1061371	2036758	
1061371	2194577	
1061371	2350160	
1061377	1061378	
1061377	1137928	
1061377	1590581	
1063487	1590439	
1074667	1213228	
1074758	1075402	
1074758	1121347	
1074758	1213222	
1074758	1213225	
1074758	1213227	
1074758	1213228	
1074758	1213229	
1074758	1213234	
1074758	1213242	
1074758	1213245	
1074758	1213247	
1074758	1213251	
1074758	1213253	
1074919	1419023	
1074919	1590479	
1075266	1213251	
1075266	1419023	
1075266	1590479	
1075266	1590576	
1075395	1075402	
1075402	1107031	
1075402	1107032	
1075402	1121347	
1075402	1141646	
1075402	1156676	
1075402	1213219	
1075402	1213220	
1075402	1213221	
1075402	1213222	
1075402	1213225	
1075402	1213226	
1075402	1213227	
1075402	1213228	
1075402	1213229	
1075402	1213230	
1075402	1213231	
1075402	1213232	
1075402	1213233	
1075402	1213234	
1075402	1213235	
1075402	1213242	
1075402	1213245	
1075402	1213246	
1075402	1213247	
1075402	1213248	
1075402	1213250	
1075402	1213251	
1075402	1213252	
1075402	1213253	
1075402	1213254	
1075402	1213258	
1075402	1213265	
1075402	1266814	
1075402	1266816	
1075402	1266819	
1075402	1266821	
1075402	1266823	
1075402	1387503	
1075402	1419023	
1075402	1590439	
1075402	1590440	
1075402	1590574	
1075402	1590598	
1075402	1590654	
1075402	1590682	
1075402	1590790	
1075402	1590794	
1075402	1590805	
1075402	1590824	
1075402	1590825	
1075402	1671500	
1075402	1671508	
1075402	1691732	
1075402	1811240	
1075402	1960072	
1075402	2034098	
1075402	2047664	
1075402	2078814	
1075402	2078816	
1075402	2341279	
1075402	2345367	
1075402	2692449	
1075402	2692522	
1075402	3211722	
1075402	3255648	
1075426	1213251	
1082034	1213251	
1084030	1213243	
1087689	1213242	
1092439	1213222	
1092556	1590352	
1093698	1146016	
1099823	2047664	
1102143	1213248	
1102155	1213248	
1116899	2047664	
1117141	2047664	
1121347	1121348	
1121347	1121349	
1121347	1121351	
1121347	1121353	
1121347	1121356	
1121347	1141646	
1121347	1203078	
1121347	1213218	
1121347	1213220	
1121347	1213221	
1121347	1213222	
1121347	1213223	
1121347	1213225	
1121347	1213226	
1121347	1213228	
1121347	1213230	
1121347	1213231	
1121347	1213232	
1121347	1213233	
1121347	1213235	
1121347	1213242	
1121347	1213243	
1121347	1213245	
1121347	1213246	
1121347	1213247	
1121347	1213250	
1121347	1213251	
1121347	1213252	
1121347	1213253	
1121347	1213254	
1121347	1213256	
1121347	1213258	
1121347	1213265	
1121347	1229684	
1121347	1229732	
1121347	1229767	
1121347	1230170	
1121347	1266812	
1121347	1266813	
1121347	1266814	
1121347	1266815	
1121347	1266816	
1121347	1266818	
1121347	1266821	
1121347	1273422	
1121347	1365876	
1121347	1387503	
1121347	1416561	
1121347	1540301	
1121347	1569126	
1121347	1569867	
1121347	1590342	
1121347	1590344	
1121347	1590442	
1121347	1590479	
1121347	1590574	
1121347	1590575	
1121347	1590596	
1121347	1590654	
1121347	1590674	
1121347	1590682	
1121347	1590698	
1121347	1590775	
1121347	1590777	
1121347	1590790	
1121347	1590794	
1121347	1590822	
1121347	1590824	
1121347	1590825	
1121347	1590835	
1121347	1590958	
1121347	1591005	
1121347	1649296	
1121347	1745462	
1121347	1935094	
1121347	2077307	
1121347	2077535	
1121347	2317539	
1121347	2589205	
1121347	2589206	
1123874	1590352	
1134796	1148488	
1137108	1213221	
1137372	1213250	
1137928	1590581	
1141646	1213227	
1141646	1213242	
1141646	1266821	
1141646	1413589	
1141646	1413590	
1141646	1413793	
1141646	1590451	
1141646	1590598	
1141646	1590821	
1141646	1590823	
1141646	1590831	
1141646	1595144	
1141646	1807996	
1141646	2085348	
1141646	2092530	
1141646	2140140	
1141646	2670282	
1141646	2858913	
1141646	2858914	
1141646	3005199	
1141646	3245845	
1141646	3626393	
1144102	1213220	
1144531	1213251	
1144531	1590579	
1146016	1230894	
1146016	1887549	
1146016	1929528	
1146016	1959979	
1146016	1966458	
1146016	2814902	
1148488	1951092	
1148488	1951093	
1148488	1974927	
1148488	2718553	
1148488	2996439	
1149459	1590442	
1150760	1213242	
1156467	1590577	
1156676	1213225	
1156676	1213229	
1156676	1213245	
1156676	1213248	
1158013	1213227	
1161005	1590577	
1167642	1213242	
1188376	1213222	
1188384	1213245	
1198662	1213246	
1205823	1213242	
1213218	1213222	
1213218	1213225	
1213218	1213228	
1213218	1213234	
1213218	1213243	
1213218	1213248	
1213218	1213251	
1213218	1213252	
1213218	1213253	
1213218	1266814	
1213218	1590575	
1213219	1213225	
1213219	1213227	
1213219	1213229	
1213219	1213234	
1213219	1213247	
1213219	1213258	
1213219	1266821	
1213219	1419023	
1213220	1213221	
1213220	1213222	
1213220	1213223	
1213220	1213225	
1213220	1213227	
1213220	1213228	
1213220	1213229	
1213220	1213234	
1213220	1213242	
1213220	1213243	
1213220	1213245	
1213220	1213246	
1213220	1213247	
1213220	1213248	
1213220	1213250	
1213220	1213252	
1213220	1213258	
1213220	1213259	
1213220	1213265	
1213220	1252746	
1213220	1266815	
1213220	1266816	
1213220	1266818	
1213220	1266819	
1213220	1266821	
1213220	1266823	
1213220	1412379	
1213220	1419023	
1213220	1590351	
1213220	1590439	
1213220	1590440	
1213220	1590442	
1213220	1590576	
1213220	1590598	
1213220	1590681	
1213220	1590682	
1213220	1590739	
1213220	1705828	
1213220	1705829	
1213220	1705830	
1213220	1705836	
1213220	1746004	
1213220	1746011	
1213221	1213222	
1213221	1213225	
1213221	1213227	
1213221	1213228	
1213221	1213245	
1213221	1213246	
1213221	1213247	
1213221	1213248	
1213221	1213250	
1213221	1213265	
1213221	1266812	
1213221	1266813	
1213221	1266814	
1213221	1266815	
1213221	1266816	
1213221	1266817	
1213221	1266818	
1213221	1266819	
1213221	1266820	
1213221	1266821	
1213221	1266822	
1213221	1266823	
1213221	1702934	
1213221	1702939	
1213221	1705314	
1213222	1213223	
1213222	1213225	
1213222	1213227	
1213222	1213228	
1213222	1213230	
1213222	1213231	
1213222	1213232	
1213222	1213233	
1213222	1213242	
1213222	1213245	
1213222	1213246	
1213222	1213247	
1213222	1213248	
1213222	1213250	
1213222	1213251	
1213222	1213252	
1213222	1213256	
1213222	1213258	
1213222	1213259	
1213222	1213265	
1213222	1243807	
1213222	1244920	
1213222	1266812	
1213222	1266813	
1213222	1266814	
1213222	1266815	
1213222	1266816	
1213222	1266818	
1213222	1266819	
1213222	1266823	
1213222	1387503	
1213222	1419023	
1213222	1456008	
1213222	1536300	
1213222	1569744	
1213222	1590341	
1213222	1590344	
1213222	1590345	
1213222	1590346	
1213222	1590352	
1213222	1590365	
1213222	1590433	
1213222	1590440	
1213222	1590442	
1213222	1590451	
1213222	1590479	
1213222	1590573	
1213222	1590574	
1213222	1590576	
1213222	1590578	
1213222	1590596	
1213222	1590653	
1213222	1590654	
1213222	1590671	
1213222	1590672	
1213222	1590673	
1213222	1590674	
1213222	1590675	
1213222	1590676	
1213222	1590677	
1213222	1590678	
1213222	1590679	
1213222	1590680	
1213222	1590681	
1213222	1590682	
1213222	1590683	
1213223	1213245	
1213223	1213247	
1213223	1213248	
1213223	1213250	
1213223	1418392	
1213223	1590341	
1213223	1590576	
1213223	1590653	
1213223	1590821	
1213223	1590823	
1213224	1213234	
1213224	1213258	
1213224	1419023	
1213225	1213226	
1213225	1213227	
1213225	1213228	
1213225	1213230	
1213225	1213233	
1213225	1213234	
1213225	1213235	
1213225	1213242	
1213225	1213243	
1213225	1213244	
1213225	1213245	
1213225	1213246	
1213225	1213247	
1213225	1213248	
1213225	1213250	
1213225	1213251	
1213225	1213252	
1213225	1213253	
1213225	1213254	
1213225	1213265	
1213225	1266816	
1213225	1266819	
1213225	1266821	
1213225	1266823	
1213225	1271677	
1213225	1331698	
1213225	1359350	
1213225	1387503	
1213225	1419023	
1213225	1506271	
1213225	1514658	
1213225	1514659	
1213225	1559901	
1213225	1570611	
1213225	1590440	
1213225	1590574	
1213225	1590575	
1213225	1590654	
1213225	1590682	
1213225	1590702	
1213225	1590794	
1213225	1590810	
1213225	1590825	
1213225	1604188	
1213225	1604217	
1213225	1604218	
1213225	1642661	
1213225	1729991	
1213225	2013943	
1213225	2155880	
1213225	2589196	
1213225	2589197	
1213225	2589198	
1213226	1213227	
1213226	1213228	
1213226	1213229	
1213226	1213234	
1213226	1213242	
1213226	1213247	
1213226	1213251	
1213226	1266814	
1213227	1213228	
1213227	1213230	
1213227	1213233	
1213227	1213234	
1213227	1213235	
1213227	1213242	
1213227	1213245	
1213227	1213246	
1213227	1213247	
1213227	1213250	
1213227	1213251	
1213227	1213252	
1213227	1213253	
1213227	1213254	
1213227	1213256	
1213227	1213265	
1213227	1266814	
1213227	1266816	
1213227	1387503	
1213227	1514661	
1213227	1590574	
1213227	1590598	
1213227	1590654	
1213227	1590682	
1213227	1590790	
1213227	1590794	
1213227	1590825	
1213227	2692449	
1213228	1213230	
1213228	1213231	
1213228	1213233	
1213228	1213234	
1213228	1213235	
1213228	1213242	
1213228	1213244	
1213228	1213245	
1213228	1213246	
1213228	1213247	
1213228	1213248	
1213228	1213250	
1213228	1213251	
1213228	1213252	
1213228	1213253	
1213228	1213256	
1213228	1213258	
1213228	1213263	
1213228	1213265	
1213228	1220328	
1213228	1266812	
1213228	1266813	
1213228	1266814	
1213228	1266815	
1213228	1266816	
1213228	1266819	
1213228	1266821	
1213228	1266823	
1213228	1358026	
1213228	1387503	
1213228	1419023	
1213228	1590342	
1213228	1590440	
1213228	1590574	
1213228	1590598	
1213228	1590654	
1213228	1590674	
1213228	1590682	
1213228	1590825	
1213228	1648970	
1213228	1746285	
1213228	1869310	
1213228	2036549	
1213228	2109030	
1213228	2272070	
1213228	2281991	
1213228	2317545	
1213228	2719602	
1213228	2719603	
1213228	2946920	
1213228	2946921	
1213228	3029013	
1213228	3147102	
1213228	3255644	
1213229	1213230	
1213229	1213235	
1213229	1213242	
1213229	1213246	
1213229	1213248	
1213229	1213251	
1213229	1213253	
1213229	1213254	
1213229	1266819	
1213229	1387503	
1213229	1419023	
1213229	1590682	
1213229	1590794	
1213229	1590822	
1213229	1590825	
1213229	1918920	
1213229	2008465	
1213229	3092753	
1213229	3255650	
1213230	1213234	
1213230	1213242	
1213230	1213243	
1213230	1213245	
1213230	1213247	
1213230	1213250	
1213230	1213251	
1213230	1213253	
1213230	1266814	
1213230	1266819	
1213230	1590442	
1213230	1590574	
1213231	1213242	
1213231	1266821	
1213231	1266823	
1213232	1213234	
1213233	1213242	
1213233	1213245	
1213233	1213247	
1213233	1213250	
1213233	1213251	
1213233	1266814	
1213233	1266819	
1213234	1213235	
1213234	1213242	
1213234	1213243	
1213234	1213244	
1213234	1213245	
1213234	1213246	
1213234	1213247	
1213234	1213249	
1213234	1213251	
1213234	1213252	
1213234	1213253	
1213234	1213254	
1213234	1213258	
1213234	1213259	
1213234	1213260	
1213234	1213264	
1213234	1271677	
1213234	1413937	
1213234	1514658	
1213234	1514659	
1213234	1536300	
1213234	1755691	
1213234	2109025	
1213234	2692449	
1213234	2755978	
1213234	3092787	
1213235	1213242	
1213235	1213244	
1213235	1213245	
1213235	1213246	
1213235	1213247	
1213235	1213251	
1213235	1213252	
1213235	1213253	
1213235	1213265	
1213242	1213243	
1213242	1213245	
1213242	1213246	
1213242	1213247	
1213242	1213248	
1213242	1213250	
1213242	1213251	
1213242	1213252	
1213242	1213255	
1213242	1213256	
1213242	1213258	
1213242	1213263	
1213242	1266812	
1213242	1266813	
1213242	1266816	
1213242	1266819	
1213242	1266820	
1213242	1266821	
1213242	1266823	
1213242	1271677	
1213242	1304506	
1213242	1419023	
1213242	1447633	
1213242	1514659	
1213242	1516274	
1213242	1516410	
1213242	1590439	
1213242	1590440	
1213242	1590574	
1213242	1590598	
1213242	1590654	
1213242	1590681	
1213242	1590682	
1213242	1590790	
1213242	1590794	
1213242	1590825	
1213242	1590835	
1213242	1590845	
1213242	1746284	
1213242	1806511	
1213242	1928069	
1213242	1928070	
1213242	2047664	
1213242	2206608	
1213242	2399183	
1213242	2746471	
1213242	2746472	
1213242	2806822	
1213242	3255644	
1213243	1213244	
1213243	1213245	
1213243	1213246	
1213243	1213247	
1213243	1213248	
1213243	1213265	
1213243	1514658	
1213243	1590698	
1213243	2097969	
1213244	1213245	
1213244	1213246	
1213244	1213247	
1213244	1213249	
1213244	1213251	
1213244	1213252	
1213244	1213253	
1213244	1213255	
1213244	1213258	
1213244	1213259	
1213244	1213264	
1213244	1213265	
1213244	1271677	
1213244	1419023	
1213244	1488692	
1213244	1514658	
1213244	1514659	
1213244	1514660	
1213244	1536300	
1213244	1631434	
1213244	1806511	
1213244	1976747	
1213244	2045396	
1213244	2045397	
1213244	2755978	
1213244	3255647	
1213245	1213246	
1213245	1213247	
1213245	1213248	
1213245	1213250	
1213245	1213251	
1213245	1213252	
1213245	1213253	
1213245	1213258	
1213245	1213265	
1213245	1230272	
1213245	1266813	
1213245	1266819	
1213245	1266821	
1213245	1266823	
1213245	1418392	
1213245	1419023	
1213245	1464419	
1213245	1514658	
1213245	1517273	
1213245	1590440	
1213245	1590442	
1213245	1590576	
1213245	1590578	
1213245	1590598	
1213245	1590654	
1213245	1590682	
1213245	1590835	
1213245	2109141	
1213245	2361143	
1213245	2425785	
1213245	2760173	
1213245	3089568	
1213245	3475158	
1213246	1213247	
1213246	1213248	
1213246	1213251	
1213246	1213252	
1213246	1213255	
1213246	1213256	
1213246	1213258	
1213246	1213259	
1213246	1213264	
1213246	1213265	
1213246	1266814	
1213246	1266819	
1213246	1266820	
1213246	1419023	
1213246	1514658	
1213246	1536300	
1213246	1590352	
1213246	1590440	
1213246	1590442	
1213246	1590576	
1213246	1594843	
1213246	1595335	
1213246	1595337	
1213246	2045397	
1213246	2047664	
1213246	2149480	
1213246	2149488	
1213246	2149489	
1213246	2149491	
1213246	2149495	
1213247	1213248	
1213247	1213249	
1213247	1213250	
1213247	1213251	
1213247	1213252	
1213247	1213253	
1213247	1213255	
1213247	1213256	
1213247	1213258	
1213247	1213259	
1213247	1213260	
1213247	1213261	
1213247	1213262	
1213247	1213264	
1213247	1213265	
1213247	1266819	
1213247	1266821	
1213247	1412699	
1213247	1412700	
1213247	1412705	
1213247	1414525	
1213247	1457678	
1213247	1536300	
1213247	1570434	
1213247	1590397	
1213247	1590442	
1213247	1590574	
1213247	1590654	
1213247	1590777	
1213247	1590825	
1213247	1671258	
1213247	1806511	
1213247	2399183	
1213247	2494987	
1213247	2692449	
1213247	2757931	
1213247	3255661	
1213248	1213250	
1213248	1213252	
1213248	1213259	
1213248	1213265	
1213248	1266816	
1213248	1266819	
1213248	1266821	
1213248	1266823	
1213248	1419023	
1213248	1456008	
1213248	1536300	
1213248	1590356	
1213248	1590439	
1213248	1590440	
1213248	1590442	
1213248	1590574	
1213248	1590576	
1213248	1590578	
1213248	1590598	
1213248	1590681	
1213248	1590682	
1213248	1590761	
1213248	1590824	
1213248	1640659	
1213248	2814902	
1213248	3856246	
1213250	1213251	
1213250	1213252	
1213250	1266816	
1213250	1266821	
1213250	1266823	
1213250	1590574	
1213250	1590598	
1213250	1590682	
1213250	1590823	
1213250	1815577	
1213250	2077559	
1213250	2144167	
1213250	2206605	
1213250	2206607	
1213250	2206608	
1213250	2317987	
1213250	2708488	
1213250	3360461	
1213250	3360462	
1213251	1213252	
1213251	1213253	
1213251	1213256	
1213251	1213258	
1213251	1213265	
1213251	1244925	
1213251	1260503	
1213251	1266814	
1213251	1266816	
1213251	1266821	
1213251	1285260	
1213251	1514659	
1213251	1569874	
1213251	1569877	
1213251	1569878	
1213251	1569879	
1213251	1590440	
1213251	1590574	
1213251	1590598	
1213251	1590654	
1213251	1590779	
1213251	1590794	
1213251	1590825	
1213251	1692678	
1213251	1692680	
1213251	1746157	
1213251	1746284	
1213251	1746285	
1213251	1746286	
1213251	1762847	
1213251	1783372	
1213251	1783412	
1213251	1783413	
1213251	1783414	
1213251	1783415	
1213251	1783416	
1213251	1783417	
1213251	1783418	
1213252	1213253	
1213252	1213259	
1213252	1266816	
1213252	1266819	
1213252	1514658	
1213252	1536300	
1213252	1590442	
1213252	1590576	
1213252	1590578	
1213252	1640671	
1213252	2814902	
1213252	3255656	
1213252	3255657	
1213253	1213258	
1213253	1349281	
1213253	1514658	
1213253	1590805	
1213253	1590824	
1213253	1590825	
1213253	2036549	
1213253	2109030	
1213253	2317544	
1213253	2317546	
1213253	2317551	
1213253	2317555	
1213253	2378197	
1213255	1213265	
1213256	1213265	
1213258	1213259	
1213258	1213260	
1213258	1419023	
1213258	1514659	
1213258	1536300	
1213258	1590352	
1213258	1590442	
1213258	1590576	
1213258	1590654	
1213258	1590805	
1213258	1806511	
1213258	2047453	
1213258	2345367	
1213259	1213264	
1213259	1213265	
1213259	1331950	
1213259	1514658	
1213259	1536300	
1213259	1590351	
1213259	1590637	
1213259	1590818	
1213259	1829315	
1213259	3255657	
1213259	3713992	
1213260	1419023	
1213260	1590573	
1213264	1213265	
1213265	1266814	
1213265	1266820	
1213265	1266821	
1213265	1514658	
1213265	1590352	
1213265	1590440	
1213265	1594843	
1213265	1595337	
1213265	2149489	
1213265	2149491	
1213265	2149495	
1214050	1590578	
1229809	2047664	
1231677	1590581	
1233374	1590572	
1244930	1590479	
1246377	1590352	
1266813	1590442	
1266813	1590575	
1266814	1266816	
1266814	1266819	
1266814	1266821	
1266814	1387503	
1266814	1419023	
1266814	1569691	
1266814	1590440	
1266814	1590654	
1266814	1590790	
1266814	1590824	
1266814	1644144	
1266814	1862272	
1266814	2034098	
1266814	2345367	
1266814	3045983	
1266814	3255648	
1266814	3255658	
1266815	1266821	
1266815	1266823	
1266816	1266821	
1266816	1266823	
1266816	1590574	
1266819	1266823	
1266819	1419023	
1266819	1590440	
1266819	1590598	
1266819	1590654	
1266819	1590682	
1266821	1266823	
1266821	1590440	
1266821	1590598	
1266821	1590681	
1266821	1590682	
1266821	1807091	
1266821	2125412	
1266821	2712007	
1266823	1419023	
1266823	1456008	
1266823	1590440	
1266823	1590598	
1266823	1590681	
1266823	1590682	
1266823	1590725	
1266823	1590844	
1266823	1591033	
1266823	1604229	
1266823	1608116	
1266823	1746232	
1266823	2078253	
1266823	3360465	
1271677	1419023	
1271677	1590576	
1298365	1590572	
1298367	1590572	
1331930	1590352	
1333797	1590440	
1358135	1590577	
1387503	1590439	
1406741	1590578	
1412621	1590352	
1418281	1590577	
1418392	1590575	
1419023	1590350	
1419023	1590442	
1419023	1590476	
1419023	1590478	
1419023	1590574	
1419023	1590576	
1419023	1590654	
1419023	1590824	
1419023	1783241	
1419023	2034098	
1419023	3067805	
1419024	1590440	
1456008	1590440	
1514658	1536300	
1517279	1590439	
1536300	1590351	
1536300	1590637	
1536300	1829315	
1554936	1590439	
1554941	1590439	
1564135	1590352	
1564139	1590352	
1565937	1590352	
1569912	1590573	
1590350	1590479	
1590352	1590367	
1590352	1590380	
1590352	1590440	
1590352	1590648	
1590352	1590649	
1590352	1590650	
1590352	1590651	
1590352	1590652	
1590352	1590653	
1590352	1590654	
1590352	1590655	
1590352	1590656	
1590439	1590442	
1590439	1940050	
1590439	1940095	
1590439	1966351	
1590439	1966355	
1590439	2078912	
1590439	2425766	
1590439	2823662	
1590439	2839770	
1590439	3067617	
1590439	3255662	
1590439	3255663	
1590440	1590476	
1590440	1590479	
1590440	1590654	
1590440	1590682	
1590440	1590845	
1590440	2078326	
1590440	2078770	
1590442	1590451	
1590442	1590576	
1590442	1590578	
1590442	1590674	
1590442	2047664	
1590476	1590479	
1590476	1590576	
1590478	1590479	
1590479	1590481	
1590479	1590676	
1590479	2146354	
1590479	2146356	
1590572	1642911	
1590572	1644040	
1590572	1702717	
1590572	1761383	
1590572	1807905	
1590572	2146234	
1590573	1621873	
1590573	1807594	
1590573	3550641	
1590573	3550642	
1590574	1590682	
1590574	1590710	
1590574	1590836	
1590574	1590837	
1590574	1590838	
1590575	1590598	
1590575	1590823	
1590575	1590831	
1590576	1590578	
1590576	1590824	
1590577	1642657	
1590577	2057427	
1590577	2495094	
1590577	2858918	
1590577	2946822	
1590577	3671398	
1590577	3671399	
1590579	1783414	
1598073	2047664	
1691787	2047664	
1691788	2047664	
1691789	2047664	
1691838	2047664	
1691855	2047664	
1966453	2047664	
2047664	2946250	
2047664	3068417	
2047664	3218029	
2047664	3332900	
4	116063	
16	1071911	
23	1071911	
24	1071911	
53	101711	
54	1233374	
230	4129	
235	2913	
240	408052	
256	10225	
256	10248	
256	10252	
297	1071911	
469	6671	
501	12470	
675	101711	
688	429378	
688	1071911	
706	85156	
901	283860	
917	272203	
918	23205	
924	23205	
966	4129	
1197	494992	
1253	36989	
1255	114646	
1258	607170	
1267	6671	
1279	114646	
1280	556578	
1280	1455506	
1284	114882	
1285	114642	
1286	114642	
1286	114646	
1286	838302	
1300	101711	
1301	823550	
1312	76506	
1334	4129	
1334	355816	
1334	915037	
1339	915037	
1342	556578	
1342	676903	
1342	1455506	
1372	1092565	
1372	1161389	
1390	101711	
1485	35863	
1485	35865	
1485	36000	
1485	318453	
1485	744091	
1501	345363	
1554	114810	
1554	339099	
1554	355533	
1554	404436	
1554	405527	
1554	406083	
1554	406091	
1554	406094	
1554	429230	
1582	218232	
1590	116736	
1590	275360	
1590	405527	
1590	762918	
1625	287734	
1687	1349281	
1691	455093	
1700	429378	
1775	4129	
1776	355816	
1779	40996	
1796	881831	
1806	881831	
1818	429378	
1854	4129	
1854	211467	
1866	429378	
1875	881831	
1887	881831	
2435	1071911	
2456	211467	
2456	1071911	
2459	215541	
2471	1071911	
2480	1071911	
2490	1595144	
2688	152243	
2699	101711	
2699	1149459	
2701	287682	
2708	408052	
2712	47444	
2721	379648	
2806	406083	
2806	408052	
2806	573260	
2806	1514658	
2806	1590845	
2806	2034098	
2809	1071911	
2811	272203	
2811	407944	
2811	1071911	
2833	314024	
2840	480638	
2860	266394	
2883	664149	
2883	1266817	
2890	35892	
2890	212094	
2890	368074	
2890	607170	
2890	607288	
2890	608305	
2892	641974	
2896	85156	
2896	573026	
2896	1213256	
2903	116146	
2903	116324	
2913	2934	
2913	3903	
2913	35695	
2913	40996	
2913	216161	
2913	216208	
2913	249162	
2913	278879	
2913	279583	
2913	290083	
2913	310753	
2913	311223	
2913	316640	
2913	316661	
2913	316676	
2913	316678	
2913	316680	
2913	316686	
2913	316715	
2913	316718	
2913	335098	
2913	341234	
2913	402733	
2913	449993	
2913	498050	
2913	519720	
2913	520525	
2913	520526	
2913	522190	
2913	524771	
2913	527652	
2913	529909	
2913	531108	
2913	532005	
2913	534444	
2913	544923	
2913	556558	
2913	556560	
2913	556561	
2913	556566	
2913	556613	
2913	556615	
2913	573026	
2913	573028	
2913	573029	
2913	573030	
2913	573037	
2913	573040	
2913	573057	
2913	573058	
2913	657337	
2913	657339	
2913	722590	
2913	722915	
2913	722940	
2913	722992	
2913	723046	
2913	723118	
2913	723138	
2913	723573	
2913	1021262	
2913	1651480	
2913	1705461	
2913	2069449	
2913	2261174	
2919	4129	
2925	318453	
2925	404293	
2930	1071911	
2937	275781	
2939	4129	
2950	4129	
2983	212094	
3184	299927	
3187	1418934	
3295	34123	
3316	6671	
3317	1071911	
3320	40996	
3389	35892	
3401	101711	
3420	867424	
3489	501907	
3545	315448	
3545	641929	
3545	743170	
3671	420071	
3671	1040817	
3786	6671	
3893	6671	
3893	1071911	
3901	101711	
3908	405757	
3908	1349281	
3909	116063	
3911	101711	
3966	607170	
4085	6671	
4098	12470	
4102	12470	
4120	1071911	
4128	40996	
4129	4151	
4129	4371	
4129	4518	
4129	6293	
4129	6321	
4129	9593	
4129	9829	
4129	9851	
4129	9869	
4129	9887	
4129	9926	
4129	10623	
4129	10680	
4129	11148	
4129	11759	
4129	16156	
4129	16184	
4129	16222	
4129	16247	
4129	16260	
4129	16294	
4129	16327	
4129	16470	
4129	16593	
4129	16600	
4129	18609	
4129	21188	
4129	22331	
4129	22527	
4129	23800	
4129	23873	
4129	27242	
4129	30216	
4129	33634	
4129	33678	
4129	33707	
4129	33719	
4129	33728	
4129	33818	
4129	33873	
4129	33879	
4129	33896	
4129	33927	
4129	33942	
4129	34056	
4129	34185	
4129	34187	
4129	34650	
4129	35299	
4129	35759	
4129	37958	
4129	38288	
4129	38472	
4129	38551	
4129	38604	
4129	38824	
4129	38896	
4129	39114	
4129	39414	
4129	39419	
4129	39794	
4129	40600	
4129	42196	
4129	43446	
4129	44107	
4129	44142	
4129	44183	
4129	44383	
4129	45680	
4129	46252	
4129	47218	
4129	47363	
4129	48071	
4129	48101	
4129	48340	
4129	48493	
4129	49124	
4129	49133	
4129	49300	
4129	49552	
4129	50700	
4129	51402	
4129	60968	
4129	63866	
4129	66244	
4129	75953	
4129	76315	
4129	76439	
4129	76658	
4129	76811	
4129	76857	
4129	77017	
4129	77207	
4129	77344	
4129	77571	
4129	77968	
4129	78152	
4129	78436	
4129	78530	
4129	79872	
4129	83273	
4129	84512	
4129	87479	
4129	87509	
4129	88531	
4129	89061	
4129	97856	
4129	101789	
4129	101792	
4129	101826	
4129	101881	
4129	102465	
4129	107507	
4129	107512	
4129	107575	
4129	107581	
4129	107696	
4129	107767	
4129	107790	
4129	107827	
4129	114656	
4129	114667	
4129	116197	
4129	123679	
4129	123759	
4129	126817	
4129	148692	
4129	155521	
4129	165961	
4129	190640	
4129	197969	
4129	198818	
4129	199756	
4129	200343	
4129	200549	
4129	203333	
4129	204357	
4129	204963	
4129	206297	
4129	207105	
4129	208533	
4129	208584	
4129	209228	
4129	209265	
4129	209647	
4129	209984	
4129	210327	
4129	210449	
4129	210460	
4129	210783	
4129	210960	
4129	211158	
4129	211522	
4129	212040	
4129	212469	
4129	212875	
4129	213090	
4129	213282	
4129	213487	
4129	213555	
4129	213645	
4129	213777	
4129	213780	
4129	213806	
4129	213820	
4129	213827	
4129	214208	
4129	214246	
4129	214744	
4129	214831	
4129	214855	
4129	215001	
4129	215039	
4129	215387	
4129	215446	
4129	215658	
4129	216153	
4129	216352	
4129	216472	
4129	216513	
4129	216535	
4129	216675	
4129	216717	
4129	216964	
4129	217626	
4129	217741	
4129	217869	
4129	231059	
4129	231068	
4129	231110	
4129	234881	
4129	243290	
4129	246180	
4129	248142	
4129	251168	
4129	253470	
4129	256410	
4129	261788	
4129	266351	
4129	266354	
4129	266937	
4129	267274	
4129	267361	
4129	267428	
4129	267755	
4129	268373	
4129	268374	
4129	268391	
4129	268463	
4129	268464	
4129	268582	
4129	268631	
4129	268985	
4129	269413	
4129	269490	
4129	269499	
4129	269677	
4129	270093	
4129	270394	
4129	270464	
4129	270654	
4129	270809	
4129	271161	
4129	271313	
4129	271322	
4129	271675	
4129	272734	
4129	273297	
4129	273384	
4129	273480	
4129	273544	
4129	273569	
4129	273574	
4129	273787	
4129	274031	
4129	274816	
4129	275071	
4129	275118	
4129	275130	
4129	275363	
4129	275805	
4129	275841	
4129	276392	
4129	276728	
4129	276801	
4129	277049	
4129	277857	
4129	277897	
4129	279641	
4129	282711	
4129	282791	
4129	282976	
4129	283212	
4129	283397	
4129	283439	
4129	283504	
4129	284255	
4129	284307	
4129	284420	
4129	285055	
4129	285071	
4129	285803	
4129	287440	
4129	287451	
4129	287457	
4129	288587	
4129	288888	
4129	289058	
4129	289203	
4129	289242	
4129	289906	
4129	289959	
4129	290085	
4129	290163	
4129	290175	
4129	290191	
4129	290395	
4129	290398	
4129	290463	
4129	291811	
4129	292426	
4129	292694	
4129	292760	
4129	293184	
4129	293244	
4129	293251	
4129	293279	
4129	293303	
4129	293427	
4129	293439	
4129	293779	
4129	293792	
4129	293830	
4129	294014	
4129	294049	
4129	294100	
4129	301467	
4129	303656	
4129	309440	
4129	309755	
4129	309980	
4129	310520	
4129	310813	
4129	310878	
4129	311270	
4129	311369	
4129	311488	
4129	312039	
4129	312688	
4129	312704	
4129	316646	
4129	316722	
4129	316759	
4129	316770	
4129	316852	
4129	317038	
4129	317881	
4129	317885	
4129	319620	
4129	319783	
4129	319844	
4129	319845	
4129	319975	
4129	319999	
4129	320243	
4129	320337	
4129	320528	
4129	322420	
4129	323203	
4129	323232	
4129	328734	
4129	334554	
4129	334893	
4129	335280	
4129	335548	
4129	335915	
4129	336209	
4129	336454	
4129	336792	
4129	336842	
4129	337175	
4129	338021	
4129	338059	
4129	338618	
4129	339166	
4129	339452	
4129	339615	
4129	339895	
4129	339998	
4129	340796	
4129	341211	
4129	342604	
4129	342776	
4129	343918	
4129	344375	
4129	345579	
4129	345595	
4129	345632	
4129	345635	
4129	345731	
4129	349599	
4129	349610	
4129	349611	
4129	349613	
4129	349615	
4129	349620	
4129	349624	
4129	349636	
4129	349739	
4129	349775	
4129	349962	
4129	352773	
4129	353655	
4129	353918	
4129	354068	
4129	354070	
4129	354734	
4129	355045	
4129	355816	
4129	355968	
4129	357083	
4129	358093	
4129	358149	
4129	358281	
4129	358325	
4129	358342	
4129	358806	
4129	359057	
4129	359709	
4129	360627	
4129	360678	
4129	360734	
4129	360752	
4129	361003	
4129	361017	
4129	361213	
4129	361431	
4129	361465	
4129	361836	
4129	361878	
4129	362074	
4129	362405	
4129	363122	
4129	363343	
4129	364743	
4129	365624	
4129	365973	
4129	366226	
4129	366761	
4129	366767	
4129	368128	
4129	368858	
4129	368994	
4129	369614	
4129	371183	
4129	380130	
4129	380674	
4129	381078	
4129	384323	
4129	387746	
4129	391279	
4129	391364	
4129	392586	
4129	393582	
4129	394050	
4129	394483	
4129	394570	
4129	397296	
4129	398214	
4129	398231	
4129	400187	
4129	400196	
4129	400200	
4129	400423	
4129	401034	
4129	401371	
4129	401854	
4129	402238	
4129	403203	
4129	404815	
4129	404878	
4129	405052	
4129	405699	
4129	406192	
4129	406431	
4129	406448	
4129	407334	
4129	407467	
4129	407531	
4129	407594	
4129	407693	
4129	407959	
4129	408071	
4129	408236	
4129	408385	
4129	408389	
4129	408662	
4129	408670	
4129	409456	
4129	410042	
4129	410219	
4129	410394	
4129	411532	
4129	412159	
4129	412411	
4129	412413	
4129	412427	
4129	413564	
4129	413628	
4129	414006	
4129	414332	
4129	414818	
4129	414968	
4129	415373	
4129	415764	
4129	415775	
4129	416144	
4129	416320	
4129	416575	
4129	417007	
4129	417199	
4129	417955	
4129	418375	
4129	419265	
4129	422225	
4129	422506	
4129	422840	
4129	422841	
4129	423180	
4129	424286	
4129	424293	
4129	424294	
4129	424588	
4129	424804	
4129	424893	
4129	425044	
4129	425317	
4129	425370	
4129	425944	
4129	426326	
4129	427364	
4129	427494	
4129	427499	
4129	429384	
4129	429447	
4129	430319	
4129	430567	
4129	430978	
4129	431488	
4129	431662	
4129	433343	
4129	433969	
4129	434263	
4129	434289	
4129	434921	
4129	436486	
4129	436934	
4129	437791	
4129	438055	
4129	439336	
4129	439427	
4129	439750	
4129	439993	
4129	440049	
4129	440806	
4129	440807	
4129	440960	
4129	441551	
4129	442004	
4129	442019	
4129	442223	
4129	442924	
4129	442960	
4129	443229	
4129	444493	
4129	444635	
4129	444799	
4129	445162	
4129	446078	
4129	446439	
4129	446465	
4129	446487	
4129	446848	
4129	447043	
4129	447218	
4129	447649	
4129	447817	
4129	449035	
4129	449161	
4129	449305	
4129	449353	
4129	449388	
4129	449727	
4129	450686	
4129	451105	
4129	455106	
4129	455108	
4129	457958	
4129	459071	
4129	462945	
4129	466337	
4129	469120	
4129	469700	
4129	469868	
4129	469970	
4129	469985	
4129	470012	
4129	470291	
4129	470334	
4129	470872	
4129	471286	
4129	472978	
4129	473102	
4129	476954	
4129	478945	
4129	479739	
4129	480413	
4129	482522	
4129	483024	
4129	484042	
4129	487820	
4129	488650	
4129	490383	
4129	491720	
4129	492645	
4129	494729	
4129	495128	
4129	495928	
4129	496110	
4129	496447	
4129	496734	
4129	497426	
4129	497466	
4129	498130	
4129	498323	
4129	500003	
4129	501007	
4129	503092	
4129	503798	
4129	504315	
4129	505111	
4129	506606	
4129	506898	
4129	506948	
4129	508620	
4129	508928	
4129	518407	
4129	519552	
4129	519567	
4129	519802	
4129	519813	
4129	520109	
4129	520359	
4129	520394	
4129	520976	
4129	520980	
4129	520995	
4129	521284	
4129	521397	
4129	521659	
4129	521812	
4129	521859	
4129	521874	
4129	522975	
4129	523345	
4129	523582	
4129	523642	
4129	523647	
4129	523667	
4129	523802	
4129	525257	
4129	525342	
4129	525365	
4129	525501	
4129	525715	
4129	526873	
4129	527744	
4129	529615	
4129	531582	
4129	531730	
4129	532168	
4129	532657	
4129	533175	
4129	533437	
4129	533519	
4129	536336	
4129	536362	
4129	536840	
4129	542161	
4129	542564	
4129	542634	
4129	542846	
4129	543256	
4129	543614	
4129	543902	
4129	545108	
4129	545136	
4129	545603	
4129	545728	
4129	545882	
4129	546587	
4129	546608	
4129	546979	
4129	547631	
4129	547756	
4129	548097	
4129	548302	
4129	548318	
4129	548438	
4129	549485	
4129	549500	
4129	549871	
4129	549933	
4129	550019	
4129	550156	
4129	551124	
4129	551130	
4129	551863	
4129	551876	
4129	552836	
4129	553752	
4129	554870	
4129	555109	
4129	555182	
4129	555205	
4129	555841	
4129	556782	
4129	557400	
4129	557436	
4129	557631	
4129	558682	
4129	558747	
4129	559345	
4129	559540	
4129	561472	
4129	561493	
4129	562241	
4129	562391	
4129	562954	
4129	563774	
4129	565910	
4129	565965	
4129	565981	
4129	566102	
4129	567387	
4129	567953	
4129	567971	
4129	568162	
4129	568596	
4129	569780	
4129	569949	
4129	570638	
4129	570645	
4129	572047	
4129	572249	
4129	572334	
4129	574072	
4129	575357	
4129	575776	
4129	577030	
4129	577571	
4129	582270	
4129	582336	
4129	583247	
4129	583280	
4129	583506	
4129	583562	
4129	585108	
4129	585174	
4129	585255	
4129	585722	
4129	585968	
4129	589564	
4129	589630	
4129	589757	
4129	589999	
4129	590398	
4129	591575	
4129	591666	
4129	591842	
4129	592097	
4129	592317	
4129	593011	
4129	593352	
4129	594029	
4129	595749	
4129	595765	
4129	595875	
4129	595893	
4129	597170	
4129	598916	
4129	599031	
4129	599090	
4129	600045	
4129	600690	
4129	600731	
4129	601572	
4129	605073	
4129	605302	
4129	605499	
4129	605536	
4129	605592	
4129	605675	
4129	605734	
4129	605798	
4129	606301	
4129	606476	
4129	606687	
4129	607775	
4129	607825	
4129	607987	
4129	607989	
4129	608006	
4129	608017	
4129	608230	
4129	608383	
4129	608778	
4129	608859	
4129	608885	
4129	609006	
4129	609122	
4129	609373	
4129	609973	
4129	609995	
4129	610083	
4129	610314	
4129	610560	
4129	610685	
4129	610702	
4129	610771	
4129	611038	
4129	611100	
4129	611110	
4129	611158	
4129	611226	
4129	611489	
4129	611998	
4129	612545	
4129	612805	
4129	614800	
4129	615290	
4129	615406	
4129	618467	
4129	621257	
4129	622932	
4129	623126	
4129	624987	
4129	627929	
4129	630743	
4129	637452	
4129	640349	
4129	642892	
4129	644447	
4129	646451	
4129	647747	
4129	650533	
4129	651300	
4129	653372	
4129	654485	
4129	654496	
4129	655674	
4129	656070	
4129	656579	
4129	656626	
4129	656699	
4129	656796	
4129	656908	
4129	657894	
4129	658511	
4129	658578	
4129	659143	
4129	659182	
4129	659192	
4129	660455	
4129	660839	
4129	661932	
4129	662522	
4129	663018	
4129	663160	
4129	663759	
4129	664074	
4129	664958	
4129	665343	
4129	668269	
4129	668839	
4129	669081	
4129	669675	
4129	670561	
4129	670901	
4129	671365	
4129	672049	
4129	672197	
4129	672834	
4129	673070	
4129	673971	
4129	674043	
4129	674311	
4129	674319	
4129	674396	
4129	674806	
4129	674810	
4129	674820	
4129	676294	
4129	676957	
4129	680226	
4129	682511	
4129	684324	
4129	686400	
4129	690138	
4129	691304	
4129	693292	
4129	695769	
4129	695772	
4129	696826	
4129	697012	
4129	697059	
4129	697737	
4129	697948	
4129	698217	
4129	698231	
4129	698404	
4129	701307	
4129	701565	
4129	701959	
4129	703042	
4129	704209	
4129	705071	
4129	705139	
4129	705216	
4129	705252	
4129	705303	
4129	705328	
4129	705704	
4129	705729	
4129	705944	
4129	706030	
4129	707209	
4129	707379	
4129	711340	
4129	711342	
4129	712946	
4129	715097	
4129	715101	
4129	715271	
4129	719020	
4129	719806	
4129	722166	
4129	724370	
4129	724982	
4129	725698	
4129	728945	
4129	729407	
4129	729553	
4129	729642	
4129	731667	
4129	731672	
4129	731796	
4129	732877	
4129	733065	
4129	733248	
4129	733290	
4129	733905	
4129	734092	
4129	734127	
4129	736714	
4129	737793	
4129	739214	
4129	740280	
4129	740993	
4129	742029	
4129	743289	
4129	744197	
4129	745563	
4129	746174	
4129	749882	
4129	752015	
4129	755812	
4129	763385	
4129	763386	
4129	764497	
4129	764502	
4129	778683	
4129	779821	
4129	787817	
4129	788591	
4129	790589	
4129	792495	
4129	792973	
4129	793912	
4129	796852	
4129	804689	
4129	811614	
4129	817406	
4129	817762	
4129	818102	
4129	818410	
4129	818785	
4129	819743	
4129	822781	
4129	822949	
4129	822989	
4129	823460	
4129	823538	
4129	825924	
4129	833535	
4129	834075	
4129	834584	
4129	835181	
4129	835537	
4129	837516	
4129	837846	
4129	838011	
4129	838311	
4129	838349	
4129	838599	
4129	840254	
4129	849775	
4129	851076	
4129	851288	
4129	851291	
4129	852067	
4129	855199	
4129	859509	
4129	859717	
4129	860152	
4129	861042	
4129	861139	
4129	861331	
4129	863829	
4129	864340	
4129	864341	
4129	880893	
4129	882313	
4129	883941	
4129	884185	
4129	885834	
4129	887797	
4129	888551	
4129	890144	
4129	891219	
4129	893307	
4129	894686	
4129	895669	
4129	896902	
4129	896917	
4129	897611	
4129	898568	
4129	898942	
4129	899595	
4129	899955	
4129	900029	
4129	901788	
4129	902128	
4129	902982	
4129	903028	
4129	903036	
4129	903068	
4129	903079	
4129	903104	
4129	903684	
4129	911038	
4129	912772	
4129	914985	
4129	915302	
4129	916180	
4129	917146	
4129	917391	
4129	917610	
4129	917788	
4129	917795	
4129	918703	
4129	919768	
4129	922402	
4129	922532	
4129	922550	
4129	922972	
4129	924227	
4129	924442	
4129	924865	
4129	924891	
4129	925645	
4129	927768	
4129	930239	
4129	930736	
4129	930892	
4129	931483	
4129	933841	
4129	934046	
4129	936956	
4129	938625	
4129	940117	
4129	940391	
4129	940579	
4129	940659	
4129	940887	
4129	945249	
4129	945250	
4129	945546	
4129	945548	
4129	945715	
4129	946044	
4129	946074	
4129	946075	
4129	947519	
4129	948054	
4129	948445	
4129	949856	
4129	950790	
4129	954670	
4129	954764	
4129	962760	
4129	962808	
4129	963303	
4129	966443	
4129	966503	
4129	966700	
4129	967497	
4129	973588	
4129	974934	
4129	975288	
4129	976665	
4129	984265	
4129	984301	
4129	984302	
4129	984783	
4129	985008	
4129	987690	
4129	988106	
4129	989498	
4129	990608	
4129	993162	
4129	998103	
4129	998365	
4129	998614	
4129	998696	
4129	999461	
4129	999710	
4129	999951	
4129	1000346	
4129	1000389	
4129	1000628	
4129	1001390	
4129	1008454	
4129	1008480	
4129	1008934	
4129	1009530	
4129	1010167	
4129	1010188	
4129	1010189	
4129	1010258	
4129	1020047	
4129	1021230	
4129	1021790	
4129	1032474	
4129	1033531	
4129	1034450	
4129	1037656	
4129	1037786	
4129	1037822	
4129	1038463	
4129	1038830	
4129	1039350	
4129	1039560	
4129	1039748	
4129	1040518	
4129	1041865	
4129	1043347	
4129	1051044	
4129	1053893	
4129	1061663	
4129	1061825	
4129	1067106	
4129	1067549	
4129	1071034	
4129	1072281	
4129	1072582	
4129	1073282	
4129	1076096	
4129	1094756	
4129	1096033	
4129	1096716	
4129	1097602	
4129	1107581	
4129	1108869	
4129	1112923	
4129	1117487	
4129	1121146	
4129	1131136	
4129	1138701	
4129	1141424	
4129	1142698	
4129	1144915	
4129	1148396	
4129	1154038	
4129	1156785	
4129	1157292	
4129	1158191	
4129	1159595	
4129	1159694	
4129	1160266	
4129	1160774	
4129	1161204	
4129	1162452	
4129	1162676	
4129	1163513	
4129	1165911	
4129	1167866	
4129	1172661	
4129	1172710	
4129	1173280	
4129	1173955	
4129	1174237	
4129	1174301	
4129	1174938	
4129	1175109	
4129	1176282	
4129	1177476	
4129	1179782	
4129	1182973	
4129	1183621	
4129	1188880	
4129	1192769	
4129	1192920	
4129	1194587	
4129	1194914	
4129	1194955	
4129	1197975	
4129	1198393	
4129	1203232	
4129	1205178	
4129	1205356	
4129	1209050	
4129	1209445	
4129	1210311	
4129	1210317	
4129	1210422	
4129	1211169	
4129	1211283	
4129	1211445	
4129	1213028	
4129	1213246	
4129	1213255	
4129	1213256	
4129	1213265	
4129	1213432	
4129	1214017	
4129	1214840	
4129	1215018	
4129	1215206	
4129	1216646	
4129	1220495	
4129	1221883	
4129	1223202	
4129	1230388	
4129	1231061	
4129	1235887	
4129	1239496	
4129	1239501	
4129	1239679	
4129	1240572	
4129	1244802	
4129	1247200	
4129	1254730	
4129	1255904	
4129	1260547	
4129	1260707	
4129	1264237	
4129	1264762	
4129	1268139	
4129	1271708	
4129	1271733	
4129	1271914	
4129	1272191	
4129	1276599	
4129	1285419	
4129	1286641	
4129	1287291	
4129	1289925	
4129	1290361	
4129	1293218	
4129	1293226	
4129	1294558	
4129	1305776	
4129	1306737	
4129	1324141	
4129	1328334	
4129	1329282	
4129	1339642	
4129	1339949	
4129	1347547	
4129	1347983	
4129	1358921	
4129	1361704	
4129	1362407	
4129	1363695	
4129	1363931	
4129	1365637	
4129	1380466	
4129	1383549	
4129	1384073	
4129	1385967	
4129	1386290	
4129	1386377	
4129	1387942	
4129	1388329	
4129	1399741	
4129	1401864	
4129	1402161	
4129	1402501	
4129	1403310	
4129	1403344	
4129	1404257	
4129	1404295	
4129	1404370	
4129	1404391	
4129	1404770	
4129	1404787	
4129	1407921	
4129	1408100	
4129	1408487	
4129	1409117	
4129	1409779	
4129	1416999	
4129	1423359	
4129	1447812	
4129	1452888	
4129	1453162	
4129	1453534	
4129	1453718	
4129	1454457	
4129	1457676	
4129	1457752	
4129	1463591	
4129	1476650	
4129	1480667	
4129	1485244	
4129	1485997	
4129	1486398	
4129	1487590	
4129	1497852	
4129	1498580	
4129	1502499	
4129	1507993	
4129	1508490	
4129	1508592	
4129	1508665	
4129	1508685	
4129	1509954	
4129	1510104	
4129	1513772	
4129	1514753	
4129	1518594	
4129	1519400	
4129	1521035	
4129	1521495	
4129	1523314	
4129	1523577	
4129	1526473	
4129	1530024	
4129	1534832	
4129	1538787	
4129	1543747	
4129	1545270	
4129	1545516	
4129	1547076	
4129	1549923	
4129	1554806	
4129	1558469	
4129	1564873	
4129	1565689	
4129	1565874	
4129	1566500	
4129	1581831	
4129	1584389	
4129	1585628	
4129	1589435	
4129	1589601	
4129	1592500	
4129	1596106	
4129	1598361	
4129	1598530	
4129	1601146	
4129	1601195	
4129	1601922	
4129	1612479	
4129	1612550	
4129	1616097	
4129	1616664	
4129	1616799	
4129	1620385	
4129	1621861	
4129	1631529	
4129	1631613	
4129	1632049	
4129	1641570	
4129	1646295	
4129	1650362	
4129	1652692	
4129	1654385	
4129	1655129	
4129	1658078	
4129	1659134	
4129	1667047	
4129	1668040	
4129	1671570	
4129	1673624	
4129	1673643	
4129	1673666	
4129	1675987	
4129	1679705	
4129	1681692	
4129	1681724	
4129	1687017	
4129	1704282	
4129	1710014	
4129	1712192	
4129	1716100	
4129	1716944	
4129	1722079	
4129	1724883	
4129	1727323	
4129	1727604	
4129	1733958	
4129	1740041	
4129	1741453	
4129	1746974	
4129	1753423	
4129	1753937	
4129	1753939	
4129	1763764	
4129	1765551	
4129	1771412	
4129	1775185	
4129	1780378	
4129	1780750	
4129	1792286	
4129	1792287	
4129	1792565	
4129	1793220	
4129	1797591	
4129	1800761	
4129	1809126	
4129	1810263	
4129	1810821	
4129	1812427	
4129	1812575	
4129	1812715	
4129	1814397	
4129	1826473	
4129	1828681	
4129	1829160	
4129	1829596	
4129	1833215	
4129	1841522	
4129	1847130	
4129	1852338	
4129	1860977	
4129	1862789	
4129	1867114	
4129	1867620	
4129	1869648	
4129	1875352	
4129	1884928	
4129	1884930	
4129	1884987	
4129	1887426	
4129	1891963	
4129	1893179	
4129	1904676	
4129	1906753	
4129	1907420	
4129	1914175	
4129	1914176	
4129	1921670	
4129	1925511	
4129	1927637	
4129	1929216	
4129	1930348	
4129	1930968	
4129	1937919	
4129	1951249	
4129	1952053	
4129	1955132	
4129	1974214	
4129	1978565	
4129	1979061	
4129	1983648	
4129	1986837	
4129	1986944	
4129	1989265	
4129	1989583	
4129	1994042	
4129	1995702	
4129	1998371	
4129	2002346	
4129	2006100	
4129	2012206	
4129	2018215	
4129	2021050	
4129	2024632	
4129	2029527	
4129	2029824	
4129	2032275	
4129	2046410	
4129	2051302	
4129	2051704	
4129	2056858	
4129	2057906	
4129	2058155	
4129	2062567	
4129	2062920	
4129	2065699	
4129	2071181	
4129	2071233	
4129	2084727	
4129	2106138	
4129	2110617	
4129	2111891	
4129	2114284	
4129	2116638	
4129	2133816	
4129	2135268	
4129	2136524	
4129	2138105	
4129	2148966	
4129	2149172	
4129	2149817	
4129	2150760	
4129	2152349	
4129	2155323	
4129	2155324	
4129	2155883	
4129	2157753	
4129	2168823	
4129	2177162	
4129	2194401	
4129	2198058	
4129	2198286	
4129	2203555	
4129	2212966	
4129	2223447	
4129	2227288	
4129	2231853	
4129	2233019	
4129	2236866	
4129	2240492	
4129	2241458	
4129	2249762	
4129	2256468	
4129	2265449	
4129	2266991	
4129	2275816	
4129	2285576	
4129	2294202	
4129	2306976	
4129	2308012	
4129	2311236	
4129	2315591	
4129	2315599	
4129	2321835	
4129	2353539	
4129	2359250	
4129	2363475	
4129	2371540	
4129	2377514	
4129	2379070	
4129	2386864	
4129	2389188	
4129	2414444	
4129	2425965	
4129	2429510	
4129	2431802	
4129	2434334	
4129	2448241	
4129	2450758	
4129	2453354	
4129	2454754	
4129	2464718	
4129	2481635	
4129	2482864	
4129	2506209	
4129	2508435	
4129	2510434	
4129	2510449	
4129	2511130	
4129	2528336	
4129	2592249	
4129	2615707	
4129	2625122	
4129	2646910	
4129	2656528	
4129	2687106	
4129	2697518	
4129	2729564	
4129	2744320	
4129	2763106	
4129	2763118	
4129	2764709	
4129	2806895	
4129	2824251	
4129	2849431	
4129	2887955	
4129	2894655	
4129	2905027	
4129	2909796	
4129	2920950	
4129	2923663	
4129	2931385	
4129	2954631	
4129	2956526	
4129	2983125	
4129	2999282	
4129	2999345	
4129	3004155	
4129	3020509	
4129	3034010	
4129	3065394	
4129	3068580	
4129	3087589	
4129	3116227	
4129	3129756	
4129	3268122	
4129	3281021	
4129	3304568	
4129	3325804	
4129	3326497	
4129	3329574	
4129	3335601	
4129	3370750	
4129	3396088	
4129	3412577	
4129	3464399	
4129	3467205	
4129	3473268	
4129	3547950	
4129	3721068	
4129	3834157	
4129	3834158	
4129	3916214	
4129	3927706	
4129	3955958	
4129	3989165	
4129	3995693	
4129	3997904	
4129	4019709	
4129	4024683	
4129	4032452	
4129	4032740	
4142	867424	
4161	101711	
4184	272203	
4193	420071	
4221	647259	
4250	1071911	
4252	211467	
4260	944098	
4320	212094	
4320	429230	
4331	16617	
4353	47444	
4367	1071911	
4372	647259	
4410	432004	
4436	1071911	
4468	1021090	
4487	1071911	
4492	116125	
4492	570976	
4496	429378	
4555	115018	
4587	210521	
4587	407212	
4768	1071911	
4805	879975	
5419	643151	
5442	335268	
5442	419221	
5442	718353	
5442	1021594	
5444	211467	
5447	35865	
5447	331084	
5447	1007768	
5636	40996	
5678	760585	
5687	266394	
5961	676900	
5961	676903	
6041	12470	
6091	1003581	
6138	355816	
6147	40996	
6154	272203	
6162	272203	
6168	101711	
6192	1071911	
6291	531108	
6297	408052	
6299	644165	
6301	2292933	
6314	381630	
6333	1071911	
6671	6978	
6671	9801	
6671	9896	
6671	9898	
6671	9899	
6671	21037	
6671	24558	
6671	33848	
6671	38528	
6671	38534	
6671	38795	
6671	38810	
6671	38900	
6671	44140	
6671	44956	
6671	65695	
6671	76775	
6671	77247	
6671	79934	
6671	107057	
6671	116135	
6671	123690	
6671	123704	
6671	147515	
6671	164303	
6671	170505	
6671	176602	
6671	205092	
6671	205108	
6671	205110	
6671	208674	
6671	209272	
6671	210098	
6671	211215	
6671	213120	
6671	214251	
6671	214418	
6671	214448	
6671	215198	
6671	216083	
6671	217869	
6671	231116	
6671	232459	
6671	252286	
6671	253214	
6671	261719	
6671	266185	
6671	266191	
6671	267727	
6671	268407	
6671	268424	
6671	268548	
6671	268860	
6671	269952	
6671	270383	
6671	270398	
6671	270901	
6671	273370	
6671	273371	
6671	274983	
6671	276905	
6671	283572	
6671	292448	
6671	307870	
6671	311440	
6671	313996	
6671	316751	
6671	321184	
6671	322420	
6671	323238	
6671	328520	
6671	336651	
6671	336795	
6671	339769	
6671	339788	
6671	342017	
6671	344578	
6671	348136	
6671	353462	
6671	361010	
6671	361104	
6671	361883	
6671	366477	
6671	367529	
6671	401472	
6671	401642	
6671	401670	
6671	401740	
6671	401893	
6671	404418	
6671	407334	
6671	407364	
6671	407613	
6671	414182	
6671	416143	
6671	420910	
6671	429727	
6671	430117	
6671	432335	
6671	434200	
6671	438361	
6671	439195	
6671	440016	
6671	440666	
6671	441030	
6671	442420	
6671	446855	
6671	446990	
6671	446991	
6671	446992	
6671	446993	
6671	458036	
6671	469980	
6671	473081	
6671	473113	
6671	478298	
6671	481556	
6671	485288	
6671	495921	
6671	496512	
6671	519870	
6671	520306	
6671	523587	
6671	529137	
6671	533073	
6671	542971	
6671	543941	
6671	544327	
6671	546102	
6671	546112	
6671	546119	
6671	546276	
6671	549163	
6671	553140	
6671	556893	
6671	574930	
6671	589273	
6671	589329	
6671	597313	
6671	600658	
6671	600731	
6671	604700	
6671	610862	
6671	614131	
6671	614973	
6671	622519	
6671	624933	
6671	626520	
6671	642121	
6671	642427	
6671	643318	
6671	644348	
6671	647010	
6671	654228	
6671	658560	
6671	658962	
6671	659182	
6671	659531	
6671	660156	
6671	661273	
6671	669794	
6671	670848	
6671	708860	
6671	716019	
6671	727393	
6671	727575	
6671	731116	
6671	732699	
6671	732705	
6671	733974	
6671	744349	
6671	765897	
6671	838016	
6671	838605	
6671	864680	
6671	882469	
6671	884337	
6671	884851	
6671	888884	
6671	893156	
6671	896382	
6671	901352	
6671	925664	
6671	938795	
6671	940359	
6671	946485	
6671	998913	
6671	1022525	
6671	1039884	
6671	1045150	
6671	1053922	
6671	1067549	
6671	1073272	
6671	1145553	
6671	1163509	
6671	1164196	
6671	1179337	
6671	1179338	
6671	1179343	
6671	1197960	
6671	1200405	
6671	1208692	
6671	1213247	
6671	1235642	
6671	1250089	
6671	1261238	
6671	1265370	
6671	1328139	
6671	1346369	
6671	1348608	
6671	1380149	
6671	1401997	
6671	1403947	
6671	1446577	
6671	1482858	
6671	1536587	
6671	1540057	
6671	1630320	
6671	1642804	
6671	1660271	
6671	1665240	
6671	1667569	
6671	1669628	
6671	1670669	
6671	1675988	
6671	1685420	
6671	1687015	
6671	1687016	
6671	1687224	
6671	1740622	
6671	1768521	
6671	1806668	
6671	1870407	
6671	1907262	
6671	1913515	
6671	1913634	
6671	2022167	
6671	2046804	
6671	2098771	
6671	2108179	
6671	2111024	
6671	2140230	
6671	2198332	
6671	2231231	
6671	2234822	
6671	2312179	
6671	2312310	
6671	2348456	
6671	2367394	
6671	2390115	
6671	2443481	
6671	2484930	
6671	2484931	
6671	2484932	
6671	2484933	
6671	2484934	
6671	2484935	
6671	2484936	
6671	2484937	
6671	2484938	
6671	2484939	
6671	2484940	
6671	2484941	
6671	2484942	
6671	2484943	
6671	2484944	
6671	2484945	
6671	2484946	
6671	2484947	
6671	2484948	
6671	2484949	
6671	2484950	
6778	561459	
6808	101711	
6823	101711	
6843	40996	
6988	283860	
6988	408052	
7049	211467	
7057	1071911	
7093	701355	
7183	76334	
7183	355816	
7211	1071911	
7320	152243	
7320	1071911	
7335	211467	
7338	211467	
7408	737522	
7486	275781	
7486	701355	
7486	1783524	
7486	2155880	
7490	345363	
7498	431639	
8009	1595383	
8049	568671	
8138	211467	
8145	537949	
8179	23205	
8209	551538	
8209	733340	
8253	1023313	
8260	408052	
8355	894554	
8355	1590350	
8362	271068	
8362	335268	
8362	437094	
8362	534924	
8362	534925	
8362	1188374	
8362	1188375	
8362	1188376	
8363	1071911	
8376	1071911	
8673	379648	
8674	1414695	
8878	484706	
9204	283860	
9205	283860	
9225	662339	
9226	309895	
9245	210521	
9261	285141	
9298	562265	
9298	562269	
9305	1418934	
9314	1418934	
9333	1071911	
9355	12470	
9535	345375	
9536	273453	
9539	23205	
9554	1071911	
9555	420071	
9567	211467	
9585	85156	
9586	101711	
9598	355816	
9651	287734	
9706	744602	
9709	556563	
9709	1631434	
9765	47444	
9765	273453	
9765	379648	
9765	431639	
9765	607170	
9765	676900	
9765	676903	
9765	718441	
9765	781558	
9765	1092556	
9765	1092558	
9766	101711	
9766	345363	
9766	379648	
9766	429122	
9766	607170	
9766	629229	
9766	663345	
9766	676900	
9766	676903	
9766	987674	
9766	1021555	
9767	363817	
9772	35892	
9772	403965	
9772	403995	
9773	379648	
9777	379648	
9783	309895	
9784	114882	
9784	358058	
9787	379648	
9789	524332	
9792	379648	
9805	285106	
9810	408389	
9811	101711	
9818	429378	
9818	1692680	
9833	101711	
9836	659057	
9851	379648	
9853	688489	
9860	420071	
9881	935110	
9882	935110	
9887	211467	
9909	85156	
9909	551528	
9909	675059	
9913	1205824	
9913	1554936	
9913	1554941	
9913	1940095	
9916	309895	
9918	371315	
9918	2109025	
9918	2109043	
9924	915037	
9980	1044526	
10052	379648	
10077	1071911	
10084	342677	
10164	12470	
10199	960023	
10222	894215	
10225	10226	
10225	10271	
10225	10272	
10225	10273	
10225	10277	
10225	10282	
10225	10287	
10225	10289	
10225	10292	
10225	10293	
10225	48028	
10225	498018	
10225	957995	
10225	1202134	
10225	1203474	
10225	1203477	
10225	1219755	
10225	1266667	
10225	1413014	
10225	1506733	
10225	1590575	
10225	1591378	
10225	1671551	
10225	1746099	
10225	1879138	
10225	1879255	
10225	1879261	
10225	1939687	
10225	1939696	
10225	1939852	
10225	1939854	
10225	1939855	
10225	1939856	
10225	1939857	
10225	1939859	
10225	2071061	
10225	2589210	
10225	2589211	
10225	2589212	
10228	899935	
10234	716560	
10234	1929528	
10235	405753	
10240	403973	
10243	10248	
10243	10252	
10243	561926	
10245	10248	
10245	10252	
10246	10248	
10246	10252	
10247	10248	
10247	10252	
10247	1590787	
10248	10249	
10248	10278	
10248	10281	
10248	10321	
10248	35678	
10248	245838	
10248	526062	
10248	646010	
10248	647620	
10248	886081	
10248	888601	
10248	978747	
10248	1156832	
10248	1223219	
10248	1331583	
10248	1554940	
10248	1589465	
10248	1640986	
10248	1641074	
10248	1771598	
10248	2076446	
10248	2119330	
10248	2175243	
10248	2224134	
10248	2307688	
10248	2625909	
10248	3058788	
10248	3223401	
10249	10252	
10252	10253	
10252	10254	
10252	10267	
10252	10271	
10252	10278	
10252	10281	
10252	10290	
10252	10309	
10252	10317	
10252	10321	
10252	35678	
10252	497208	
10252	641899	
10252	646010	
10252	651780	
10252	886081	
10252	888601	
10252	978747	
10252	983644	
10252	1156832	
10252	1205800	
10252	1223219	
10252	1319647	
10252	1515996	
10252	1554940	
10252	1589465	
10252	1640986	
10252	1641074	
10252	1771598	
10252	2010102	
10252	2076446	
10252	2119330	
10252	2175243	
10252	2224134	
10252	2307688	
10252	2369654	
10252	2625909	
10252	2839591	
10252	3005241	
10252	3058788	
10252	3298902	
10253	561926	
10253	1051942	
10269	35865	
10269	967814	
10270	762804	
10271	597988	
10271	789552	
10272	403973	
10274	955420	
10275	662325	
10278	723094	
10286	403973	
10287	403973	
10289	403973	
10292	403973	
10295	1266813	
10298	662794	
10303	1233374	
10309	2047453	
10318	1333797	
10330	85156	
10330	538323	
10391	356750	
10428	1590779	
10438	101711	
10645	1071911	
10646	212094	
10646	355816	
10655	212094	
10661	1071911	
10668	629229	
10673	36989	
10676	212094	
10679	629229	
10711	211467	
10715	211467	
10739	1071911	
10784	1094505	
10856	354612	
10891	561459	
11031	1071911	
11080	23205	
11080	429378	
11136	1023313	
11490	1071911	
11504	657337	
11509	76506	
11509	215541	
11509	346933	
11509	358058	
11509	405527	
11509	419073	
11509	420071	
11509	762805	
11518	23205	
11549	1071911	
11559	657337	
11673	1540301	
11718	47444	
11729	1123874	
11774	328679	
11824	676726	
11829	354612	
11850	23205	
11856	379648	
11868	534925	
11912	676903	
11946	23205	
11960	420071	
12021	695366	
12030	211467	
12030	692193	
12157	23205	
12470	21751	
12470	50639	
12470	73048	
12470	91030	
12470	93458	
12470	116413	
12470	217724	
12470	217767	
12470	226709	
12470	322256	
12470	323126	
12470	371647	
12470	382742	
12470	443037	
12470	444542	
12470	447426	
12470	495426	
12470	540061	
12470	574725	
12470	582113	
12470	601355	
12470	636758	
12470	643957	
12470	751803	
12470	848849	
12470	864038	
12470	873244	
12470	877120	
12470	983437	
12470	1060273	
12470	1060281	
12470	1060284	
12470	1060285	
12470	1393423	
12470	1566907	
12470	1700690	
12470	1775194	
12470	2052593	
12470	2100698	
12470	2486897	
12470	2486898	
12470	2486899	
12470	2486900	
12470	2486901	
12638	791007	
12668	985622	
12714	835691	
12719	1093698	
12921	459985	
12962	707833	
13047	23205	
13101	23205	
13167	494992	
13177	23205	
13202	494992	
13213	310374	
13232	211467	
13396	404436	
13410	212094	
13421	211467	
13534	23205	
13560	701355	
13642	1074667	
13664	654335	
13664	950248	
13683	211467	
13760	834100	
13784	287734	
13796	23205	
13834	23205	
13847	114646	
13847	116125	
13847	404436	
13885	49571	
13952	1021575	
14151	1074667	
14190	420071	
15028	23205	
15521	403990	
15532	437140	
15534	1360988	
15536	23205	
15537	1071911	
15595	459985	
15743	437140	
15880	405753	
15880	406632	
15884	379648	
15913	379648	
15920	379648	
15935	379648	
15938	379648	
15939	379648	
15958	1092558	
16030	16617	
16032	47444	
16035	406083	
16044	47444	
16044	101711	
16050	47444	
16056	354612	
16070	16617	
16070	114882	
16070	114900	
16070	116062	
16070	429230	
16070	608296	
16070	1094505	
16095	210521	
16095	210524	
16095	418561	
16102	85156	
16115	16617	
16115	114882	
16115	116062	
16115	339099	
16115	355533	
16115	368074	
16115	405527	
16115	406091	
16115	429230	
16115	889167	
16115	1094505	
16129	676726	
16131	437804	
16157	211467	
16209	211467	
16236	211467	
16242	114642	
16242	114646	
16242	608296	
16242	608335	
16254	2361143	
16332	114882	
16332	114900	
16332	116062	
16332	405527	
16332	889167	
16332	1094505	
16370	1071911	
16429	573260	
16471	1071911	
16475	455093	
16494	211467	
16498	272203	
16498	1092558	
16499	114646	
16511	407944	
16543	211467	
16544	16617	
16552	407944	
16569	1071911	
16571	987674	
16581	16617	
16585	407944	
16590	16617	
16604	16617	
16605	16617	
16605	407944	
16606	379648	
16612	16617	
16612	211467	
16617	29383	
16617	47752	
16617	114656	
16617	114657	
16617	114820	
16617	114882	
16617	114894	
16617	114895	
16617	114975	
16617	115982	
16617	115984	
16617	116029	
16617	116062	
16617	116125	
16617	116759	
16617	116762	
16617	116766	
16617	116773	
16617	116800	
16617	116890	
16617	151623	
16617	155591	
16617	212092	
16617	212140	
16617	261700	
16617	261789	
16617	355533	
16617	356312	
16617	357286	
16617	368072	
16617	368074	
16617	368075	
16617	404588	
16617	405527	
16617	406057	
16617	413738	
16617	414700	
16617	416112	
16617	416140	
16617	424981	
16617	424993	
16617	426144	
16617	429230	
16617	455093	
16617	455116	
16617	462962	
16617	462964	
16617	493436	
16617	533106	
16617	551112	
16617	563423	
16617	605337	
16617	605376	
16617	605450	
16617	605716	
16617	605751	
16617	605839	
16617	605845	
16617	606114	
16617	606194	
16617	606213	
16617	607297	
16617	607858	
16617	608284	
16617	608297	
16617	608299	
16617	608306	
16617	608307	
16617	608308	
16617	608330	
16617	608335	
16617	609914	
16617	609930	
16617	609992	
16617	611194	
16617	612803	
16617	612805	
16617	659340	
16617	665301	
16617	889170	
16617	890938	
16617	891179	
16617	900153	
16617	924530	
16617	1008713	
16617	1041207	
16617	1044423	
16617	1094505	
16759	1304506	
16759	1643248	
16762	1304506	
16765	1074760	
16773	1071911	
16778	1074760	
16781	1074760	
16917	379648	
16923	838302	
16990	211467	
17059	562265	
17062	1071911	
17082	782509	
17082	783120	
17145	403951	
17145	886058	
17172	643124	
17223	211467	
17450	23205	
17476	2613868	
17775	1074667	
17793	211467	
17797	23205	
17803	331084	
17817	1071911	
17824	371315	
17834	420071	
17834	654335	
17834	762804	
17840	403951	
17840	886058	
17840	1021554	
17840	1021555	
17840	1321332	
17847	1299920	
17950	76506	
18028	643124	
18092	287734	
18135	639451	
18154	35863	
18154	315448	
18154	419073	
18154	561459	
18154	1123874	
18155	2149480	
18156	2149480	
18175	1071911	
18219	429230	
18235	429122	
18268	611213	
18272	1071911	
18292	266394	
18361	379648	
18366	1071911	
18522	23205	
18610	152243	
18632	1591435	
18648	701355	
18914	1071911	
18920	101711	
18967	2109141	
19012	315455	
19013	287734	
19022	31006	
19022	31007	
19069	287734	
19122	85156	
19299	287734	
19316	403928	
19316	1107811	
19316	1262646	
19316	1381105	
19316	1590435	
19317	737494	
19317	737522	
19349	510231	
19394	403928	
19394	1107811	
19394	1381105	
19403	299890	
19403	299927	
19410	47444	
19410	839542	
19486	484706	
19504	427178	
19520	328679	
19693	23205	
19742	285141	
19814	664149	
19940	328679	
19958	510231	
20073	1565937	
20115	299927	
20126	328679	
20131	299890	
20152	299927	
20288	85156	
20416	287734	
20421	287734	
20421	459985	
20431	299927	
20489	379648	
20499	328679	
20677	315455	
20687	459985	
20786	35865	
20794	287734	
20794	510231	
20797	206780	
20797	659058	
20797	661907	
20797	1929528	
20834	647259	
20876	272203	
20934	647259	
20972	1003581	
20991	101711	
21001	101711	
21038	101711	
21077	510231	
21078	1590798	
21081	464104	
21098	1071911	
21120	1637645	
21182	346933	
21208	1590798	
21208	1590806	
21231	1003581	
21269	1213226	
21349	211467	
21365	35892	
21373	354612	
21379	272203	
21379	1071911	
21396	510231	
21462	35712	
21462	321433	
21462	561926	
21462	1046583	
21462	1051942	
21462	1063646	
21462	1590344	
21465	31007	
21476	31007	
21493	1003581	
21500	480638	
21506	534482	
21507	1003581	
21569	480638	
21588	894215	
21588	1071911	
21591	1358135	
21593	484706	
21596	114646	
21597	431639	
21606	315448	
21608	1071911	
21616	328679	
21687	570976	
21722	1569126	
21728	542185	
21728	1569744	
21730	310374	
21752	23205	
21756	437140	
21757	408052	
21781	35863	
21810	35865	
21810	299927	
21868	471561	
21906	951183	
21967	35863	
22076	152243	
22076	266394	
22148	287734	
22159	101711	
22175	1156496	
22181	403951	
22195	1262646	
22335	210524	
22339	101711	
22390	1404230	
22572	643124	
22584	287734	
22585	510231	
22606	287734	
22607	299927	
22609	287734	
22614	402878	
22639	287734	
22677	206780	
22804	562265	
22804	562269	
22824	1268134	
22887	23205	
22964	408052	
22982	287734	
23032	1071911	
23091	641929	
23091	641974	
23091	641982	
23171	23205	
23205	24208	
23205	27051	
23205	27080	
23205	27101	
23205	27379	
23205	30156	
23205	30563	
23205	31454	
23205	31838	
23205	31919	
23205	32219	
23205	32843	
23205	32936	
23205	33201	
23205	34671	
23205	35268	
23205	37937	
23205	38008	
23205	38545	
23205	39353	
23205	40335	
23205	40391	
23205	40582	
23205	40601	
23205	40654	
23205	40987	
23205	41100	
23205	41215	
23205	41273	
23205	41948	
23205	42176	
23205	42278	
23205	42895	
23205	42962	
23205	43057	
23205	43191	
23205	43347	
23205	43488	
23205	43931	
23205	44229	
23205	44786	
23205	44954	
23205	45021	
23205	45109	
23205	45692	
23205	45820	
23205	45983	
23205	46139	
23205	46192	
23205	46241	
23205	46254	
23205	47484	
23205	47522	
23205	47915	
23205	47975	
23205	48016	
23205	49229	
23205	49547	
23205	49705	
23205	49852	
23205	50520	
23205	50547	
23205	50628	
23205	50712	
23205	51357	
23205	51793	
23205	57036	
23205	62294	
23205	63695	
23205	72906	
23205	73524	
23205	76434	
23205	76588	
23205	76995	
23205	78580	
23205	78798	
23205	85176	
23205	93457	
23205	94866	
23205	108634	
23205	111344	
23205	115800	
23205	115923	
23205	116759	
23205	120555	
23205	120623	
23205	123352	
23205	125667	
23205	135579	
23205	138777	
23205	146446	
23205	149852	
23205	149908	
23205	151878	
23205	153683	
23205	165544	
23205	165779	
23205	172888	
23205	173036	
23205	173410	
23205	173430	
23205	174548	
23205	175582	
23205	189479	
23205	196725	
23205	196752	
23205	199803	
23205	199891	
23205	200182	
23205	200544	
23205	201095	
23205	201431	
23205	201660	
23205	201718	
23205	201770	
23205	201889	
23205	202978	
23205	204016	
23205	204078	
23205	205291	
23205	205755	
23205	205821	
23205	206275	
23205	206283	
23205	206551	
23205	207091	
23205	207278	
23205	207782	
23205	207921	
23205	208766	
23205	209030	
23205	209353	
23205	209387	
23205	209408	
23205	209504	
23205	209931	
23205	210043	
23205	211006	
23205	212281	
23205	212440	
23205	212478	
23205	213426	
23205	214647	
23205	214850	
23205	215575	
23205	215649	
23205	215739	
23205	216026	
23205	216176	
23205	216535	
23205	216685	
23205	216694	
23205	216994	
23205	217351	
23205	217363	
23205	217381	
23205	222451	
23205	227475	
23205	230767	
23205	233356	
23205	236592	
23205	240514	
23205	243605	
23205	246038	
23205	246127	
23205	246194	
23205	247092	
23205	247398	
23205	248922	
23205	249042	
23205	249627	
23205	251693	
23205	254337	
23205	254719	
23205	257468	
23205	259101	
23205	260917	
23205	261374	
23205	265456	
23205	266667	
23205	266935	
23205	267009	
23205	269917	
23205	271757	
23205	272048	
23205	272722	
23205	273422	
23205	273468	
23205	274389	
23205	274491	
23205	274745	
23205	275616	
23205	276452	
23205	276485	
23205	278692	
23205	280022	
23205	280794	
23205	281551	
23205	282375	
23205	283104	
23205	283625	
23205	283837	
23205	284267	
23205	284423	
23205	284713	
23205	285084	
23205	286012	
23205	286405	
23205	287323	
23205	288120	
23205	289199	
23205	289984	
23205	290386	
23205	292265	
23205	292574	
23205	293326	
23205	294151	
23205	294174	
23205	294396	
23205	294638	
23205	294693	
23205	294767	
23205	294842	
23205	294892	
23205	294948	
23205	295025	
23205	298330	
23205	300118	
23205	300137	
23205	302404	
23205	302659	
23205	303050	
23205	303113	
23205	303329	
23205	303403	
23205	304077	
23205	305144	
23205	306251	
23205	307074	
23205	307118	
23205	307233	
23205	307623	
23205	307713	
23205	308245	
23205	308347	
23205	309154	
23205	309211	
23205	309750	
23205	309922	
23205	309983	
23205	310382	
23205	310693	
23205	310744	
23205	310819	
23205	310958	
23205	311488	
23205	312135	
23205	314151	
23205	315083	
23205	315604	
23205	315894	
23205	316142	
23205	316480	
23205	317466	
23205	317642	
23205	317782	
23205	317785	
23205	318029	
23205	318501	
23205	318771	
23205	318866	
23205	320863	
23205	322354	
23205	322684	
23205	322763	
23205	324286	
23205	325088	
23205	328394	
23205	328608	
23205	332004	
23205	332232	
23205	333847	
23205	334049	
23205	334071	
23205	334212	
23205	334724	
23205	334998	
23205	335613	
23205	336183	
23205	336223	
23205	336979	
23205	337395	
23205	338100	
23205	338345	
23205	338734	
23205	339130	
23205	339455	
23205	340322	
23205	340930	
23205	341523	
23205	341667	
23205	342619	
23205	342839	
23205	343144	
23205	343707	
23205	344121	
23205	344135	
23205	344165	
23205	344297	
23205	344968	
23205	344978	
23205	345128	
23205	345166	
23205	345312	
23205	345367	
23205	345413	
23205	345421	
23205	345465	
23205	345522	
23205	345569	
23205	345591	
23205	345627	
23205	345665	
23205	345726	
23205	345783	
23205	345801	
23205	345959	
23205	346157	
23205	346216	
23205	346264	
23205	346303	
23205	346650	
23205	346666	
23205	346816	
23205	346919	
23205	347112	
23205	347154	
23205	347164	
23205	347348	
23205	347400	
23205	347555	
23205	347614	
23205	347642	
23205	348266	
23205	348373	
23205	348437	
23205	348706	
23205	348936	
23205	349129	
23205	349205	
23205	349259	
23205	349355	
23205	349378	
23205	349489	
23205	349509	
23205	349513	
23205	349637	
23205	349789	
23205	349924	
23205	350326	
23205	350764	
23205	352361	
23205	352557	
23205	352980	
23205	353214	
23205	353954	
23205	354147	
23205	354353	
23205	354640	
23205	354676	
23205	354703	
23205	354934	
23205	355216	
23205	355791	
23205	356792	
23205	356967	
23205	357050	
23205	357094	
23205	357103	
23205	357154	
23205	357290	
23205	357333	
23205	357343	
23205	357403	
23205	357411	
23205	357868	
23205	358144	
23205	358149	
23205	359420	
23205	359426	
23205	359949	
23205	360217	
23205	362177	
23205	362265	
23205	362380	
23205	362403	
23205	363102	
23205	363350	
23205	363491	
23205	365072	
23205	365619	
23205	365789	
23205	366489	
23205	367633	
23205	367696	
23205	367843	
23205	367928	
23205	368184	
23205	369406	
23205	369690	
23205	370870	
23205	371891	
23205	372127	
23205	372845	
23205	373947	
23205	375343	
23205	376643	
23205	376827	
23205	377259	
23205	377262	
23205	377320	
23205	377773	
23205	377810	
23205	377904	
23205	377909	
23205	378405	
23205	379450	
23205	379502	
23205	379821	
23205	379892	
23205	380079	
23205	380460	
23205	380935	
23205	381034	
23205	381975	
23205	382278	
23205	382354	
23205	382392	
23205	382657	
23205	382690	
23205	382967	
23205	383040	
23205	383083	
23205	383114	
23205	383165	
23205	383317	
23205	383348	
23205	383468	
23205	383579	
23205	383656	
23205	384194	
23205	384833	
23205	385137	
23205	385143	
23205	385183	
23205	385188	
23205	385235	
23205	385252	
23205	385300	
23205	385425	
23205	385560	
23205	385617	
23205	387700	
23205	388010	
23205	388263	
23205	388702	
23205	389261	
23205	389739	
23205	391344	
23205	391506	
23205	391563	
23205	391760	
23205	391779	
23205	391899	
23205	391913	
23205	392074	
23205	392133	
23205	392594	
23205	393373	
23205	393518	
23205	393604	
23205	394834	
23205	395129	
23205	395232	
23205	395747	
23205	395755	
23205	395786	
23205	396931	
23205	398769	
23205	400760	
23205	401419	
23205	402290	
23205	404180	
23205	404472	
23205	404609	
23205	405168	
23205	406033	
23205	406251	
23205	406290	
23205	406605	
23205	406786	
23205	407445	
23205	408055	
23205	408507	
23205	409269	
23205	409366	
23205	409706	
23205	409744	
23205	410246	
23205	410636	
23205	412262	
23205	412409	
23205	413134	
23205	413228	
23205	413464	
23205	413695	
23205	413974	
23205	414453	
23205	417411	
23205	417793	
23205	418986	
23205	419053	
23205	419126	
23205	419339	
23205	419798	
23205	420386	
23205	420437	
23205	422052	
23205	422061	
23205	423143	
23205	424526	
23205	424876	
23205	425996	
23205	426125	
23205	426244	
23205	426326	
23205	427021	
23205	429318	
23205	431411	
23205	431685	
23205	432062	
23205	432307	
23205	432429	
23205	433037	
23205	433038	
23205	433208	
23205	434433	
23205	434642	
23205	435014	
23205	435767	
23205	436096	
23205	436143	
23205	436492	
23205	436507	
23205	437101	
23205	437318	
23205	437460	
23205	437494	
23205	437557	
23205	438962	
23205	438973	
23205	440328	
23205	440449	
23205	440490	
23205	444607	
23205	444740	
23205	444824	
23205	445009	
23205	445010	
23205	445085	
23205	445972	
23205	446037	
23205	446240	
23205	446488	
23205	446568	
23205	446798	
23205	447552	
23205	447600	
23205	447603	
23205	447883	
23205	447932	
23205	448151	
23205	448194	
23205	449171	
23205	449398	
23205	449723	
23205	449875	
23205	450065	
23205	450453	
23205	450516	
23205	450518	
23205	450557	
23205	450810	
23205	450866	
23205	451401	
23205	451415	
23205	451475	
23205	451598	
23205	451710	
23205	452062	
23205	452073	
23205	452079	
23205	452316	
23205	452368	
23205	452379	
23205	452386	
23205	452389	
23205	453862	
23205	454196	
23205	454793	
23205	457374	
23205	457605	
23205	457725	
23205	459177	
23205	459520	
23205	459973	
23205	460371	
23205	460547	
23205	460919	
23205	461563	
23205	462050	
23205	463585	
23205	463789	
23205	466432	
23205	466790	
23205	466905	
23205	467337	
23205	468019	
23205	468762	
23205	468779	
23205	468889	
23205	469558	
23205	469580	
23205	469691	
23205	469724	
23205	469789	
23205	469798	
23205	470348	
23205	470975	
23205	471024	
23205	471056	
23205	471454	
23205	471768	
23205	472065	
23205	472539	
23205	472659	
23205	472772	
23205	472906	
23205	473083	
23205	473195	
23205	473539	
23205	473586	
23205	474084	
23205	474085	
23205	474194	
23205	474221	
23205	474504	
23205	475884	
23205	476045	
23205	476071	
23205	477584	
23205	479214	
23205	479889	
23205	480918	
23205	481755	
23205	486546	
23205	486691	
23205	487601	
23205	488543	
23205	489176	
23205	489177	
23205	489605	
23205	491684	
23205	493225	
23205	493598	
23205	493898	
23205	494388	
23205	494485	
23205	495053	
23205	495243	
23205	495396	
23205	497129	
23205	497133	
23205	498393	
23205	498556	
23205	498557	
23205	498564	
23205	498782	
23205	500369	
23205	500815	
23205	501867	
23205	505012	
23205	509398	
23205	510494	
23205	511939	
23205	516525	
23205	519966	
23205	519986	
23205	520036	
23205	521421	
23205	522402	
23205	523569	
23205	523827	
23205	525187	
23205	525637	
23205	525903	
23205	526538	
23205	527223	
23205	528313	
23205	529860	
23205	530142	
23205	530957	
23205	531090	
23205	531115	
23205	531126	
23205	531271	
23205	531314	
23205	532064	
23205	532779	
23205	532846	
23205	533052	
23205	533506	
23205	533953	
23205	534065	
23205	534654	
23205	534779	
23205	535004	
23205	535185	
23205	535512	
23205	535771	
23205	536379	
23205	538193	
23205	538473	
23205	538794	
23205	539870	
23205	541471	
23205	543170	
23205	543244	
23205	545713	
23205	547849	
23205	548424	
23205	548890	
23205	549168	
23205	549265	
23205	549467	
23205	549521	
23205	550082	
23205	550265	
23205	551195	
23205	551209	
23205	551815	
23205	552013	
23205	552483	
23205	552906	
23205	552931	
23205	554111	
23205	555612	
23205	556025	
23205	556738	
23205	557389	
23205	557551	
23205	557862	
23205	557870	
23205	557919	
23205	557973	
23205	557974	
23205	558032	
23205	558375	
23205	558541	
23205	558878	
23205	559362	
23205	560898	
23205	563149	
23205	563735	
23205	564522	
23205	564786	
23205	565766	
23205	566471	
23205	566923	
23205	567480	
23205	568718	
23205	569303	
23205	569463	
23205	569768	
23205	569794	
23205	569795	
23205	571630	
23205	571965	
23205	572351	
23205	573380	
23205	573392	
23205	574500	
23205	575604	
23205	575783	
23205	575954	
23205	576900	
23205	577380	
23205	578710	
23205	582876	
23205	582889	
23205	583320	
23205	583852	
23205	584023	
23205	584957	
23205	585228	
23205	585791	
23205	585848	
23205	586379	
23205	586391	
23205	586515	
23205	586570	
23205	586651	
23205	586665	
23205	586918	
23205	587263	
23205	587278	
23205	587699	
23205	587700	
23205	587742	
23205	587783	
23205	587966	
23205	588418	
23205	588527	
23205	588604	
23205	588858	
23205	588993	
23205	589023	
23205	591220	
23205	591304	
23205	592170	
23205	592473	
23205	592623	
23205	593849	
23205	593937	
23205	594321	
23205	594525	
23205	594798	
23205	594929	
23205	595250	
23205	595409	
23205	595486	
23205	596019	
23205	596415	
23205	596801	
23205	597387	
23205	597389	
23205	597544	
23205	597777	
23205	597861	
23205	598324	
23205	598331	
23205	598515	
23205	598681	
23205	599291	
23205	599427	
23205	600172	
23205	600310	
23205	600762	
23205	600875	
23205	601132	
23205	602301	
23205	602499	
23205	603644	
23205	604097	
23205	604568	
23205	604795	
23205	605289	
23205	605496	
23205	606942	
23205	607821	
23205	608213	
23205	608426	
23205	609050	
23205	609622	
23205	609639	
23205	609661	
23205	610512	
23205	610743	
23205	610924	
23205	611010	
23205	611567	
23205	611596	
23205	611788	
23205	612866	
23205	613255	
23205	613652	
23205	614041	
23205	614088	
23205	614222	
23205	614571	
23205	615176	
23205	615239	
23205	615273	
23205	615988	
23205	616294	
23205	617502	
23205	617787	
23205	618137	
23205	618284	
23205	618550	
23205	619118	
23205	620661	
23205	620770	
23205	621585	
23205	621602	
23205	621902	
23205	622099	
23205	622592	
23205	624273	
23205	624370	
23205	624431	
23205	624562	
23205	624694	
23205	624969	
23205	626775	
23205	626982	
23205	627275	
23205	627958	
23205	627964	
23205	628438	
23205	628514	
23205	628757	
23205	629069	
23205	630753	
23205	633138	
23205	633543	
23205	633868	
23205	633876	
23205	635125	
23205	636378	
23205	636671	
23205	638222	
23205	638902	
23205	640253	
23205	641963	
23205	642769	
23205	642912	
23205	643373	
23205	643607	
23205	643953	
23205	644451	
23205	645496	
23205	646333	
23205	646468	
23205	646917	
23205	647227	
23205	647720	
23205	648949	
23205	649330	
23205	650592	
23205	651478	
23205	652116	
23205	652551	
23205	653451	
23205	653455	
23205	653464	
23205	654251	
23205	654924	
23205	658203	
23205	658580	
23205	659128	
23205	659284	
23205	660410	
23205	660485	
23205	661361	
23205	661930	
23205	663473	
23205	663681	
23205	664301	
23205	664521	
23205	665583	
23205	666145	
23205	667226	
23205	668627	
23205	669022	
23205	669042	
23205	669758	
23205	669891	
23205	670046	
23205	671085	
23205	671219	
23205	671251	
23205	671254	
23205	671774	
23205	671851	
23205	672300	
23205	672897	
23205	673052	
23205	673615	
23205	673644	
23205	673695	
23205	673730	
23205	673807	
23205	674399	
23205	674694	
23205	675427	
23205	675432	
23205	675733	
23205	675862	
23205	676818	
23205	677133	
23205	677256	
23205	677337	
23205	677525	
23205	677558	
23205	678358	
23205	678696	
23205	680125	
23205	680420	
23205	680919	
23205	680934	
23205	681025	
23205	683016	
23205	683779	
23205	683784	
23205	683898	
23205	684647	
23205	685921	
23205	686733	
23205	688681	
23205	688841	
23205	689108	
23205	689298	
23205	689733	
23205	689954	
23205	690897	
23205	691790	
23205	691934	
23205	692241	
23205	692537	
23205	692618	
23205	692967	
23205	694486	
23205	694594	
23205	694839	
