1	4
1	204
1	807
2	718
2	956
2	991
3	108
3	456
3	926
4	1
4	204
4	219
5	340
5	556
5	754
6	62
6	117
6	804
7	710
7	947
7	972
8	26
8	38
8	39
9	791
9	843
9	890
10	32
10	331
10	886
11	28
11	116
11	736
12	230
12	286
12	385
13	76
13	104
13	699
14	77
14	298
14	313
15	549
15	869
15	993
16	655
16	677
16	903
17	423
17	623
17	712
18	106
18	638
18	773
19	323
19	360
19	452
20	535
20	652
20	766
21	315
21	433
21	784
22	712
22	987
22	990
23	716
23	850
23	935
24	311
24	458
24	573
25	547
25	716
25	935
26	8
26	31
26	505
27	620
27	653
27	903
28	11
28	116
28	400
29	340
29	556
29	750
30	344
30	437
30	973
31	26
31	248
31	505
32	10
32	331
32	531
33	640
33	844
33	989
34	37
34	173
34	368
35	105
35	441
35	680
36	391
36	910
36	945
37	34
37	173
37	368
38	8
38	39
38	168
39	8
39	38
39	974
40	782
40	849
40	940
41	379
41	637
41	871
42	44
42	79
42	301
43	217
43	229
43	691
44	42
44	79
44	301
45	51
45	149
45	299
46	90
46	241
46	895
47	92
47	157
47	641
48	836
48	878
48	989
49	175
49	673
49	893
50	112
50	564
50	917
51	45
51	149
51	499
52	89
52	377
52	503
53	706
53	787
53	936
54	713
54	868
54	912
55	611
55	854
55	893
56	271
56	447
56	483
57	443
57	463
57	555
58	848
58	874
58	921
59	119
59	382
59	971
60	82
60	787
60	936
61	166
61	402
61	465
62	6
62	117
62	933
63	67
63	73
63	858
64	199
64	842
64	898
65	238
65	567
65	704
66	395
66	715
66	762
67	63
67	658
67	984
68	344
68	388
68	987
69	446
69	519
69	669
70	814
70	818
70	922
71	679
71	911
71	944
72	855
72	882
72	939
73	63
73	913
73	936
74	717
74	790
74	981
75	633
75	666
75	916
76	13
76	104
76	614
77	14
77	120
77	298
78	833
78	946
78	975
79	42
79	44
79	301
80	727
80	751
80	987
81	891
81	968
81	980
82	60
82	894
82	950
83	302
83	645
83	748
84	131
84	411
84	831
85	513
85	787
85	936
86	226
86	439
86	568
87	112
87	171
87	917
88	574
88	730
88	915
89	52
89	132
89	377
90	46
90	241
90	798
91	742
91	908
91	977
92	47
92	211
92	641
93	247
93	713
93	912
94	466
94	469
94	901
95	562
95	655
95	677
96	565
96	603
96	989
97	943
97	982
97	985
98	715
98	865
98	867
99	362
99	554
99	649
100	638
100	773
100	944
101	528
101	702
101	766
102	248
102	918
102	963
103	345
103	916
103	958
104	13
104	76
104	489
105	35
105	531
105	680
106	18
106	115
106	773
107	359
107	496
107	637
108	3
108	793
108	926
109	588
109	913
109	947
110	510
110	904
110	983
111	808
111	838
111	948
112	50
112	87
112	917
113	727
113	751
113	753
114	319
114	430
114	508
115	106
115	638
115	773
116	11
116	28
116	888
117	6
117	62
117	912
118	667
118	867
118	993
119	59
119	855
119	939
120	77
120	298
120	313
121	327
121	883
121	980
122	897
122	973
122	976
123	233
123	520
123	641
124	567
124	675
124	704
125	277
125	290
125	798
126	836
126	844
126	867
127	326
127	715
127	758
128	207
128	235
128	801
129	424
129	636
129	671
130	555
130	804
130	929
131	84
131	789
131	831
132	89
132	377
132	503
133	305
133	916
133	958
134	767
134	952
134	961
135	144
135	426
135	748
136	530
136	725
136	797
137	809
137	855
137	939
138	233
138	520
138	897
139	347
139	537
139	877
140	841
140	906
140	998
141	831
141	897
141	976
142	873
142	881
142	909
143	619
143	838
143	951
144	135
144	621
144	720
145	500
145	970
145	971
146	407
146	451
146	833
147	769
147	839
147	872
148	888
148	937
148	960
149	45
149	51
149	580
150	870
150	914
150	921
151	254
151	395
151	758
152	771
152	894
152	950
153	621
153	741
153	753
154	924
154	987
154	990
155	282
155	671
155	967
156	785
156	875
156	902
157	47
157	417
157	641
158	515
158	908
158	951
159	250
159	360
159	981
160	213
160	218
161	349
161	473
161	727
162	534
162	539
162	581
163	822
163	877
163	992
164	337
164	771
164	950
165	596
165	772
165	796
166	61
166	317
166	904
167	653
167	781
167	903
168	38
168	563
168	575
169	710
169	798
169	886
170	634
170	854
170	893
171	87
171	385
171	917
172	740
172	858
172	913
173	34
173	37
173	368
174	590
174	677
174	1000
175	49
175	854
175	968
176	208
176	815
176	993
177	590
177	765
177	945
178	883
178	905
178	969
179	654
179	752
179	902
180	523
180	635
180	709
181	186
181	475
181	829
182	600
182	874
182	932
183	349
183	402
183	573
184	717
184	866
184	981
185	325
185	471
185	672
186	181
186	475
186	509
187	931
187	955
187	990
188	216
188	380
188	615
189	974
189	982
189	985
190	547
190	866
190	981
191	209
191	292
191	997
192	302
192	487
192	734
193	350
193	970
193	971
194	251
194	346
194	558
195	504
195	774
195	958
196	769
196	839
196	880
197	897
197	973
197	976
198	714
198	721
198	880
199	64
199	698
199	898
200	959
200	970
200	995
201	823
201	871
201	930
202	739
202	842
202	898
203	943
203	974
203	985
204	1
204	4
204	917
205	320
205	610
205	646
206	862
206	957
206	984
207	128
207	367
207	933
208	176
208	775
208	815
209	191
209	431
209	506
210	924
210	938
210	990
211	92
211	641
211	995
212	427
212	951
212	977
213	160
213	218
214	876
214	962
214	999
215	251
215	525
215	946
216	188
216	281
216	407
217	43
217	229
217	643
218	160
218	213
218	332
219	4
219	531
219	680
220	650
220	987
220	990
221	887
221	931
221	942
222	361
222	974
222	988
223	453
223	962
223	999
224	300
224	925
224	997
225	657
225	701
225	861
226	86
226	793
226	926
227	513
227	804
227	929
228	544
228	841
228	900
229	43
229	217
229	575
230	12
230	647
230	917
231	739
231	785
231	898
232	528
232	766
232	844
233	123
233	138
233	520
234	848
234	874
234	887
235	128
235	890
235	919
236	974
236	982
236	985
237	303
237	502
237	605
238	65
238	675
238	704
239	458
239	574
239	676
240	702
240	766
240	944
241	46
241	90
241	560
242	264
242	562
242	831
243	771
243	956
243	991
244	460
244	537
244	877
245	872
245	880
245	925
246	393
246	601
246	934
247	93
247	759
247	996
248	31
248	102
248	505
249	740
249	784
249	914
250	159
250	717
250	923
251	194
251	215
251	558
252	567
252	830
252	835
253	447
253	483
253	977
254	151
254	740
254	811
255	531
255	680
255	989
256	300
256	351
256	633
257	685
257	692
257	711
258	275
258	788
258	819
259	839
259	872
259	880
260	269
260	295
260	414
261	556
261	911
261	944
262	268
262	523
262	709
263	754
263	802
263	863
264	242
264	562
264	831
265	536
265	543
265	703
266	589
266	625
266	796
267	632
267	764
267	863
268	262
268	709
268	850
269	260
269	414
269	911
270	421
270	659
270	960
271	56
271	854
271	893
272	755
272	914
272	921
273	887
273	942
273	955
274	587
274	772
274	796
275	258
275	346
275	558
276	710
276	899
276	972
277	125
277	798
277	926
278	545
278	923
278	975
279	580
279	755
279	914
280	318
280	810
280	981
281	216
281	407
281	451
282	155
282	803
282	934
283	800
283	934
283	972
284	408
284	666
284	804
285	409
285	656
285	713
286	12
286	647
286	917
287	440
287	889
287	952
288	622
288	633
288	666
289	885
289	900
289	961
290	125
290	842
290	992
291	434
291	659
291	925
292	191
292	968
292	997
293	456
293	693
293	926
294	543
294	703
294	945
295	260
295	414
296	406
296	558
296	926
297	644
297	727
297	870
298	14
298	77
298	120
299	45
299	335
299	766
300	224
300	256
300	790
301	42
301	44
301	79
302	83
302	192
302	635
303	237
303	502
303	605
304	786
304	933
304	979
305	133
305	502
305	605
306	612
306	864
306	908
307	888
307	896
307	960
308	340
308	556
308	687
309	742
309	948
309	951
310	375
310	405
310	929
311	24
311	530
311	670
312	394
312	706
312	936
313	14
313	120
313	769
314	627
314	645
314	691
315	21
315	343
315	784
316	347
316	877
316	947
317	166
317	349
317	402
318	280
318	351
318	981
319	114
319	508
319	849
320	205
320	536
320	762
321	376
321	848
321	874
322	726
322	865
322	867
323	19
323	452
323	471
324	854
324	928
324	998
325	185
325	672
325	796
326	127
326	758
326	906
327	121
327	778
327	883
328	367
328	419
328	574
329	681
329	788
329	819
330	824
330	836
330	930
331	10
331	32
331	457
332	218
332	571
332	662
333	431
333	506
333	595
334	546
334	764
334	863
335	299
335	436
335	702
336	828
336	928
336	953
336	995
337	164
337	911
337	934
337	944
338	793
338	959
338	970
338	971
339	813
339	954
339	971
339	978
340	5
340	29
340	308
340	556
341	767
341	812
341	889
341	961
342	860
342	902
342	956
342	991
343	315
343	433
343	784
343	906
344	30
344	68
344	388
344	437
345	103
345	529
345	692
345	779
346	194
346	275
346	558
346	640
347	139
347	316
347	497
347	668
348	773
348	871
348	964
348	988
349	161
349	183
349	317
349	465
350	193
350	830
350	835
350	963
351	256
351	318
351	810
351	866
352	362
352	448
352	568
352	934
353	412
353	491
353	623
353	688
354	600
354	681
354	848
354	874
355	728
355	822
355	878
355	907
356	364
356	536
356	543
356	703
357	693
357	856
357	895
357	998
358	777
358	857
358	876
358	935
359	107
359	386
359	657
359	861
360	19
360	159
360	452
360	471
361	222
361	551
361	888
361	964
362	99
362	352
362	448
362	568
363	581
363	696
363	760
363	815
364	356
364	554
364	649
364	910
365	671
365	853
365	949
365	967
366	592
366	722
366	731
366	912
367	207
367	328
367	458
367	574
368	34
368	37
368	173
368	920
369	795
369	931
369	942
369	955
370	496
370	627
370	645
370	691
371	630
371	873
371	966
371	994
372	644
372	914
372	921
372	979
373	774
373	866
373	916
373	958
374	846
374	869
374	881
374	993
375	310
375	449
375	908
375	929
376	321
376	648
376	676
376	783
377	52
377	89
377	132
377	503
378	425
378	664
378	767
378	952
379	41
379	524
379	794
379	973
380	188
380	444
380	455
380	988
381	631
381	723
381	826
381	957
382	59
382	673
382	854
382	893
383	549
383	594
383	654
383	752
384	850
384	868
384	918
384	986
385	12
385	171
385	670
385	917
386	359
386	467
386	948
386	977
387	754
387	764
387	802
387	863
388	68
388	344
388	437
388	445
389	710
389	823
389	964
389	988
390	415
390	467
390	948
390	977
391	36
391	454
391	919
391	967
392	565
392	770
392	821
392	927
393	246
393	568
393	934
393	944
394	312
394	578
394	706
394	936
395	66
395	151
395	715
395	758
396	599
396	808
396	933
396	979
397	591
397	771
397	894
397	950
398	749
398	915
398	922
398	927
399	705
399	728
399	829
399	995
400	28
400	631
400	930
400	988
401	799
401	884
401	964
401	988
402	61
402	183
402	317
402	465
403	436
403	655
403	677
403	808
404	537
404	668
404	877
404	927
405	310
405	632
405	929
405	939
406	296
406	693
406	793
406	926
407	146
407	216
407	281
407	451
408	284
408	633
408	666
408	974
409	285
409	891
409	932
409	995
410	599
410	750
410	847
410	979
411	84
411	562
411	831
411	951
412	353
412	491
412	712
412	931
413	723
413	795
413	862
413	996
414	260
414	269
414	295
414	863
415	390
415	694
415	808
415	817
416	571
416	848
416	852
416	869
417	157
417	602
417	915
417	972
418	442
418	480
418	894
418	950
419	328
419	607
419	865
419	867
420	561
420	851
420	923
420	946
421	270
421	434
421	659
421	823
422	626
422	646
422	660
422	701
423	17
423	756
423	840
423	965
424	129
424	479
424	636
424	672
425	378
425	466
425	499
425	992
426	135
426	621
426	635
426	748
427	212
427	813
427	864
427	951
428	656
428	705
428	829
428	995
429	674
429	746
429	896
429	960
430	114
430	508
430	634
430	760
431	209
431	333
431	506
431	731
432	486
432	549
432	594
432	752
433	21
433	343
433	784
433	843
434	291
434	421
434	474
434	659
435	488
435	657
435	861
435	952
436	335
436	403
436	655
436	677
437	30
437	344
437	388
437	622
438	953
438	959
438	970
438	971
439	86
439	448
439	487
439	568
440	287
440	829
440	932
440	995
441	35
441	737
441	849
441	949
442	418
442	593
442	932
442	995
443	57
443	463
443	489
443	742
444	380
444	511
444	615
444	894
445	388
445	541
445	817
445	979
446	69
446	974
446	982
446	985
447	56
447	253
447	483
447	505
448	352
448	362
448	439
448	509
449	375
449	468
449	804
449	929
450	613
450	859
450	889
450	952
451	146
451	281
451	407
451	546
452	19
452	323
452	360
452	471
453	223
453	616
453	944
453	999
454	391
454	722
454	745
454	910
455	380
455	511
455	615
455	839
456	3
456	293
456	693
456	926
457	331
457	603
457	824
457	989
458	24
458	239
458	367
458	574
459	525
459	814
459	927
459	941
460	244
460	743
460	986
460	993
461	567
461	675
461	704
461	950
462	904
462	962
462	983
462	999
463	57
463	443
463	489
463	717
464	781
464	782
464	940
464	949
465	61
465	349
465	402
465	762
466	94
466	425
466	499
466	992
467	386
467	390
467	836
467	838
468	449
468	954
468	965
468	978
469	94
469	790
469	910
469	969
470	768
470	894
470	950
470	989
471	185
471	323
471	360
471	452
472	480
472	563
472	575
472	840
473	161
473	741
473	753
473	896
474	434
474	870
474	914
474	921
475	181
475	186
475	509
475	586
476	628
476	840
476	954
476	978
477	875
477	902
477	956
477	991
478	557
478	569
478	612
478	711
479	424
479	636
479	672
479	892
480	418
480	472
480	563
480	575
481	834
481	860
481	923
481	996
482	824
482	966
482	994
482	1000
483	56
483	253
483	447
483	484
484	483
484	626
484	660
484	738
485	529
485	726
485	865
485	867
486	432
486	609
486	713
486	912
487	192
487	439
487	812
487	972
488	435
488	701
488	861
488	900
489	104
489	443
489	463
489	871
490	875
490	956
490	963
490	991
491	353
491	412
491	623
491	712
492	624
492	866
492	982
492	985
493	553
493	864
493	949
493	986
494	857
494	876
494	886
494	935
495	587
495	685
495	711
495	966
496	107
496	370
496	701
496	861
497	347
497	668
497	776
497	877
498	606
498	902
498	969
498	991
499	51
499	425
499	466
499	992
500	145
500	732
500	811
500	947
501	761
501	857
501	932
501	995
502	237
502	303
502	305
502	605
503	52
503	132
503	377
503	853
504	195
504	821
504	922
504	941
505	26
505	31
505	248
505	447
506	209
506	333
506	431
506	669
507	534
507	539
507	581
507	759
508	114
508	319
508	430
508	984
509	186
509	448
509	475
509	998
510	110
510	542
510	875
510	991
511	444
511	455
511	615
511	806
512	655
512	857
512	876
512	935
513	85
513	227
513	787
513	936
514	516
514	559
514	909
514	918
515	158
515	589
515	596
515	796
516	514
516	611
516	868
516	963
517	602
517	803
517	899
517	915
518	557
518	653
518	832
518	992
519	69
519	548
519	629
519	669
520	123
520	138
520	233
520	986
521	794
521	849
521	907
521	986
522	803
522	843
522	874
522	945
523	180
523	262
523	709
523	979
524	379
524	618
524	743
524	986
525	215
525	459
525	923
525	996
526	651
526	774
526	916
526	958
526	999
527	624
527	896
527	937
527	960
527	975
528	101
528	232
528	702
528	738
528	766
529	345
529	485
529	577
529	957
529	984
530	136
530	311
530	670
530	695
530	757
531	32
531	105
531	219
531	255
531	680
532	901
532	905
532	910
532	968
532	969
533	682
533	751
533	851
533	957
533	984
534	162
534	507
534	539
534	581
534	757
535	20
535	652
535	676
535	783
535	954
536	265
536	320
536	356
536	543
536	703
537	139
537	244
537	404
537	668
537	722
538	584
538	879
538	883
538	973
538	976
539	162
539	507
539	534
539	581
539	822
540	559
540	682
540	724
540	825
540	868
541	445
541	786
541	896
541	933
541	979
542	510
542	875
542	901
542	956
542	991
543	265
543	294
543	356
543	536
543	703
544	228
544	608
544	780
544	885
544	952
545	278
545	566
545	966
545	994
545	1000
546	334
546	451
546	754
546	802
546	863
547	25
547	190
547	810
547	866
547	981
548	519
548	629
548	669
548	894
549	15
549	383
549	432
549	654
549	752
550	663
550	776
550	792
550	837
550	983
551	361
551	651
551	799
551	930
551	988
552	686
552	778
552	785
552	883
552	959
553	493
553	593
553	733
553	737
553	986
554	99
554	364
554	597
554	649
554	967
555	57
555	130
555	632
555	804
555	929
556	5
556	29
556	261
556	308
556	340
557	478
557	518
557	560
557	569
557	993
558	194
558	251
558	275
558	296
558	346
559	514
559	540
559	721
559	850
559	918
560	241
560	557
560	612
560	852
560	993
561	420
561	784
561	923
561	975
561	996
562	95
562	242
562	264
562	411
562	831
563	168
563	472
563	480
563	575
563	832
564	50
564	747
564	879
564	973
564	976
565	96
565	392
565	749
565	818
565	941
566	545
566	801
566	966
566	991
566	1000
567	65
567	124
567	252
567	461
567	675
568	86
568	352
568	362
568	393
568	439
569	478
569	557
569	599
569	909
569	993
570	786
570	806
570	925
570	968
570	997
571	332
571	416
571	852
571	881
571	909
572	707
572	943
572	974
572	982
572	985
573	24
573	183
573	695
573	757
573	797
574	88
574	239
574	328
574	367
574	458
575	168
575	229
575	472
575	480
575	563
576	734
576	812
576	886
576	942
576	972
577	529
577	779
577	795
577	821
577	851
578	394
578	706
578	787
578	847
578	936
579	775
579	905
579	910
579	967
579	969
580	149
580	279
580	667
580	707
580	993
581	162
581	363
581	507
581	534
581	539
582	646
582	660
582	738
582	762
582	869
583	686
583	705
583	829
583	932
583	995
584	538
584	627
584	879
584	897
584	976
585	827
585	904
585	958
585	983
585	999
586	475
586	639
586	681
586	788
586	819
587	274
587	495
587	685
587	692
587	711
588	109
588	732
588	811
588	858
588	947
589	266
589	515
589	625
589	772
589	890
590	174
590	177
590	873
590	994
590	1000
591	397
591	779
591	826
591	851
591	984
592	366
592	609
592	731
592	912
592	965
593	442
593	553
593	656
593	932
593	995
594	383
594	432
594	654
594	752
594	828
595	333
595	755
595	870
595	914
595	921
596	165
596	515
596	625
596	796
596	988
597	554
597	649
597	946
598	600
598	827
598	962
598	983
598	999
599	396
599	410
599	569
599	808
599	933
600	182
600	354
600	598
600	848
600	874
601	246
601	684
601	819
601	911
601	934
602	417
602	517
602	886
602	899
602	972
603	96
603	457
603	816
603	844
603	989
604	683
604	736
604	801
604	994
604	1000
605	237
605	303
605	305
605	502
605	940
606	498
606	619
606	772
606	902
606	956
607	419
607	726
607	833
607	865
607	867
608	544
608	889
608	900
608	926
608	961
609	486
609	592
609	731
609	912
609	951
610	205
610	646
610	661
610	738
610	762
611	55
611	516
611	825
611	830
611	850
612	306
612	478
612	560
612	707
612	881
613	450
613	664
613	744
613	885
613	939
614	76
614	651
614	774
614	916
614	958
615	188
615	444
615	455
615	511
615	763
616	453
616	830
616	962
616	983
616	999
617	640
617	805
617	816
617	844
617	989
618	524
618	686
618	778
618	785
618	883
619	143
619	606
619	718
619	902
619	956
620	27
620	887
620	931
620	942
620	955
621	144
621	153
621	426
621	635
621	748
622	288
622	437
622	633
622	666
622	758
623	17
623	353
623	491
623	667
623	712
624	492
624	527
624	846
624	888
624	937
625	266
625	589
625	596
625	700
625	772
626	422
626	484
626	660
626	762
626	949
627	314
627	370
627	584
627	645
627	691
628	476
628	791
628	890
628	919
628	945
629	519
629	548
629	669
629	900
630	371
630	650
630	935
630	994
630	1000
631	381
631	400
631	871
631	930
631	964
632	267
632	405
632	555
632	804
632	929
633	75
633	256
633	288
633	408
633	622
634	170
634	430
634	673
634	854
634	893
635	180
635	302
635	426
635	621
635	748
636	129
636	424
636	479
636	659
636	672
637	41
637	107
637	849
637	940
637	949
638	18
638	100
638	115
638	730
638	773
639	586
639	681
639	788
639	819
639	921
640	33
640	346
640	617
640	824
640	989
641	47
641	92
641	123
641	157
641	211
642	761
642	828
642	928
642	953
642	998
643	217
643	664
643	885
643	889
643	900
644	297
644	372
644	755
644	914
644	921
645	83
645	314
645	370
645	627
645	691
646	205
646	422
646	582
646	610
646	997
647	230
647	286
647	657
647	767
647	917
648	376
648	652
648	676
648	783
648	982
649	99
649	364
649	554
649	597
649	985
650	220
650	630
650	873
650	994
650	1000
651	526
651	551
651	614
651	774
651	916
651	958
652	20
652	535
652	648
652	676
652	723
652	783
653	27
653	167
653	518
653	832
653	878
653	924
654	179
654	383
654	549
654	594
654	752
654	754
655	16
655	95
655	403
655	436
655	512
655	677
656	285
656	428
656	593
656	932
656	971
656	995
657	225
657	359
657	435
657	647
657	701
657	861
658	67
658	723
658	862
658	870
658	959
658	984
659	270
659	291
659	421
659	434
659	636
659	908
660	422
660	484
660	582
660	626
660	665
660	738
661	610
661	834
661	924
661	938
661	987
661	990
662	332
662	688
662	809
662	855
662	882
662	939
663	550
663	736
663	761
663	792
663	826
663	837
664	378
664	613
664	643
664	695
664	900
664	961
665	660
665	924
665	938
665	940
665	987
665	990
666	75
666	284
666	288
666	408
666	622
666	999
667	118
667	580
667	623
667	852
667	869
667	909
668	347
668	404
668	497
668	537
668	877
668	952
669	69
669	506
669	519
669	548
669	629
669	915
670	311
670	385
670	530
670	725
670	757
670	797
671	129
671	155
671	365
671	853
671	905
671	969
672	185
672	325
672	424
672	479
672	636
672	950
673	49
673	382
673	634
673	854
673	893
673	978
674	429
674	704
674	846
674	896
674	937
674	960
675	124
675	238
675	461
675	567
675	704
675	726
676	239
676	376
676	535
676	648
676	652
676	783
677	16
677	95
677	174
677	403
677	436
677	655
678	729
678	822
678	878
678	903
678	950
678	992
679	71
679	684
679	800
679	911
679	920
679	944
680	35
680	105
680	219
680	255
680	531
680	800
681	329
681	354
681	586
681	639
681	788
681	819
682	533
682	540
682	826
682	851
682	862
682	984
683	604
683	801
683	873
683	895
683	966
683	994
684	601
684	679
684	800
684	934
684	944
684	978
685	257
685	495
685	587
685	692
685	709
685	711
686	552
686	583
686	618
686	778
686	785
686	883
687	308
687	827
687	904
687	962
687	983
687	999
688	353
688	662
688	700
688	855
688	882
688	939
689	755
689	837
689	892
689	959
689	970
689	971
690	831
690	841
690	848
690	928
690	953
690	998
691	43
691	314
691	370
691	627
691	645
691	907
692	257
692	345
692	587
692	685
692	711
692	927
693	293
693	357
693	406
693	456
693	793
693	926
694	415
694	782
694	786
694	817
694	847
694	979
695	530
695	573
695	664
695	725
695	757
695	797
696	363
696	745
696	750
696	760
696	775
696	815
697	780
697	788
697	840
697	954
697	965
697	978
698	199
698	739
698	798
698	842
698	898
698	979
699	13
699	891
699	930
699	968
699	980
699	997
700	625
700	688
700	809
700	855
700	882
700	939
701	225
701	422
701	488
701	496
701	657
701	861
702	101
702	240
702	335
702	528
702	766
702	881
703	265
703	294
703	356
703	536
703	543
703	887
704	65
704	124
704	238
704	461
704	674
704	675
705	399
705	428
705	583
705	829
705	967
705	995
706	53
706	312
706	394
706	578
706	858
706	936
707	572
707	580
707	612
707	869
707	909
707	993
708	735
708	862
708	891
708	925
708	980
708	997
709	180
709	262
709	268
709	523
709	685
709	855
710	7
710	169
710	276
710	389
710	730
710	915
711	257
711	478
711	495
711	587
711	685
711	692
712	17
712	22
712	412
712	491
712	623
712	877
713	54
713	93
713	285
713	486
713	731
713	912
714	198
714	814
714	818
714	821
714	927
714	941
715	66
715	98
715	127
715	395
715	758
715	966
716	23
716	25
716	777
716	857
716	876
716	935
717	74
717	184
717	250
717	463
717	790
717	810
718	2
718	619
718	902
718	928
718	956
718	991
719	805
719	887
719	902
719	931
719	942
719	955
720	144
720	736
720	761
720	792
720	837
720	989
721	198
721	559
721	769
721	839
721	872
721	880
722	366
722	454
722	537
722	853
722	901
722	967
723	381
723	413
723	652
723	658
723	779
723	957
724	540
724	825
724	868
724	898
724	918
724	963
725	136
725	670
725	695
725	757
725	797
725	821
726	322
726	485
726	607
726	675
726	865
726	867
727	80
727	113
727	161
727	297
727	741
727	751
728	355
728	399
728	781
728	903
728	907
728	992
729	678
729	832
729	878
729	907
729	992
729	996
730	88
730	638
730	710
730	813
730	886
730	915
731	366
731	431
731	592
731	609
731	713
731	912
732	500
732	588
732	763
732	858
732	882
732	947
733	553
733	737
733	794
733	810
733	949
733	986
734	192
734	576
734	812
734	858
734	899
734	948
735	708
735	789
735	807
735	875
735	980
735	997
736	11
736	604
736	663
736	720
736	776
736	837
737	441
737	553
737	733
737	743
737	782
737	956
738	484
738	528
738	582
738	610
738	660
738	762
739	202
739	231
739	698
739	798
739	898
739	964
740	172
740	249
740	254
740	811
740	913
740	947
741	153
741	473
741	727
741	751
741	753
741	835
742	91
742	309
742	443
742	908
742	948
742	977
743	460
743	524
743	737
743	782
743	877
743	940
744	613
744	885
744	889
744	923
744	952
744	961
745	454
745	696
745	807
745	834
745	987
745	990
746	429
746	846
746	888
746	937
746	960
746	980
747	564
747	770
747	879
747	969
747	973
747	976
748	83
748	135
748	426
748	621
748	635
748	770
749	398
749	565
749	814
749	859
749	922
749	941
750	29
750	410
750	696
750	760
750	775
750	815
751	80
751	113
751	533
751	727
751	741
751	753
751	827
752	179
752	383
752	432
752	549
752	594
752	654
752	937
753	113
753	153
753	473
753	741
753	751
753	812
753	999
754	5
754	263
754	387
754	546
754	654
754	802
754	863
755	272
755	279
755	595
755	644
755	689
755	870
755	921
756	423
756	758
756	780
756	813
756	954
756	965
756	978
757	530
757	534
757	573
757	670
757	695
757	725
757	797
758	127
758	151
758	326
758	395
758	622
758	715
758	756
759	247
759	507
759	843
759	860
759	884
759	946
759	996
760	363
760	430
760	696
760	750
760	775
760	815
760	994
761	501
761	642
761	663
761	720
761	776
761	792
761	837
762	66
762	320
762	465
762	582
762	610
762	626
762	738
763	615
763	732
763	811
763	816
763	858
763	913
763	947
764	267
764	334
764	387
764	802
764	860
764	863
764	927
765	177
765	791
765	803
765	890
765	919
765	938
765	945
766	20
766	101
766	232
766	240
766	299
766	528
766	702
767	134
767	341
767	378
767	647
767	889
767	900
767	961
768	470
768	771
768	873
768	894
768	950
769	147
769	196
769	313
769	721
769	839
769	872
769	880
770	392
770	747
770	748
770	879
770	897
770	973
770	976
771	152
771	164
771	243
771	397
771	768
771	894
771	950
772	165
772	274
772	589
772	606
772	625
772	796
772	885
773	18
773	100
773	106
773	115
773	348
773	638
773	835
774	195
774	373
774	526
774	614
774	651
774	916
774	958
775	208
775	579
775	696
775	750
775	760
775	815
775	922
776	497
776	550
776	736
776	761
776	792
776	837
776	911
777	358
777	716
777	857
777	876
777	928
777	935
777	970
778	327
778	552
778	618
778	686
778	785
778	883
778	969
779	345
779	577
779	591
779	723
779	795
779	957
779	962
780	544
780	697
780	756
780	813
780	840
780	965
780	978
781	167
781	464
781	728
781	832
781	903
781	907
781	992
782	40
782	464
782	694
782	737
782	743
782	949
782	986
783	376
783	535
783	648
783	652
783	676
783	809
783	905
784	21
784	249
784	315
784	343
784	433
784	561
784	903
785	156
785	231
785	552
785	618
785	686
785	778
785	883
786	304
786	541
786	570
786	694
786	808
786	817
786	979
787	53
787	60
787	85
787	513
787	578
787	899
787	936
788	258
788	329
788	586
788	639
788	681
788	697
788	819
789	131
789	735
789	806
789	925
789	968
789	980
789	997
790	74
790	300
790	469
790	717
790	866
790	935
790	981
791	9
791	628
791	765
791	880
791	882
791	919
791	945
792	550
792	663
792	720
792	761
792	776
792	837
792	844
793	108
793	226
793	338
793	406
793	693
793	926
793	942
794	379
794	521
794	733
794	868
794	940
794	949
794	986
795	369
795	413
795	577
795	779
795	809
795	957
795	984
796	165
796	266
796	274
796	325
796	515
796	596
796	772
797	136
797	573
797	670
797	695
797	725
797	757
797	998
798	90
798	125
798	169
798	277
798	698
798	739
798	842
798	898
799	401
799	551
799	823
799	871
799	910
799	930
799	964
799	988
800	283
800	679
800	680
800	684
800	851
800	911
800	934
800	944
801	128
801	566
801	604
801	683
801	814
801	966
801	994
801	1000
802	263
802	387
802	546
802	754
802	764
802	863
802	975
802	977
803	282
803	517
803	522
803	765
803	843
803	890
803	919
803	945
804	6
804	130
804	227
804	284
804	449
804	555
804	632
804	929
805	617
805	719
805	887
805	931
805	942
805	955
806	511
806	570
806	789
806	891
806	925
806	968
806	980
806	997
807	1
807	735
807	745
807	834
807	924
807	938
807	987
807	990
808	111
808	396
808	403
808	415
808	599
808	786
808	847
808	933
809	137
809	662
809	700
809	783
809	795
809	855
809	882
809	939
810	280
810	351
810	547
810	717
810	733
810	866
810	892
810	981
811	254
811	500
811	588
811	740
811	763
811	913
811	947
811	982
812	341
812	487
812	576
812	734
812	753
812	886
812	899
812	972
813	339
813	427
813	730
813	756
813	780
813	954
813	965
813	978
814	70
814	459
814	714
814	749
814	801
814	821
814	922
814	987
815	176
815	208
815	363
815	696
815	750
815	760
815	775
815	994
816	603
816	617
816	763
816	824
816	836
816	844
816	875
816	989
817	415
817	445
817	694
817	786
817	847
817	933
817	979
817	983
818	70
818	565
818	714
818	922
818	927
818	929
818	937
818	941
819	258
819	329
819	586
819	601
819	639
819	681
819	788
819	856
820	859
820	872
820	943
820	974
820	982
820	985
821	392
821	504
821	577
821	714
821	725
821	814
821	927
821	941
822	163
822	355
822	539
822	678
822	832
822	856
822	878
822	992
823	201
823	389
823	421
823	799
823	871
823	930
823	964
823	988
824	330
824	457
824	482
824	640
824	816
824	836
824	976
824	989
825	540
825	611
825	724
825	835
825	850
825	868
825	955
825	963
826	381
826	591
826	663
826	682
826	851
826	862
826	957
826	984
827	585
827	598
827	687
827	751
827	904
827	962
827	983
827	999
828	336
828	594
828	642
828	895
828	906
828	953
828	957
828	998
829	181
829	399
829	428
829	440
829	583
829	705
829	932
829	995
830	252
830	350
830	611
830	616
830	835
830	850
830	918
830	963
831	84
831	131
831	141
831	242
831	264
831	411
831	562
831	690
832	518
832	563
832	653
832	729
832	781
832	822
832	903
832	907
833	78
833	146
833	607
833	845
833	884
833	946
833	975
833	996
834	481
834	661
834	745
834	807
834	924
834	938
834	987
834	990
835	252
835	350
835	741
835	773
835	825
835	830
835	868
835	963
836	48
836	126
836	330
836	467
836	816
836	824
836	899
836	989
837	550
837	663
837	689
837	720
837	736
837	761
837	776
837	792
838	111
838	143
838	467
838	864
838	908
838	948
838	959
838	977
839	147
839	196
839	259
839	455
839	721
839	769
839	872
839	996
840	423
840	472
840	476
840	697
840	780
840	954
840	965
840	978
841	140
841	228
841	690
841	856
841	895
841	906
841	953
841	998
842	64
842	202
842	290
842	698
842	798
842	898
842	914
842	970
843	9
843	433
843	522
843	759
843	803
843	890
843	919
843	945
844	33
844	126
844	232
844	603
844	617
844	792
844	816
844	989
845	833
845	860
845	884
845	890
845	923
845	946
845	975
845	996
846	374
846	624
846	674
846	746
846	888
846	896
846	937
846	960
847	410
847	578
847	694
847	808
847	817
847	916
847	933
847	979
848	58
848	234
848	321
848	354
848	416
848	600
848	690
848	874
849	40
849	319
849	441
849	521
849	637
849	940
849	949
849	986
850	23
850	268
850	384
850	559
850	611
850	825
850	830
850	918
851	420
851	533
851	577
851	591
851	682
851	800
851	826
851	862
852	416
852	560
852	571
852	667
852	869
852	881
852	909
852	990
852	993
853	365
853	503
853	671
853	722
853	901
853	905
853	948
853	967
853	969
854	55
854	170
854	175
854	271
854	324
854	382
854	634
854	673
854	893
855	72
855	119
855	137
855	662
855	688
855	700
855	709
855	809
855	882
855	939
856	357
856	819
856	822
856	841
856	895
856	906
856	928
856	953
856	998
857	358
857	494
857	501
857	512
857	716
857	777
857	876
857	935
857	956
858	63
858	172
858	588
858	706
858	732
858	734
858	763
858	913
858	947
859	450
859	749
859	820
859	943
859	974
859	982
859	985
860	342
860	481
860	759
860	764
860	845
860	884
860	946
860	975
860	996
861	225
861	359
861	435
861	488
861	496
861	657
861	701
861	980
861	981
862	206
862	413
862	658
862	682
862	708
862	826
862	851
862	943
862	957
863	263
863	267
863	334
863	387
863	414
863	546
863	754
863	764
863	802
864	306
864	427
864	493
864	838
864	901
864	908
864	948
864	951
864	977
865	98
865	322
865	419
865	485
865	607
865	726
865	867
865	893
865	964
866	184
866	190
866	351
866	373
866	492
866	547
866	790
866	810
866	981
867	98
867	118
867	126
867	322
867	419
867	485
867	607
867	726
867	865
868	54
868	384
868	516
868	540
868	724
868	794
868	825
868	835
868	963
869	15
869	374
869	416
869	582
869	667
869	707
869	852
869	963
869	993
870	150
870	297
870	474
870	595
870	658
870	755
870	914
870	921
870	938
871	41
871	201
871	348
871	489
871	631
871	799
871	823
871	964
871	988
872	147
872	245
872	259
872	721
872	769
872	820
872	839
872	880
872	961
873	142
873	371
873	590
873	650
873	683
873	768
873	966
873	994
873	1000
874	58
874	182
874	234
874	321
874	354
874	522
874	600
874	848
874	947
875	156
875	477
875	490
875	510
875	542
875	735
875	816
875	902
875	991
876	214
876	358
876	494
876	512
876	716
876	777
876	857
876	935
876	955
877	139
877	163
877	244
877	316
877	404
877	497
877	668
877	712
877	743
878	48
878	355
878	653
878	678
878	729
878	822
878	903
878	907
878	992
879	538
879	564
879	584
879	747
879	770
879	897
879	973
879	976
879	984
880	196
880	198
880	245
880	259
880	721
880	769
880	791
880	872
880	952
881	142
881	374
881	571
881	612
881	702
881	852
881	909
881	972
881	993
882	72
882	662
882	688
882	700
882	732
882	791
882	809
882	855
882	939
883	121
883	178
883	327
883	538
883	552
883	618
883	686
883	778
883	785
884	401
884	759
884	833
884	845
884	860
884	923
884	946
884	975
884	996
885	289
885	544
885	613
885	643
885	744
885	772
885	889
885	952
885	961
886	10
886	169
886	494
886	576
886	602
886	730
886	812
886	899
886	915
886	972
887	221
887	234
887	273
887	620
887	703
887	719
887	805
887	931
887	942
887	955
888	116
888	148
888	307
888	361
888	624
888	746
888	846
888	896
888	937
888	960
889	287
889	341
889	450
889	608
889	643
889	744
889	767
889	885
889	954
889	994
890	9
890	235
890	589
890	628
890	765
890	803
890	843
890	845
890	919
890	945
891	81
891	409
891	699
891	708
891	806
891	925
891	968
891	980
891	986
891	997
892	479
892	689
892	810
892	920
892	959
892	970
892	971
893	49
893	55
893	170
893	271
893	382
893	634
893	673
893	854
893	865
893	963
894	82
894	152
894	397
894	418
894	444
894	470
894	548
894	768
894	771
894	950
895	46
895	357
895	683
895	828
895	841
895	856
895	906
895	928
895	953
895	998
896	307
896	429
896	473
896	527
896	541
896	674
896	846
896	888
896	937
896	960
897	122
897	138
897	141
897	197
897	584
897	770
897	879
897	945
897	973
897	976
898	64
898	199
898	202
898	231
898	698
898	724
898	739
898	798
898	842
898	955
899	276
899	517
899	602
899	734
899	787
899	812
899	836
899	886
899	915
899	972
900	228
900	289
900	488
900	608
900	629
900	643
900	664
900	767
900	952
900	961
901	94
901	532
901	542
901	722
901	853
901	864
901	905
901	910
901	967
901	969
902	156
902	179
902	342
902	477
902	498
902	606
902	619
902	718
902	719
902	875
903	16
903	27
903	167
903	678
903	728
903	781
903	784
903	832
903	878
903	907
904	110
904	166
904	462
904	585
904	687
904	827
904	962
904	970
904	983
904	999
905	178
905	532
905	579
905	671
905	783
905	853
905	901
905	917
905	967
905	969
906	140
906	326
906	343
906	828
906	841
906	856
906	895
906	928
906	953
906	998
907	355
907	521
907	691
907	728
907	729
907	781
907	832
907	878
907	903
907	992
908	91
908	158
908	306
908	375
908	659
908	742
908	838
908	864
908	951
908	977
909	142
909	514
909	569
909	571
909	667
909	707
909	852
909	881
909	912
909	993
910	36
910	364
910	454
910	469
910	532
910	579
910	799
910	901
910	967
910	969
911	71
911	261
911	269
911	337
911	601
911	679
911	776
911	800
911	934
911	944
912	54
912	93
912	117
912	366
912	486
912	592
912	609
912	713
912	731
912	909
913	73
913	109
913	172
913	740
913	763
913	811
913	858
913	929
913	947
913	991
914	150
914	249
914	272
914	279
914	372
914	474
914	595
914	644
914	842
914	870
915	88
915	398
915	417
915	517
915	669
915	710
915	730
915	886
915	899
915	972
916	75
916	103
916	133
916	373
916	526
916	614
916	651
916	774
916	847
916	958
917	50
917	87
917	112
917	171
917	204
917	230
917	286
917	385
917	647
917	905
918	102
918	384
918	514
918	559
918	724
918	830
918	850
918	941
918	963
918	1000
919	235
919	391
919	628
919	765
919	791
919	803
919	843
919	890
919	945
919	988
920	368
920	679
920	892
920	959
920	970
920	971
921	58
921	150
921	272
921	372
921	474
921	595
921	639
921	644
921	755
921	870
922	70
922	398
922	504
922	749
922	775
922	814
922	818
922	927
922	941
922	962
923	250
923	278
923	420
923	481
923	525
923	561
923	744
923	845
923	884
923	975
923	996
924	154
924	210
924	653
924	661
924	665
924	807
924	834
924	932
924	938
924	987
924	990
925	224
925	245
925	291
925	570
925	708
925	789
925	806
925	891
925	968
925	980
925	997
926	3
926	108
926	226
926	277
926	293
926	296
926	406
926	456
926	608
926	693
926	793
927	392
927	398
927	404
927	459
927	692
927	714
927	764
927	818
927	821
927	922
927	941
928	324
928	336
928	642
928	690
928	718
928	777
928	856
928	895
928	906
928	953
928	998
929	130
929	227
929	310
929	375
929	405
929	449
929	555
929	632
929	804
929	818
929	913
930	201
930	330
930	400
930	551
930	631
930	699
930	799
930	823
930	940
930	964
930	988
931	187
931	221
931	369
931	412
931	620
931	719
931	805
931	887
931	942
931	948
931	955
932	182
932	409
932	440
932	442
932	501
932	583
932	593
932	656
932	829
932	924
932	995
933	62
933	207
933	304
933	396
933	541
933	599
933	808
933	817
933	847
933	943
933	979
934	246
934	282
934	283
934	337
934	352
934	393
934	601
934	684
934	800
934	911
934	944
935	23
935	25
935	358
935	494
935	512
935	630
935	716
935	777
935	790
935	857
935	876
936	53
936	60
936	73
936	85
936	312
936	394
936	513
936	578
936	706
936	787
936	991
937	148
937	527
937	624
937	674
937	746
937	752
937	818
937	846
937	888
937	896
937	960
938	210
938	661
938	665
938	765
938	807
938	834
938	870
938	924
938	958
938	987
938	990
939	72
939	119
939	137
939	405
939	613
939	662
939	688
939	700
939	809
939	855
939	882
940	40
940	464
940	605
940	637
940	665
940	743
940	794
940	849
940	930
940	949
940	986
941	459
941	504
941	565
941	714
941	749
941	818
941	821
941	918
941	922
941	927
941	992
942	221
942	273
942	369
942	576
942	620
942	719
942	793
942	805
942	887
942	931
942	955
943	97
943	203
943	572
943	820
943	859
943	862
943	933
943	974
943	982
943	985
944	71
944	100
944	240
944	261
944	337
944	393
944	453
944	679
944	684
944	800
944	911
944	934
945	36
945	177
945	294
945	522
945	628
945	765
945	791
945	803
945	843
945	890
945	897
945	919
946	78
946	215
946	420
946	597
946	759
946	833
946	845
946	860
946	884
946	975
946	977
946	996
947	7
947	109
947	316
947	500
947	588
947	732
947	740
947	763
947	811
947	858
947	874
947	913
948	111
948	309
948	386
948	390
948	734
948	742
948	838
948	853
948	864
948	931
948	951
948	977
949	365
949	441
949	464
949	493
949	626
949	637
949	733
949	782
949	794
949	849
949	940
949	986
950	82
950	152
950	164
950	397
950	418
950	461
950	470
950	672
950	678
950	768
950	771
950	894
951	143
951	158
951	212
951	309
951	411
951	427
951	609
951	864
951	908
951	948
951	966
951	977
952	134
952	287
952	378
952	435
952	450
952	544
952	668
952	744
952	880
952	885
952	900
952	961
953	336
953	438
953	642
953	690
953	828
953	841
953	856
953	895
953	906
953	928
953	998
953	1000
954	339
954	468
954	476
954	535
954	697
954	756
954	813
954	840
954	889
954	965
954	978
954	993
955	187
955	273
955	369
955	620
955	719
955	805
955	825
955	876
955	887
955	898
955	931
955	942
956	2
956	243
956	342
956	477
956	490
956	542
956	606
956	619
956	718
956	737
956	857
956	991
957	206
957	381
957	529
957	533
957	723
957	779
957	795
957	826
957	828
957	862
957	976
957	984
958	103
958	133
958	195
958	373
958	526
958	585
958	614
958	651
958	774
958	916
958	938
958	985
959	200
959	338
959	438
959	552
959	658
959	689
959	838
959	892
959	920
959	970
959	971
960	148
960	270
960	307
960	429
960	527
960	674
960	746
960	846
960	888
960	896
960	937
960	961
961	134
961	289
961	341
961	608
961	664
961	744
961	767
961	872
961	885
961	900
961	952
961	960
962	214
962	223
962	462
962	598
962	616
962	687
962	779
962	827
962	904
962	922
962	983
962	999
963	102
963	350
963	490
963	516
963	724
963	825
963	830
963	835
963	868
963	869
963	893
963	918
964	348
964	361
964	389
964	401
964	631
964	739
964	799
964	823
964	865
964	871
964	930
964	988
965	423
965	468
965	592
965	697
965	756
965	780
965	813
965	840
965	954
965	968
965	978
965	983
966	371
966	482
966	495
966	545
966	566
966	683
966	715
966	801
966	873
966	951
966	994
966	1000
967	155
967	365
967	391
967	554
967	579
967	705
967	722
967	853
967	901
967	905
967	910
967	969
968	81
968	175
968	292
968	532
968	570
968	699
968	789
968	806
968	891
968	925
968	965
968	980
968	997
969	178
969	469
969	498
969	532
969	579
969	671
969	747
969	778
969	853
969	901
969	905
969	910
969	967
970	145
970	193
970	200
970	338
970	438
970	689
970	777
970	842
970	892
970	904
970	920
970	959
970	971
971	59
971	145
971	193
971	338
971	339
971	438
971	656
971	689
971	892
971	920
971	959
971	970
971	973
972	7
972	276
972	283
972	417
972	487
972	576
972	602
972	812
972	881
972	886
972	899
972	915
972	981
973	30
973	122
973	197
973	379
973	538
973	564
973	747
973	770
973	879
973	897
973	971
973	976
973	1000
974	39
974	189
974	203
974	222
974	236
974	408
974	446
974	572
974	820
974	859
974	943
974	982
974	985
975	78
975	278
975	527
975	561
975	802
975	833
975	845
975	860
975	884
975	923
975	946
975	984
975	996
976	122
976	141
976	197
976	538
976	564
976	584
976	747
976	770
976	824
976	879
976	897
976	957
976	973
977	91
977	212
977	253
977	386
977	390
977	742
977	802
977	838
977	864
977	908
977	946
977	948
977	951
978	339
978	468
978	476
978	673
978	684
978	697
978	756
978	780
978	813
978	840
978	954
978	965
978	981
979	304
979	372
979	396
979	410
979	445
979	523
979	541
979	694
979	698
979	786
979	817
979	847
979	933
980	81
980	121
980	699
980	708
980	735
980	746
980	789
980	806
980	861
980	891
980	925
980	968
980	997
981	74
981	159
981	184
981	190
981	280
981	318
981	547
981	790
981	810
981	861
981	866
981	972
981	978
982	97
982	189
982	236
982	446
982	492
982	572
982	648
982	811
982	820
982	859
982	943
982	974
982	985
983	110
983	462
983	550
983	585
983	598
983	616
983	687
983	817
983	827
983	904
983	962
983	965
983	999
984	67
984	206
984	508
984	529
984	533
984	591
984	658
984	682
984	795
984	826
984	879
984	957
984	975
985	97
985	189
985	203
985	236
985	446
985	492
985	572
985	649
985	820
985	859
985	943
985	958
985	974
985	982
986	384
986	460
986	493
986	520
986	521
986	524
986	553
986	733
986	782
986	794
986	849
986	891
986	940
986	949
987	22
987	68
987	80
987	154
987	220
987	661
987	665
987	745
987	807
987	814
987	834
987	924
987	938
987	990
988	222
988	348
988	380
988	389
988	400
988	401
988	551
988	596
988	799
988	823
988	871
988	919
988	930
988	964
989	33
989	48
989	96
989	255
989	457
989	470
989	603
989	617
989	640
989	720
989	816
989	824
989	836
989	844
990	22
990	154
990	187
990	210
990	220
990	661
990	665
990	745
990	807
990	834
990	852
990	924
990	938
990	987
991	2
991	243
991	342
991	477
991	490
991	498
991	510
991	542
991	566
991	718
991	875
991	913
991	936
991	956
992	163
992	290
992	425
992	466
992	499
992	518
992	678
992	728
992	729
992	781
992	822
992	878
992	907
992	941
993	15
993	118
993	176
993	374
993	460
993	557
993	560
993	569
993	580
993	707
993	852
993	869
993	881
993	909
993	954
994	371
994	482
994	545
994	590
994	604
994	630
994	650
994	683
994	760
994	801
994	815
994	873
994	889
994	966
994	1000
995	200
995	211
995	336
995	399
995	409
995	428
995	440
995	442
995	501
995	583
995	593
995	656
995	705
995	829
995	932
996	247
996	413
996	481
996	525
996	561
996	729
996	759
996	833
996	839
996	845
996	860
996	884
996	923
996	946
996	975
997	191
997	224
997	292
997	570
997	646
997	699
997	708
997	735
997	789
997	806
997	891
997	925
997	968
997	980
997	998
998	140
998	324
998	357
998	509
998	642
998	690
998	797
998	828
998	841
998	856
998	895
998	906
998	928
998	953
998	997
999	214
999	223
999	453
999	462
999	526
999	585
999	598
999	616
999	666
999	687
999	753
999	827
999	904
999	962
999	983
1000	174
1000	482
1000	545
1000	566
1000	590
1000	604
1000	630
1000	650
1000	801
1000	873
1000	918
1000	953
1000	966
1000	973
1000	994
