1000001
1000065
1000074
1000088
1000098
10002
1000584
1000743
1000756
1001016
1001044
100175
1002372
10024
1002462
1002604
1002883
1002976
1003060
1003753
1003754
100402
1004259
1004288
1004419
1004654
1006132
1006475
1006477
1006633
1007122
1007273
1007276
1007927
10083
1008687
1008868
1008948
1008952
1009043
1009107
1009618
101014
101017
101019
101020
101023
101024
101031
101040
101057
1010735
1010833
1010850
101090
1010906
1010910
1010912
1010913
1010914
1010915
1010918
1010919
1010920
1010922
1010925
1010926
1010927
1010928
1010929
1010930
1010931
1010932
1010933
1010934
1010936
1010937
1010938
1010939
1010940
1010941
1010942
1010945
1010946
1010947
1010948
1010949
1010950
1010951
1010952
1010957
1010960
1011634
1011813
1011817
1011818
1011821
1011822
1011823
1011824