10002
10006
10009
10015
10016
10017
10020
10021
10033
10036
10037
10050
10052
10061
10068
10070
10079
10080
10086
10087
10089
10099
101
1010
10102
10120
10130
10132
10144
10145
10150
10167
10171
10172
10178
10188
10192
10195
10200
10201
10202
10209
10217
10220
10225
10228
1023
10245
10252
1026
10260
10267
1027
10270
10276
10278
10286
10289
10291
10295
10306
10311
1037
1045
1046
1047
1048
1050
1054
1056
1061
1064
1066
1070
1075
1076
1078
108
1080
1086
1087
1092
1107
1108
1110
1113
112
1124
1127
1129
113
1130
1132
1137
1140
1141
1145
1146
1158
1160
1164
117
1179
1188
1202
1203
1206
1207
1208
1209
1215
1222
1224
1225
1226
123
1230
1232
1233
1235
1238
124
1240
1249
1250
1254
1255
1259
1262
1263
1264
1269
1270
1271
1272
1273
1275
128
1297
1309
131
1311
1324
1332
1337
135
1358
1359
1364
1367
1375
1380
1382
1383
1386
1388
1392
1394
1395
14
1403
141
1410
1412
1415
1417
1420
1424
1425
143
1434
1450
1456
1459
1462
1464
1468
1470
1471
1474
1477
148
1480
1482
149
1491
1493
1503
1505
1509
1512
1513
1519
152
1529
153
1531
1532
1534
1535
1541
1542
1547
1550
1551
1555
1566
1573
1585
1587
1589
1590
1605
1623
1636
164
1645
1658
1664
167
1674
1681
1693
1707
171
1714
1732
1734
1736
1737
1740
1743
1765
1769
177
1771
1773
1787
1790
1797
1799
1810
1811
1812
1829
185
1856
186
1868
1870
1876
188
1884
1888
189
1894
1897
1899
190
1904
1914
1922
1934
194
1944
1949
195
1977
1980
1989
199
1997
1999
200
2004
2015
2017
2027
203
2031
2035
2039
2043
205
2055
2061
2066
2068
2069
207
2076
2078
208
2084
2087
2095
2103
2107
2110
2127
2139
214
2140
2161
2176
218
2184
2186
2189
2191
2192
2197
2203
2206
2211
2212
2223
2231
2241
2242
2247
2258
2266
227
2273
2282
229
2292
231
2314
2318
2323
2327
2336
2337
234
2344
235
2350
2353
2356
2364
2367
237
2373
238
2391
2398
2400
2403
2406
2407
2424
243
2432
2433
2436
2441
2442
2443
2453
2456
2460
2474
2475
248
2487
249
2495
2496
2508
2529
2540
2542
2544
2547
2562
2565
2578
2590
2593
2595
2598
2599
260
2600
2601
2604
2607
2608
2618
2621
2622
2627
2631
2632
2636
2637
265
2654
2659
2666
267
2670
2672
2689
2691
2692
2698
2699
27
2700
2701
2704
2705
2709
271
2712
2718
2719
2720
2721
2724
274
2746
2750
2755
2759
276
2761
2763
2772
2775
2781
2783
2786
2792
2793
28
2800
2802
2812
2823
2824
2830
2835
2836
2842
2847
285
2851
2856
286
2861
2870
2877
2878
2886
2889
289
2905
2909
2910
2913
2929
2930
2938
2941
2957
2959
2965
2967
2970
2976
2982
2983
2988
2990
2997
30
3003
3005
3009
3011
303
3030
3035
3043
3052
3055
3073
3078
3088
3091
3110
3113
3114
3119
3121
3126
3130
3136
3137
3141
315
316
3163
3177
3182
3186
3191
3194
3196
3198
3205
3206
3207
321
3213
3215
322
3229
3234
3237
3244
3256
3260
3262
3265
3271
3275
3278
3280
3282
3284
3287
3289
3291
3299
3308
3324
3330
3333
3336
3340
3341
3343
335
3359
3360
3365
3372
3375
338
3381
3384
3385
3387
3390
3405
3412
3420
3422
3436
3438
344
3443
3449
3454
3455
3467
3472
3476
348
3481
3482
3492
3495
3497
3501
3503
3514
352
3523
3525
3526
3528
3534
3535
3536
3550
3560
3561
3565
3566
357
3571
3575
3577
3584
3587
3593
3596
3599
36
3606
3619
3627
3628
3637
3640
3642
3650
3657
3668
367
3673
3674
3688
3690
3697
3718
3728
3730
3736
3738
3739
374
3742
3744
3747
375
3761
3762
3768
3775
378
3782
3784
3790
3792
3794
3798
3799
3801
3806
3809
3814
3820
3822
3826
383
3832
3836
3842
3848
3852
3854
3857
3858
3864
3868
3871
3873
3875
388
3882
3883
3884
3886
3912
3913
3916
3923
3927
3935
394
3941
3944
3947
3949
395
3958
3963
3966
3977
3983
3984
399
3990
3997
3998
400
4003
4005
4008
4025
4029
4039
4041
4043
4044
4045
4049
4054
4061
4063
4065
4071
4075
4085
4088
409
4094
41
4100
4103
4106
411
4120
4126
413
4136
4138
4139
4141
4142
4144
4145
4146
4147
4149
415
4153
4154
4166
4168
4174
4175
4180
4187
4198
4209
4213
4216
4219
4223
4227
4229
423
4231
4234
4248
4256
4260
4266
4271
4281
4283
4291
4306
4308
431
4317
4327
4339
434
4346
4348
4349
4351
4352
4356
4357
4359
436
4361
4362
437
4373
4375
438
439
4393
4395
4398
440
4404
4406
4412
4414
4415
4420
4421
4424
4427
4429
443
4438
4441
4446
445
4452
4454
4463
4468
4471
4474
4477
4484
4485
4491
4495
4498
4499
4505
4509
4511
4513
4518
4519
452
4524
4526
4528
4545
4551
4552
4558
4560
4568
4570
458
4582
4583
4598
4603
4604
4605
4606
461
4614
462
4621
463
4631
464
4643
4646
4647
4648
465
4655
4658
4666
4672
4674
468
4680
4686
4687
4693
4694
4700
4724
4728
4742
4747
4756
4757
4761
4765
4770
4776
4778
4782
4784
4788
4789
479
4798
4801
4803
4804
4805
4815
4817
4828
4833
4853
4854
4856
486
487
4870
4871
4876
4884
4886
4887
4888
489
4896
4903
4911
492
4925
4929
4931
4936
4937
4939
4957
4964
4967
4968
4969
4971
4976
4978
498
4985
4989
4997
5002
5007
5009
5011
5014
5015
5019
5026
5040
5044
5046
5047
5050
506
5065
5066
5087
5091
5093
5103
5105
5108
5109
5111
5124
5125
5127
5132
5135
5139
5140
515
5153
5154
5157
516
5170
5175
5176
519
5190
5196
5198
52
5209
5213
5214
5215
5216
5218
522
5220
5227
523
5230
5237
5241
5244
5250
5259
526
5264
527
5271
5278
528
5281
5282
5289
5294
530
5307
5309
5314
5320
5321
5326
5327
5332
5336
5341
5347
5349
535
5356
5358
536
5361
5364
5366
5369
5377
5388
539
5392
54
540
5407
5409
541
5410
5413
5416
5430
5438
5445
5446
545
5451
546
5460
5465
5471
5472
5477
5484
5487
5499
5500
5530
5532
5537
5541
5546
5553
5554
5558
556
5563
5566
5571
5574
5578
5589
5592
5594
5595
560
5603
5609
5623
5624
5627
5629
5633
5635
5641
5645
5646
5649
566
5664
5667
568
5684
5710
5712
5716
5718
5723
5730
5734
5737
5739
574
5742
5748
5749
5755
5771
5785
5790
5795
5796
5797
5799
580
5805
5809
5810
5813
5817
5820
5823
5833
584
5841
5849
5852
5856
5857
5866
5875
5876
5878
5880
5881
5889
5891
5892
5893
5894
5897
5898
5911
5914
592
5920
5924
5927
5929
5937
5944
5945
5955
596
5963
5968
5970
5971
5974
5976
5979
5980
5989
5994
5996
6
6000
6003
6004
6007
6012
6013
6019
6027
6038
6042
6043
6045
6049
6052
6054
6055
6056
606
6078
6081
6083
6092
6097
61
6105
6108
6111
6115
6124
6141
6142
6145
6160
6163
6166
6168
6173
6187
6205
6222
6235
6238
6243
6249
6250
6251
6252
6255
626
6264
6267
6268
627
6272
6281
6287
6297
6298
6299
6303
6312
6313
6315
6320
6324
6335
634
6345
6347
6352
6353
6356
6359
6360
6361
6364
6371
6379
6382
6390
6398
640
6402
6405
6408
6409
641
6412
6421
6422
6425
6426
6431
6436
6440
645
6454
6457
646
6462
6463
6469
6471
6473
6475
6480
6493
6495
6497
6499
6501
6503
6507
6518
6530
6532
6538
6543
6544
6554
6557
656
6560
6563
6564
6567
6577
6584
6588
6589
6591
6592
6603
6609
6626
6631
6640
6643
6646
6655
6659
6668
667
6674
6675
6677
668
6688
6693
6694
6695
6697
6709
6712
6718
6722
6737
6754
6760
6765
6770
6776
6778
678
6784
6789
679
6794
6799
6807
681
682
6825
6833
6837
6844
6845
6847
6848
6849
6854
6858
6863
6866
6884
6891
6897
6899
691
6912
6913
6915
6916
6925
6927
693
6934
694
6947
6956
6966
6968
697
6978
698
6993
6995
7004
701
7013
7015
702
7023
7034
7035
7039
704
7055
7056
7059
7071
7075
7079
7080
7087
7090
7095
7097
7103
7104
7105
712
7130
7133
7139
7142
7143
7150
7153
7154
7164
7165
7168
7169
7171
7176
7179
718
7186
7192
7196
7199
7201
7203
7210
7227
7243
725
7252
7260
7261
7266
7271
7272
7277
728
7282
7283
7287
729
7293
7295
7303
7307
7309
7314
7316
7320
7327
734
7353
7357
7359
7362
7366
7368
737
7375
7377
7378
7384
7386
7408
7415
7417
7419
7428
743
7431
7433
7437
744
7441
745
7452
7457
7459
7462
7465
7466
7469
7502
7508
7514
752
7531
7534
7536
754
7549
755
7555
7559
756
7563
7566
7569
7570
7571
7575
7580
7583
7588
7590
76
7604
7614
7615
7619
7621
7628
7633
7635
7648
7655
7658
766
7662
767
7674
768
7682
7683
7684
7689
7691
77
7707
7715
7716
7718
7719
773
7731
7735
7736
7758
7759
7760
7767
7772
7773
7774
7791
7792
7795
78
7800
7805
7811
7812
7815
7831
7833
7849
785
7853
7854
7859
7872
7874
7876
7881
7884
7892
7895
79
7906
7912
7920
7922
7924
7926
793
794
7944
7955
7959
796
7966
797
7970
7976
798
8002
8003
8004
8008
8010
8011
8014
8016
802
8027
8034
8035
804
8054
8055
8073
8076
8079
8081
8094
8098
810
8103
8108
8111
812
8122
8124
8131
8133
8137
8142
815
8153
8155
8156
8161
8167
817
8170
8173
8175
8176
8182
8185
8190
8191
8193
8196
82
8206
8211
8214
8215
8217
8218
8221
8229
823
8239
8243
8244
8247
825
8254
8259
8268
827
8274
8278
8291
8292
8299
8302
8303
8307
831
8318
8319
8340
8356
8358
8359
8366
8372
8374
8379
838
8380
8394
8398
84
8406
8410
8414
842
8424
8425
8427
8433
8444
8447
8450
8454
8459
8460
8462
847
8480
8488
8493
8502
8509
8510
8511
8513
8515
8516
8518
8525
8527
8529
8532
8533
8554
8555
8556
8557
8561
8563
8564
8572
8576
8578
8579
8581
8588
8604
8610
8619
8621
8631
8632
8639
8641
8642
8652
8654
866
8668
8676
8679
8688
8689
87
8700
8703
8707
8717
8722
8727
873
8732
8736
8741
8750
8758
8764
8767
877
8782
8789
8793
8796
880
8800
8801
8810
8815
8820
8821
8825
8832
8836
8842
8843
8855
8856
8857
8864
8866
8867
8872
8880
8887
8888
89
8900
8906
8912
8914
8921
8925
8927
8937
8938
894
8943
8946
8947
8953
8955
896
8960
8967
8971
8975
8982
8984
8988
8996
8999
9001
9002
9019
9020
9021
9026
9028
9029
9033
9043
9056
906
9068
9073
9074
9078
9081
9089
9099
91
9102
912
9120
9129
913
9130
9136
9137
9139
9143
9144
9153
9156
9163
9168
9178
9186
920
9201
9203
9208
9214
9223
9240
9247
925
9250
9256
9268
927
9273
9275
9277
9278
9279
9280
9284
9286
9287
9298
9305
9307
9308
9316
9321
9327
9329
9344
9345
9349
935
9354
9359
937
9371
9374
9375
9377
9379
9385
9387
9395
9400
9401
9402
9407
9408
9415
942
9421
9427
9432
9436
9439
9442
9445
946
9460
9466
9472
9474
9478
9486
95
950
9508
9510
9511
9514
9528
9529
9530
9531
9532
9534
9540
9550
9552
9558
9563
957
9572
9574
9588
9591
9593
9597
9600
9607
961
9610
9612
9616
9617
9620
9633
9636
9640
9643
9647
9657
967
9670
9671
9685
9687
9695
9696
9701
9705
9710
9713
9719
9724
9736
9739
974
9752
9758
9759
9764
9768
9769
9770
978
9787
9788
9789
9791
9798
980
9800
9801
9811
9814
9818
9826
983
9831
9834
9842
9844
9848
9851
9852
9853
9855
9860
9869
987
9872
9877
9887
9891
9893
99
9901
9910
9911
9912
9915
9917
9918
9919
992
9923
9924
9931
9932
9934
9935
9938
9939
9943
9947
9948
9950
9952
9953
9964
9967
9971
9993
