77997	1000074	
87459	1000074	
107540	1000074	
107639	1000074	
212871	1000074	
214995	1000074	
274428	1000074	
279292	1000074	
290051	1000074	
290068	1000074	
292693	1000074	
294024	1000074	
357622	1000074	
357655	1000074	
405801	1000074	
418997	1000074	
420282	1000074	
421005	1000074	
428757	1000074	
443254	1000074	
443328	1000074	
444486	1000074	
471399	1000074	
471401	1000074	
471418	1000074	
542316	1000074	
570631	1000074	
571451	1000074	
590248	1000074	
590744	1000074	
598485	1000074	
607109	1000074	
673045	1000074	
725000	1000074	
855575	1000074	
887316	1000074	
911838	1000074	
922345	1000074	
945659	1000074	
946920	1000074	
961981	1000074	
962743	1000074	
962796	1000074	
1000074	1000075	
1000074	1000088	
1000074	1000097	
1000074	1008246	
1000074	1046606	
1000074	1093517	
1000074	1158816	
1000074	1233583	
1000074	1400191	
1000074	1440339	
1000074	1486630	
1000074	1543416	
1000074	1581781	
1000074	1799429	
1000074	1877681	
1000074	1877682	
1000074	1877683	
1000074	1877684	
1000074	1877685	
1000074	1877686	
1000074	1877687	
1000074	1927852	
1000074	1944190	
1000074	2094137	
1000074	2219368	
1000074	2292563	
4	290068	
6	87459	
6	107540	
6	279292	
6	290068	
91	418997	
947	855575	
1296	290068	
1298	87459	
1328	542316	
1841	290068	
1841	590248	
2714	77997	
2883	107639	
2946	87459	
3026	1158816	
3326	443254	
5442	855575	
5442	1877682	
5691	279292	
5945	471401	
5946	471399	
5947	471399	
5947	471401	
5949	471399	
5953	471399	
5953	471418	
5955	855575	
5957	357622	
5957	471399	
5962	1008246	
5966	471399	
5966	471401	
5966	855575	
5966	1008246	
5967	471399	
5967	471401	
5969	471399	
5969	471418	
5972	357622	
5972	471399	
5972	471401	
5973	421005	
5973	471399	
5973	471401	
5980	471399	
5980	471401	
5980	471418	
5986	357622	
5988	1008246	
5993	471418	
6142	87459	
7832	598485	
8455	107639	
9375	77997	
9555	542316	
9558	598485	
9558	911838	
9561	590248	
9567	443328	
9592	443254	
9765	598485	
9766	77997	
9766	274428	
9766	570631	
9766	598485	
9780	444486	
9783	107639	
9783	922345	
9783	946920	
9804	598485	
9805	443328	
9805	590248	
9806	598485	
9814	420282	
9814	471399	
9818	2219368	
9862	945659	
9896	542316	
9898	542316	
9899	542316	
9920	542316	
9947	855575	
10576	598485	
10739	87459	
11509	87459	
11509	542316	
13294	598485	
13294	911838	
13664	444486	
13743	598485	
16416	590248	
16421	590248	
16498	290068	
16512	1000088	
16512	1581781	
16525	1000088	
16606	87459	
16654	443254	
16759	107540	
16759	274428	
16762	107540	
16787	962796	
16787	1046606	
17810	911838	
20975	87459	
21192	1877682	
21281	911838	
21369	87459	
21593	274428	
23594	444486	
24923	962743	
27227	725000	
27227	1400191	
27245	962743	
28081	911838	
29099	87459	
33512	598485	
33622	292693	
33710	107540	
33710	107639	
33710	290051	
33731	87459	
33731	107540	
33731	107639	
33827	87459	
33940	87459	
34014	87459	
34142	214995	
34142	279292	
34142	290068	
34309	87459	
34564	1400191	
34684	87459	
34684	107540	
34684	279292	
34684	290068	
34737	87459	
34741	212871	
34744	87459	
34775	214995	
34789	107540	
34789	290068	
34790	443254	
34814	214995	
34884	87459	
34901	279292	
34931	107540	
35081	87459	
35378	290068	
38062	725000	
38309	598485	
38465	274428	
38543	1400191	
38903	357622	
38903	922345	
39046	87459	
39239	279292	
39255	542316	
39273	922345	
39337	87459	
39434	212871	
39434	570631	
39639	87459	
39639	725000	
39697	542316	
39795	673045	
40114	87459	
40865	87459	
41566	443254	
41852	290051	
42172	290068	
42187	1158816	
42582	911838	
42601	87459	
42905	214995	
43068	290068	
43079	87459	
43085	87459	
43315	598485	
43317	590248	
43335	598485	
44125	279292	
44125	290068	
44341	290068	
44544	570631	
45458	77997	
45458	107639	
45458	290051	
45458	357622	
45458	725000	
45466	107540	
45466	107639	
45466	212871	
45466	290051	
45466	290068	
45466	570631	
45466	922345	
45468	107639	
45471	444486	
45691	290068	
45692	107540	
45693	87459	
45694	290068	
45698	1008246	
45709	443328	
45834	444486	
46226	279292	
46226	290068	
46226	1000075	
46707	87459	
46821	290051	
46905	590248	
47060	87459	
47080	87459	
47220	542316	
47222	77997	
47378	87459	
47588	290068	
47917	214995	
47939	214995	
47939	279292	
47939	290068	
47967	292693	
48012	87459	
48478	107639	
48618	87459	
48626	87459	
48859	87459	
48901	87459	
49227	87459	
49668	77997	
49668	87459	
49671	443328	
49671	855575	
49749	87459	
49775	357622	
49775	357655	
50755	725000	
50820	887316	
51355	87459	
52849	279292	
52849	290068	
55444	107639	
57013	87459	
60189	887316	
63840	107639	
72283	420282	
76049	77997	
76327	107639	
76332	77997	
76332	107540	
76332	279292	
76332	290051	
76332	290068	
76332	542316	
76343	290068	
76343	443254	
76356	542316	
76377	290068	
76465	279292	
76465	290068	
76534	290068	
76624	290051	
76646	290068	
76665	279292	
76665	290068	
76759	290068	
76821	279292	
76821	290068	
76821	607109	
76833	290068	
76839	590744	
76846	290068	
76855	290068	
76858	290068	
76887	279292	
76887	290068	
76946	290068	
76954	107540	
76954	294024	
76962	290051	
77010	290068	
77016	590248	
77105	77997	
77154	1440339	
77188	107639	
77190	77997	
77208	443254	
77212	542316	
77217	443254	
77235	107540	
77241	290051	
77264	77997	
77267	87459	
77351	274428	
77451	542316	
77451	725000	
77452	107639	
77452	855575	
77454	418997	
77455	107639	
77469	922345	
77471	542316	
77509	290068	
77563	725000	
77918	725000	
77947	87459	
77947	214995	
77961	542316	
77970	77997	
77997	78010	
77997	78011	
77997	87459	
77997	107513	
77997	107514	
77997	107523	
77997	107605	
77997	151708	
77997	176457	
77997	209769	
77997	210146	
77997	210887	
77997	211563	
77997	211617	
77997	211994	
77997	212486	
77997	212851	
77997	212856	
77997	213105	
77997	213179	
77997	214427	
77997	214973	
77997	214995	
77997	215275	
77997	216954	
77997	266121	
77997	266137	
77997	269460	
77997	272543	
77997	278729	
77997	279292	
77997	285055	
77997	285084	
77997	289355	
77997	289465	
77997	290053	
77997	290068	
77997	290070	
77997	290237	
77997	290525	
77997	293139	
77997	293140	
77997	293155	
77997	294107	
77997	309704	
77997	337398	
77997	343578	
77997	344089	
77997	344090	
77997	344100	
77997	344121	
77997	355316	
77997	381210	
77997	381213	
77997	403309	
77997	412270	
77997	414971	
77997	415170	
77997	416577	
77997	429321	
77997	449157	
77997	455658	
77997	521776	
77997	530495	
77997	533555	
77997	536185	
77997	543698	
77997	544314	
77997	547459	
77997	585549	
77997	586732	
77997	590744	
77997	600307	
77997	608104	
77997	659419	
77997	666578	
77997	668174	
77997	673770	
77997	701478	
77997	726333	
77997	823062	
77997	861428	
77997	863078	
77997	864248	
77997	883056	
77997	946232	
77997	951133	
77997	962743	
77997	999603	
77997	1000076	
77997	1000097	
77997	1016096	
77997	1016098	
77997	1016106	
77997	1176725	
77997	1209057	
77997	1400786	
77997	1543935	
77997	1614561	
77997	1690113	
77997	1801791	
77997	1839074	
77997	2052465	
77997	2052466	
77997	2052467	
77997	3896917	
78006	290068	
78011	1000097	
78393	214995	
78393	279292	
78393	1400191	
79899	87459	
79899	214995	
79902	945659	
79913	212871	
79959	444486	
81297	107639	
83239	290068	
84241	1158816	
85158	107540	
85158	107639	
85159	107639	
85164	214995	
85164	279292	
85164	1400191	
87459	87555	
87459	107515	
87459	107655	
87459	107757	
87459	114830	
87459	115196	
87459	125211	
87459	144998	
87459	156482	
87459	176324	
87459	204029	
87459	211566	
87459	211917	
87459	212436	
87459	212508	
87459	212856	
87459	213076	
87459	213105	
87459	214407	
87459	214995	
87459	215532	
87459	217538	
87459	245997	
87459	254446	
87459	261100	
87459	266923	
87459	266958	
87459	267065	
87459	267824	
87459	267825	
87459	269460	
87459	269540	
87459	271038	
87459	273443	
87459	278669	
87459	279292	
87459	284755	
87459	288054	
87459	289343	
87459	290068	
87459	290133	
87459	292015	
87459	293140	
87459	293152	
87459	293155	
87459	293617	
87459	309702	
87459	335812	
87459	336973	
87459	337354	
87459	337362	
87459	337376	
87459	337402	
87459	338253	
87459	339137	
87459	340037	
87459	341525	
87459	343575	
87459	343576	
87459	343578	
87459	343855	
87459	343954	
87459	353949	
87459	355316	
87459	355681	
87459	356081	
87459	361051	
87459	361359	
87459	361381	
87459	361579	
87459	361618	
87459	361674	
87459	362248	
87459	362273	
87459	364773	
87459	365486	
87459	379620	
87459	400412	
87459	401739	
87459	402703	
87459	404461	
87459	404478	
87459	404505	
87459	407152	
87459	411039	
87459	414991	
87459	419908	
87459	429447	
87459	429921	
87459	433498	
87459	436539	
87459	459515	
87459	468191	
87459	471884	
87459	471891	
87459	472594	
87459	481208	
87459	518328	
87459	520800	
87459	521776	
87459	523486	
87459	527594	
87459	529179	
87459	530157	
87459	532345	
87459	533740	
87459	536770	
87459	542122	
87459	542321	
87459	543698	
87459	543902	
87459	543909	
87459	545618	
87459	545633	
87459	545634	
87459	557975	
87459	558272	
87459	559053	
87459	576613	
87459	576852	
87459	587236	
87459	605742	
87459	607109	
87459	609577	
87459	610413	
87459	611166	
87459	611173	
87459	613154	
87459	617848	
87459	627683	
87459	659302	
87459	661215	
87459	664533	
87459	665199	
87459	672341	
87459	674891	
87459	675052	
87459	701478	
87459	701763	
87459	705729	
87459	705730	
87459	705731	
87459	705732	
87459	705735	
87459	705739	
87459	715855	
87459	726333	
87459	738868	
87459	847397	
87459	862225	
87459	870778	
87459	885025	
87459	888669	
87459	891264	
87459	900576	
87459	917908	
87459	923748	
87459	930136	
87459	963567	
87459	987358	
87459	999603	
87459	1000062	
87459	1000063	
87459	1000072	
87459	1000091	
87459	1000098	
87459	1040400	
87459	1096530	
87459	1162950	
87459	1176701	
87459	1180113	
87459	1180114	
87459	1180115	
87459	1180116	
87459	1180117	
87459	1180120	
87459	1180122	
87459	1180123	
87459	1180125	
87459	1183071	
87459	1195547	
87459	1212398	
87459	1232808	
87459	1264354	
87459	1301304	
87459	1327646	
87459	1340382	
87459	1395632	
87459	1395633	
87459	1398626	
87459	1448579	
87459	1448584	
87459	1533341	
87459	1599625	
87459	1621572	
87459	1668701	
87459	1668702	
87459	1669560	
87459	1679678	
87459	1703689	
87459	1709917	
87459	1709918	
87459	1709919	
87459	1709920	
87459	1709921	
87459	1709922	
87459	1709923	
87459	1709924	
87459	1709925	
87459	1709926	
87459	1709927	
87459	1709928	
87459	1709929	
87459	1709930	
87459	1709931	
87459	1709932	
87459	1709933	
87459	1709934	
87459	1709935	
87459	1709936	
87459	1709937	
87459	1709938	
87459	1709939	
87459	1709940	
87459	1709941	
87459	1709942	
87459	1709943	
87459	1709944	
87459	3709074	
88880	107540	
101958	961981	
107509	107639	
107510	107540	
107510	107639	
107510	212871	
107510	290068	
107510	570631	
107511	542316	
107513	107540	
107513	107639	
107513	212871	
107513	279292	
107513	290051	
107513	290068	
107513	292693	
107513	294024	
107513	418997	
107513	428757	
107514	107639	
107518	107540	
107518	107639	
107518	212871	
107518	290068	
107518	946920	
107521	107540	
107521	107639	
107522	290068	
107523	107540	
107523	542316	
107523	1000075	
107527	107540	
107527	107639	
107528	107540	
107528	107639	
107528	290051	
107528	290068	
107528	294024	
107528	418997	
107528	428757	
107532	107639	
107534	542316	
107538	107540	
107538	107639	
107538	212871	
107538	294024	
107538	570631	
107539	107540	
107539	107639	
107539	290051	
107539	290068	
107540	107557	
107540	107558	
107540	107559	
107540	107560	
107540	107562	
107540	107617	
107540	107619	
107540	107637	
107540	107638	
107540	107639	
107540	107640	
107540	107641	
107540	107650	
107540	107652	
107540	107655	
107540	107693	
107540	107705	
107540	107707	
107540	107709	
107540	107776	
107540	107792	
107540	107812	
107540	107816	
107540	107823	
107540	107825	
107540	107830	
107540	118447	
107540	123684	
107540	164522	
107540	176457	
107540	209183	
107540	210647	
107540	210681	
107540	211264	
107540	211493	
107540	211743	
107540	212773	
107540	212851	
107540	212852	
107540	212855	
107540	212858	
107540	212859	
107540	212861	
107540	212864	
107540	212867	
107540	212869	
107540	213115	
107540	213144	
107540	213149	
107540	213905	
107540	214211	
107540	214319	
107540	214599	
107540	214970	
107540	214971	
107540	214973	
107540	214997	
107540	215000	
107540	215024	
107540	215029	
107540	215185	
107540	215263	
107540	215944	
107540	215948	
107540	215949	
107540	215953	
107540	215969	
107540	217260	
107540	218671	
107540	219643	
107540	220280	
107540	222128	
107540	253477	
107540	272417	
107540	273376	
107540	273454	
107540	275462	
107540	284098	
107540	284100	
107540	284229	
107540	289148	
107540	289304	
107540	289309	
107540	289311	
107540	289312	
107540	289313	
107540	289320	
107540	289330	
107540	289357	
107540	289358	
107540	289368	
107540	289390	
107540	289394	
107540	289404	
107540	289436	
107540	289438	
107540	289458	
107540	289468	
107540	289469	
107540	289499	
107540	289501	
107540	289510	
107540	289513	
107540	289530	
107540	289540	
107540	289595	
107540	289608	
107540	290051	
107540	290066	
107540	290070	
107540	290072	
107540	290103	
107540	290104	
107540	290148	
107540	290434	
107540	290507	
107540	290508	
107540	290541	
107540	290548	
107540	290569	
107540	290745	
107540	291171	
107540	291213	
107540	291217	
107540	291554	
107540	291801	
107540	291843	
107540	291852	
107540	291854	
107540	291859	
107540	291877	
107540	292007	
107540	292025	
107540	292026	
107540	292110	
107540	292140	
107540	292606	
107540	292624	
107540	292625	
107540	292635	
107540	292638	
107540	292640	
107540	292669	
107540	292671	
107540	292680	
107540	292685	
107540	292691	
107540	292706	
107540	292707	
107540	292712	
107540	292727	
107540	292745	
107540	292750	
107540	292751	
107540	292756	
107540	292775	
107540	292776	
107540	292779	
107540	292787	
107540	292795	
107540	292821	
107540	292854	
107540	292862	
107540	292867	
107540	292868	
107540	293079	
107540	293097	
107540	293136	
107540	293167	
107540	293338	
107540	293348	
107540	293349	
107540	293353	
107540	293365	
107540	293379	
107540	293381	
107540	293391	
107540	294009	
107540	294012	
107540	294032	
107540	294037	
107540	294093	
107540	314123	
107540	321803	
107540	336811	
107540	344348	
107540	346229	
107540	380147	
107540	381010	
107540	388832	
107540	392831	
107540	400223	
107540	403178	
107540	406328	
107540	406824	
107540	407390	
107540	407881	
107540	408634	
107540	408635	
107540	415208	
107540	415238	
107540	416675	
107540	418997	
107540	426789	
107540	427242	
107540	428675	
107540	428725	
107540	428726	
107540	428728	
107540	428731	
107540	428732	
107540	428738	
107540	428756	
107540	428757	
107540	428759	
107540	428767	
107540	428771	
107540	428773	
107540	428777	
107540	428782	
107540	428858	
107540	429205	
107540	429384	
107540	435008	
107540	438044	
107540	442759	
107540	466859	
107540	470833	
107540	471391	
107540	529556	
107540	529566	
107540	529568	
107540	529589	
107540	529610	
107540	529633	
107540	531002	
107540	547169	
107540	557387	
107540	558710	
107540	558772	
107540	570623	
107540	570626	
107540	570636	
107540	570649	
107540	570678	
107540	577003	
107540	577067	
107540	577068	
107540	577098	
107540	585315	
107540	587317	
107540	587431	
107540	587437	
107540	589493	
107540	589598	
107540	590265	
107540	590271	
107540	590473	
107540	591420	
107540	591660	
107540	593762	
107540	593771	
107540	596017	
107540	615720	
107540	616948	
107540	659599	
107540	690727	
107540	695081	
107540	695109	
107540	705987	
107540	720204	
107540	723958	
107540	724976	
107540	725008	
107540	732325	
107540	738461	
107540	738489	
107540	761515	
107540	817091	
107540	819465	
107540	842626	
107540	880092	
107540	895394	
107540	895505	
107540	908074	
107540	908076	
107540	908078	
107540	908079	
107540	908081	
107540	908084	
107540	908085	
107540	922168	
107540	942045	
107540	945659	
107540	947516	
107540	947625	
107540	951395	
107540	992821	
107540	999248	
107540	999249	
107540	999269	
107540	999331	
107540	1000069	
107540	1000075	
107540	1000102	
107540	1000954	
107540	1108806	
107540	1121768	
107540	1163134	
107540	1163203	
107540	1163231	
107540	1219565	
107540	1306811	
107540	1327965	
107540	1347237	
107540	1362416	
107540	1362425	
107540	1362456	
107540	1362649	
107540	1389668	
107540	1399103	
107540	1399660	
107540	1399664	
107540	1399674	
107540	1399680	
107540	1399681	
107540	1399686	
107540	1399692	
107540	1399697	
107540	1399698	
107540	1399733	
107540	1399745	
107540	1400012	
107540	1400024	
107540	1400357	
107540	1400366	
107540	1400373	
107540	1400482	
107540	1400510	
107540	1408209	
107540	1423364	
107540	1429857	
107540	1477266	
107540	1510051	
107540	1545644	
107540	1580779	
107540	1582811	
107540	1624271	
107540	1698889	
107540	1700166	
107540	1700169	
107540	1700259	
107540	1700262	
107540	1700316	
107540	1700317	
107540	1700318	
107540	1700319	
107540	1700320	
107540	1700321	
107540	1700322	
107540	1700323	
107540	1700324	
107540	2949044	
107545	107639	
107545	290051	
107545	292693	
107556	107639	
107556	212871	
107557	290051	
107558	107639	
107558	212871	
107558	279292	
107558	290051	
107558	290068	
107558	294024	
107558	428757	
107558	570631	
107558	922345	
107558	1000075	
107559	290051	
107559	290068	
107560	290051	
107562	107639	
107562	212871	
107562	279292	
107562	290051	
107562	290068	
107562	428757	
107562	1000075	
107571	107639	
107571	292693	
107571	294024	
107571	405801	
107571	471418	
107571	946920	
107571	962743	
107571	962796	
107571	1233583	
107571	1581781	
107571	1877681	
107571	1877682	
107571	1927852	
107577	290051	
107582	107639	
107583	290051	
107583	290068	
107583	418997	
107600	279292	
107600	290068	
107600	922345	
107603	290068	
107605	214995	
107605	279292	
107617	107639	
107619	107639	
107619	290051	
107619	922345	
107623	542316	
