289332	1000756	
290534	1000756	
382012	1000756	
591663	1000756	
676906	1000756	
912530	1000756	
1000742	1000756	
1000743	1000756	
1000744	1000756	
1000745	1000756	
1000746	1000756	
1000747	1000756	
1000748	1000756	
1000749	1000756	
1000750	1000756	
1000751	1000756	
1000752	1000756	
1000753	1000756	
1000754	1000756	
1000755	1000756	
1000756	1000757	
1000756	1000952	
1000756	1097066	
1000756	1724817	
1000756	2292498	
1000756	2292510	
1000756	2292511	
1000756	2292512	
1000756	2292513	
1000756	2292514	
1000756	2292515	
1000756	2292516	
1000756	2292517	
1000756	2292518	
1000756	2292519	
1000756	2292520	
1000756	2292521	
1000756	2292522	
1000756	2292523	
1000756	2292524	
1000756	2292525	
1000756	2292526	
1000756	2292527	
1000756	2292528	
1000756	2292529	
1000756	2292530	
1000756	2292531	
1000756	2292532	
1000756	2292533	
1000756	2292534	
1000756	2292535	
1000756	2292536	
1000756	2292537	
1000756	2292538	
1000756	2292539	
1000756	2292540	
1000756	2292541	
1000756	2292542	
1000756	2292543	
1000756	2705340	
1000756	2705341	
1000756	2705342	
1000756	2705343	
1000756	2705344	
1000756	2705345	
1000756	2705346	
1000756	2705348	
1000756	2705349	
1000756	2705350	
1000756	2705351	
1000756	2705352	
1000756	2705360	
6	289332	
12	289332	
5953	676906	
5961	676906	
5965	591663	
6991	382012	
9559	289332	
9564	289332	
11509	289332	
15580	1097066	
21152	676906	
21599	1097066	
23616	289332	
34684	289332	
34931	289332	
35325	289332	
39273	289332	
39304	676906	
44731	289332	
47456	289332	
49878	676906	
76332	289332	
76343	289332	
76962	289332	
77188	289332	
77452	289332	
77455	289332	
77474	289332	
85152	591663	
85152	676906	
107511	289332	
107513	289332	
107527	289332	
107532	289332	
107538	289332	
107539	289332	
107539	591663	
107545	289332	
107571	289332	
107627	289332	
107642	289332	
107812	289332	
107823	289332	
123342	1097066	
123343	1097066	
123676	289332	
152629	676906	
155429	289332	
164522	289332	
164812	2705341	
167328	289332	
176457	289332	
176462	289332	
202228	591663	
204352	1097066	
207213	1000742	
208336	289332	
208351	289332	
209183	289332	
209769	289332	
209816	289332	
210619	676906	
210647	289332	
210742	289332	
210792	289332	
211280	289332	
211453	289332	
211493	289332	
211501	289332	
211528	289332	
211529	289332	
211602	676906	
211639	1097066	
211751	676906	
211796	289332	
212850	289332	
212851	289332	
212856	289332	
212858	289332	
212861	289332	
212863	289332	
212865	289332	
212865	290534	
212866	289332	
212866	290534	
212878	289332	
212890	289332	
212920	289332	
213595	289332	
213977	289332	
214183	289332	
214283	676906	
214487	289332	
214564	289332	
214565	289332	
214583	289332	
215000	289332	
215002	289332	
215186	289332	
215444	289332	
215938	289332	
216991	289332	
217068	289332	
217130	289332	
217159	289332	
217171	289332	
217177	289332	
217274	289332	
217873	676906	
217895	289332	
219643	289332	
239374	289332	
245754	289332	
249067	289332	
251976	2292516	
254562	289332	
257865	382012	
265482	591663	
271027	289332	
271063	289332	
273226	289332	
273438	289332	
273829	289332	
275024	289332	
276430	289332	
276917	676906	
276939	289332	
277091	289332	
284229	289332	
284343	289332	
284349	676906	
286360	289332	
286908	289332	
287583	676906	
288889	289332	
289121	289332	
289294	289332	
289298	289332	
289304	289332	
289311	289332	
289317	289332	
289319	289332	
289320	289332	
289330	289332	
289331	289332	
289331	290534	
289332	289340	
289332	289343	
289332	289344	
289332	289345	
289332	289346	
289332	289347	
289332	289348	
289332	289349	
289332	289356	
289332	289359	
289332	289380	
289332	289407	
289332	289408	
289332	289415	
289332	289420	
289332	289421	
289332	289422	
289332	289426	
289332	289427	
289332	289428	
289332	289436	
289332	289437	
289332	289443	
289332	289446	
289332	289457	
289332	289461	
289332	289467	
289332	289474	
289332	289476	
289332	289477	
289332	289478	
289332	289479	
289332	289480	
289332	289481	
289332	289483	
289332	289484	
289332	289485	
289332	289486	
289332	289489	
289332	289492	
289332	289544	
289332	289570	
289332	289577	
289332	289601	
289332	289603	
289332	289609	
289332	290068	
289332	290077	
289332	290465	
289332	290468	
289332	290479	
289332	290480	
289332	290497	
289332	290525	
289332	290533	
289332	290534	
289332	290753	
289332	290899	
289332	291011	
289332	291171	
289332	291213	
289332	291217	
289332	291301	
289332	291567	
289332	291808	
289332	291809	
289332	291817	
289332	291831	
289332	291844	
289332	291854	
289332	291859	
289332	291860	
289332	291911	
289332	291995	
289332	291998	
289332	291999	
289332	292009	
289332	292011	
289332	292063	
289332	292130	
289332	292558	
289332	292560	
289332	292649	
289332	292670	
289332	292699	
289332	292702	
289332	292725	
289332	292727	
289332	292751	
289332	292866	
289332	293018	
289332	293026	
289332	293034	
289332	293062	
289332	293074	
289332	293079	
289332	293131	
289332	293149	
289332	293198	
289332	293713	
289332	293958	
289332	294638	
289332	316656	
289332	347226	
289332	347972	
289332	356209	
289332	365498	
289332	367315	
289332	380236	
289332	390926	
289332	392831	
289332	406323	
289332	406324	
289332	410095	
289332	410282	
289332	412073	
289332	415250	
289332	415253	
289332	415290	
289332	428648	
289332	428726	
289332	428731	
289332	435008	
289332	440602	
289332	440605	
289332	440607	
289332	442777	
289332	451276	
289332	471920	
289332	471927	
289332	481864	
289332	521536	
289332	537029	
289332	537030	
289332	542361	
289332	559288	
289332	567778	
289332	567785	
289332	567786	
289332	567789	
289332	567802	
289332	586131	
289332	589261	
289332	590670	
289332	591402	
289332	659633	
289332	661564	
289332	665334	
289332	705969	
289332	705989	
289332	706037	
289332	706059	
289332	706107	
289332	715846	
289332	743312	
289332	823505	
289332	949846	
289332	963185	
289332	998051	
289332	998154	
289332	998782	
289332	999350	
289332	1000272	
289332	1000273	
289332	1000274	
289332	1000275	
289332	1000277	
289332	1000278	
289332	1000737	
289332	1000738	
289332	1000739	
289332	1000740	
289332	1000741	
289332	1000742	
289332	1000743	
289332	1000744	
289332	1000745	
289332	1000746	
289332	1000747	
289332	1000748	
289332	1000749	
289332	1000750	
289332	1000751	
289332	1000752	
289332	1000753	
289332	1000754	
289332	1000755	
289332	1000757	
289332	1000758	
289332	1000759	
289332	1000760	
289332	1000761	
289332	1000762	
289332	1000763	
289332	1000764	
289332	1000765	
289332	1000766	
289332	1000767	
289332	1000768	
289332	1000769	
289332	1000770	
289332	1000771	
289332	1000772	
289332	1000773	
289332	1000774	
289332	1000775	
289332	1000776	
289332	1000777	
289332	1000778	
289332	1000779	
289332	1000780	
289332	1000781	
289332	1000782	
289332	1000783	
289332	1000784	
289332	1000785	
289332	1000786	
289332	1000787	
289332	1000788	
289332	1000789	
289332	1000790	
289332	1000791	
289332	1000792	
289332	1000793	
289332	1000794	
289332	1000795	
289332	1000796	
289332	1000797	
289332	1000798	
289332	1000799	
289332	1000800	
289332	1000801	
289332	1000802	
289332	1000803	
289332	1000804	
289332	1000805	
289332	1000806	
289332	1000807	
289332	1000808	
289332	1000809	
289332	1000810	
289332	1000811	
289332	1000812	
289332	1000813	
289332	1000814	
289332	1000815	
289332	1000816	
289332	1000817	
289332	1000818	
289332	1000819	
289332	1000820	
289332	1000821	
289332	1000822	
289332	1000823	
289332	1000824	
289332	1000825	
289332	1000826	
289332	1000827	
289332	1000828	
289332	1000829	
289332	1000830	
289332	1000831	
289332	1000832	
289332	1000833	
289332	1000834	
289332	1000835	
289332	1000836	
289332	1000837	
289332	1000838	
289332	1000839	
289332	1000840	
289332	1000841	
289332	1000842	
289332	1000843	
289332	1000844	
289332	1000845	
289332	1000846	
289332	1000847	
289332	1000848	
289332	1000849	
289332	1000850	
289332	1000851	
289332	1000852	
289332	1000853	
289332	1000854	
289332	1000855	
289332	1000856	
289332	1000857	
289332	1000858	
289332	1000859	
289332	1000860	
289332	1000861	
289332	1000862	
289332	1000863	
289332	1000864	
289332	1000865	
289332	1000866	
289332	1000867	
289332	1000868	
289332	1000869	
289332	1000870	
289332	1000871	
289332	1000872	
289332	1000873	
289332	1000874	
289332	1000875	
289332	1000876	
289332	1000877	
289332	1000878	
289332	1000879	
289332	1000880	
289332	1000881	
289332	1000882	
289332	1000883	
289332	1000884	
289332	1000885	
289332	1000886	
289332	1000887	
289332	1000888	
289332	1000889	
289332	1000890	
289332	1000891	
289332	1000892	
289332	1000893	
289332	1000894	
289332	1000895	
289332	1000896	
289332	1000897	
289332	1000898	
289332	1000899	
289332	1000900	
289332	1000901	
289332	1000902	
289332	1000903	
289332	1000904	
289332	1000905	
289332	1000906	
289332	1000907	
289332	1000908	
289332	1000909	
289332	1000910	
289332	1000911	
289332	1000912	
289332	1000913	
289332	1000914	
289332	1000915	
289332	1000916	
289332	1000917	
289332	1000918	
289332	1000919	
289332	1000920	
289332	1000921	
289332	1000922	
289332	1000923	
289332	1000924	
289332	1000925	
289332	1000926	
289332	1000927	
289332	1000928	
289332	1000929	
289332	1000930	
289332	1000931	
289332	1000932	
289332	1000933	
289332	1000934	
289332	1000935	
289332	1000936	
289332	1000937	
289332	1000938	
289332	1000939	
289332	1000940	
289332	1000941	
289332	1000942	
289332	1000943	
289332	1000944	
289332	1000945	
289332	1000946	
289332	1000947	
289332	1000948	
289332	1000949	
289332	1000950	
289332	1000951	
289332	1000952	
289332	1000953	
289332	1000954	
289448	676906	
290405	591663	
290534	290549	
290534	290569	
290534	290573	
290534	1000742	
290534	1000743	
290534	1000744	
290534	1000745	
290534	1000746	
290534	1000747	
290534	1000748	
290534	1000749	
290534	1000750	
290534	1000751	
290534	1000752	
290534	1000753	
290534	1000754	
290534	1000755	
290534	1000757	
290534	1000952	
290534	1000953	
290534	1724817	
290534	2292498	
290534	2292510	
290534	2292511	
290534	2292512	
290534	2292513	
290534	2292514	
290534	2292515	
290534	2292516	
290534	2292517	
290534	2292518	
290534	2292519	
290534	2292520	
290534	2292521	
290534	2292522	
290534	2292523	
290534	2292524	
290534	2292525	
290534	2292526	
290534	2292527	
290534	2292528	
290534	2292529	
290534	2292530	
290534	2292531	
290534	2292532	
290534	2292533	
290534	2292534	
290534	2292535	
290534	2292536	
290534	2292537	
290534	2292538	
290534	2292539	
290534	2292540	
290534	2292541	
290534	2292542	
290534	2292543	
290534	2615344	
290534	2705340	
290534	2705341	
290534	2705342	
290534	2705343	
290534	2705344	
290534	2705345	
290534	2705346	
290534	2705347	
290534	2705348	
290534	2705349	
290534	2705350	
290534	2705351	
290534	2705352	
290534	2705355	
290534	2705356	
290534	2705357	
290534	2705358	
290534	2705359	
290549	1000746	
290552	2292498	
290569	1000746	
290569	2292527	
290573	1000742	
290573	1000744	
290573	1000952	
290573	2292498	
290573	2292514	
290573	2292516	
290573	2292520	
290573	2292525	
290573	2292532	
290573	2292540	
290573	2705346	
294193	2292510	
314130	676906	
314505	676906	
314925	1097066	
315662	676906	
317886	676906	
318984	591663	
322519	912530	
325069	676906	
334994	676906	
337192	676906	
341043	591663	
341043	676906	
345713	591663	
345713	912530	
347793	676906	
348271	382012	
348271	591663	
357985	382012	
360886	591663	
368648	382012	
377878	1000742	
380487	382012	
380759	382012	
380759	912530	
382012	388027	
382012	437790	
382012	544699	
382012	591663	
382012	611612	
382012	669804	
382012	672953	
382012	719424	
382012	786470	
382012	833648	
382012	912530	
382012	1150697	
382012	1542952	
382012	1581124	
382012	1589457	
382012	1633515	
382012	1869443	
382012	2518888	
382012	2518889	
382012	2944241	
382012	3455645	
383055	591663	
390842	676906	
391280	676906	
391531	591663	
391539	591663	
399762	1724817	
402870	676906	
405149	1000742	
406425	676906	
412547	676906	
413213	676906	
416647	676906	
417171	676906	
418730	676906	
420265	676906	
430699	591663	
432065	676906	
432510	676906	
434518	591663	
434518	676906	
435767	676906	
435806	676906	
437759	591663	
437759	676906	
438788	1097066	
440315	591663	
440315	676906	
440705	676906	
442956	591663	
442956	676906	
446168	676906	
447192	676906	
456516	676906	
456556	676906	
456620	676906	
457637	676906	
459314	912530	
459369	676906	
468194	676906	
470602	676906	
471411	676906	
472971	591663	
472971	676906	
473045	676906	
475006	676906	
485353	591663	
486439	591663	
521354	676906	
542602	676906	
542642	676906	
543947	591663	
544309	591663	
544309	676906	
544699	591663	
544699	912530	
547154	676906	
547180	676906	
547258	676906	
548212	591663	
548693	676906	
548797	591663	
549873	676906	
549889	676906	
551307	1097066	
551308	1097066	
551313	1097066	
551314	1097066	
551315	1097066	
551323	1097066	
551348	1097066	
563850	676906	
579718	591663	
582364	1097066	
582370	1097066	
582372	1097066	
582373	1097066	
582374	1097066	
582376	1097066	
582377	1097066	
582386	1097066	
584453	591663	
584742	676906	
584924	676906	
585759	676906	
588742	676906	
589154	676906	
589684	676906	
590712	676906	
591663	596007	
591663	653342	
591663	660112	
591663	671289	
591663	676906	
591663	719424	
591663	792600	
591663	841829	
591663	896849	
591663	908391	
591663	912530	
591663	919450	
591663	919458	
591663	969579	
591663	972761	
591663	998162	
591663	1072331	
591663	1112256	
591663	1117908	
591663	1149632	
591663	1182987	
591663	1233840	
591663	1266419	
591663	1309614	
591663	1318115	
591663	1405175	
591663	1464361	
591663	1542952	
591663	1581124	
591663	1616478	
591663	1624100	
591663	1704064	
591663	1754869	
591663	1759924	
591663	1842358	
591663	1869443	
591663	1939105	
591663	1947531	
591663	2202258	
591663	2313871	
591663	2352370	
591663	2518889	
591663	2944240	
591663	2944241	
591663	2944242	
591663	2944243	
591663	3857603	
591663	3857608	
591664	676906	
592202	676906	
592288	676906	
592464	676906	
601537	1000952	
601652	912530	
611188	676906	
611854	676906	
642706	676906	
647449	1097066	
647456	1097066	
647469	1097066	
649553	676906	
650618	676906	
654949	676906	
660086	676906	
660112	676906	
665762	676906	
674244	676906	
676906	682526	
676906	698062	
676906	702186	
676906	705617	
676906	719152	
676906	719424	
676906	721489	
676906	726297	
676906	737960	
676906	791569	
676906	797238	
676906	823738	
676906	845270	
676906	894190	
676906	910075	
676906	910851	
676906	923071	
676906	923076	
676906	923712	
676906	937424	
676906	939938	
676906	946842	
676906	949912	
676906	950311	
676906	959938	
676906	969579	
676906	972751	
676906	972763	
676906	980782	
676906	1044651	
676906	1044655	
676906	1044666	
676906	1044775	
676906	1044786	
676906	1045018	
676906	1120709	
676906	1121016	
676906	1149632	
676906	1149633	
676906	1149635	
676906	1149894	
676906	1160274	
676906	1168983	
676906	1254106	
676906	1330287	
676906	1341403	
676906	1349560	
676906	1352380	
676906	1362472	
676906	1513430	
676906	1577755	
676906	1578427	
676906	1578551	
676906	1613139	
676906	1616478	
676906	1648807	
676906	1703051	
676906	1791515	
676906	1800659	
676906	1805797	
676906	1849476	
676906	1859688	
676906	1931419	
676906	1939105	
676906	2022437	
676906	2202258	
676906	2356534	
676906	2504961	
676906	2592191	
676906	2757298	
676906	2829820	
676906	3521887	
696399	1097066	
696401	1097066	
696402	1097066	
696638	1097066	
779300	1097066	
793819	1097066	
793822	1097066	
807601	1097066	
807602	1097066	
814329	912530	
817362	912530	
891325	1097066	
891327	1097066	
909801	912530	
912530	912538	
912530	969579	
912530	1150697	
912530	1195582	
912530	1542952	
912530	1581124	
912530	1869443	
912530	2278704	
912530	2313871	
912530	2518889	
912530	2944240	
912530	2944241	
912530	3455645	
912530	3546907	
912530	3546908	
922716	1097066	
949287	1097066	
975632	1097066	
1000742	1000743	
1000742	1000744	
1000742	1000745	
1000742	1000746	
1000742	1000747	
1000742	1000748	
1000742	1000749	
1000742	1000750	
1000742	1000751	
1000742	1000752	
1000742	1000753	
1000742	1000754	
1000742	1000755	
1000742	1000757	
1000742	1000952	
1000742	1000953	
1000742	1724817	
1000742	1814710	
1000742	1814711	
1000742	2058116	
1000742	2278616	
1000742	2278618	
1000742	2292498	
1000742	2292510	
1000742	2292511	
1000742	2292512	
1000742	2292513	
1000742	2292514	
1000742	2292515	
1000742	2292516	
1000742	2292517	
1000742	2292518	
1000742	2292519	
1000742	2292520	
1000742	2292521	
1000742	2292522	
1000742	2292523	
1000742	2292524	
1000742	2292525	
1000742	2292526	
1000742	2292527	
1000742	2292528	
1000742	2292529	
1000742	2292530	
1000742	2292531	
1000742	2292532	
1000742	2292533	
1000742	2292534	
1000742	2292535	
1000742	2292536	
1000742	2292537	
1000742	2292538	
1000742	2292539	
1000742	2292540	
1000742	2615344	
1000742	2705340	
1000742	2705341	
1000742	2705342	
1000742	2705343	
1000742	2705344	
1000742	2705345	
1000742	2705346	
1000742	2705347	
1000742	2705348	
1000742	2705352	
1000742	2705354	
1000742	2705355	
1000742	2705356	
1000742	2705357	
1000742	2705358	
1000742	2705359	
1000742	2705361	
1000742	2705362	
1000743	1000744	
1000743	1000746	
1000743	1000747	
1000743	1000748	
1000743	1000749	
1000743	1000750	
1000743	1000751	
1000743	1000752	
1000743	1000753	
1000743	1000754	
1000743	1000952	
1000743	1724817	
1000743	2292498	
1000743	2292511	
1000743	2292512	
1000743	2292513	
1000743	2292514	
1000743	2292515	
1000743	2292516	
1000743	2292517	
1000743	2292518	
1000743	2292519	
1000743	2292520	
1000743	2292521	
1000743	2292522	
1000743	2292523	
1000743	2292524	
1000743	2292525	
1000743	2292526	
1000743	2292527	
1000743	2292528	
1000743	2292529	
1000743	2292530	
1000743	2292531	
1000743	2292532	
1000743	2292533	
1000743	2292534	
1000743	2292535	
1000743	2292536	
1000743	2292537	
1000743	2292538	
1000743	2292539	
1000743	2292540	
1000743	2292541	
1000743	2292542	
1000743	2292543	
1000743	2292544	
1000743	2705340	
1000743	2705341	
1000743	2705342	
1000743	2705343	
1000743	2705344	
1000743	2705345	
1000743	2705348	
1000743	2705349	
1000743	2705350	
1000743	2705355	
1000744	1000745	
1000744	1000746	
1000744	1000747	
1000744	1000748	
1000744	1000749	
1000744	1000750	
1000744	1000751	
1000744	1000752	
1000744	1000753	
1000744	1000754	
1000744	1000755	
1000744	1000757	
1000744	1000952	
1000744	1000953	
1000744	1724817	
1000744	2292498	
1000744	2292510	
1000744	2292511	
1000744	2292512	
1000744	2292513	
1000744	2292514	
1000744	2292515	
1000744	2292516	
1000744	2292517	
1000744	2292518	
1000744	2292519	
1000744	2292520	
1000744	2292521	
1000744	2292522	
1000744	2292523	
1000744	2292524	
1000744	2292525	
1000744	2292526	
1000744	2292527	
1000744	2292528	
1000744	2292529	
1000744	2292530	
1000744	2292531	
1000744	2292532	
1000744	2292533	
1000744	2292534	
1000744	2292535	
1000744	2292536	
1000744	2292537	
1000744	2292538	
1000744	2292539	
1000744	2292540	
1000744	2292541	
1000744	2292542	
1000744	2292543	
1000744	2292544	
1000744	2615344	
1000744	2705340	
1000744	2705341	
1000744	2705342	
1000744	2705343	
1000744	2705344	
1000744	2705345	
1000744	2705346	
1000744	2705347	
1000744	2705348	
1000744	2705349	
1000744	2705350	
1000744	2705351	
1000744	2705352	
1000744	2705353	
1000744	2705354	
1000744	2705355	
1000744	2705356	
1000744	2705357	
1000744	2705358	
1000744	2705359	
1000745	1000746	
1000745	1000747	
1000745	1000751	
1000745	1000752	
1000745	1000952	
1000745	1000953	
1000745	1724817	
1000745	2292498	
1000745	2292510	
1000745	2292514	
1000745	2292515	
1000745	2292516	
1000745	2292517	
1000745	2292518	
1000745	2292519	
1000745	2292520	
1000745	2292521	
1000745	2292522	
1000745	2292525	
1000745	2292526	
1000745	2292527	
1000745	2292528	
1000745	2292529	
1000745	2292530	
1000745	2292531	
1000745	2292532	
1000745	2292534	
1000745	2292535	
1000745	2292537	
1000745	2292540	
1000745	2705347	
1000745	2705348	
1000746	1000747	
1000746	1000748	
1000746	1000749	
1000746	1000750	
1000746	1000751	
1000746	1000752	
1000746	1000753	
1000746	1000754	
1000746	1000755	
1000746	1000757	
1000746	1000952	
1000746	1000953	
1000746	1724817	
1000746	2292498	
1000746	2292510	
1000746	2292512	
1000746	2292513	
1000746	2292514	
1000746	2292515	
1000746	2292516	
1000746	2292517	
1000746	2292518	
1000746	2292519	
1000746	2292520	
1000746	2292521	
1000746	2292522	
1000746	2292523	
1000746	2292524	
1000746	2292525	
1000746	2292526	
1000746	2292527	
1000746	2292528	
1000746	2292529	
1000746	2292530	
1000746	2292531	
1000746	2292532	
1000746	2292533	
1000746	2292534	
1000746	2292535	
1000746	2292536	
1000746	2292537	
1000746	2292540	
1000746	2705343	
1000746	2705344	
1000746	2705345	
1000746	2705353	
1000746	2705355	
1000746	2705359	
1000747	1000748	
1000747	1000749	
1000747	1000750	
1000747	1000751	
1000747	1000752	
1000747	1000753	
1000747	1000754	
1000747	1000755	
1000747	1000757	
1000747	1000952	
1000747	1000953	
1000747	1724817	
1000747	2292498	
1000747	2292510	
1000747	2292511	
1000747	2292512	
1000747	2292513	
1000747	2292514	
1000747	2292515	
1000747	2292516	
1000747	2292517	
1000747	2292518	
1000747	2292519	
1000747	2292520	
1000747	2292521	
1000747	2292522	
1000747	2292523	
1000747	2292524	
1000747	2292525	
1000747	2292526	
1000747	2292527	
1000747	2292528	
1000747	2292529	
1000747	2292530	
1000747	2292531	
1000747	2292532	
1000747	2292533	
1000747	2292534	
1000747	2292535	
1000747	2292536	
1000747	2292537	
1000747	2292538	
1000747	2292539	
1000747	2292540	
1000747	2292541	
1000747	2292542	
1000747	2292543	
1000747	2705340	
1000747	2705341	
1000747	2705342	
1000747	2705343	
1000747	2705344	
1000747	2705345	
1000747	2705346	
1000747	2705347	
1000747	2705348	
1000747	2705349	
1000747	2705350	
1000747	2705351	
1000747	2705352	
1000747	2705355	
1000747	2705359	
1000748	1000749	
1000748	1000750	
1000748	1000751	
1000748	1000752	
1000748	1000753	
1000748	1000754	
1000748	1000755	
1000748	1000757	
1000748	1000952	
1000748	1000953	
1000748	1724817	
1000748	2292498	
1000748	2292510	
1000748	2292511	
1000748	2292512	
1000748	2292513	
1000748	2292514	
1000748	2292515	
1000748	2292516	
1000748	2292517	
1000748	2292518	
1000748	2292519	
1000748	2292520	
1000748	2292521	
1000748	2292522	
1000748	2292523	
1000748	2292524	
1000748	2292525	
1000748	2292526	
1000748	2292527	
1000748	2292528	
1000748	2292529	
1000748	2292530	
1000748	2292531	
1000748	2292532	
1000748	2292533	
1000748	2292534	
1000748	2292535	
1000748	2292536	
1000748	2292537	
1000748	2292538	
1000748	2292539	
1000748	2292540	
1000748	2292543	
1000748	2705340	
1000748	2705341	
1000748	2705342	
1000748	2705343	
1000748	2705344	
1000748	2705352	
1000748	2705355	
1000748	2705359	
1000749	1000750	
1000749	1000751	
1000749	1000752	
1000749	1000753	
1000749	1000754	
1000749	1000755	
1000749	1000757	
1000749	1000952	
1000749	1000953	
1000749	1724817	
1000749	2292510	
1000749	2292511	
1000749	2292512	
1000749	2292513	
1000749	2292514	
1000749	2292515	
1000749	2292516	
1000749	2292517	
1000749	2292518	
1000749	2292519	
1000749	2292520	
1000749	2292521	
1000749	2292522	
1000749	2292524	
1000749	2292525	
1000749	2292526	
1000749	2292527	
1000749	2292528	
1000749	2292529	
1000749	2292530	
1000749	2292531	
1000749	2292532	
1000749	2292533	
1000749	2292534	
1000749	2292535	
1000749	2292536	
1000749	2292537	
1000749	2292538	
1000749	2292539	
1000749	2292540	
1000749	2292543	
1000749	2705341	
1000749	2705344	
1000749	2705345	
1000749	2705346	
1000749	2705347	
1000749	2705348	
1000749	2705352	
1000749	2705355	
1000749	2705359	
1000750	1000751	
1000750	1000752	
1000750	1000753	
1000750	1000754	
1000750	1000755	
1000750	1000757	
1000750	1000952	
1000750	1000953	
1000750	1724817	
1000750	1842298	
1000750	2292498	
1000750	2292510	
1000750	2292511	
1000750	2292512	
1000750	2292513	
1000750	2292514	
1000750	2292515	
1000750	2292516	
1000750	2292517	
1000750	2292518	
1000750	2292519	
1000750	2292520	
1000750	2292521	
1000750	2292522	
1000750	2292523	
1000750	2292524	
1000750	2292525	
1000750	2292526	
1000750	2292527	
1000750	2292528	
1000750	2292529	
1000750	2292530	
1000750	2292531	
1000750	2292532	
1000750	2292533	
1000750	2292534	
1000750	2292535	
1000750	2292536	
1000750	2292537	
1000750	2292538	
1000750	2292539	
1000750	2292540	
1000750	2292543	
1000750	2705340	
1000750	2705341	
1000750	2705342	
1000750	2705343	
1000750	2705344	
1000750	2705346	
1000750	2705347	
1000750	2705351	
1000750	2705352	
1000750	2705355	
1000750	2705359	
1000751	1000752	
1000751	1000753	
1000751	1000754	
1000751	1000755	
1000751	1000757	
1000751	1000952	
1000751	1000953	
1000751	1097066	
1000751	1724817	
1000751	2292498	
1000751	2292510	
1000751	2292511	
1000751	2292512	
1000751	2292513	
1000751	2292514	
1000751	2292515	
1000751	2292516	
1000751	2292517	
1000751	2292518	
1000751	2292519	
1000751	2292520	
1000751	2292521	
1000751	2292522	
1000751	2292523	
1000751	2292524	
1000751	2292525	
1000751	2292526	
1000751	2292527	
1000751	2292528	
1000751	2292529	
1000751	2292530	
1000751	2292531	
1000751	2292532	
1000751	2292533	
1000751	2292534	
1000751	2292535	
1000751	2292536	
1000751	2292537	
1000751	2292538	
1000751	2292539	
1000751	2292540	
1000751	2292543	
1000751	2705340	
1000751	2705341	
1000751	2705342	
1000751	2705343	
1000751	2705344	
1000751	2705345	
1000751	2705346	
1000751	2705352	
1000751	2705355	
1000751	2705359	
1000752	1000753	
1000752	1000754	
1000752	1000755	
1000752	1000757	
1000752	1000952	
1000752	1000953	
1000752	1724817	
1000752	2292498	
1000752	2292510	
1000752	2292511	
1000752	2292512	
1000752	2292513	
1000752	2292514	
1000752	2292515	
1000752	2292516	
1000752	2292517	
1000752	2292518	
1000752	2292519	
1000752	2292520	
1000752	2292521	
1000752	2292522	
1000752	2292523	
1000752	2292525	
1000752	2292526	
1000752	2292527	
1000752	2292528	
1000752	2292529	
1000752	2292530	
1000752	2292531	
1000752	2292532	
1000752	2292533	
1000752	2292534	
1000752	2292535	
1000752	2292536	
1000752	2292537	
1000752	2292538	
1000752	2292539	
1000752	2292540	
1000752	2292541	
1000752	2292543	
1000752	2705338	
1000752	2705340	
1000752	2705341	
1000752	2705342	
1000752	2705343	
1000752	2705344	
1000752	2705345	
1000752	2705346	
1000752	2705347	
1000752	2705348	
1000752	2705349	
1000752	2705352	
1000752	2705355	
1000752	2705359	
1000753	1000754	
1000753	1000755	
1000753	1000757	
1000753	1000952	
1000753	1000953	
1000753	1724817	
1000753	2292498	
1000753	2292510	
1000753	2292511	
1000753	2292512	
1000753	2292513	
1000753	2292514	
1000753	2292515	
1000753	2292516	
1000753	2292517	
1000753	2292518	
1000753	2292519	
1000753	2292520	
1000753	2292521	
1000753	2292522	
1000753	2292523	
1000753	2292524	
1000753	2292525	
1000753	2292526	
1000753	2292527	
1000753	2292528	
1000753	2292529	
1000753	2292530	
1000753	2292531	
1000753	2292532	
1000753	2292533	
1000753	2292534	
1000753	2292535	
1000753	2292536	
1000753	2292537	
1000753	2292538	
1000753	2292539	
1000753	2292540	
1000753	2292543	
1000753	2705340	
1000753	2705341	
1000753	2705342	
1000753	2705343	
1000753	2705344	
1000753	2705346	
1000753	2705352	
1000753	2705355	
1000753	2705359	
1000754	1000755	
1000754	1000757	
1000754	1000952	
1000754	1000953	
1000754	1724817	
1000754	2292498	
1000754	2292510	
1000754	2292511	
1000754	2292512	
1000754	2292513	
1000754	2292514	
1000754	2292515	
1000754	2292516	
1000754	2292517	
1000754	2292518	
1000754	2292519	
1000754	2292520	
1000754	2292521	
1000754	2292522	
1000754	2292523	
1000754	2292524	
1000754	2292525	
1000754	2292526	
1000754	2292527	
1000754	2292528	
1000754	2292529	
1000754	2292530	
1000754	2292531	
1000754	2292532	
1000754	2292533	
1000754	2292534	
1000754	2292535	
1000754	2292536	
1000754	2292537	
1000754	2292538	
1000754	2292539	
1000754	2292540	
1000754	2292543	
1000754	2705340	
1000754	2705341	
1000754	2705342	
1000754	2705343	
1000754	2705344	
1000754	2705345	
1000754	2705346	
1000754	2705347	
1000754	2705352	
1000754	2705355	
1000754	2705359	
1000755	1000757	
1000755	1000952	
1000755	1000953	
1000755	1112465	
1000755	1724817	
1000755	2292498	
1000755	2292510	
1000755	2292511	
1000755	2292512	
1000755	2292513	
1000755	2292514	
1000755	2292515	
1000755	2292516	
1000755	2292517	
1000755	2292518	
1000755	2292519	
1000755	2292520	
1000755	2292521	
1000755	2292522	
1000755	2292523	
1000755	2292524	
1000755	2292525	
1000755	2292526	
1000755	2292527	
1000755	2292528	
1000755	2292529	
1000755	2292530	
1000755	2292531	
1000755	2292532	
1000755	2292533	
1000755	2292534	
1000755	2292535	
1000755	2292536	
1000755	2292537	
1000755	2292538	
1000755	2292539	
1000755	2292540	
1000755	2292543	
1000755	2705340	
1000755	2705341	
1000755	2705342	
1000755	2705343	
1000755	2705344	
1000755	2705347	
1000755	2705352	
1000755	2705355	
1000755	2705358	
1000755	2705359	
1000757	1000952	
1000757	1000953	
1000757	1724817	
1000757	2292498	
1000757	2292510	
1000757	2292511	
1000757	2292512	
1000757	2292513	
1000757	2292514	
1000757	2292515	
1000757	2292516	
1000757	2292517	
1000757	2292518	
1000757	2292519	
1000757	2292520	
1000757	2292521	
1000757	2292522	
1000757	2292523	
1000757	2292524	
1000757	2292525	
1000757	2292526	
1000757	2292527	
1000757	2292528	
1000757	2292529	
1000757	2292530	
1000757	2292531	
1000757	2292532	
1000757	2292533	
1000757	2292534	
1000757	2292535	
1000757	2292536	
1000757	2292537	
1000757	2292538	
1000757	2292539	
1000757	2292540	
1000757	2292543	
1000757	2705340	
1000757	2705341	
1000757	2705342	
1000757	2705343	
1000757	2705344	
1000757	2705345	
1000757	2705352	
1000757	2705355	
1000757	2705359	
1000952	1000953	
1000952	1724817	
1000952	2292498	
1000952	2292510	
1000952	2292511	
1000952	2292512	
1000952	2292513	
1000952	2292514	
1000952	2292515	
1000952	2292516	
1000952	2292517	
1000952	2292518	
1000952	2292519	
1000952	2292520	
1000952	2292521	
1000952	2292522	
1000952	2292523	
1000952	2292524	
1000952	2292525	
1000952	2292526	
1000952	2292527	
1000952	2292528	
1000952	2292529	
1000952	2292530	
1000952	2292531	
1000952	2292532	
1000952	2292533	
1000952	2292534	
1000952	2292535	
1000952	2292536	
1000952	2292537	
1000952	2292538	
1000952	2292539	
1000952	2292540	
1000952	2292541	
1000952	2292542	
1000952	2292543	
1000952	2292544	
1000952	2615344	
1000952	2705340	
1000952	2705341	
1000952	2705342	
1000952	2705343	
1000952	2705344	
1000952	2705345	
1000952	2705346	
1000952	2705347	
1000952	2705348	
1000952	2705349	
1000952	2705350	
1000952	2705351	
1000952	2705352	
1000952	2705353	
1000952	2705354	
1000952	2705355	
1000952	2705356	
1000952	2705357	
1000952	2705358	
1000952	2705359	
1000952	2705360	
1000952	2705362	
1000953	1724817	
1000953	2292498	
1000953	2292510	
1000953	2292511	
1000953	2292512	
1000953	2292513	
1000953	2292514	
1000953	2292515	
1000953	2292516	
1000953	2292517	
1000953	2292518	
1000953	2292519	
1000953	2292520	
1000953	2292522	
1000953	2292523	
1000953	2292524	
1000953	2292525	
1000953	2292526	
1000953	2292527	
1000953	2292528	
1000953	2292529	
1000953	2292530	
1000953	2292531	
1000953	2292532	
1000953	2292533	
1000953	2292534	
1000953	2292535	
1000953	2292536	
1000953	2292537	
1000953	2292538	
1000953	2292539	
1000953	2292540	
1000953	2705340	
1000953	2705341	
1000953	2705342	
1000953	2705343	
1000953	2705344	
1000953	2705345	
1000953	2705352	
1096106	1097066	
1096564	1097066	
1096856	1097066	
1097066	1097067	
1097066	1097070	
1097066	1114179	
1097066	1197070	
1097066	1197071	
1097066	1207492	
1097066	1219706	
1097066	1219709	
1097066	1223690	
1097066	1260421	
1097066	1286657	
1097066	1286658	
1097066	1286659	
1097066	1389381	
1097066	1445691	
1097066	1513486	
1097066	1568511	
1097066	1582463	
1097066	1657701	
1097066	1657709	
1097066	1667853	
1097066	1712658	
1097066	1712659	
1097066	1712661	
1097066	1809759	
1097066	1809760	
1097066	1809764	
1097066	1819235	
1097066	1819259	
1097066	1837569	
1097066	1927376	
1097066	1928357	
1097066	1928358	
1097066	1928359	
1097066	2192718	
1097066	2228778	
1097066	2228779	
1097066	2228780	
1097066	2228781	
1097066	2228782	
1097066	2228783	
1097066	2228784	
1399894	2705360	
1536067	2705348	
1724817	2292498	
1724817	2292510	
1724817	2292511	
1724817	2292512	
1724817	2292513	
1724817	2292514	
1724817	2292515	
1724817	2292516	
1724817	2292517	
1724817	2292518	
1724817	2292519	
1724817	2292520	
1724817	2292521	
1724817	2292522	
1724817	2292523	
1724817	2292524	
1724817	2292525	
1724817	2292526	
1724817	2292527	
1724817	2292528	
1724817	2292529	
1724817	2292530	
1724817	2292531	
1724817	2292532	
1724817	2292533	
1724817	2292534	
1724817	2292535	
1724817	2292536	
1724817	2292537	
1724817	2292538	
1724817	2292539	
1724817	2292540	
1724817	2292543	
1724817	2705340	
1724817	2705341	
1724817	2705342	
1724817	2705343	
1724817	2705344	
1724817	2705351	
1729467	2292521	
2038761	2292536	
2038761	2292537	
2292498	2292510	
2292498	2292511	
2292498	2292512	
2292498	2292513	
2292498	2292514	
2292498	2292515	
2292498	2292516	
2292498	2292517	
2292498	2292518	
2292498	2292519	
2292498	2292520	
2292498	2292521	
2292498	2292522	
2292498	2292523	
2292498	2292524	
2292498	2292525	
2292498	2292526	
2292498	2292527	
2292498	2292528	
2292498	2292529	
2292498	2292530	
2292498	2292531	
2292498	2292532	
2292498	2292533	
2292498	2292534	
2292498	2292535	
2292498	2292536	
2292498	2292537	
2292498	2292538	
2292498	2292539	
2292498	2292540	
2292498	2292541	
2292498	2292542	
2292498	2292543	
2292498	2292544	
2292498	2705346	
2292498	2705347	
2292498	2705352	
2292498	2705355	
2292498	2705358	
2292498	2705359	
2292510	2292511	
2292510	2292512	
2292510	2292513	
2292510	2292514	
2292510	2292515	
2292510	2292516	
2292510	2292517	
2292510	2292518	
2292510	2292519	
2292510	2292520	
2292510	2292521	
2292510	2292522	
2292510	2292523	
2292510	2292524	
2292510	2292525	
2292510	2292526	
2292510	2292527	
2292510	2292528	
2292510	2292529	
2292510	2292530	
2292510	2292531	
2292510	2292532	
2292510	2292533	
2292510	2292534	
2292510	2292535	
2292510	2292536	
2292510	2292537	
2292510	2292538	
2292510	2292539	
2292510	2292540	
2292510	2292541	
2292510	2292542	
2292510	2292543	
2292510	2705340	
2292510	2705341	
2292510	2705342	
2292510	2705343	
2292510	2705344	
2292510	2705348	
2292510	2705349	
2292510	2705350	
2292510	2705351	
2292510	2705352	
2292510	2705355	
2292510	2705359	
2292511	2292512	
2292511	2292513	
2292511	2292514	
2292511	2292515	
2292511	2292516	
2292511	2292517	
2292511	2292518	
2292511	2292519	
2292511	2292520	
2292511	2292521	
2292511	2292522	
2292511	2292523	
2292511	2292524	
2292511	2292525	
2292511	2292527	
2292511	2292528	
2292511	2292529	
2292511	2292530	
2292511	2292532	
2292511	2292533	
2292511	2292534	
2292511	2292535	
2292511	2292536	
2292511	2292537	
2292511	2292540	
2292511	2292541	
2292511	2292542	
2292511	2705340	
2292511	2705341	
2292511	2705343	
2292511	2705344	
2292511	2705348	
2292511	2705349	
2292511	2705350	
2292511	2705351	
2292511	2705352	
2292511	2705355	
2292511	2705359	
2292512	2292513	
2292512	2292514	
2292512	2292515	
2292512	2292516	
2292512	2292517	
2292512	2292518	
2292512	2292519	
2292512	2292520	
2292512	2292521	
2292512	2292522	
2292512	2292523	
2292512	2292524	
2292512	2292525	
2292512	2292526	
2292512	2292527	
2292512	2292528	
2292512	2292529	
2292512	2292530	
2292512	2292531	
2292512	2292532	
2292512	2292533	
2292512	2292534	
2292512	2292535	
2292512	2292536	
2292512	2292537	
2292512	2292538	
2292512	2292539	
2292512	2292540	
2292512	2292541	
2292512	2292542	
2292512	2292543	
2292512	2705340	
2292512	2705341	
2292512	2705342	
2292512	2705343	
2292512	2705344	
2292512	2705345	
2292512	2705346	
2292512	2705347	
2292512	2705348	
2292512	2705349	
2292512	2705350	
2292512	2705351	
2292512	2705352	
2292512	2705355	
2292512	2705359	
2292513	2292514	
2292513	2292515	
2292513	2292516	
2292513	2292517	
2292513	2292518	
2292513	2292519	
2292513	2292520	
2292513	2292521	
2292513	2292522	
2292513	2292523	
2292513	2292524	
2292513	2292525	
2292513	2292526	
2292513	2292527	
2292513	2292528	
2292513	2292529	
2292513	2292530	
2292513	2292531	
2292513	2292532	
2292513	2292533	
2292513	2292534	
2292513	2292535	
2292513	2292536	
2292513	2292537	
2292513	2292538	
2292513	2292539	
2292513	2292540	
2292513	2292541	
2292513	2292542	
2292513	2705340	
2292513	2705341	
2292513	2705342	
2292513	2705343	
2292513	2705344	
2292513	2705346	
2292513	2705347	
2292513	2705348	
2292513	2705349	
2292513	2705350	
2292513	2705351	
2292513	2705352	
2292513	2705355	
2292513	2705359	
2292514	2292515	
2292514	2292516	
2292514	2292517	
2292514	2292518	
2292514	2292519	
2292514	2292520	
2292514	2292521	
2292514	2292522	
2292514	2292523	
2292514	2292524	
2292514	2292525	
2292514	2292526	
2292514	2292527	
2292514	2292528	
2292514	2292529	
2292514	2292530	
2292514	2292531	
2292514	2292532	
2292514	2292533	
2292514	2292534	
2292514	2292535	
2292514	2292536	
2292514	2292537	
2292514	2292538	
2292514	2292540	
2292514	2292541	
2292514	2292542	
2292514	2292543	
2292514	2705340	
2292514	2705341	
2292514	2705342	
2292514	2705343	
2292514	2705344	
2292514	2705346	
2292514	2705347	
2292514	2705348	
2292514	2705349	
2292514	2705350	
2292514	2705351	
2292514	2705352	
2292514	2705355	
2292514	2705357	
2292514	2705358	
2292514	2705359	
2292514	2705360	
2292515	2292516	
2292515	2292517	
2292515	2292518	
2292515	2292519	
2292515	2292520	
2292515	2292521	
2292515	2292522	
2292515	2292523	
2292515	2292524	
2292515	2292525	
2292515	2292526	
2292515	2292527	
2292515	2292528	
2292515	2292529	
2292515	2292530	
2292515	2292531	
2292515	2292532	
2292515	2292533	
2292515	2292534	
2292515	2292535	
2292515	2292536	
2292515	2292537	
2292515	2292538	
2292515	2292539	
2292515	2292540	
2292515	2292541	
2292515	2292542	
2292515	2292543	
2292515	2705340	
2292515	2705341	
2292515	2705342	
2292515	2705343	
2292515	2705344	
2292515	2705347	
2292515	2705348	
2292515	2705349	
2292515	2705350	
2292515	2705351	
2292515	2705352	
2292515	2705353	
2292515	2705355	
2292515	2705359	
2292515	2705360	
2292516	2292517	
2292516	2292518	
2292516	2292519	
2292516	2292520	
2292516	2292521	
2292516	2292522	
2292516	2292523	
2292516	2292524	
2292516	2292525	
2292516	2292526	
2292516	2292527	
2292516	2292528	
2292516	2292529	
2292516	2292530	
2292516	2292531	
2292516	2292532	
2292516	2292533	
2292516	2292534	
2292516	2292535	
2292516	2292536	
2292516	2292537	
2292516	2292538	
2292516	2292539	
2292516	2292540	
2292516	2292541	
2292516	2292542	
2292516	2615344	
2292516	2705340	
2292516	2705341	
2292516	2705342	
2292516	2705343	
2292516	2705344	
2292516	2705345	
2292516	2705347	
2292516	2705348	
2292516	2705349	
2292516	2705350	
2292516	2705351	
2292516	2705352	
2292516	2705354	
2292516	2705355	
2292516	2705356	
2292516	2705357	
2292516	2705358	
2292516	2705359	
2292516	2705361	
2292516	2705362	
2292517	2292518	
2292517	2292519	
2292517	2292520	
2292517	2292521	
2292517	2292522	
2292517	2292523	
2292517	2292524	
2292517	2292525	
2292517	2292526	
2292517	2292527	
2292517	2292528	
2292517	2292529	
2292517	2292530	
2292517	2292531	
2292517	2292532	
2292517	2292533	
2292517	2292534	
2292517	2292535	
2292517	2292536	
2292517	2292537	
2292517	2292538	
2292517	2292539	
2292517	2292540	
2292517	2292541	
2292517	2292543	
2292517	2705340	
2292517	2705341	
2292517	2705342	
2292517	2705343	
2292517	2705344	
2292517	2705345	
2292517	2705346	
2292517	2705347	
2292517	2705348	
2292517	2705349	
2292517	2705350	
2292517	2705351	
2292517	2705352	
2292517	2705355	
2292517	2705359	
2292518	2292519	
2292518	2292520	
2292518	2292521	
2292518	2292522	
2292518	2292523	
2292518	2292524	
2292518	2292525	
2292518	2292526	
2292518	2292527	
2292518	2292528	
2292518	2292529	
2292518	2292530	
2292518	2292531	
2292518	2292532	
2292518	2292533	
2292518	2292534	
2292518	2292535	
2292518	2292536	
2292518	2292537	
2292518	2292538	
2292518	2292539	
2292518	2292540	
2292518	2292543	
2292518	2705340	
2292518	2705341	
2292518	2705342	
2292518	2705343	
2292518	2705344	
2292518	2705345	
2292518	2705346	
2292518	2705347	
2292518	2705348	
2292518	2705352	
2292518	2705353	
2292518	2705355	
2292518	2705359	
2292519	2292520	
2292519	2292521	
2292519	2292522	
2292519	2292523	
2292519	2292524	
2292519	2292525	
2292519	2292526	
2292519	2292527	
2292519	2292528	
2292519	2292529	
2292519	2292530	
2292519	2292531	
2292519	2292532	
2292519	2292533	
2292519	2292534	
2292519	2292535	
2292519	2292536	
2292519	2292537	
2292519	2292538	
2292519	2292539	
2292519	2292540	
2292519	2292541	
2292519	2292542	
2292519	2292543	
2292519	2705340	
2292519	2705341	
2292519	2705342	
2292519	2705343	
2292519	2705344	
2292519	2705345	
2292519	2705346	
2292519	2705348	
2292519	2705349	
2292519	2705350	
2292519	2705351	
2292519	2705352	
2292519	2705353	
2292519	2705355	
2292519	2705359	
2292519	2705360	
2292520	2292521	
2292520	2292522	
2292520	2292523	
2292520	2292524	
2292520	2292525	
2292520	2292526	
2292520	2292527	
2292520	2292528	
2292520	2292529	
2292520	2292530	
2292520	2292531	
2292520	2292532	
2292520	2292533	
2292520	2292534	
2292520	2292535	
2292520	2292536	
2292520	2292537	
2292520	2292538	
2292520	2292539	
2292520	2292540	
2292520	2292541	
2292520	2292543	
2292520	2705340	
2292520	2705341	
2292520	2705342	
2292520	2705343	
2292520	2705344	
2292520	2705345	
2292520	2705346	
2292520	2705347	
2292520	2705348	
2292520	2705349	
2292520	2705350	
2292520	2705351	
2292520	2705352	
2292520	2705354	
2292520	2705355	
2292520	2705356	
2292520	2705357	
2292520	2705358	
2292520	2705359	
2292520	2705360	
2292520	2705363	
2292521	2292522	
2292521	2292523	
2292521	2292524	
2292521	2292525	
2292521	2292526	
2292521	2292527	
2292521	2292528	
2292521	2292529	
2292521	2292530	
2292521	2292531	
2292521	2292532	
2292521	2292533	
2292521	2292534	
2292521	2292535	
2292521	2292536	
2292521	2292537	
2292521	2292538	
2292521	2292539	
2292521	2292540	
2292521	2292541	
2292521	2292543	
2292521	2705340	
2292521	2705341	
2292521	2705342	
2292521	2705343	
2292521	2705344	
2292521	2705345	
2292521	2705346	
2292521	2705348	
2292521	2705349	
2292521	2705350	
2292521	2705352	
2292521	2705360	
2292522	2292523	
2292522	2292524	
2292522	2292525	
2292522	2292526	
2292522	2292527	
2292522	2292528	
2292522	2292529	
2292522	2292530	
2292522	2292531	
2292522	2292532	
2292522	2292533	
2292522	2292534	
2292522	2292535	
2292522	2292536	
2292522	2292537	
2292522	2292538	
2292522	2292539	
2292522	2292540	
2292522	2292541	
2292522	2292542	
2292522	2292543	
2292522	2705340	
2292522	2705341	
2292522	2705342	
2292522	2705343	
2292522	2705344	
2292522	2705345	
2292522	2705347	
2292522	2705348	
2292522	2705349	
2292522	2705350	
2292522	2705351	
2292522	2705352	
2292522	2705353	
2292522	2705355	
2292522	2705359	
2292523	2292524	
2292523	2292525	
2292523	2292526	
2292523	2292527	
2292523	2292528	
2292523	2292529	
2292523	2292530	
2292523	2292534	
2292523	2292535	
2292523	2292536	
2292523	2292537	
2292523	2292540	
2292523	2292541	
2292523	2292542	
2292523	2705340	
2292523	2705341	
2292523	2705342	
2292523	2705343	
2292523	2705344	
2292523	2705348	
2292523	2705349	
2292523	2705350	
2292523	2705351	
2292523	2705355	
2292523	2705359	
2292523	2705360	
2292524	2292525	
2292524	2292526	
2292524	2292527	
2292524	2292528	
2292524	2292529	
2292524	2292530	
2292524	2292531	
2292524	2292532	
2292524	2292533	
2292524	2292534	
2292524	2292535	
2292524	2292536	
2292524	2292537	
2292524	2292540	
2292524	2292541	
2292524	2292542	
2292524	2705340	
2292524	2705341	
2292524	2705342	
2292524	2705343	
2292524	2705344	
2292524	2705345	
2292524	2705348	
2292524	2705349	
2292524	2705350	
2292524	2705351	
2292524	2705360	
2292525	2292526	
2292525	2292527	
2292525	2292528	
2292525	2292529	
2292525	2292530	
2292525	2292531	
2292525	2292532	
2292525	2292533	
2292525	2292534	
2292525	2292535	
2292525	2292536	
2292525	2292537	
2292525	2292540	
2292525	2292541	
2292525	2292542	
2292525	2705340	
2292525	2705341	
2292525	2705342	
2292525	2705343	
2292525	2705344	
2292525	2705346	
2292525	2705347	
2292525	2705348	
2292525	2705349	
2292525	2705350	
2292525	2705351	
2292525	2705352	
2292525	2705355	
2292525	2705358	
2292525	2705359	
2292526	2292527	
2292526	2292529	
2292526	2292530	
2292526	2292531	
2292526	2292533	
2292526	2292534	
2292526	2292535	
2292526	2292536	
2292526	2292537	
2292526	2292540	
2292526	2292543	
2292526	2705341	
2292526	2705344	
2292526	2705348	
2292526	2705352	
2292526	2705355	
2292526	2705359	
2292527	2292528	
2292527	2292529	
2292527	2292530	
2292527	2292531	
2292527	2292532	
2292527	2292533	
2292527	2292534	
2292527	2292535	
2292527	2292536	
2292527	2292537	
2292527	2292538	
2292527	2292539	
2292527	2292540	
2292527	2292541	
2292527	2292542	
2292527	2292543	
2292527	2705340	
2292527	2705341	
2292527	2705342	
2292527	2705343	
2292527	2705344	
2292527	2705348	
2292527	2705349	
2292527	2705350	
2292527	2705351	
2292527	2705355	
2292527	2705359	
2292528	2292529	
2292528	2292530	
2292528	2292531	
2292528	2292532	
2292528	2292533	
2292528	2292534	
2292528	2292535	
2292528	2292536	
2292528	2292537	
2292528	2292538	
2292528	2292539	
2292528	2292540	
2292528	2292541	
2292528	2292542	
2292528	2705340	
2292528	2705341	
2292528	2705342	
2292528	2705343	
2292528	2705344	
2292528	2705348	
2292528	2705349	
2292528	2705350	
2292528	2705351	
2292528	2705352	
2292528	2705355	
2292528	2705359	
2292529	2292530	
2292529	2292532	
2292529	2292534	
2292529	2292535	
2292529	2292536	
2292529	2292537	
2292529	2292538	
2292529	2292539	
2292529	2292540	
2292529	2292541	
2292529	2292542	
2292529	2705340	
2292529	2705341	
2292529	2705342	
2292529	2705343	
2292529	2705344	
2292529	2705345	
2292529	2705346	
2292529	2705347	
2292529	2705348	
2292529	2705349	
2292529	2705350	
2292529	2705351	
2292529	2705352	
2292529	2705355	
2292529	2705359	
2292530	2292531	
2292530	2292532	
2292530	2292533	
2292530	2292534	
2292530	2292535	
2292530	2292536	
2292530	2292537	
2292530	2292538	
2292530	2292539	
2292530	2292540	
2292530	2292541	
2292530	2292542	
2292530	2292543	
2292530	2292544	
2292530	2705340	
2292530	2705341	
2292530	2705342	
2292530	2705343	
2292530	2705344	
2292530	2705345	
2292530	2705347	
2292530	2705348	
2292530	2705349	
2292530	2705350	
2292530	2705351	
2292530	2705352	
2292530	2705353	
2292530	2705355	
2292530	2705359	
2292531	2292532	
2292531	2292533	
2292531	2292534	
2292531	2292535	
2292531	2292536	
2292531	2292537	
2292531	2292540	
2292531	2292544	
2292531	2705343	
2292531	2705346	
2292531	2705352	
2292531	2705355	
2292531	2705359	
2292532	2292534	
2292532	2292535	
2292532	2292536	
2292532	2292537	
2292532	2292538	
2292532	2292539	
2292532	2292540	
2292532	2292541	
2292532	2292542	
2292532	2292544	
2292532	2615344	
2292532	2705340	
2292532	2705341	
2292532	2705342	
2292532	2705343	
2292532	2705344	
2292532	2705345	
2292532	2705346	
2292532	2705347	
2292532	2705348	
2292532	2705349	
2292532	2705350	
2292532	2705351	
2292532	2705352	
2292532	2705353	
2292532	2705355	
2292532	2705358	
2292532	2705359	
2292532	2705360	
2292533	2292534	
2292533	2292535	
2292533	2292536	
2292533	2292537	
2292533	2292540	
2292533	2705341	
2292533	2705343	
2292533	2705351	
2292533	2705352	
2292533	2705355	
2292533	2705359	
2292534	2292535	
2292534	2292536	
2292534	2292537	
2292534	2292538	
2292534	2292539	
2292534	2292540	
2292534	2292541	
2292534	2292542	
2292534	2292543	
2292534	2292544	
2292534	2705340	
2292534	2705341	
2292534	2705342	
2292534	2705343	
2292534	2705344	
2292534	2705346	
2292534	2705347	
2292534	2705348	
2292534	2705349	
2292534	2705350	
2292534	2705351	
2292534	2705352	
2292534	2705353	
2292534	2705355	
2292534	2705359	
2292535	2292536	
2292535	2292537	
2292535	2292538	
2292535	2292539	
2292535	2292540	
2292535	2292541	
2292535	2292542	
2292535	2292543	
2292535	2705340	
2292535	2705341	
2292535	2705342	
2292535	2705343	
2292535	2705344	
2292535	2705346	
2292535	2705347	
2292535	2705348	
2292535	2705349	
2292535	2705350	
2292535	2705351	
2292535	2705352	
2292535	2705353	
2292535	2705355	
2292535	2705359	
2292536	2292537	
2292536	2292540	
2292536	2292541	
2292536	2292542	
2292536	2705340	
2292536	2705341	
2292536	2705342	
2292536	2705343	
2292536	2705344	
2292536	2705348	
2292536	2705349	
2292536	2705350	
2292536	2705351	
2292536	2705352	
2292536	2705355	
2292536	2705359	
2292537	2292538	
2292537	2292539	
2292537	2292540	
2292537	2292541	
2292537	2292542	
2292537	2292543	
2292537	2705340	
2292537	2705341	
2292537	2705342	
2292537	2705343	
2292537	2705344	
2292537	2705345	
2292537	2705348	
2292537	2705349	
2292537	2705350	
2292537	2705351	
2292538	2292540	
2292538	2705352	
2292538	2705355	
2292538	2705359	
2292539	2292540	
2292539	2705346	
2292539	2705347	
2292539	2705352	
2292539	2705355	
2292539	2705359	
2292540	2292542	
2292540	2292543	
2292540	2615344	
2292540	2705341	
2292540	2705342	
2292540	2705343	
2292540	2705344	
2292540	2705345	
2292540	2705346	
2292540	2705347	
2292540	2705352	
2292540	2705355	
2292540	2705358	
2292540	2705359	
2292541	2292542	
2292541	2705340	
2292541	2705341	
2292541	2705343	
2292541	2705344	
2292541	2705348	
2292541	2705349	
2292541	2705350	
2292541	2705351	
2292542	2705340	
2292542	2705341	
2292542	2705343	
2292542	2705344	
2292542	2705348	
2292542	2705349	
2292542	2705350	
2292542	2705351	
2292543	2705346	
2292543	2705352	
2292543	2705355	
2292543	2705359	
2705340	2705341	
2705340	2705343	
2705340	2705344	
2705340	2705348	
2705340	2705349	
2705340	2705350	
2705340	2705355	
2705341	2705342	
2705341	2705343	
2705341	2705344	
2705341	2705346	
2705341	2705348	
2705341	2705349	
2705341	2705350	
2705341	2705351	
2705341	2705352	
2705341	2705355	
2705341	2705359	
2705341	2705360	
2705342	2705343	
2705342	2705344	
2705342	2705348	
2705342	2705352	
2705342	2705355	
2705342	2705359	
2705343	2705344	
2705343	2705347	
2705343	2705348	
2705343	2705349	
2705343	2705350	
2705343	2705351	
2705343	2705352	
2705343	2705355	
2705343	2705359	
2705344	2705348	
2705344	2705349	
2705344	2705350	
2705344	2705351	
2705344	2705355	
2705344	2705359	
2705345	2705355	
2705345	2705359	
2705346	2705347	
2705346	2705352	
2705346	2705355	
2705346	2705358	
2705346	2705359	
2705347	2705352	
2705348	2705349	
2705348	2705350	
2705348	2705351	
2705348	2705360	
2705349	2705350	
2705349	2705351	
2705350	2705351	
2705350	2705360	
2705352	2705355	
2705352	2705359	
1	6	
1	12	
4	167328	
4	254562	
4	289380	
4	290068	
4	314130	
5	11509	
6	15	
6	26	
6	1867	
6	2880	
6	2902	
6	4410	
6	4530	
6	4550	
6	7866	
6	9567	
6	16468	
6	27227	
6	34030	
6	34312	
6	34570	
6	34680	
6	34684	
6	34931	
6	35378	
6	35452	
6	37946	
6	38406	
6	38438	
6	39253	
6	39258	
6	39293	
6	41157	
6	42348	
6	43107	
6	44319	
6	44468	
6	45692	
6	45714	
6	45816	
6	46319	
6	47101	
6	47220	
6	47357	
6	47934	
6	47939	
6	48478	
6	49599	
6	50648	
6	52909	
6	54830	
6	57754	
6	60055	
6	60393	
6	60907	
6	61029	
6	63611	
6	69316	
6	76343	
6	76550	
6	76659	
6	76800	
6	76955	
6	76966	
6	76976	
6	77010	
6	77014	
6	77212	
6	77237	
6	77474	
6	77544	
6	77547	
6	78215	
6	79787	
6	79872	
6	80608	
6	81222	
6	81223	
6	83397	
6	85152	
6	87459	
6	88101	
6	88459	
6	95166	
