9593	1007276	
214320	1007276	
245995	1007276	
339158	1007276	
339164	1007276	
361087	1007276	
451468	1007276	
452061	1007276	
522989	1007276	
522994	1007276	
608436	1007276	
698399	1007276	
864342	1007276	
892883	1007276	
940611	1007276	
1006900	1007276	
1007276	1007278	
1007276	1054672	
1007276	1172760	
1007276	1193133	
1007276	1193135	
1007276	1193136	
1007276	1193137	
1007276	1193140	
1007276	1405519	
1007276	1453110	
1007276	1453120	
1007276	1453129	
1007276	1453136	
1007276	1454240	
1007276	1467488	
1007276	2738539	
1007276	2738541	
1007276	3201886	
14	9593	
329	9593	
675	9593	
675	214320	
1172	339158	
1362	1467488	
1409	9593	
1759	9593	
2830	339158	
2902	214320	
2902	339164	
2902	361087	
2902	522989	
2902	1172760	
2903	608436	
3295	9593	
3908	9593	
4128	1193136	
4129	9593	
4135	1405519	
4256	452061	
4400	214320	
4435	2738539	
4486	214320	
6144	452061	
6186	214320	
9244	9593	
9593	9766	
9593	9783	
9593	9833	
9593	10176	
9593	11510	
9593	16457	
9593	16606	
9593	19018	
9593	23132	
9593	28173	
9593	33609	
9593	33610	
9593	33611	
9593	33735	
9593	33965	
9593	34020	
9593	34274	
9593	34278	
9593	34288	
9593	34291	
9593	34293	
9593	34308	
9593	34364	
9593	34426	
9593	34539	
9593	34546	
9593	34707	
9593	34851	
9593	36963	
9593	38008	
9593	38012	
9593	38019	
9593	38023	
9593	38075	
9593	38128	
9593	38451	
9593	38456	
9593	38503	
9593	38777	
9593	38789	
9593	38910	
9593	38950	
9593	38993	
9593	39007	
9593	39016	
9593	39017	
9593	39035	
9593	39063	
9593	39073	
9593	39077	
9593	39092	
9593	39125	
9593	39163	
9593	39236	
9593	39242	
9593	39257	
9593	39286	
9593	39800	
9593	39964	
9593	40100	
9593	40323	
9593	40503	
9593	40546	
9593	40565	
9593	40682	
9593	40859	
9593	40990	
9593	41213	
9593	41247	
9593	41582	
9593	41792	
9593	41936	
9593	42961	
9593	42977	
9593	43009	
9593	43251	
9593	43356	
9593	43464	
9593	44226	
9593	45460	
9593	45714	
9593	45716	
9593	46295	
9593	46610	
9593	46736	
9593	46930	
9593	47220	
9593	47426	
9593	47458	
9593	47729	
9593	48387	
9593	48388	
9593	48391	
9593	48392	
9593	48393	
9593	48396	
9593	48405	
9593	48409	
9593	48557	
9593	48560	
9593	49140	
9593	49215	
9593	49435	
9593	49443	
9593	49758	
9593	49770	
9593	49803	
9593	49875	
9593	49915	
9593	49944	
9593	50038	
9593	50673	
9593	51333	
9593	51423	
9593	51493	
9593	51683	
9593	66250	
9593	76373	
9593	76378	
9593	76410	
9593	76948	
9593	76974	
9593	77182	
9593	77451	
9593	77455	
9593	77456	
9593	77459	
9593	77509	
9593	77525	
9593	77594	
9593	77961	
9593	78245	
9593	94880	
9593	108533	
9593	181943	
9593	197894	
9593	202220	
9593	207910	
9593	207918	
9593	207926	
9593	207943	
9593	209291	
9593	209980	
9593	210686	
9593	211604	
9593	211917	
9593	212496	
9593	212783	
9593	212920	
9593	213417	
9593	213622	
9593	214209	
9593	214254	
9593	214847	
9593	215022	
9593	215475	
9593	215671	
9593	215692	
9593	216363	
9593	216463	
9593	216647	
9593	216726	
9593	218713	
9593	222094	
9593	231343	
9593	245995	
9593	253476	
9593	267169	
9593	268634	
9593	269445	
9593	269644	
9593	270199	
9593	270891	
9593	270903	
9593	271012	
9593	271083	
9593	271767	
9593	272162	
9593	272540	
9593	273464	
9593	273770	
9593	273952	
9593	275160	
9593	275965	
9593	276387	
9593	276389	
9593	276633	
9593	277679	
9593	283951	
9593	283952	
9593	284004	
9593	284326	
9593	290369	
9593	291263	
9593	292559	
9593	293014	
9593	293015	
9593	293039	
9593	293129	
9593	293221	
9593	293410	
9593	293575	
9593	294081	
9593	312312	
9593	316715	
9593	316859	
9593	316889	
9593	318384	
9593	320932	
9593	320942	
9593	320943	
9593	336125	
9593	336626	
9593	342515	
9593	342710	
9593	342964	
9593	346038	
9593	347757	
9593	349257	
9593	351780	
9593	353585	
9593	353586	
9593	353588	
9593	353592	
9593	353594	
9593	353595	
9593	353597	
9593	353599	
9593	353603	
9593	353611	
9593	353615	
9593	353818	
9593	353882	
9593	354222	
9593	354818	
9593	354820	
9593	355095	
9593	355204	
9593	355709	
9593	356099	
9593	356438	
9593	356464	
9593	356728	
9593	357442	
9593	358289	
9593	360677	
9593	360810	
9593	361445	
9593	361499	
9593	361659	
9593	361689	
9593	361976	
9593	361978	
9593	361979	
9593	361980	
9593	362123	
9593	363578	
9593	365890	
9593	367614	
9593	367938	
9593	368908	
9593	369262	
9593	390841	
9593	401950	
9593	402999	
9593	403025	
9593	403032	
9593	403118	
9593	403120	
9593	403145	
9593	403146	
9593	403154	
9593	403156	
9593	404160	
9593	404161	
9593	404173	
9593	404174	
9593	404176	
9593	404179	
9593	404184	
9593	404190	
9593	404191	
9593	404199	
9593	404203	
9593	404520	
9593	404989	
9593	405092	
9593	405250	
9593	405731	
9593	406431	
9593	407350	
9593	408113	
9593	409023	
9593	414659	
9593	418531	
9593	424594	
9593	429145	
9593	429906	
9593	430248	
9593	430266	
9593	438056	
9593	439386	
9593	439734	
9593	440003	
9593	442253	
9593	443017	
9593	446672	
9593	450679	
9593	451468	
9593	457763	
9593	460414	
9593	463750	
9593	465933	
9593	467562	
9593	471439	
9593	471849	
9593	521434	
9593	521438	
9593	521508	
9593	521931	
9593	521951	
9593	522116	
9593	523138	
9593	523143	
9593	523157	
9593	523171	
9593	523173	
9593	523686	
9593	523759	
9593	524603	
9593	533714	
9593	533767	
9593	536811	
9593	543705	
9593	555497	
9593	557113	
9593	560140	
9593	561174	
9593	563911	
9593	574252	
9593	576754	
9593	582447	
9593	584976	
9593	587644	
9593	592151	
9593	592388	
9593	593953	
9593	604458	
9593	604461	
9593	612017	
9593	612472	
9593	612809	
9593	615589	
9593	623462	
9593	647650	
9593	649385	
9593	652717	
9593	661297	
9593	662540	
9593	665122	
9593	669788	
9593	670649	
9593	674198	
9593	674711	
9593	697315	
9593	698399	
9593	702739	
9593	705151	
9593	715515	
9593	725775	
9593	728146	
9593	728169	
9593	734900	
9593	773658	
9593	781712	
9593	783959	
9593	786323	
9593	797531	
9593	851319	
9593	869763	
9593	881536	
9593	881773	
9593	893915	
9593	894790	
9593	895564	
9593	907681	
9593	915411	
9593	915876	
9593	919400	
9593	938813	
9593	940615	
9593	940824	
9593	947339	
9593	949651	
9593	950013	
9593	974737	
9593	998078	
9593	1001135	
9593	1001139	
9593	1001147	
9593	1007272	
9593	1015217	
9593	1039033	
9593	1041009	
9593	1041580	
9593	1054515	
9593	1054673	
9593	1105357	
9593	1150052	
9593	1163978	
9593	1167770	
9593	1172300	
9593	1178843	
9593	1186558	
9593	1192622	
9593	1193134	
9593	1193135	
9593	1193136	
9593	1193140	
9593	1193325	
9593	1197926	
9593	1197930	
9593	1199301	
9593	1206667	
9593	1211602	
9593	1211616	
9593	1250863	
9593	1350540	
9593	1387823	
9593	1392393	
9593	1405335	
9593	1408084	
9593	1452872	
9593	1452873	
9593	1452874	
9593	1453110	
9593	1453111	
9593	1453112	
9593	1453113	
9593	1453114	
9593	1453115	
9593	1453116	
9593	1453117	
9593	1453118	
9593	1453119	
9593	1453120	
9593	1453121	
9593	1453122	
9593	1453123	
9593	1453124	
9593	1453125	
9593	1453126	
9593	1453127	
9593	1453128	
9593	1453129	
9593	1453130	
9593	1453131	
9593	1453132	
9593	1453133	
9593	1453134	
9593	1453135	
9593	1453136	
9593	1453137	
9593	1453138	
9593	1453139	
9593	1453140	
9593	1453141	
9593	1453142	
9593	1453143	
9593	1453144	
9593	1453145	
9593	1453146	
9593	1453147	
9593	1453148	
9593	1453149	
9593	1453150	
9593	1453151	
9593	1453152	
9593	1453153	
9593	1453154	
9593	1453155	
9593	1453156	
9593	1453157	
9593	1453158	
9593	1453159	
9593	1453160	
9593	1453161	
9593	1453162	
9593	1453163	
9593	1453164	
9593	1453165	
9593	1453166	
9593	1453167	
9593	1453168	
9593	1453169	
9593	1453170	
9593	1453171	
9593	1453172	
9593	1453173	
9593	1453174	
9593	1453175	
9593	1453176	
9593	1453177	
9593	1453178	
9593	1453179	
9593	1453180	
9615	864342	
9622	214320	
9622	452061	
9719	452061	
9833	1054672	
11567	608436	
15974	940611	
16285	339158	
16285	361087	
16285	522989	
16285	522994	
16285	1172760	
31185	214320	
31185	452061	
33965	339158	
34069	1172760	
34115	214320	
34165	214320	
34165	339158	
34185	452061	
34317	339158	
34317	339164	
34317	522989	
34317	522994	
34317	1172760	
34663	522989	
34748	339158	
35136	245995	
35158	245995	
35301	245995	
35301	1006900	
38041	361087	
38052	451468	
38235	361087	
38376	522989	
38569	1172760	
38795	214320	
38795	452061	
38847	452061	
38900	214320	
38900	452061	
39318	452061	
39354	698399	
39698	361087	
40127	361087	
40541	339158	
40541	339164	
40541	361087	
41064	214320	
41656	451468	
42073	864342	
42167	522989	
42167	522994	
42167	1172760	
42215	1006900	
43251	1453136	
44337	214320	
44337	339158	
44404	361087	
45458	1172760	
45638	214320	
45696	452061	
45701	214320	
45701	452061	
45984	452061	
47910	452061	
48014	361087	
48014	1172760	
48017	522989	
48017	522994	
48017	1172760	
48203	608436	
48203	1006900	
48203	1007278	
48729	361087	
49140	698399	
49140	892883	
49140	940611	
49140	1193135	
49140	1193136	
49140	1193137	
49140	2738539	
49140	2738541	
49309	361087	
50483	361087	
50522	452061	
50546	214320	
50577	214320	
50581	339158	
50615	214320	
50615	339158	
51346	1172760	
60294	452061	
62756	214320	
63840	452061	
63840	864342	
77014	452061	
77465	214320	
81295	245995	
83933	452061	
103989	1453136	
107522	608436	
107548	214320	
107548	864342	
107573	864342	
107717	1172760	
115813	1054672	
116085	892883	
130419	214320	
130419	339158	
130419	339164	
130419	361087	
130419	452061	
130419	522989	
130419	522994	
130419	1172760	
130438	361087	
130449	361087	
147511	214320	
147511	452061	
150974	339164	
154814	1006900	
155706	214320	
157591	608436	
165734	1405519	
166029	214320	
175495	214320	
175530	452061	
176602	214320	
177609	214320	
177609	339158	
177609	339164	
177609	361087	
177609	452061	
177609	1172760	
182440	339158	
183334	1405519	
199726	214320	
199726	452061	
199801	1453110	
200360	214320	
200409	214320	
201413	214320	
203247	245995	
207971	245995	
207977	361087	
208033	452061	
209264	214320	
209264	452061	
209290	214320	
209702	214320	
209815	361087	
210112	1467488	
210617	1453120	
210686	1453120	
210866	245995	
210866	1006900	
211433	892883	
211482	1193135	
211790	864342	
211966	1453136	
212306	214320	
212392	608436	
212496	451468	
212496	452061	
212496	1453129	
212496	1453136	
212522	451468	
212522	940611	
212522	1193135	
212522	1193136	
212522	1193137	
212522	2738539	
212689	892883	
212693	892883	
212699	892883	
212705	892883	
212783	1453136	
212803	892883	
213119	214320	
213495	214320	
213588	339158	
213588	361087	
213589	214320	
213589	339158	
213589	361087	
213589	452061	
213589	522989	
213618	339158	
213695	452061	
213913	940611	
214060	214320	
214063	214320	
214075	214320	
214180	214320	
214320	214377	
214320	214857	
214320	215123	
214320	215157	
214320	215178	
214320	215465	
214320	215480	
214320	215501	
214320	215506	
214320	215526	
214320	215539	
214320	215540	
214320	215550	
214320	215593	
214320	215705	
214320	215979	
214320	216405	
214320	217023	
214320	231042	
214320	231562	
214320	245948	
214320	246645	
214320	249191	
214320	266941	
214320	268082	
214320	273417	
214320	274973	
214320	274981	
214320	275778	
214320	276609	
214320	280458	
214320	283951	
214320	289821	
214320	310717	
214320	310746	
214320	310830	
214320	311232	
214320	311997	
214320	312011	
214320	312040	
214320	312060	
214320	312148	
214320	312180	
214320	316913	
214320	320128	
214320	320244	
214320	336182	
214320	336648	
214320	336651	
214320	336735	
214320	339137	
214320	339149	
214320	339158	
214320	339164	
214320	357497	
214320	358404	
214320	359347	
214320	360119	
214320	360299	
214320	361008	
214320	361025	
214320	361063	
214320	361073	
214320	361087	
214320	361178	
214320	361179	
214320	361180	
214320	361181	
214320	361588	
214320	361730	
214320	365480	
214320	366415	
214320	366436	
214320	366446	
214320	367180	
214320	368430	
214320	368437	
214320	368438	
214320	397668	
214320	402342	
214320	403889	
214320	423746	
214320	442392	
214320	443268	
214320	447086	
214320	450717	
214320	470862	
214320	519242	
214320	521740	
214320	522119	
214320	522979	
214320	522993	
214320	523068	
214320	523509	
214320	526705	
214320	527023	
214320	527050	
214320	529785	
214320	533825	
214320	536802	
214320	572898	
214320	592095	
214320	611653	
214320	666172	
214320	698399	
214320	733962	
214320	741473	
214320	742162	
214320	743022	
214320	863497	
214320	864342	
214320	881274	
214320	923744	
214320	940795	
214320	998316	
214320	998879	
214320	998898	
214320	998899	
214320	998902	
214320	998917	
214320	998920	
214320	1054672	
214320	1142113	
214320	1172262	
214320	1172451	
214320	1172763	
214320	1172768	
214320	1172781	
214320	1172786	
214320	1172787	
214320	1172788	
214320	1172792	
214320	1172795	
214320	1172797	
214320	1172802	
214320	1172806	
214320	1172814	
214320	1172856	
214320	1172991	
214320	1173684	
214320	1173914	
214320	1174117	
214320	1174361	
214320	1178554	
214320	1179337	
214320	1205610	
214320	1250436	
214320	1329123	
214320	1400038	
214320	1403307	
214320	1405519	
214320	1453129	
214320	1489387	
214320	1558916	
214320	1671556	
214320	1673489	
214320	1729650	
214320	1789242	
214320	1799010	
214320	1839733	
214320	1839734	
214320	1839735	
214320	1839736	
214320	1839737	
214320	1839738	
214320	3900700	
214321	452061	
214321	864342	
215121	608436	
215362	452061	
215475	451468	
215475	698399	
215475	892883	
215475	940611	
215475	1193135	
215475	1193136	
215475	1453120	
215475	1453136	
215475	1467488	
215480	452061	
215526	452061	
215574	892883	
215745	864342	
215933	339158	
217276	245995	
217276	1006900	
231042	339158	
231042	452061	
231562	451468	
231566	451468	
245569	245995	
245995	264130	
245995	270918	
245995	289141	
245995	289146	
245995	289152	
245995	289169	
245995	289173	
245995	289243	
245995	289245	
245995	290371	
245995	292999	
245995	293773	
245995	400399	
245995	400996	
245995	403806	
245995	445158	
245995	460477	
245995	481029	
245995	532108	
245995	573936	
245995	595822	
245995	608436	
245995	623324	
245995	665161	
245995	674878	
245995	698396	
245995	698399	
245995	817210	
245995	875870	
245995	875872	
245995	876382	
245995	883466	
245995	892294	
245995	896317	
245995	896321	
245995	896328	
245995	896330	
245995	896337	
245995	896338	
245995	896339	
245995	896340	
245995	896341	
245995	896343	
245995	896347	
245995	896348	
245995	896349	
245995	896350	
245995	896351	
245995	896365	
245995	896366	
245995	908766	
245995	930731	
245995	948363	
245995	948364	
245995	948366	
245995	948367	
245995	1006495	
245995	1006751	
245995	1006762	
245995	1006877	
245995	1006895	
245995	1006900	
245995	1006902	
245995	1006903	
245995	1006905	
245995	1006920	
245995	1006951	
245995	1007271	
245995	1007272	
245995	1007273	
245995	1007274	
245995	1007275	
245995	1007277	
245995	1007278	
245995	1007279	
245995	1007280	
245995	1007281	
245995	1007282	
245995	1007283	
245995	1007284	
245995	1251085	
245995	1315063	
245995	1453699	
245995	1621728	
245995	2511622	
245995	2738539	
246645	452061	
247341	1405519	
247488	1405519	
252286	339158	
252286	339164	
252286	361087	
252286	522989	
252286	522994	
252286	1172760	
252489	1405519	
254562	1467488	
254567	1467488	
254578	1467488	
254587	1467488	
254590	1467488	
254616	1467488	
254622	1467488	
264130	698399	
266302	3201886	
268080	452061	
268080	1405519	
269953	1467488	
270067	608436	
270232	451468	
270792	1405519	
270918	698399	
271767	1453136	
272569	1172760	
274973	452061	
276027	698399	
276609	339158	
276609	522989	
276609	522994	
276609	1172760	
276960	451468	
277689	339158	
277689	522989	
277689	522994	
277689	1172760	
280462	339158	
282357	1172760	
286450	361087	
289147	608436	
289147	1006900	
289147	1007278	
291573	361087	
293773	1006900	
293830	451468	
294083	892883	
294234	361087	
309997	361087	
310570	1453120	
310746	339158	
310829	361087	
311437	522989	
311440	522989	
311440	1172760	
311458	1172760	
312004	522989	
312004	522994	
312005	339158	
312005	522989	
312005	522994	
312005	1172760	
312069	339158	
312069	361087	
312194	339158	
312194	361087	
314542	1454240	
316644	698399	
316741	361087	
336333	452061	
336651	361087	
336651	452061	
336652	1172760	
337353	451468	
338154	451468	
338226	339158	
338226	339164	
338226	522994	
338226	1172760	
338843	1405519	
339137	339158	
339137	339164	
339137	361087	
339137	452061	
339137	522989	
339137	522994	
339137	1172760	
339143	339158	
339143	339164	
339143	361087	
339149	339158	
339149	339164	
339149	361087	
339149	452061	
339149	522989	
339149	522994	
339149	1172760	
339156	339158	
339156	522989	
339158	339159	
339158	339161	
339158	339164	
339158	339178	
339158	346989	
339158	357497	
339158	359347	
339158	360299	
339158	361023	
339158	361056	
339158	361063	
339158	361073	
339158	361074	
339158	361086	
339158	361087	
339158	361093	
339158	361141	
339158	361146	
339158	361179	
339158	361180	
339158	361730	
339158	365480	
339158	367180	
339158	368008	
339158	368430	
339158	368438	
339158	407053	
339158	409474	
339158	418190	
339158	421118	
339158	428768	
339158	452061	
339158	521740	
339158	522976	
339158	522979	
339158	522987	
339158	522989	
339158	522993	
339158	522994	
339158	523001	
339158	525708	
339158	525765	
339158	526783	
339158	526791	
339158	526792	
339158	526806	
339158	526839	
