53043	101014	
53374	101014	
55959	101014	
57155	101014	
60489	101014	
63561	101014	
63979	101014	
67460	101014	
72931	101014	
73892	101014	
73893	101014	
73895	101014	
75648	101014	
82670	101014	
87717	101014	
87718	101014	
87722	101014	
87735	101014	
87736	101014	
87737	101014	
87738	101014	
87739	101014	
87740	101014	
87742	101014	
87746	101014	
87747	101014	
87748	101014	
87750	101014	
87757	101014	
87764	101014	
87772	101014	
87774	101014	
87777	101014	
87778	101014	
87781	101014	
87785	101014	
87791	101014	
87794	101014	
87797	101014	
87799	101014	
87804	101014	
87806	101014	
87818	101014	
87837	101014	
87838	101014	
88190	101014	
88193	101014	
89422	101014	
97639	101014	
97658	101014	
97831	101014	
100714	101014	
101014	101020	
101014	101027	
101014	101042	
101014	101046	
101014	101934	
101014	102675	
101014	102677	
101014	102684	
101014	102699	
101014	110874	
101014	117031	
101014	122074	
101014	128915	
101014	165584	
101014	176235	
101014	186942	
101014	228611	
101014	240711	
101014	516236	
101014	760895	
101014	1597091	
101014	3539345	
227	100714	
684	75648	
4778	228611	
6157	100714	
6395	53043	
6395	63979	
6395	67460	
6395	97639	
6395	3539345	
6406	60489	
6414	176235	
6415	53374	
6417	60489	
6426	67460	
6426	3539345	
6428	57155	
6432	67460	
6432	3539345	
6437	63979	
6470	67460	
6470	3539345	
6489	122074	
6493	57155	
6498	67460	
6498	3539345	
6500	57155	
6518	63979	
6577	87737	
6690	100714	
6691	67460	
6691	100714	
6691	3539345	
6692	87804	
6693	100714	
6695	73892	
6695	101934	
6696	87804	
6696	100714	
6697	60489	
6698	67460	
6698	3539345	
6699	87774	
6700	97658	
6704	100714	
6706	63979	
6706	87774	
6706	100714	
6706	101046	
6707	67460	
6707	87804	
6707	100714	
6707	3539345	
6711	73893	
6718	87804	
6718	100714	
6728	100714	
6729	100714	
6730	88193	
6730	100714	
6732	75648	
6732	87746	
6732	87791	
6734	87797	
6734	100714	
6736	72931	
6736	73895	
6736	87804	
6736	100714	
6737	87804	
6737	101046	
6738	101046	
6739	87774	
6741	73892	
6742	73893	
6742	73895	
6742	75648	
6742	87717	
6742	87791	
6742	87794	
6742	87804	
6742	87806	
6742	88193	
6742	101027	
6742	101046	
6742	102677	
6742	102684	
6743	73893	
6743	73895	
6743	87736	
6743	87772	
6743	87791	
6743	87804	
6743	97831	
6744	63561	
6744	73895	
6744	75648	
6744	87791	
6744	87804	
6744	88193	
6744	101042	
6744	101046	
6744	102675	
6744	102677	
6746	100714	
6748	102675	
6750	100714	
6751	67460	
6751	100714	
6751	3539345	
6754	87797	
6754	87804	
6754	100714	
6755	73892	
6755	73893	
6755	73895	
6755	100714	
6760	100714	
6767	100714	
6771	73895	
6771	87804	
6772	73895	
6772	100714	
6773	53043	
6773	100714	
6774	100714	
6776	72931	
6776	73892	
6777	87804	
6777	100714	
6778	100714	
6779	100714	
6780	100714	
6782	100714	
6785	73892	
6785	100714	
6789	100714	
6790	72931	
6790	73892	
6790	73893	
6790	87736	
6791	72931	
6791	75648	
6793	73892	
6794	100714	
6795	87774	
6795	100714	
6796	100714	
6798	100714	
6800	60489	
6800	100714	
6801	72931	
6803	73892	
6806	100714	
6811	82670	
6812	55959	
6812	63561	
6812	72931	
6812	73892	
6812	73893	
6812	75648	
6812	87717	
6812	87718	
6812	87735	
6812	87736	
6812	87737	
6812	87738	
6812	87739	
6812	87740	
6812	87746	
6812	87748	
6812	87757	
6812	87774	
6812	87777	
6812	87778	
6812	87781	
6812	87791	
6812	87797	
6812	87804	
6812	87837	
6812	87838	
6812	88193	
6812	97831	
6812	101027	
6812	101042	
6812	102684	
6813	73892	
6814	101042	
6815	87739	
6822	100714	
6825	73892	
6826	73892	
6829	72931	
6829	87804	
6836	73892	
6836	87774	
6837	72931	
6837	100714	
6838	72931	
6838	87739	
6838	760895	
6841	72931	
6841	760895	
6842	72931	
6842	760895	
6843	53043	
6844	100714	
6846	72931	
6851	72931	
6856	87804	
6859	53043	
6859	87772	
6859	87804	
6861	73892	
6864	87791	
6864	100714	
6866	100714	
6869	100714	
7486	760895	
7578	73892	
7579	53374	
7579	63979	
7580	53374	
7584	57155	
7592	165584	
7596	63979	
7596	67460	
7596	3539345	
7603	57155	
7603	186942	
7604	53374	
7608	53374	
7613	53043	
7613	87774	
7624	57155	
7626	53374	
7630	53374	
7632	53043	
7632	82670	
7641	53043	
7641	67460	
7641	3539345	
7647	53043	
7647	165584	
7647	760895	
7651	53043	
7652	53043	
7653	53043	
7653	72931	
7653	89422	
7654	53043	
7659	72931	
7659	73892	
7660	87804	
7662	165584	
7667	87774	
7670	57155	
7672	87774	
7677	53043	
7678	87735	
7678	97831	
7683	63979	
7683	75648	
7686	53374	
7695	73892	
7695	73893	
7713	53374	
7715	57155	
7716	87785	
7720	100714	
7729	72931	
7743	53043	
7743	89422	
7743	97831	
7750	89422	
7750	97831	
7766	89422	
7772	63979	
7814	165584	
7820	53374	
8666	87718	
8666	87778	
12224	67460	
12224	3539345	
12225	63979	
12225	128915	
12229	100714	
12229	760895	
12230	87757	
12230	87791	
12230	102675	
12368	63979	
12369	63979	
12369	67460	
12369	3539345	
12381	57155	
12382	75648	
12382	97658	
12389	87777	
12542	53374	
12863	87774	
13234	186942	
13248	88193	
13343	53374	
14295	87722	
14392	53043	
14392	100714	
14393	73892	
14393	73893	
14393	75648	
14393	87717	
14393	87718	
14393	87735	
14393	87736	
14393	87737	
14393	87738	
14393	87740	
14393	87746	
14393	87757	
14393	87764	
14393	87774	
14393	87777	
14393	87778	
14393	87791	
14393	87794	
14393	87804	
14393	87806	
14393	87837	
14393	87838	
14393	97831	
14393	101020	
14393	101027	
14393	101042	
14393	101046	
14393	102677	
14393	760895	
14395	72931	
14395	73893	
14400	87797	
14411	73892	
14411	73893	
14411	75648	
14420	55959	
14420	73892	
14420	73893	
14420	73895	
14420	75648	
14420	87735	
14420	87740	
14420	87742	
14420	87747	
14420	87750	
14420	87778	
14420	87791	
14420	88190	
14420	88193	
14420	101027	
14420	102677	
14420	102684	
14431	73892	
14431	73893	
14431	87735	
14431	87736	
14431	87742	
14431	87750	
14431	87778	
14431	87838	
14431	88190	
14431	88193	
14431	102677	
14446	75648	
17792	87777	
17802	100714	
17888	100714	
18625	100714	
20136	760895	
20276	87774	
21358	53043	
21587	760895	
22571	760895	
22580	53043	
22621	100714	
22668	87736	
22668	87757	
22668	87774	
22668	87791	
22668	87797	
22713	100714	
22724	75648	
23133	87774	
23367	73893	
23367	87774	
23503	73892	
24949	760895	
24964	760895	
25717	75648	
33594	100714	
33603	53043	
33603	73892	
33603	73895	
33603	97658	
33661	53043	
33662	75648	
33686	102677	
33765	73892	
33907	73893	
33907	101042	
33928	53043	
34569	53043	
35485	57155	
35488	53043	
35488	87785	
35488	102677	
36662	228611	
38798	57155	
38798	67460	
38798	3539345	
38903	128915	
38903	186942	
39127	53043	
39240	88193	
40448	57155	
40829	57155	
40995	53043	
40995	760895	
41067	73892	
41067	88193	
41345	53043	
41347	67460	
41347	3539345	
41434	97639	
42462	63979	
42462	67460	
42462	3539345	
42463	67460	
42463	3539345	
42531	57155	
42533	97658	
42534	53043	
42534	63979	
42535	57155	
42537	53043	
42574	53043	
43048	67460	
43048	3539345	
44132	53043	
44132	63979	
44132	186942	
47183	87739	
47902	100714	
48246	63979	
48553	67460	
48553	3539345	
49428	760895	
49683	75648	
50329	57155	
51656	53043	
51657	53043	
51657	760895	
51661	760895	
51671	63979	
51675	73893	
51735	75648	
51956	53374	
51965	55959	
51969	57155	
51970	57155	
51974	57155	
51975	67460	
51975	3539345	
51982	53043	
51998	760895	
52022	57155	
52024	67460	
52024	760895	
52024	3539345	
52026	67460	
52026	3539345	
52031	67460	
52031	3539345	
52037	67460	
52037	3539345	
52040	67460	
52040	3539345	
52042	67460	
52042	3539345	
52044	63979	
52045	67460	
52045	3539345	
52050	67460	
52050	3539345	
52051	67460	
52051	3539345	
52061	57155	
52062	57155	
52075	57155	
52076	57155	
52077	760895	
52082	53043	
52084	89422	
52088	57155	
52095	57155	
52147	57155	
52153	67460	
52153	3539345	
52154	57155	
52154	67460	
52154	3539345	
52155	67460	
52155	3539345	
52156	67460	
52156	3539345	
52157	67460	
52157	3539345	
52158	67460	
52158	3539345	
52159	67460	
52159	3539345	
52160	63979	
52163	57155	
52164	53374	
52165	60489	
52165	100714	
52167	53043	
52168	57155	
52168	67460	
52168	3539345	
52171	57155	
52171	63979	
52171	67460	
52171	3539345	
52172	63979	
52198	67460	
52198	97831	
52198	3539345	
52200	57155	
52202	67460	
52202	87774	
52202	3539345	
52204	57155	
52204	67460	
52204	3539345	
52205	57155	
52205	67460	
52205	3539345	
52206	57155	
52212	57155	
52214	53043	
52214	63979	
52219	57155	
52223	67460	
52223	3539345	
52224	57155	
52227	57155	
52228	67460	
52228	3539345	
52239	67460	
52239	3539345	
52242	53043	
52242	53374	
52246	67460	
52246	3539345	
52251	73892	
52254	67460	
52254	3539345	
52262	57155	
52268	60489	
52270	60489	
52273	53043	
52275	67460	
52275	3539345	
52278	53374	
52281	67460	
52281	3539345	
52282	67460	
52282	3539345	
52289	72931	
52289	87804	
52290	67460	
52290	3539345	
52291	67460	
52291	3539345	
52300	67460	
52300	3539345	
52305	97831	
52307	53043	
52307	73892	
52307	87804	
52307	100714	
52311	53043	
52317	67460	
52317	3539345	
52318	57155	
52323	57155	
52324	82670	
52327	53374	
52329	53374	
52339	67460	
52339	3539345	
52345	97831	
52351	67460	
52351	3539345	
52352	67460	
52352	3539345	
52359	67460	
52359	3539345	
52375	67460	
52375	3539345	
52377	67460	
52377	3539345	
52378	67460	
52378	3539345	
52382	67460	
52382	3539345	
52384	72931	
52387	67460	
52387	3539345	
52392	67460	
52392	3539345	
52395	67460	
52395	3539345	
52396	67460	
52396	3539345	
52398	67460	
52398	3539345	
52402	67460	
52402	3539345	
52405	57155	
52413	60489	
52414	57155	
52417	67460	
52417	3539345	
52429	67460	
52429	3539345	
52430	67460	
52430	3539345	
52441	53374	
52446	57155	
52449	67460	
52449	3539345	
52452	760895	
52454	57155	
52455	60489	
52456	57155	
52468	57155	
52469	57155	
52471	67460	
52471	3539345	
52474	53374	
52478	67460	
52478	3539345	
52492	186942	
52507	67460	
52507	3539345	
52530	760895	
52530	1597091	
52560	53043	
52578	67460	
52578	3539345	
52579	67460	
52579	3539345	
52589	67460	
52589	3539345	
52660	53374	
52664	53043	
52667	53374	
52669	63979	
52669	67460	
52669	3539345	
52670	57155	
52672	57155	
52672	67460	
52672	3539345	
52679	57155	
52690	53043	
52693	57155	
52702	97831	
52711	57155	
52713	67460	
52713	3539345	
52714	67460	
52714	3539345	
52721	75648	
52721	87777	
52721	102677	
52732	87739	
52732	100714	
52733	82670	
52734	67460	
52734	3539345	
52737	57155	
52746	53043	
52746	760895	
52754	72931	
52754	75648	
52754	97658	
52759	87774	
52763	53043	
52773	63979	
52774	67460	
52774	3539345	
52778	67460	
52778	3539345	
52779	53043	
52779	97658	
52781	53043	
52786	67460	
52786	3539345	
52787	67460	
52787	3539345	
52788	67460	
52788	3539345	
52799	57155	
52802	63979	
52817	67460	
52817	3539345	
52829	165584	
52846	97658	
52846	516236	
52851	97658	
52878	67460	
52878	3539345	
52971	63979	
52971	87797	
52972	53374	
52972	75648	
52972	100714	
52974	97658	
52977	117031	
52979	100714	
52989	97658	
52991	53043	
52994	57155	
52994	67460	
52994	3539345	
52996	53043	
52999	67460	
52999	3539345	
53003	73892	
53005	67460	
53005	3539345	
53007	67460	
53007	3539345	
53010	100714	
53011	73892	
53013	87791	
53013	87804	
53013	101046	
53014	73895	
53014	87748	
53014	760895	
53015	87774	
53018	100714	
53019	67460	
53019	3539345	
53023	53043	
53031	53043	
53032	53043	
53035	57155	
53036	53043	
53037	53043	
53038	53043	
53039	97658	
53041	53043	
53042	53043	
53043	53044	
53043	53045	
53043	53052	
53043	53109	
53043	53196	
53043	53341	
53043	53412	
53043	53862	
53043	54025	
53043	54280	
53043	54297	
53043	54315	
53043	54326	
53043	54327	
53043	54329	
53043	54353	
53043	54468	
53043	54470	
53043	54535	
53043	54547	
53043	54603	
53043	54604	
53043	54614	
53043	54675	
53043	54748	
53043	55181	
53043	55230	
53043	55233	
53043	55234	
53043	55280	
53043	55295	
53043	55379	
53043	55421	
53043	55427	
53043	55428	
53043	55454	
53043	55455	
53043	55457	
53043	55458	
53043	55459	
53043	55460	
53043	55461	
53043	55478	
53043	55521	
53043	55527	
53043	55528	
53043	55535	
53043	55678	
53043	55727	
53043	55735	
53043	55741	
53043	55794	
53043	55804	
53043	55805	
53043	55825	
53043	55837	
53043	55882	
53043	55980	
53043	56039	
53043	56269	
53043	56457	
53043	56481	
53043	56686	
53043	56707	
53043	56708	
53043	56712	
53043	56773	
53043	56878	
53043	56917	
53043	56967	
53043	56974	
53043	57060	
53043	57169	
53043	57183	
53043	57246	
53043	57308	
53043	57355	
53043	57487	
53043	57568	
53043	57600	
53043	57741	
53043	57764	
53043	57767	
53043	57784	
53043	57789	
53043	57829	
53043	57830	
53043	57831	
53043	57832	
53043	57833	
53043	58096	
53043	58113	
53043	58257	
53043	58260	
53043	58276	
53043	58323	
53043	58519	
53043	58688	
53043	58689	
53043	58846	
53043	58874	
53043	59002	
53043	59003	
53043	59004	
53043	59028	
53043	59054	
53043	59067	
53043	59068	
53043	59078	
53043	59082	
53043	59483	
53043	59537	
53043	59794	
53043	59866	
53043	60000	
53043	60019	
53043	60040	
53043	60057	
53043	60078	
53043	60110	
53043	60256	
53043	60350	
53043	60450	
53043	60678	
53043	60733	
53043	61019	
53043	61069	
53043	61119	
53043	61120	
53043	61122	
53043	61267	
53043	61435	
53043	62082	
53043	62227	
53043	62327	
53043	62488	
53043	62893	
53043	62904	
53043	63004	
53043	63097	
53043	63517	
53043	63718	
53043	64301	
53043	64359	
53043	64360	
53043	64483	
53043	64579	
53043	64724	
53043	64852	
53043	64938	
53043	65063	
53043	65197	
53043	65198	
53043	65221	
53043	65262	
53043	65398	
53043	65512	
53043	65532	
53043	65546	
53043	65736	
53043	65914	
53043	65940	
53043	65948	
53043	65966	
53043	66126	
53043	66129	
53043	66589	
53043	66627	
53043	66812	
53043	66813	
53043	67569	
53043	68008	
53043	68014	
53043	68115	
53043	68123	
53043	68129	
53043	68130	
53043	68246	
53043	68275	
53043	68539	
53043	68607	
53043	68702	
53043	68929	
53043	69187	
53043	69660	
53043	70087	
53043	71157	
53043	71905	
53043	72914	
53043	72921	
53043	72922	
53043	72923	
53043	72924	
53043	72953	
53043	73011	
53043	73022	
53043	73089	
53043	73199	
53043	73268	
53043	73385	
53043	73388	
53043	73418	
53043	73482	
53043	73496	
53043	73503	
53043	73511	
53043	73829	
53043	73869	
53043	73935	
53043	73936	
53043	73937	
53043	73948	
53043	74022	
53043	74023	
53043	74174	
53043	74176	
53043	74182	
53043	74183	
53043	74252	
53043	74270	
53043	74295	
53043	74434	
53043	74609	
53043	74611	
53043	74710	
53043	74790	
53043	74794	
53043	74796	
53043	74802	
53043	74831	
53043	74868	
53043	74869	
53043	74870	
53043	74872	
53043	74968	
53043	75080	
53043	75203	
53043	75204	
53043	75206	
53043	75222	
53043	75299	
53043	75352	
53043	75410	
53043	75416	
53043	75417	
53043	75418	
53043	75419	
53043	75421	
53043	75422	
53043	75440	
53043	75459	
53043	75483	
53043	75566	
53043	75577	
53043	75599	
53043	75622	
53043	75762	
53043	75784	
53043	75801	
53043	76252	
53043	76301	
53043	78322	
53043	79149	
53043	79213	
53043	79226	
53043	79260	
53043	79274	
53043	80168	
53043	80171	
53043	80284	
53043	80554	
53043	80569	
53043	80571	
53043	80578	
53043	80591	
53043	80594	
53043	80627	
53043	81771	
53043	82066	
53043	82070	
53043	82076	
53043	82101	
53043	82129	
53043	82145	
53043	82184	
53043	82387	
53043	82654	
53043	82655	
53043	82656	
53043	82657	
53043	83946	
53043	83947	
53043	84010	
53043	84131	
53043	84132	
53043	84133	
53043	84149	
53043	85515	
53043	85573	
53043	85646	
53043	85695	
53043	85696	
53043	86081	
53043	86438	
53043	86439	
53043	86444	
53043	86491	
53043	86494	
53043	86497	
53043	86911	
53043	86943	
53043	87134	
53043	87135	
53043	87137	
53043	87139	
53043	87144	
53043	87174	
53043	87255	
53043	87271	
53043	87308	
53043	87314	
53043	87357	
53043	87808	
53043	87856	
53043	88255	
53043	88256	
53043	89157	
53043	89160	
53043	89202	
53043	89222	
53043	89941	
53043	89942	
53043	89972	
53043	90315	
53043	90322	
53043	90510	
53043	90552	
53043	90676	
53043	92221	
53043	92241	
53043	92242	
53043	92277	
53043	92327	
53043	92370	
53043	92673	
53043	92674	
53043	93074	
53043	93713	
53043	93829	
53043	93830	
53043	93851	
53043	93859	
53043	93864	
53043	94117	
53043	94248	
53043	94861	
53043	95078	
53043	95264	
53043	95437	
53043	95780	
53043	96269	
53043	96437	
53043	96461	
53043	96498	
53043	96532	
53043	96684	
53043	96955	
53043	97049	
53043	97590	
53043	97671	
53043	97672	
53043	97701	
53043	97714	
53043	97716	
53043	97730	
53043	98116	
53043	98148	
53043	98267	
53043	98431	
53043	98531	
53043	98732	
53043	98920	
53043	99189	
53043	99192	
53043	99285	
53043	99645	
53043	99796	
53043	99826	
53043	99852	
53043	100000	
53043	100007	
53043	100013	
53043	100036	
53043	100130	
53043	100360	
53043	100500	
53043	100613	
53043	100640	
53043	100704	
53043	100721	
53043	100724	
53043	101101	
53043	101203	
53043	101235	
53043	101431	
53043	101576	
53043	101705	
53043	101842	
53043	101872	
53043	102247	
53043	102330	
53043	102695	
53043	102960	
53043	103003	
53043	103310	
53043	103674	
53043	103692	
53043	103745	
53043	104530	
53043	105161	
53043	105179	
53043	105184	
53043	105326	
53043	105643	
53043	105664	
53043	105694	
53043	105695	
53043	105763	
53043	105864	
53043	105892	
53043	105906	
53043	106250	
53043	106257	
53043	106258	
53043	106259	
53043	106260	
53043	106261	
53043	106262	
53043	106263	
53043	106278	
53043	106284	
53043	106290	
53043	106293	
53043	106296	
53043	106308	
53043	106318	
53043	106325	
53043	106334	
53043	106338	
53043	106471	
53043	106704	
53043	106854	
53043	106879	
53043	106886	
53043	106909	
53043	107037	
53043	107060	
53043	108304	
53043	109213	
53043	109263	
53043	109567	
53043	110031	
53043	110554	
53043	110641	
53043	112880	
53043	118768	
53043	120150	
53043	120218	
53043	121656	
53043	122531	
53043	125203	
53043	125460	
53043	126929	
53043	128080	
53043	131539	
53043	132536	
53043	132839	
53043	134328	
53043	134651	
53043	134760	
53043	134803	
53043	135427	
53043	135932	
53043	136950	
53043	136951	
53043	137994	
53043	138616	
53043	138634	
53043	139628	
53043	139654	
53043	140012	
53043	140836	
53043	141545	
53043	143612	
53043	143798	
53043	145246	
53043	145413	
53043	145422	
