6415	101031	
55200	101031	
55959	101031	
56071	101031	
57060	101031	
62205	101031	
73892	101031	
73893	101031	
73894	101031	
73895	101031	
74364	101031	
74397	101031	
75629	101031	
75637	101031	
75645	101031	
75648	101031	
87717	101031	
87721	101031	
87722	101031	
87733	101031	
87735	101031	
87736	101031	
87737	101031	
87738	101031	
87740	101031	
87741	101031	
87742	101031	
87745	101031	
87746	101031	
87748	101031	
87750	101031	
87754	101031	
87755	101031	
87757	101031	
87760	101031	
87762	101031	
87764	101031	
87765	101031	
87766	101031	
87767	101031	
87785	101031	
87787	101031	
87788	101031	
87791	101031	
87799	101031	
87800	101031	
87801	101031	
87806	101031	
87807	101031	
87808	101031	
87814	101031	
87819	101031	
87838	101031	
87839	101031	
87840	101031	
87843	101031	
93713	101031	
97827	101031	
97862	101031	
97902	101031	
97957	101031	
100450	101031	
101019	101031	
101021	101031	
101025	101031	
101029	101031	
101031	101040	
101031	101048	
101031	101057	
101031	101058	
101031	101061	
101031	101063	
101031	101066	
101031	101067	
101031	101071	
101031	101091	
101031	102680	
101031	102681	
101031	102682	
101031	102683	
101031	102703	
101031	102733	
101031	103151	
101031	103340	
101031	103363	
101031	105085	
101031	105720	
101031	106159	
101031	106695	
101031	107083	
101031	107414	
101031	107882	
101031	108001	
101031	108055	
101031	108056	
101031	108061	
101031	108108	
101031	108202	
101031	108235	
101031	109165	
101031	112281	
101031	141857	
101031	247051	
101031	1442044	
227	87721	
245	6415	
684	75648	
721	107083	
3029	75637	
4795	6415	
6398	6415	
6398	102703	
6403	6415	
6412	6415	
6413	6415	
6415	6416	
6415	6417	
6415	6427	
6415	6428	
6415	6433	
6415	6436	
6415	6447	
6415	6448	
6415	6449	
6415	6456	
6415	6464	
6415	6482	
6415	6488	
6415	6506	
6415	6507	
6415	6508	
6415	6512	
6415	6515	
6415	6530	
6415	6544	
6415	6559	
6415	6573	
6415	6580	
6415	6697	
6415	6729	
6415	6787	
6415	6814	
6415	7602	
6415	7688	
6415	7689	
6415	12368	
6415	12372	
6415	13234	
6415	13235	
6415	13367	
6415	15527	
6415	40442	
6415	40984	
6415	42528	
6415	42529	
6415	42574	
6415	43048	
6415	51958	
6415	52014	
6415	52132	
6415	52159	
6415	52180	
6415	52201	
6415	52219	
6415	52226	
6415	52255	
6415	52273	
6415	52324	
6415	52327	
6415	52414	
6415	52452	
6415	52468	
6415	52478	
6415	52481	
6415	52513	
6415	52536	
6415	52664	
6415	52703	
6415	52714	
6415	52816	
6415	52969	
6415	52971	
6415	52981	
6415	53211	
6415	53220	
6415	53221	
6415	53228	
6415	53230	
6415	53236	
6415	53239	
6415	53243	
6415	53258	
6415	53261	
6415	53271	
6415	53277	
6415	53281	
6415	53283	
6415	53287	
6415	53295	
6415	53356	
6415	53359	
6415	53374	
6415	53389	
6415	53434	
6415	53435	
6415	53460	
6415	53508	
6415	53518	
6415	53634	
6415	53642	
6415	53643	
6415	53653	
6415	53666	
6415	53670	
6415	53696	
6415	53719	
6415	53733	
6415	53741	
6415	53748	
6415	53749	
6415	53759	
6415	53777	
6415	53791	
6415	53805	
6415	53943	
6415	54019	
6415	54039	
6415	54043	
6415	54080	
6415	54093	
6415	54104	
6415	54184	
6415	54185	
6415	54190	
6415	54192	
6415	54207	
6415	54216	
6415	54230	
6415	54237	
6415	54251	
6415	54302	
6415	54345	
6415	54379	
6415	54418	
6415	54443	
6415	54453	
6415	54454	
6415	54455	
6415	54491	
6415	54532	
6415	54541	
6415	54565	
6415	54701	
6415	54793	
6415	54997	
6415	55008	
6415	55099	
6415	55187	
6415	55213	
6415	55237	
6415	55242	
6415	55249	
6415	55250	
6415	55272	
6415	55279	
6415	55304	
6415	55429	
6415	55440	
6415	55505	
6415	55556	
6415	55595	
6415	55599	
6415	55658	
6415	55660	
6415	55662	
6415	55663	
6415	55716	
6415	55720	
6415	55729	
6415	55742	
6415	55759	
6415	55767	
6415	55771	
6415	55855	
6415	55865	
6415	56034	
6415	56060	
6415	56102	
6415	56112	
6415	56118	
6415	56131	
6415	56189	
6415	56190	
6415	56193	
6415	56196	
6415	56223	
6415	56241	
6415	56258	
6415	56263	
6415	56285	
6415	56307	
6415	56316	
6415	56317	
6415	56347	
6415	56466	
6415	56547	
6415	56589	
6415	56641	
6415	56683	
6415	56700	
6415	56719	
6415	56762	
6415	56767	
6415	56769	
6415	56773	
6415	56793	
6415	56879	
6415	56887	
6415	56899	
6415	56982	
6415	57019	
6415	57036	
6415	57055	
6415	57064	
6415	57077	
6415	57176	
6415	57189	
6415	57255	
6415	57302	
6415	57321	
6415	57329	
6415	57446	
6415	57452	
6415	57497	
6415	57607	
6415	57655	
6415	57715	
6415	57728	
6415	57730	
6415	57741	
6415	57777	
6415	57783	
6415	57788	
6415	57809	
6415	57837	
6415	57866	
6415	57872	
6415	57956	
6415	57996	
6415	58002	
6415	58009	
6415	58039	
6415	58043	
6415	58096	
6415	58099	
6415	58164	
6415	58216	
6415	58301	
6415	58305	
6415	58331	
6415	58344	
6415	58365	
6415	58429	
6415	58495	
6415	58575	
6415	58594	
6415	58612	
6415	58619	
6415	58645	
6415	58762	
6415	58767	
6415	58832	
6415	58840	
6415	58880	
6415	58914	
6415	58926	
6415	59002	
6415	59003	
6415	59004	
6415	59019	
6415	59115	
6415	59254	
6415	59280	
6415	59285	
6415	59293	
6415	59298	
6415	59301	
6415	59311	
6415	59320	
6415	59323	
6415	59325	
6415	59326	
6415	59328	
6415	59341	
6415	59344	
6415	59358	
6415	59360	
6415	59365	
6415	59371	
6415	59398	
6415	59411	
6415	59413	
6415	59418	
6415	59420	
6415	59426	
6415	59430	
6415	59442	
6415	59453	
6415	59507	
6415	59522	
6415	59550	
6415	59584	
6415	59595	
6415	59616	
6415	59621	
6415	59646	
6415	59656	
6415	59665	
6415	59757	
6415	59760	
6415	59774	
6415	59777	
6415	59778	
6415	59796	
6415	59849	
6415	59855	
6415	59897	
6415	59929	
6415	59985	
6415	59986	
6415	59999	
6415	60013	
6415	60050	
6415	60054	
6415	60056	
6415	60094	
6415	60130	
6415	60136	
6415	60155	
6415	60160	
6415	60223	
6415	60253	
6415	60361	
6415	60369	
6415	60377	
6415	60410	
6415	60472	
6415	60559	
6415	60563	
6415	60564	
6415	60568	
6415	60578	
6415	60582	
6415	60585	
6415	60715	
6415	60725	
6415	60744	
6415	60798	
6415	60804	
6415	60942	
6415	60954	
6415	60963	
6415	60984	
6415	60986	
6415	60987	
6415	60990	
6415	61008	
6415	61016	
6415	61034	
6415	61054	
6415	61067	
6415	61072	
6415	61152	
6415	61194	
6415	61222	
6415	61275	
6415	61310	
6415	61411	
6415	61428	
6415	61431	
6415	61444	
6415	61467	
6415	61496	
6415	61614	
6415	61631	
6415	61632	
6415	61635	
6415	61642	
6415	61663	
6415	61667	
6415	61712	
6415	61723	
6415	61800	
6415	61857	
6415	62019	
6415	62051	
6415	62052	
6415	62081	
6415	62112	
6415	62113	
6415	62136	
6415	62211	
6415	62223	
6415	62226	
6415	62258	
6415	62458	
6415	62487	
6415	62503	
6415	62550	
6415	62551	
6415	62560	
6415	62592	
6415	62683	
6415	62769	
6415	62777	
6415	62783	
6415	62786	
6415	62823	
6415	62892	
6415	62937	
6415	62989	
6415	62994	
6415	63006	
6415	63013	
6415	63018	
6415	63020	
6415	63026	
6415	63034	
6415	63047	
6415	63072	
6415	63075	
6415	63088	
6415	63103	
6415	63141	
6415	63215	
6415	63228	
6415	63235	
6415	63255	
6415	63267	
6415	63409	
6415	63431	
6415	63490	
6415	63568	
6415	63576	
6415	63592	
6415	63596	
6415	63618	
6415	63704	
6415	63723	
6415	63746	
6415	63770	
6415	63773	
6415	63783	
6415	63880	
6415	63913	
6415	64013	
6415	64039	
6415	64066	
6415	64093	
6415	64138	
6415	64165	
6415	64199	
6415	64214	
6415	64228	
6415	64300	
6415	64322	
6415	64369	
6415	64543	
6415	64559	
6415	64577	
6415	64588	
6415	64592	
6415	64660	
6415	64670	
6415	64673	
6415	64801	
6415	64842	
6415	64869	
6415	64877	
6415	64936	
6415	64950	
6415	65185	
6415	65197	
6415	65218	
6415	65230	
6415	65233	
6415	65234	
6415	65247	
6415	65434	
6415	65495	
6415	65543	
6415	65560	
6415	65592	
6415	65619	
6415	65623	
6415	65636	
6415	65711	
6415	65733	
6415	65759	
6415	65861	
6415	65895	
6415	65899	
6415	65918	
6415	65939	
6415	65947	
6415	66034	
6415	66110	
6415	66151	
6415	66175	
6415	66246	
6415	66253	
6415	66257	
6415	66278	
6415	66288	
6415	66310	
6415	66372	
6415	66419	
6415	66427	
6415	66439	
6415	66440	
6415	66482	
6415	66487	
6415	66591	
6415	66609	
6415	66622	
6415	66627	
6415	66645	
6415	66721	
6415	66867	
6415	66895	
6415	66906	
6415	66969	
6415	66974	
6415	66981	
6415	66983	
6415	67000	
6415	67003	
6415	67045	
6415	67135	
6415	67245	
6415	67376	
6415	67398	
6415	67448	
6415	67454	
6415	67457	
6415	67464	
6415	67478	
6415	67492	
6415	67506	
6415	67526	
6415	67547	
6415	67562	
6415	67631	
6415	67651	
6415	67667	
6415	67714	
6415	67739	
6415	67747	
6415	67760	
6415	67834	
6415	67836	
6415	67843	
6415	67855	
6415	67885	
6415	67925	
6415	67932	
6415	67946	
6415	67951	
6415	68118	
6415	68121	
6415	68329	
6415	68343	
6415	68348	
6415	68350	
6415	68489	
6415	68494	
6415	68519	
6415	68539	
6415	68699	
6415	68808	
6415	68819	
6415	68932	
6415	68999	
6415	69002	
6415	69051	
6415	69068	
6415	69167	
6415	69311	
6415	69314	
6415	69380	
6415	69395	
6415	69441	
6415	69458	
6415	69470	
6415	69491	
6415	69534	
6415	69537	
6415	69594	
6415	69629	
6415	69651	
6415	69667	
6415	69716	
6415	69799	
6415	69928	
6415	69933	
6415	69936	
6415	70002	
6415	70056	
6415	70093	
6415	70098	
6415	70136	
6415	70172	
6415	70239	
6415	70264	
6415	70370	
6415	70386	
6415	70390	
6415	70400	
6415	70402	
6415	70462	
6415	70507	
6415	70540	
6415	70665	
6415	70673	
6415	70687	
6415	70714	
6415	70841	
6415	70867	
6415	70898	
6415	70901	
6415	71308	
6415	71311	
6415	71312	
6415	71317	
6415	71431	
6415	71734	
6415	71856	
6415	71894	
6415	71956	
6415	71998	
6415	72039	
6415	72055	
6415	72088	
6415	72154	
6415	72157	
6415	72194	
6415	72263	
6415	72273	
6415	72278	
6415	72285	
6415	72336	
6415	72337	
6415	72389	
6415	72407	
6415	72457	
6415	72497	
6415	72504	
6415	72666	
6415	72677	
6415	72713	
6415	72760	
6415	72837	
6415	72863	
6415	72869	
6415	72896	
6415	72898	
6415	72944	
6415	73142	
6415	73173	
6415	73217	
6415	73362	
6415	73505	
6415	73516	
6415	73517	
6415	73562	
6415	73588	
6415	73672	
6415	73730	
6415	73740	
6415	73741	
6415	73747	
6415	73752	
6415	73806	
6415	73947	
6415	74245	
6415	74559	
6415	74567	
6415	74713	
6415	74853	
6415	74940	
6415	74950	
6415	75200	
6415	75208	
6415	75331	
6415	75353	
6415	75398	
6415	75411	
6415	75459	
6415	75481	
6415	75489	
6415	75518	
6415	75542	
6415	75568	
6415	75573	
6415	75802	
6415	75807	
6415	75887	
6415	75903	
6415	78695	
6415	78914	
6415	78928	
6415	79006	
6415	79019	
6415	79056	
6415	79096	
6415	79157	
6415	79192	
6415	79213	
6415	79243	
6415	79274	
6415	79441	
6415	80028	
6415	80094	
6415	80191	
6415	80387	
6415	80392	
6415	80398	
6415	80684	
6415	80685	
6415	80698	
6415	80712	
6415	80732	
6415	80734	
6415	80847	
6415	80874	
6415	80877	
6415	80912	
6415	80923	
6415	80948	
6415	80958	
6415	81031	
6415	81036	
6415	81078	
6415	81086	
6415	81388	
6415	81394	
6415	81432	
6415	81434	
6415	81503	
6415	81650	
6415	81806	
6415	81815	
6415	81822	
6415	81886	
6415	81889	
6415	81982	
6415	82282	
6415	82298	
6415	82383	
6415	82409	
6415	82490	
6415	82507	
6415	82540	
6415	82559	
6415	82562	
6415	82646	
6415	82718	
6415	82884	
6415	82992	
6415	83048	
6415	83073	
6415	83103	
6415	83133	
6415	83396	
6415	83405	
6415	83415	
6415	83586	
6415	83611	
6415	83663	
6415	84024	
6415	84038	
6415	84210	
6415	84688	
6415	84696	
6415	84717	
6415	84946	
6415	84970	
6415	84975	
6415	85094	
6415	85098	
6415	85274	
6415	85409	
6415	85510	
6415	85512	
6415	85546	
6415	85572	
6415	85597	
6415	85598	
6415	85609	
6415	85809	
6415	85864	
6415	85944	
6415	86067	
6415	86396	
6415	86803	
6415	86888	
6415	86889	
6415	86895	
6415	86960	
6415	86980	
6415	87011	
6415	87064	
6415	87069	
6415	87071	
6415	87072	
6415	87089	
6415	87096	
6415	87159	
6415	87333	
6415	87367	
6415	87601	
6415	87673	
6415	87677	
6415	87716	
6415	88085	
6415	88090	
6415	88173	
6415	88426	
6415	88612	
6415	88752	
6415	89145	
6415	89336	
6415	89367	
6415	89661	
6415	89914	
6415	90184	
6415	90245	
6415	90709	
6415	90743	
6415	90815	
6415	90823	
6415	90841	
6415	90891	
6415	90912	
6415	90971	
6415	90972	
6415	91440	
6415	91487	
6415	91544	
6415	91690	
6415	91766	
6415	91776	
6415	91778	
6415	91811	
6415	91873	
6415	92084	
6415	92213	
6415	92216	
6415	92322	
6415	92425	
6415	92466	
6415	92468	
6415	92485	
6415	92499	
6415	92500	
6415	92604	
6415	92642	
6415	92646	
6415	92669	
6415	92712	
6415	92786	
6415	92800	
6415	92801	
6415	92880	
6415	92919	
6415	92929	
6415	93003	
6415	93183	
6415	93184	
6415	93217	
6415	93239	
6415	93297	
6415	93533	
6415	93626	
6415	93685	
6415	93875	
6415	93961	
6415	94058	
6415	94298	
6415	94348	
6415	94437	
6415	94557	
6415	94669	
6415	94865	
6415	95107	
6415	95253	
6415	95318	
6415	95475	
6415	95529	
6415	95584	
