196227	1010942	
444506	1010942	
479187	1010942	
479191	1010942	
479192	1010942	
566698	1010942	
954341	1010942	
1008868	1010942	
1010910	1010942	
1010915	1010942	
1010918	1010942	
1010919	1010942	
1010925	1010942	
1010926	1010942	
1010927	1010942	
1010928	1010942	
1010930	1010942	
1010932	1010942	
1010933	1010942	
1010934	1010942	
1010935	1010942	
1010936	1010942	
1010937	1010942	
1010938	1010942	
1010939	1010942	
1010941	1010942	
1010942	1010943	
1010942	1010944	
1010942	1010953	
1010942	1379252	
1010942	1383861	
1010942	1429386	
1010942	1429395	
1010942	1429423	
1010942	1429424	
1010942	1429425	
1010942	1429426	
1010942	1429427	
1010942	1429446	
1010942	1429748	
1010942	1720800	
11	196227	
11	479187	
11	1379252	
39	479187	
39	1379252	
5688	196227	
5703	444506	
5703	479187	
5703	1379252	
5703	1383861	
9780	444506	
11509	196227	
11509	566698	
13664	444506	
21043	1383861	
22006	444506	
23642	566698	
23642	954341	
23742	196227	
23742	444506	
23742	479187	
23742	479191	
23742	479192	
23742	1010910	
23742	1010936	
23742	1429427	
23742	1429748	
38795	479187	
38796	479187	
38841	196227	
38900	479187	
55757	196227	
76349	196227	
76363	196227	
77049	479187	
77201	479187	
77564	196227	
77599	479187	
118413	196227	
151782	444506	
151782	1010927	
163353	444506	
163353	479187	
182984	1008868	
196227	196249	
196227	196251	
196227	209579	
196227	209626	
196227	210317	
196227	217250	
196227	217524	
196227	276916	
196227	284346	
196227	284704	
196227	284706	
196227	303487	
196227	318831	
196227	319365	
196227	320032	
196227	339466	
196227	343636	
196227	344971	
196227	346037	
196227	346223	
196227	352488	
196227	353041	
196227	357632	
196227	363594	
196227	420392	
196227	428957	
196227	429700	
196227	431798	
196227	432221	
196227	436241	
196227	439086	
196227	441294	
196227	444506	
196227	446715	
196227	476165	
196227	479187	
196227	479188	
196227	479192	
196227	479193	
196227	479194	
196227	479202	
196227	481381	
196227	485309	
196227	511787	
196227	536051	
196227	536478	
196227	536563	
196227	536575	
196227	592835	
196227	594416	
196227	598059	
196227	600838	
196227	614583	
196227	614964	
196227	615983	
196227	616151	
196227	616684	
196227	647966	
196227	664467	
196227	666991	
196227	723208	
196227	736315	
196227	761434	
196227	776603	
196227	778203	
196227	869928	
196227	885177	
196227	885963	
196227	901176	
196227	911970	
196227	931579	
196227	940262	
196227	944080	
196227	944081	
196227	972774	
196227	999231	
196227	1008868	
196227	1010906	
196227	1010911	
196227	1010913	
196227	1010915	
196227	1010916	
196227	1010917	
196227	1010918	
196227	1010919	
196227	1010924	
196227	1010926	
196227	1010927	
196227	1010928	
196227	1010930	
196227	1010933	
196227	1010934	
196227	1010935	
196227	1010936	
196227	1010937	
196227	1010938	
196227	1010939	
196227	1010940	
196227	1010941	
196227	1010944	
196227	1010945	
196227	1010947	
196227	1010949	
196227	1010962	
196227	1206916	
196227	1254184	
196227	1275046	
196227	1383859	
196227	1383861	
196227	1383863	
196227	1391174	
196227	1397671	
196227	1402171	
196227	1402173	
196227	1429386	
196227	1429398	
196227	1429401	
196227	1429410	
196227	1429422	
196227	1429425	
196227	1429428	
196227	1429431	
196227	1429442	
196227	1429443	
196227	1429445	
196227	1429447	
196227	1429747	
196227	1429748	
196227	1491417	
196227	1494578	
196227	1495421	
196227	1511528	
196227	1674045	
196227	1720323	
196227	1741405	
196227	1817938	
196227	1840097	
196227	1904602	
196227	2035788	
196227	2044589	
196227	2058121	
196227	2058122	
196227	2058123	
196227	2058124	
196227	2058125	
196227	2058126	
196227	2058127	
196227	2058128	
196227	2058129	
196227	2058130	
196227	2058131	
196227	2058132	
196227	2058133	
196227	2351744	
196227	3968399	
206240	1379252	
210099	479187	
210099	1379252	
210100	479187	
240519	479187	
256414	954341	
267962	479187	
267988	479187	
279377	479187	
287575	444506	
287575	479187	
287575	1010910	
287575	1010943	
287575	1429423	
316542	444506	
316542	479187	
316542	1010927	
316542	1720800	
317877	1010918	
319346	444506	
319346	954341	
319346	1010927	
319351	479187	
319354	444506	
319356	954341	
319360	444506	
319361	444506	
319361	1008868	
319363	1010925	
319365	444506	
319365	479187	
319365	479192	
319365	1010927	
319365	1379252	
319365	1429446	
319367	1010925	
319368	479187	
319369	1010926	
319377	444506	
319384	954341	
319393	479187	
319395	444506	
319412	444506	
319412	1008868	
319412	1010927	
321286	1010926	
321287	1010926	
321621	479187	
321621	1383861	
321806	1010927	
336190	444506	
336190	479187	
336190	1379252	
344801	479187	
346223	444506	
346223	479187	
346223	1010918	
346223	1010939	
346229	479187	
346452	479187	
346464	479187	
346481	479187	
346482	479187	
346496	479187	
346594	479187	
347192	479187	
350959	1008868	
351176	1008868	
360773	1010927	
362029	479191	
362691	479187	
397882	444506	
397882	479187	
400230	444506	
400230	479187	
400230	1379252	
403392	566698	
407720	444506	
407720	479187	
407720	1379252	
407720	1383861	
407963	479187	
412481	954341	
412481	1720800	
413902	566698	
413909	954341	
415528	954341	
415528	1383861	
415556	566698	
415556	954341	
416558	444506	
416558	479187	
417163	479187	
433814	479187	
444506	463903	
444506	463918	
444506	463962	
444506	463993	
444506	464651	
444506	479179	
444506	479184	
444506	479187	
444506	479188	
444506	479191	
444506	479192	
444506	479194	
444506	479202	
444506	479917	
444506	480932	
444506	481351	
444506	481370	
444506	481373	
444506	481379	
444506	481381	
444506	481396	
444506	481403	
444506	481406	
444506	481419	
444506	483238	
444506	483936	
444506	547586	
444506	553559	
444506	565232	
444506	567280	
444506	608685	
444506	612326	
444506	614247	
444506	614964	
444506	615339	
444506	615714	
444506	615740	
444506	615819	
444506	615823	
444506	615991	
444506	616027	
444506	616041	
444506	616050	
444506	616055	
444506	616067	
444506	616148	
444506	616151	
444506	616166	
444506	616176	
444506	616476	
444506	616489	
444506	616684	
444506	616688	
444506	616697	
444506	653491	
444506	661967	
444506	661970	
444506	662478	
444506	704830	
444506	709863	
444506	709892	
444506	710179	
444506	710199	
444506	710200	
444506	710202	
444506	710203	
444506	710205	
444506	713992	
444506	714072	
444506	714075	
444506	714084	
444506	734154	
444506	736391	
444506	736640	
444506	736711	
444506	744094	
444506	744108	
444506	744113	
444506	744115	
444506	750314	
444506	750321	
444506	750324	
444506	754350	
444506	761434	
444506	761438	
444506	776603	
444506	861707	
444506	878208	
444506	901844	
444506	911969	
444506	911970	
444506	952519	
444506	952552	
444506	952607	
444506	952655	
444506	952736	
444506	952760	
444506	952941	
444506	952942	
444506	952952	
444506	952960	
444506	953234	
444506	953250	
444506	954315	
444506	954339	
444506	954346	
444506	955186	
444506	1008868	
444506	1010905	
444506	1010906	
444506	1010907	
444506	1010908	
444506	1010910	
444506	1010911	
444506	1010912	
444506	1010913	
444506	1010914	
444506	1010915	
444506	1010916	
444506	1010917	
444506	1010918	
444506	1010919	
444506	1010920	
444506	1010921	
444506	1010922	
444506	1010925	
444506	1010926	
444506	1010927	
444506	1010928	
444506	1010929	
444506	1010930	
444506	1010931	
444506	1010932	
444506	1010933	
444506	1010934	
444506	1010935	
444506	1010936	
444506	1010937	
444506	1010938	
444506	1010939	
444506	1010940	
444506	1010941	
444506	1010943	
444506	1010944	
444506	1010945	
444506	1010946	
444506	1010947	
444506	1010948	
444506	1010949	
444506	1010954	
444506	1010955	
444506	1010956	
444506	1010957	
444506	1010958	
444506	1010960	
444506	1010962	
444506	1013446	
444506	1013454	
444506	1041974	
444506	1080640	
444506	1126179	
444506	1156103	
444506	1159791	
444506	1261518	
444506	1275063	
444506	1289186	
444506	1321555	
444506	1321558	
444506	1321582	
444506	1335889	
444506	1347301	
444506	1365474	
444506	1379252	
444506	1383815	
444506	1383859	
444506	1383861	
444506	1383863	
444506	1383864	
444506	1383866	
444506	1384103	
444506	1391125	
444506	1400811	
444506	1429386	
444506	1429387	
444506	1429388	
444506	1429389	
444506	1429390	
444506	1429391	
444506	1429392	
444506	1429393	
444506	1429394	
444506	1429395	
444506	1429396	
444506	1429397	
444506	1429398	
444506	1429399	
444506	1429400	
444506	1429401	
444506	1429402	
444506	1429403	
444506	1429404	
444506	1429405	
444506	1429406	
444506	1429407	
444506	1429408	
444506	1429409	
444506	1429410	
444506	1429411	
444506	1429412	
444506	1429413	
444506	1429414	
444506	1429415	
444506	1429416	
444506	1429417	
444506	1429418	
444506	1429419	
444506	1429420	
444506	1429421	
444506	1429422	
444506	1429423	
444506	1429424	
444506	1429425	
444506	1429426	
444506	1429427	
444506	1429428	
444506	1429429	
444506	1429430	
444506	1429431	
444506	1429432	
444506	1429433	
444506	1429434	
444506	1429435	
444506	1429436	
444506	1429437	
444506	1429438	
444506	1429439	
444506	1429440	
444506	1429441	
444506	1429442	
444506	1429443	
444506	1429444	
444506	1429445	
444506	1429446	
444506	1429447	
444506	1429448	
444506	1429449	
444506	1429450	
444506	1429451	
444506	1429452	
444506	1429453	
444506	1429454	
444506	1429455	
444506	1429456	
444506	1429457	
444506	1429458	
444506	1429459	
444506	1429460	
444506	1429461	
444506	1429462	
444506	1429463	
444506	1429464	
444506	1429465	
444506	1429746	
444506	1429748	
444506	1429749	
444506	1532630	
444506	1656406	
444506	1874515	
444506	1900442	
444506	1900476	
444506	1900483	
444506	1901006	
444506	1901753	
444506	2324353	
444506	2324455	
444506	2458857	
444506	2703101	
444506	3182571	
444506	3549321	
444506	4015241	
452239	566698	
463903	1010927	
463993	479187	
479179	479187	
479179	1379252	
479179	1383861	
479180	479187	
479180	479192	
479180	1010925	
479184	479187	
479187	479188	
479187	479191	
479187	479192	
479187	481333	
479187	481338	
479187	481370	
479187	481373	
479187	481381	
479187	481403	
479187	481406	
479187	481419	
479187	511787	
479187	536235	
479187	547586	
479187	547609	
479187	550803	
479187	564483	
479187	567280	
479187	575410	
479187	599493	
479187	608735	
479187	615714	
479187	615819	
479187	615823	
479187	616348	
479187	616476	
479187	653486	
479187	653491	
479187	658434	
479187	661363	
479187	661967	
479187	661970	
479187	661971	
479187	669006	
479187	709892	
479187	716905	
479187	736711	
479187	744113	
479187	744115	
479187	750321	
479187	750324	
479187	754350	
479187	761434	
479187	761438	
479187	776603	
479187	851084	
479187	884549	
479187	952444	
479187	952630	
479187	952942	
479187	953234	
479187	954346	
479187	1008868	
479187	1010906	
479187	1010907	
479187	1010910	
479187	1010913	
479187	1010915	
479187	1010917	
479187	1010926	
479187	1010927	
479187	1010928	
479187	1010931	
479187	1010933	
479187	1010934	
479187	1010935	
479187	1010936	
479187	1010937	
479187	1010939	
479187	1010953	
479187	1010955	
479187	1010962	
479187	1013953	
479187	1073532	
479187	1080640	
479187	1118223	
479187	1206916	
479187	1275063	
479187	1335889	
479187	1365474	
479187	1379252	
479187	1379261	
479187	1379275	
479187	1383859	
479187	1383861	
479187	1383862	
479187	1383863	
479187	1383864	
479187	1383866	
479187	1396139	
479187	1400811	
479187	1429387	
479187	1429389	
479187	1429392	
479187	1429393	
479187	1429398	
479187	1429400	
479187	1429402	
479187	1429403	
479187	1429405	
479187	1429408	
479187	1429409	
479187	1429410	
479187	1429413	
479187	1429423	
479187	1429425	
479187	1429430	
479187	1429434	
479187	1429435	
479187	1429437	
479187	1429440	
479187	1429441	
479187	1429842	
479187	1467773	
479187	1468459	
479187	1482868	
479187	1494624	
479187	1650410	
479187	1687828	
479187	1687832	
479187	1720175	
479187	1720176	
479187	1720177	
479187	1720178	
479187	1720179	
479187	1720180	
479187	1720181	
479187	1720182	
479187	1720183	
479187	1720184	
479187	1720185	
479187	1720186	
479187	1720187	
479187	1720188	
479187	1720189	
479187	1720190	
479187	1720191	
479187	1720192	
479187	1720193	
479187	1720194	
479187	1720195	
479187	1720196	
479187	1720197	
479187	1720198	
479187	1720199	
479187	1720200	
479187	1720202	
479187	1720307	
479187	1720382	
479187	1864243	
479187	1901141	
479187	1908706	
479187	2097877	
479187	2161042	
479187	2324573	
479187	3182571	
479187	3330869	
479188	1010927	
479188	1010936	
479188	1010943	
479189	1010925	
479190	479191	
479190	1010939	
479191	479192	
479191	479193	
479191	479194	
479191	479202	
479191	511787	
479191	530681	
479191	536487	
479191	614247	
479191	750324	
479191	761434	
479191	776603	
479191	790632	
479191	954341	
479191	1008868	
479191	1010907	
479191	1010910	
479191	1010911	
479191	1010912	
479191	1010914	
479191	1010915	
479191	1010917	
479191	1010918	
479191	1010919	
479191	1010920	
479191	1010922	
479191	1010926	
479191	1010927	
479191	1010928	
479191	1010929	
479191	1010930	
479191	1010932	
479191	1010933	
479191	1010934	
479191	1010935	
479191	1010936	
479191	1010937	
479191	1010938	
479191	1010939	
479191	1010940	
479191	1010941	
479191	1010943	
479191	1010944	
479191	1010945	
479191	1010946	
479191	1010947	
479191	1010948	
479191	1010950	
479191	1010951	
479191	1010952	
479191	1010953	
479191	1010954	
479191	1010957	
479191	1195033	
479191	1261518	
479191	1429389	
479191	1429398	
479191	1429423	
479191	1429425	
479191	1429426	
479191	1429427	
479191	1429428	
479191	1429429	
479191	1429431	
479191	1429464	
479191	1429748	
479191	1720180	
479191	1720651	
479191	1720653	
479191	1720655	
479191	1720657	
479191	2058122	
479191	2307435	
479191	2323490	
479191	2324353	
479191	2324663	
479191	2324664	
479191	2324672	
479191	2660378	
479191	2703087	
479191	2703088	
479191	2703089	
479191	2703090	
479191	2703091	
479191	2703099	
479191	2703100	
479191	2703102	
479191	3207994	
479191	3208007	
479191	3208009	
479191	3208014	
479191	3311346	
479191	3311347	
479192	479193	
479192	511787	
479192	616151	
479192	709892	
479192	750324	
479192	776603	
479192	952968	
479192	1008868	
479192	1010906	
479192	1010910	
479192	1010912	
479192	1010913	
479192	1010915	
479192	1010916	
479192	1010918	
479192	1010919	
479192	1010920	
479192	1010922	
479192	1010925	
479192	1010926	
479192	1010927	
479192	1010928	
479192	1010929	
479192	1010930	
479192	1010931	
479192	1010932	
479192	1010933	
479192	1010934	
479192	1010935	
479192	1010936	
479192	1010937	
479192	1010938	
479192	1010939	
479192	1010940	
479192	1010941	
479192	1010943	
479192	1010944	
479192	1010945	
479192	1010946	
479192	1010947	
479192	1010948	
479192	1010949	
479192	1010950	
479192	1010960	
479192	1010962	
479192	1261518	
479192	1396148	
479192	1429386	
479192	1429389	
479192	1429395	
479192	1429396	
479192	1429398	
479192	1429422	
479192	1429423	
479192	1429424	
479192	1429425	
479192	1429426	
479192	1429427	
479192	1429428	
479192	1429429	
479192	1429430	
479192	1429447	
479192	1429748	
479192	1501291	
479192	1720650	
479192	2703087	
479192	2703101	
479192	3208005	
479192	3311342	
479193	1010915	
479193	1010938	
479193	1010941	
479193	1429748	
479194	1010926	
479194	1010937	
479194	1010938	
479194	1429425	
479202	1008868	
479202	1010915	
479202	1010919	
479202	1010926	
479202	1010928	
479202	1010934	
479202	1010936	
479202	1010937	
479202	1010938	
479202	1429426	
479917	1008868	
480932	954341	
481333	1379252	
481338	566698	
481349	566698	
481370	1383861	
481373	1010915	
481381	1010927	
481381	1379252	
481381	1383861	
481396	954341	
481396	1010927	
481396	1720800	
481406	1379252	
481406	1383861	
481419	1379252	
481419	1383861	
483936	566698	
511787	1010915	
511787	1010919	
511787	1010926	
511787	1010932	
511787	1010936	
511787	1010937	
511787	1429425	
514877	954341	
516467	566698	
516467	954341	
537992	954341	
550803	1379252	
550803	1383861	
552216	954341	
553559	1010927	
555647	566698	
565206	1010943	
566698	614949	
566698	616027	
566698	616028	
566698	616029	
566698	616032	
566698	616033	
566698	616035	
566698	616038	
566698	616050	
566698	616063	
566698	616065	
566698	616070	
566698	616074	
566698	616076	
566698	616104	
566698	616105	
566698	661967	
566698	709838	
566698	709863	
566698	709947	
566698	709950	
566698	709951	
566698	709956	
566698	709960	
566698	710022	
566698	710027	
566698	710029	
566698	710040	
566698	710076	
566698	710175	
566698	710180	
566698	710193	
566698	710201	
566698	710209	
566698	710215	
566698	710216	
566698	710217	
566698	710222	
566698	710226	
566698	714037	
566698	714040	
566698	714041	
566698	714043	
566698	714063	
566698	714065	
566698	716009	
566698	716021	
566698	716907	
566698	744093	
566698	744102	
566698	744115	
566698	750312	
566698	750313	
566698	778477	
566698	927821	
566698	952633	
566698	954291	
566698	954297	
566698	954301	
566698	954302	
566698	954324	
566698	954326	
566698	954332	
566698	954336	
566698	954343	
566698	954346	
566698	954347	
566698	954351	
566698	954352	
566698	954381	
566698	954396	
566698	954402	
566698	1010645	
566698	1012292	
566698	1013953	
566698	1032850	
566698	1159791	
566698	1160047	
566698	1180375	
566698	1243426	
566698	1275040	
566698	1275053	
566698	1275063	
566698	1275064	
566698	1275074	
566698	1275075	
566698	1275081	
566698	1275129	
566698	1275133	
566698	1417266	
566698	1429408	
566698	1479239	
566698	1494624	
566698	1720130	
566698	1720176	
566698	1720219	
566698	1720369	
566698	1720801	
566698	1840449	
566698	1840450	
566698	1840452	
566698	1840463	
566698	1900429	
566698	1900471	
566698	1900472	
566698	1900473	
566698	1900874	
566698	1900875	
566698	1900965	
566698	1901047	
566698	1901161	
566698	1901325	
566698	1901329	
566698	1901547	
566698	1901604	
566698	2323441	
566698	2323653	
566698	2323667	
566698	2323802	
566698	2323803	
566698	2323804	
567010	954341	
599493	1010925	
608685	1383861	
612326	954341	
612326	1010927	
612326	1720800	
612360	954341	
612502	954341	
612515	954341	
614247	1010919	
614247	1010926	
614247	1010936	
614247	1010937	
614925	1010943	
614964	1383861	
615339	1008868	
615819	1010915	
615819	1010935	
615819	1429446	
615823	1010927	
615832	1010925	
615991	1008868	
615991	1010943	
615991	1429386	
615991	1429446	
616027	954341	
616027	1720800	
616028	954341	
616029	954341	
616031	954341	
616033	954341	
616034	954341	
616035	954341	
616037	954341	
616038	954341	
616039	954341	
616042	954341	
616049	954341	
616053	954341	
616055	954341	
616056	954341	
616057	954341	
616060	954341	
616060	1720800	
616062	954341	
616063	954341	
616065	954341	
616068	954341	
616070	954341	
616071	954341	
616073	954341	
616076	954341	
616077	954341	
616081	954341	
616081	1720800	
616084	954341	
616086	954341	
616087	954341	
616093	954341	
616105	954341	
616115	1010926	
616151	1008868	
616151	1010918	
616151	1010919	
616151	1010926	
616151	1010927	
616151	1010932	
616151	1010937	
616151	1010938	
616151	1010939	
616151	1429386	
616151	1429446	
616153	1008868	
616154	1010918	
616154	1010919	
616154	1010930	
616176	1010927	
616438	1008868	
616438	1429386	
616438	1429446	
616474	1008868	
616474	1010927	
616474	1010937	
616474	1429425	
616476	1010910	
616489	1008868	
616493	1010936	
616675	1010927	
616675	1010936	
661341	954341	
661967	954341	
661967	1010910	
673637	1720800	
679068	954341	
704830	954341	
704830	1720800	
706373	1010910	
709892	1010927	
709892	1010930	
709892	1379252	
709892	1429423	
709959	954341	
709960	954341	
709961	954341	
710020	954341	
710021	1720800	
710026	954341	
710028	954341	
710031	954341	
710032	954341	
710044	954341	
710060	954341	
710076	1720800	
710171	954341	
710171	1010935	
710173	954341	
710174	954341	
710175	954341	
710175	1379252	
710177	954341	
710181	954341	
710183	954341	
710185	954341	
710193	954341	
710195	954341	
710197	954341	
710198	954341	
710199	954341	
710200	954341	
710201	954341	
710201	1720800	
710202	1720800	
710207	954341	
710216	954341	
710217	954341	
710219	954341	
710231	954341	
710239	954341	
713992	954341	
713992	1720800	
714035	954341	
714036	1720800	
714037	954341	
714043	954341	
714044	954341	
714060	954341	
714065	954341	
714070	954341	
714073	954341	
716001	954341	
716002	954341	
716013	954341	
716017	954341	
716019	954341	
716020	954341	
716021	954341	
716024	954341	
716905	1379252	
716907	954341	
725452	954341	
733917	1008868	
733917	1429386	
734154	954341	
735144	954341	
736636	954341	
736640	954341	
736711	1379252	
736711	1383861	
744093	954341	
744094	954341	
744102	954341	
744108	954341	
744115	1010910	
744115	1379252	
750317	954341	
750324	1008868	
750324	1010910	
750324	1010926	
750324	1010927	
750324	1010928	
750324	1010930	
750324	1010937	
750324	1379252	
750324	1383861	
754350	1379252	
754350	1383861	
761434	1010919	
761434	1010927	
761434	1010936	
761434	1010937	
761434	1010938	
761438	1383861	
776603	1010910	
776603	1010927	
776603	1010928	
776603	1010935	
776603	1010939	
776603	1383861	
778545	954341	
790632	1010938	
790632	1010943	
790635	1010925	
834676	954341	
863526	1720800	
901844	1010927	
911970	1010943	
927431	1010918	
927821	954341	
946185	954341	
952550	1720800	
952552	954341	
952552	1720800	
952607	1010927	
952629	954341	
952760	1720800	
952952	1010927	
952960	1008868	
953041	1010918	
953176	1010926	
953197	1010937	
954283	954341	
954284	954341	
954286	954341	
954289	954341	
954290	954341	
954291	954341	
954294	1720800	
954296	954341	
954297	954341	
954298	954341	
954299	954341	
954301	954341	
954302	954341	
954304	954341	
954305	954341	
954306	954341	
954309	954341	
954330	954341	
954331	954341	
954338	954341	
954341	954347	
954341	954348	
954341	954351	
954341	954352	
954341	954354	
954341	954355	
954341	954359	
954341	954366	
954341	954367	
954341	954368	
954341	954369	
954341	954374	
954341	954376	
954341	954380	
954341	954381	
954341	954382	
954341	954383	
954341	954388	
954341	954398	
954341	954415	
954341	954416	
954341	1010907	
954341	1010912	
954341	1010927	
954341	1010928	
954341	1010931	
954341	1010937	
954341	1010941	
954341	1010962	
954341	1012292	
954341	1012295	
954341	1013453	
954341	1013454	
954341	1014277	
954341	1014463	
954341	1196640	
954341	1275038	
954341	1275047	
954341	1275055	
954341	1275059	
954341	1275062	
954341	1275067	
954341	1275069	
954341	1275070	
954341	1275071	
954341	1275072	
954341	1275074	
954341	1275081	
954341	1275084	
954341	1275087	
954341	1275134	
954341	1321548	
954341	1321582	
954341	1396135	
954341	1396148	
954341	1429389	
954341	1429414	
954341	1429423	
954341	1429453	
954341	1429463	
954341	1429748	
954341	1697919	
954341	1720125	
954341	1720131	
954341	1720135	
954341	1720137	
954341	1720223	
954341	1720435	
954341	1720501	
954341	1720571	
954341	1720792	
954341	1720796	
954341	1720797	
954341	1720798	
954341	1720800	
954341	1720801	
954341	1720802	
954341	1720806	
954341	1720807	
954341	1721740	
954341	1733885	
954341	1840431	
954341	1840432	
954341	1840433	
954341	1840436	
954341	1840445	
954341	1840469	
954341	1900283	
954341	1900286	
954341	1900437	
954341	1900839	
954341	1900873	
954341	1900877	
954341	1900879	
954341	1900881	
954341	1900890	
954341	1901160	
954341	1901174	
954341	1901200	
954341	1901202	
954341	1901244	
954341	1901329	
954341	1901432	
954341	1901530	
954341	1901744	
954341	1902102	
954341	2303889	
954341	2323403	
954341	2323408	
954341	2323409	
954341	2323410	
954341	2323411	
954341	2323412	
954341	2323462	
954341	2323545	
954341	2323828	
954348	1010930	
954348	1720800	
954368	1720800	
955213	1010925	
963180	1010937	
1008868	1010905	
1008868	1010906	
1008868	1010907	
1008868	1010908	
1008868	1010909	
1008868	1010910	
1008868	1010911	
1008868	1010912	
1008868	1010913	
1008868	1010914	
1008868	1010915	
1008868	1010916	
1008868	1010917	
1008868	1010918	
1008868	1010919	
1008868	1010920	
1008868	1010921	
1008868	1010922	
1008868	1010923	
1008868	1010924	
1008868	1010925	
1008868	1010926	
1008868	1010927	
1008868	1010928	
1008868	1010929	
1008868	1010930	
1008868	1010931	
1008868	1010932	
1008868	1010933	
1008868	1010934	
1008868	1010935	
1008868	1010936	
1008868	1010937	
1008868	1010938	
1008868	1010939	
1008868	1010940	
1008868	1010941	
1008868	1010943	
1008868	1010944	
1008868	1010945	
1008868	1010946	
1008868	1010947	
1008868	1010948	
1008868	1010949	
1008868	1010950	
1008868	1010951	
1008868	1010952	
1008868	1010953	
1008868	1010954	
1008868	1010955	
1008868	1010956	
1008868	1010957	
1008868	1010958	
1008868	1010959	
1008868	1010960	
1008868	1010961	
1008868	1010962	
1008868	1010963	
1008868	1013439	
1008868	1013446	
1008868	1429450	
1008868	1429464	
1008868	1720554	
1008868	1720650	
1008868	1720665	
1010905	1010927	
1010906	1010910	
1010906	1010915	
1010906	1010918	
1010906	1010919	
1010906	1010926	
1010906	1010927	
1010906	1010928	
1010906	1010930	
1010906	1010933	
1010906	1010934	
1010906	1010936	
1010906	1010939	
1010906	1010943	
1010906	1379252	
1010906	1429395	
1010906	1429423	
1010906	1429748	
1010907	1010910	
1010907	1010915	
1010907	1010927	
1010907	1010928	
1010907	1010930	
1010908	1010927	
1010909	1429386	
1010910	1010912	
1010910	1010915	
1010910	1010918	
1010910	1010926	
1010910	1010927	
1010910	1010928	
1010910	1010929	
1010910	1010930	
1010910	1010931	
1010910	1010932	
1010910	1010933	
1010910	1010934	
1010910	1010937	
1010910	1010939	
1010910	1010941	
1010910	1010945	
1010910	1010949	
1010910	1010953	
1010910	1010962	
1010910	1379252	
1010910	1429386	
1010910	1429389	
1010910	1429398	
1010910	1429423	
1010910	1429425	
1010910	1429427	
1010910	1429428	
1010910	1429445	
1010910	1429446	
1010910	1429748	
1010910	1429749	
1010910	1720202	
1010910	1720650	
1010910	2703101	
1010910	3208014	
1010910	3311332	
1010911	1010926	
1010911	1010927	
1010911	1010928	
1010911	1010932	
1010911	1010936	
1010911	1010937	
1010912	1010915	
1010912	1010919	
1010912	1010927	
1010912	1010930	
1010912	1010933	
1010912	1010934	
1010912	1010936	
1010912	1010937	
1010912	1010938	
1010912	1429395	
1010913	1010915	
1010913	1010927	
1010913	1010937	
1010913	1010938	
1010913	1379252	
1010913	1383861	
1010913	1429386	
1010913	1429423	
1010914	1010915	
1010914	1010919	
1010914	1010926	
1010914	1010927	
1010914	1010928	
1010914	1010932	
1010914	1010933	
1010914	1010934	
1010914	1010935	
1010914	1010936	
1010914	1010937	
1010914	1010938	
1010914	1010939	
1010914	1010941	
1010914	1010943	
1010914	1379252	
1010914	1429425	
1010914	1429426	
1010915	1010916	
1010915	1010917	
1010915	1010918	
1010915	1010919	
1010915	1010920	
1010915	1010922	
1010915	1010926	
1010915	1010927	
1010915	1010928	
1010915	1010929	
1010915	1010930	
1010915	1010932	
1010915	1010933	
1010915	1010934	
1010915	1010935	
1010915	1010936	
1010915	1010937	
1010915	1010938	
1010915	1010939	
1010915	1010940	
1010915	1010941	
1010915	1010944	
1010915	1010945	
1010915	1010946	
1010915	1010947	
1010915	1010948	
1010915	1010949	
1010915	1010950	
1010915	1010953	
1010915	1010954	
1010915	1010957	
1010915	1010962	
1010915	1429394	
1010915	1429395	
1010915	1429397	
1010915	1429401	
1010915	1429423	
1010915	1429424	
1010915	1429425	
1010915	1429426	
1010915	1429428	
1010915	1429430	
1010915	1429435	
1010915	1429464	
1010915	1429748	
1010915	1720650	
1010915	1720651	
1010915	1720667	
1010915	2703101	
1010915	3207999	
1010915	3208000	
1010915	3208001	
1010915	3208002	
1010916	1010919	
1010916	1010926	
1010916	1010927	
1010916	1010928	
1010916	1010930	
1010916	1010932	
1010916	1010933	
1010916	1010934	
1010916	1010935	
1010916	1010936	
1010916	1010937	
1010916	1010938	
1010916	1010939	
1010916	1429386	
1010916	1429425	
1010917	1010926	
1010917	1010927	
1010917	1010928	
1010917	1010930	
1010917	1010934	
1010917	1010936	
1010917	1010937	
1010917	1010938	
1010917	1429386	
1010918	1010926	
1010918	1010927	
1010918	1010928	
1010918	1010930	
1010918	1010935	
1010918	1010936	
1010918	1010937	
1010918	1010939	
1010918	1010945	
1010918	1010946	
1010918	1010952	
1010918	1429398	
1010918	1429427	
1010918	1429444	
1010918	1429446	
1010919	1010920	
1010919	1010922	
1010919	1010925	
1010919	1010926	
1010919	1010927	
1010919	1010928	
1010919	1010930	
1010919	1010932	
1010919	1010933	
1010919	1010934	
1010919	1010935	
1010919	1010936	
1010919	1010937	
1010919	1010938	
1010919	1010939	
1010919	1010941	
1010919	1010943	
1010919	1010944	
1010919	1010945	
1010919	1010946	
1010919	1010947	
1010919	1010950	
1010919	1010951	
1010919	1010957	
1010919	1010962	
1010919	1429386	
1010919	1429425	
1010919	1429426	
1010919	1429428	
1010919	1429429	
1010919	1429430	
1010919	1429431	
1010919	1429444	
1010919	1429447	
1010919	1429464	
1010919	1720650	
1010919	1720651	
1010919	1720653	
1010919	1720655	
1010919	1720667	
1010919	2058122	
1010919	2324664	
1010919	2660075	
1010919	2660378	
1010919	2703088	
1010919	2703089	
1010919	2703090	
1010919	2703091	
1010919	2703100	
1010919	2703101	
1010919	3207992	
1010919	3207994	
1010919	3208011	
1010920	1010926	
1010920	1010927	
1010920	1010928	
1010920	1010930	
1010920	1010932	
1010920	1010933	
1010920	1010934	
1010920	1010935	
1010920	1010936	
1010920	1010937	
1010920	1010938	
1010920	1010944	
1010920	1379252	
1010920	1429386	
1010920	1429423	
1010920	1429425	
1010920	1429748	
1010921	1010926	
1010921	1010927	
1010921	1379252	
1010922	1010926	
1010922	1010927	
1010922	1010936	
1010922	1010937	
1010922	1010938	
1010922	1010939	
1010922	1010941	
1010922	1429386	
1010924	1010927	
1010925	1010926	
1010925	1010932	
1010925	1010937	
1010925	1010941	
1010925	1010944	
1010925	1010952	
1010925	1010960	
1010925	1103908	
1010925	1261518	
1010925	1429423	
1010925	1720183	
1010925	2324694	
1010925	3556433	
1010925	3556438	
1010925	3556441	
1010926	1010927	
1010926	1010928	
1010926	1010932	
1010926	1010933	
1010926	1010934	
1010926	1010935	
1010926	1010936	
1010926	1010937	
1010926	1010938	
1010926	1010939	
1010926	1010940	
1010926	1010941	
1010926	1010943	
1010926	1010944	
1010926	1010945	
1010926	1010946	
1010926	1010947	
1010926	1010948	
1010926	1010949	
1010926	1010950	
1010926	1010951	
1010926	1010953	
1010926	1010954	
1010926	1010957	
1010926	1010962	
1010926	1097527	
1010926	1275063	
1010926	1379252	
1010926	1379275	
1010926	1429386	
1010926	1429390	
1010926	1429398	
1010926	1429425	
1010926	1429426	
1010926	1429428	
1010926	1429429	
1010926	1429430	
1010926	1429431	
1010926	1429444	
1010926	1429447	
1010926	1429464	
1010926	1429748	
1010926	1687831	
1010926	1720650	
1010926	1720651	
1010926	1720653	
1010926	1720655	
1010926	1720657	
1010926	1720665	
1010926	1720722	
1010926	1900363	
1010926	1900428	
1010926	1900912	
1010926	2058122	
1010926	2303888	
1010926	2324677	
1010926	2391020	
1010926	2660075	
1010926	2660378	
1010926	2703087	
1010926	2703088	
1010926	2703089	
1010926	2703090	
1010926	2703091	
1010926	2703092	
1010926	2703093	
1010926	2703094	
1010926	2703095	
1010926	2703096	
1010926	2703097	
1010926	2703098	
1010926	2703099	
1010926	2703100	
1010926	2703101	
1010926	2703102	
1010926	3879370	
1010926	3968399	
1010927	1010928	
1010927	1010929	
1010927	1010930	
1010927	1010931	
1010927	1010932	
1010927	1010933	
1010927	1010934	
1010927	1010935	
1010927	1010936	
1010927	1010937	
1010927	1010938	
1010927	1010939	
1010927	1010940	
1010927	1010941	
1010927	1010943	
1010927	1010945	
1010927	1010946	
1010927	1010947	
1010927	1010949	
1010927	1010951	
1010927	1010952	
1010927	1010953	
1010927	1010954	
1010927	1010955	
1010927	1010956	
1010927	1010959	
1010927	1010960	
1010927	1010962	
1010927	1013437	
1010927	1159791	
1010927	1275063	
1010927	1321582	
1010927	1379252	
1010927	1379275	
1010927	1383866	
1010927	1429386	
1010927	1429389	
1010927	1429390	
1010927	1429395	
1010927	1429396	
1010927	1429397	
1010927	1429398	
1010927	1429422	
1010927	1429423	
1010927	1429424	
1010927	1429425	
1010927	1429427	
1010927	1429428	
1010927	1429446	
1010927	1429450	
1010927	1429464	
1010927	1429749	
1010927	1720387	
1010927	1720650	
1010927	1720719	
1010927	1720724	
1010927	2703101	
1010927	3182571	
1010927	3879375	
1010928	1010929	
1010928	1010930	
1010928	1010931	
1010928	1010933	
1010928	1010934	
1010928	1010936	
1010928	1010937	
1010928	1010938	
1010928	1010939	
1010928	1010940	
1010928	1010941	
1010928	1010945	
1010928	1010946	
1010928	1010947	
1010928	1010949	
1010928	1010953	
1010928	1010955	
1010928	1010960	
1010928	1010962	
1010928	1429397	
1010928	1429398	
1010928	1429401	
1010928	1429423	
1010928	1429464	
1010928	1429748	
1010928	1429749	
1010928	1720800	
1010928	2058122	
1010928	2703101	
1010929	1010930	
1010929	1010932	
1010929	1010933	
1010929	1010936	
1010929	1010937	
1010929	1010938	
1010929	1010939	
1010929	1010953	
1010929	1429423	
1010929	1429748	
1010930	1010932	
1010930	1010933	
1010930	1010934	
1010930	1010935	
1010930	1010936	
1010930	1010937	
1010930	1010938	
1010930	1010939	
1010930	1010940	
1010930	1010941	
1010930	1010945	
1010930	1010946	
1010930	1010949	
1010930	1010952	
1010930	1010953	
1010930	1429386	
1010930	1429389	
1010930	1429398	
1010930	1429423	
1010930	1429424	
1010930	1429425	
1010930	1429426	
1010930	1429427	
1010930	1429430	
1010930	1429444	
1010930	1429445	
1010930	1429446	
1010930	1429748	
1010930	1901135	
1010930	2058122	
1010930	2703101	
1010930	3182571	
1010930	3311348	
1010930	3311349	
1010930	3311350	
1010930	3311351	
1010930	3311352	
1010931	1010934	
1010931	1010953	
1010932	1010933	
1010932	1010934	
1010932	1010935	
1010932	1010936	
1010932	1010937	
1010932	1010938	
1010932	1010939	
1010932	1010941	
1010932	1010944	
1010932	1010945	
1010932	1010946	
1010932	1010947	
1010932	1010948	
1010932	1010953	
1010932	1010954	
1010932	1010960	
1010932	1010962	
1010932	1429390	
1010932	1429398	
1010932	1429424	
1010932	1429425	
1010932	1429426	
1010932	1429428	
1010932	1429430	
1010932	1429464	
1010932	1720651	
1010932	1720653	
1010932	1720665	
1010932	2323490	
1010932	2703088	
1010932	2703089	
1010932	2703090	
1010932	2703091	
1010932	2703093	
1010932	3208005	
1010932	3311346	
1010932	3311353	
1010933	1010934	
1010933	1010935	
1010933	1010936	
1010933	1010937	
1010933	1010938	
1010933	1010939	
1010933	1010940	
1010933	1010941	
1010933	1010944	
1010933	1010945	
1010933	1010946	
1010933	1010947	
1010933	1010948	
1010933	1010950	
1010933	1010954	
1010933	1010960	
1010933	1429386	
1010933	1429423	
1010933	1429425	
1010933	1429429	
1010933	1429430	
1010933	1429431	
1010933	1429464	
1010933	1720651	
1010933	2660378	
1010933	2703087	
1010933	2703089	
1010933	2703090	
1010933	2703091	
1010933	2703099	
1010933	2703101	
1010934	1010935	
1010934	1010936	
1010934	1010937	
1010934	1010938	
1010934	1010939	
1010934	1010944	
1010934	1010945	
1010934	1010947	
1010934	1010950	
1010934	1010951	
1010934	1010952	
1010934	1010962	
1010934	1383859	
1010934	1429386	
1010934	1429398	
1010934	1429425	
1010934	1429428	
1010934	1429429	
1010934	1429430	
1010934	1429443	
1010934	1429447	
1010934	1429464	
1010934	2058122	
1010934	2323490	
1010934	2660378	
1010934	2703089	
1010934	2703101	
1010934	3182571	
1010934	3207994	
1010935	1010936	
1010935	1010937	
1010935	1010938	
1010935	1010939	
1010935	1010944	
1010935	1010945	
1010935	1010947	
1010935	1010949	
1010935	1010953	
1010935	1010954	
1010935	1010962	
1010935	1429386	
1010935	1429398	
1010935	1429423	
1010935	1429424	
1010935	1429425	
1010935	1429428	
1010935	1429447	
1010935	1429464	
1010935	1429749	
1010935	2703101	
1010936	1010937	
1010936	1010938	
1010936	1010939	
1010936	1010941	
1010936	1010945	
1010936	1010946	
1010936	1010947	
1010936	1010948	
1010936	1010949	
1010936	1010950	
1010936	1010953	
1010936	1010954	
1010936	1010960	
1010936	1010962	
1010936	1010963	
1010936	1013453	
1010936	1097461	
1010936	1195033	
1010936	1429386	
1010936	1429395	
1010936	1429396	
1010936	1429398	
1010936	1429423	
1010936	1429424	
1010936	1429425	
1010936	1429426	
1010936	1429427	
1010936	1429428	
1010936	1429429	
1010936	1429430	
1010936	1429431	
1010936	1429443	
1010936	1429445	
1010936	1429464	
1010936	1674045	
1010936	1720606	
1010936	1720651	
1010936	1720653	
1010936	1720665	
1010936	2660142	
1010936	2660342	
1010936	2703087	
1010936	2703088	
1010936	2703090	
1010936	2703101	
1010936	2703102	
1010936	3208005	
1010936	3311354	
1010936	3311355	
1010936	3311356	
1010936	3311357	
1010936	3311358	
1010937	1010938	
1010937	1010939	
1010937	1010940	
1010937	1010941	
1010937	1010943	
1010937	1010944	
1010937	1010945	
1010937	1010946	
1010937	1010947	
1010937	1010948	
1010937	1010949	
1010937	1010950	
1010937	1010951	
1010937	1010953	
1010937	1010954	
1010937	1010956	
1010937	1010957	
1010937	1010958	
1010937	1010960	
1010937	1010962	
1010937	1097527	
1010937	1261518	
1010937	1275063	
1010937	1429386	
1010937	1429390	
1010937	1429398	
1010937	1429423	
1010937	1429424	
1010937	1429425	
1010937	1429426	
1010937	1429427	
1010937	1429428	
1010937	1429429	
1010937	1429430	
1010937	1429431	
1010937	1429464	
1010937	1429748	
1010937	1720540	
1010937	1720650	
1010937	1720651	
1010937	1720653	
1010937	1720655	
1010937	1720665	
1010937	1720667	
1010937	2058122	
1010937	2324672	
1010937	2660075	
1010937	2660378	
1010937	2703087	
1010937	2703088	
1010937	2703089	
1010937	2703091	
1010937	2703099	
1010937	2703100	
1010937	2703101	
1010937	2703102	
1010937	3207992	
1010937	3208003	
1010937	3208004	
1010937	3879370	
1010938	1010939	
1010938	1010941	
1010938	1010945	
1010938	1010946	
1010938	1010947	
1010938	1010948	
1010938	1010950	
1010938	1010954	
1010938	1010960	
1010938	1010962	
1010938	1010963	
1010938	1013453	
1010938	1429386	
1010938	1429394	
1010938	1429425	
1010938	1429426	
1010938	1429430	
1010938	1429464	
1010938	1720606	
1010938	1720650	
1010938	1720651	
1010938	1720665	
1010938	1720667	
1010938	1736855	
1010938	2324672	
1010938	2660342	
1010938	2660378	
1010938	2703089	
1010938	2703090	
1010938	2703101	
1010938	2970522	
1010938	3208005	
1010938	3208006	
1010938	3208007	
1010938	3208008	
1010938	3208009	
1010938	3208010	
1010938	3879370	
1010939	1010940	
1010939	1010941	
1010939	1010944	
1010939	1010945	
1010939	1010946	
1010939	1010947	
1010939	1010948	
1010939	1010949	
1010939	1010954	
1010939	1010955	
1010939	1010957	
1010939	1010958	
1010939	1010962	
1010939	1013453	
1010939	1429386	
1010939	1429394	
1010939	1429423	
1010939	1429425	
1010939	1429427	
1010939	1429431	
1010939	1429444	
1010939	1429445	
1010939	1429446	
1010939	1429447	
1010939	1429448	
1010939	1429464	
1010939	3311351	
1010939	3311359	
1010940	1010941	
1010940	1010953	
1010940	1429748	
1010941	1010945	
1010941	1010946	
1010941	1010947	
1010941	1010948	
1010941	1010950	
1010941	1010954	
1010941	1429386	
1010941	1429429	
1010941	1429445	
1010941	1429464	
1010941	1429748	
1010941	1720650	
1010941	1720653	
1010943	1010956	
1010943	1054386	
1010943	1429386	
1010943	1429464	
1010943	2324670	
1010944	1429425	
1010945	1429386	
1010945	1429425	
1010945	1429426	
1010945	1429427	
1010946	1429386	
1010946	1429425	
1010947	1429425	
1010948	1429386	
1010949	1429427	
1010949	1429446	
1010950	1429425	
1010951	1429425	
1010952	1429423	
1010953	1013454	
1010953	1429389	
1010953	1429423	
1010953	1429429	
1010953	1429435	
1010953	2703087	
1010957	1429748	
1010960	1429386	
1010962	1429386	
1010962	1429446	
1012292	1383861	
1012293	1383861	
1072614	1379252	
1080640	1383861	
1206916	1383861	
1261377	1379252	
1261518	1429423	
1275045	1383861	
1275063	1379252	
1321548	1720800	
1321582	1720800	
1335889	1379252	
1335889	1383861	
1365474	1383861	
1379252	1379275	
1379252	1383859	
1379252	1383861	
1379252	1383863	
1379252	1429387	
1379252	1429389	
1379252	1429402	
1379252	1429403	
1379252	1429409	
1379252	1429434	
1379252	1429441	
1379252	1660732	
1379252	1687834	
1379252	1720178	
1379252	1720184	
1379252	1720185	
1379252	1720202	
1379252	1720307	
1379252	1720935	
1379252	2703101	
1379252	3182571	
1379252	3388137	
1379275	1383861	
1383859	1383861	
1383861	1383862	
1383861	1383863	
1383861	1400811	
1383861	1429387	
1383861	1429389	
1383861	1429392	
1383861	1429393	
1383861	1429402	
1383861	1429403	
1383861	1429409	
1383861	1429410	
1383861	1687828	
1383861	1720130	
1383861	1720178	
1383861	1720186	
1383861	1720192	
1383861	1720193	
1383861	1720219	
1383861	1720369	
1383861	1900814	
1383861	1900997	
1383861	1901003	
1383861	1901006	
1383861	2324108	
1383861	2464906	
1383861	2464907	
1383861	2464908	
1429386	1429398	
1429386	1429425	
1429386	1429427	
1429386	1429430	
1429386	1429445	
1429386	1429446	
1429386	2703101	
1429386	3311348	
1429386	3311351	
1429386	3311352	
1429389	1429423	
1429394	1429395	
1429395	1429396	
1429397	1429425	
1429414	1720800	
1429423	1429424	
1429423	1429425	
1429423	1429447	
1429423	1429749	
1429423	3182571	
1429423	3311333	
1429423	3311334	
1429424	3311333	
1429425	1429427	
1429425	1429428	
1429425	1429429	
1429425	1429464	
1429425	2323490	
1429425	2660378	
1429425	2703088	
1429425	2703089	
1429425	2703101	
1429425	2703102	
1429425	3207994	
1429426	1429430	
1429426	1429464	
1429426	1720651	
1429426	2703090	
1429426	2703091	
1429426	2703101	
1429426	3208005	
1429426	3311364	
1429427	1429445	
1429427	1429446	
1429427	1720178	
1429427	3311351	
1429427	3621932	
1429445	1429446	
1429446	2703101	
1429446	3311348	
1429446	3311351	
1429748	3208014	
1532632	1720800	
1720797	1720800	
1720800	1733885	
1720800	1901055	
1720800	1901056	
1720800	1901063	
1720800	1901064	
1720800	1901100	
1720800	1901135	
1720800	1901751	
1720800	2096395	
1720800	2324101	
1720800	2324102	
1720800	2324103	
1720800	2324104	
1720800	2324105	
1720800	2324106	
1720800	2324107	
