42829	1553167	
461206	1553167	
1242950	1553167	
1231864	1553167	
1048475	1553167	
1281587	1553167	
1380201	1553167	
1175254	1553167	
1271670	1553167	
1315261	1553167	
1355092	1553167	
1553167	1614219	
1553167	1625156	
1553167	1631534	
1553167	1631639	
1553167	1631770	
1553167	1681573	
1553167	1901804	
1553167	1911051	
1553167	1928979	
1553167	2168754	
1553167	2228619	
1553167	2337334	
1553167	2337349	
1553167	2337355	
1553167	2337398	
1553167	2337401	
1553167	2337411	
1553167	2337419	
1553167	2337425	
1553167	2337426	
1553167	2337495	
1553167	2337499	
1553167	2337525	
1553167	2337692	
1553167	2337703	
1553167	2337756	
1553167	2337768	
1553167	2337797	
1553167	2337803	
1553167	2337838	
1553167	2337850	
1553167	2337864	
1553167	2337904	
1553167	2337912	
1553167	2337930	
1553167	2337944	
1553167	2337971	
1553167	2338002	
1553167	2338009	
1553167	2338087	
1553167	2338192	
1553167	2338234	
1553167	2341884	
1423680	1553167	
1423684	1553167	
1423700	1553167	
1423828	1553167	
1423856	1553167	
1423952	1553167	
1423966	1553167	
1424002	1553167	
1456992	1553167	
4857	42829	
692	42829	
8123	42829	
11083	461206	
42396	42829	
42540	42829	
42610	42829	
45162	1901804	
46298	1928979	
42713	42829	
43296	1625156	
55700	1231864	
42134	42829	
42135	42829	
42136	42829	
42138	42829	
42139	42829	
42140	42829	
42142	42829	
42146	42829	
42148	42829	
42151	42829	
42152	42829	
42154	42829	
42157	42829	
42159	42829	
42160	42829	
42164	42829	
42165	42829	
42165	1242950	
42166	42829	
42169	42829	
42170	42829	
42176	42829	
42177	1231864	
42179	42829	
42182	42829	
42183	42829	
42185	42829	
42189	42829	
42192	42829	
42194	42829	
42195	42829	
42197	42829	
42201	42829	
42202	42829	
42214	42829	
42221	42829	
42224	42829	
42226	42829	
42231	42829	
42233	42829	
42234	42829	
42239	42829	
42241	42829	
42245	42829	
42248	42829	
42248	1048475	
42251	42829	
42255	42829	
42257	42829	
42265	42829	
42268	42829	
42269	42829	
42271	42829	
42273	42829	
42275	42829	
42279	42829	
42282	42829	
42284	42829	
42286	42829	
42291	42829	
42297	42829	
42298	42829	
42302	42829	
42304	42829	
42305	42829	
42308	42829	
42309	42829	
42313	42829	
42322	42829	
42324	42829	
42325	42829	
42326	42829	
42342	42829	
42343	42829	
42346	42829	
42347	42829	
42348	42829	
42352	42829	
42354	42829	
42358	42829	
42372	42829	
42378	42829	
42380	42829	
42381	42829	
42382	1281587	
42383	42829	
42384	42829	
42385	42829	
42391	42829	
42392	42829	
42393	42829	
42394	42829	
42398	42829	
42399	42829	
42401	42829	
42402	42829	
42412	42829	
42416	42829	
42419	42829	
42421	42829	
42422	42829	
42423	42829	
42424	42829	
42426	42829	
42428	42829	
42429	42829	
42431	42829	
42432	42829	
42433	42829	
42436	42829	
42437	42829	
42441	42829	
42446	42829	
42448	42829	
42451	42829	
42453	42829	
42455	42829	
42459	42829	
42469	42829	
42472	42829	
42476	42829	
42480	42829	
42483	42829	
42487	42829	
42489	42829	
42490	42829	
42493	42829	
42494	42829	
42496	42829	
42496	1242950	
42505	42829	
42506	42829	
42507	42829	
42510	42829	
42512	42829	
42514	42829	
42519	42829	
42525	42829	
42526	42829	
42528	42829	
42528	1380201	
42530	42829	
42531	42829	
42532	42829	
42533	42829	
42536	42829	
42543	42829	
42546	42829	
42547	42829	
42547	1175254	
42551	42829	
42552	42829	
42552	1175254	
42553	42829	
42556	42829	
42562	42829	
42563	42829	
42565	42829	
42566	42829	
42570	1175254	
42571	42829	
42572	42829	
42573	42829	
42575	42829	
42582	42829	
42590	42829	
42592	42829	
42592	1271670	
42593	42829	
42594	42829	
42595	42829	
42596	42829	
42597	42829	
42603	42829	
42604	42829	
42605	42829	
42607	42829	
42608	42829	
42614	42829	
42614	1175254	
42615	42829	
42617	42829	
42618	42829	
42620	42829	
42621	42829	
42622	1175254	
42626	42829	
42629	42829	
42630	42829	
42631	42829	
42641	42829	
42642	42829	
42643	42829	
42643	1271670	
42645	42829	
42648	42829	
42649	42829	
42651	42829	
42652	42829	
42652	1175254	
42652	1242950	
42652	1315261	
42652	1355092	
42655	42829	
42656	42829	
42657	42829	
42661	42829	
42663	42829	
42668	42829	
42670	42829	
42672	42829	
42678	42829	
42684	42829	
42685	42829	
42689	42829	
42699	42829	
42701	42829	
42701	1175254	
42702	42829	
42705	42829	
42706	42829	
42707	42829	
42708	42829	
42709	42829	
42710	42829	
42711	42829	
42712	42829	
42717	42829	
42719	42829	
42721	42829	
42722	42829	
42723	42829	
42727	42829	
42730	42829	
42735	42829	
42743	42829	
42746	42829	
42755	42829	
42759	42829	
42760	42829	
42766	42829	
42770	42829	
42774	42829	
42778	42829	
42779	42829	
42785	42829	
42785	1175254	
42789	42829	
42790	42829	
42791	42829	
42792	42829	
42801	42829	
42804	42829	
42806	1175254	
42808	42829	
42809	42829	
42809	1355092	
42819	42829	
42823	42829	
42824	42829	
42827	42829	
42829	42832	
42829	42833	
42829	42835	
42829	42844	
42829	42849	
42829	42851	
42829	42859	
42829	42860	
42829	42863	
42829	42865	
42829	42867	
42829	42869	
42829	42872	
42829	42876	
42829	42878	
42829	42879	
42829	42885	
42829	42893	
42829	42897	
42829	42902	
42829	42906	
42829	42910	
42829	42911	
42829	42917	
42829	42918	
42829	42919	
42829	42922	
42829	42925	
42829	42928	
42829	42931	
42829	42932	
42829	42939	
42829	42940	
42829	42942	
42829	42943	
42829	42948	
42829	42950	
42829	42953	
42829	42959	
42829	42960	
42829	42962	
42829	42963	
42829	42964	
42829	42965	
42829	42966	
42829	42968	
42829	42969	
42829	42970	
42829	42973	
42829	42977	
42829	42978	
42829	42982	
42829	42985	
42829	42986	
42829	42987	
42829	42989	
42829	42993	
42829	42995	
42829	42996	
42829	43000	
42829	43002	
42829	43009	
42829	43014	
42829	43016	
42829	43027	
42829	43030	
42829	43031	
42829	43032	
42829	43033	
42829	43035	
42829	43038	
42829	43040	
42829	43043	
42829	43044	
42829	43046	
42829	43048	
42829	43049	
42829	43050	
42829	43051	
42829	43052	
42829	43053	
42829	43057	
42829	43060	
42829	43068	
42829	43073	
42829	43076	
42829	43077	
42829	43078	
42829	43082	
42829	43085	
42829	43086	
42829	43088	
42829	43095	
42829	43098	
42829	43099	
42829	43101	
42829	43104	
42829	43105	
42829	43106	
42829	43108	
42829	43110	
42829	43114	
42829	43115	
42829	43126	
42829	43127	
42829	43129	
42829	43133	
42829	43134	
42829	43135	
42829	43137	
42829	43140	
42829	43141	
42829	43143	
42829	43146	
42829	43158	
42829	43159	
42829	43162	
42829	43163	
42829	43168	
42829	43169	
42829	43172	
42829	43173	
42829	43177	
42829	43181	
42829	43182	
42829	43184	
42829	43187	
42829	43190	
42829	43192	
42829	43195	
42829	43197	
42829	43201	
42829	43204	
42829	43206	
42829	43207	
42829	43208	
42829	43209	
42829	43214	
42829	43217	
42829	43219	
42829	43220	
42829	43221	
42829	43223	
42829	43225	
42829	43228	
42829	43229	
42829	43231	
42829	43232	
42829	43233	
42829	43235	
42829	43240	
42829	43241	
42829	43245	
42829	43246	
42829	43247	
42829	43248	
42829	43250	
42829	43252	
42829	43256	
42829	43257	
42829	43260	
42829	43261	
42829	43262	
42829	43267	
42829	43269	
42829	43271	
42829	43275	
42829	43279	
42829	43281	
42829	43283	
42829	43286	
42829	43287	
42829	43288	
42829	43294	
42829	43295	
42829	43296	
42829	43299	
42829	43302	
42829	43305	
42829	43311	
42829	43314	
42829	43316	
42829	43322	
42829	43324	
42829	43328	
42829	43329	
42829	43340	
42829	43341	
42829	43345	
42829	43346	
42829	43349	
42829	43350	
42829	43353	
42829	43354	
42829	43355	
42829	43357	
42829	43358	
42829	43360	
42829	43364	
42829	43365	
42829	43367	
42829	43373	
42829	43375	
42829	43376	
42829	43379	
42829	43380	
42829	43383	
42829	43388	
42829	43391	
42829	43394	
42829	43395	
42829	43401	
42829	43404	
42829	43409	
42829	43410	
42829	43411	
42829	43412	
42829	43414	
42829	43416	
42829	43417	
42829	43418	
42829	43420	
42829	43421	
42829	43422	
42829	43424	
42829	43426	
42829	43427	
42829	43429	
42829	43430	
42829	43431	
42829	43435	
42829	43437	
42829	43439	
42829	43440	
42829	43441	
42829	43446	
42829	43454	
42829	43455	
42829	43456	
42829	43457	
42829	43461	
42829	43462	
42829	43463	
42829	43464	
42829	43466	
42829	43474	
42829	43476	
42829	43477	
42829	43478	
42829	43481	
42829	43488	
42829	43489	
42829	43492	
42829	43493	
42829	43494	
42829	43495	
42829	43497	
42829	43503	
42829	43504	
42829	43505	
42829	43506	
42829	43510	
42829	43512	
42829	43516	
42829	43517	
42829	43521	
42829	43523	
42829	43524	
42829	43525	
42829	43528	
42829	43529	
42829	43530	
42829	43531	
42829	43532	
42829	43534	
42829	43535	
42829	43538	
42829	43542	
42829	43548	
42829	43549	
42829	43551	
42829	43552	
42829	43553	
42829	43555	
42829	43558	
42829	43560	
42829	43563	
42829	43567	
42829	43568	
42829	43570	
42829	43572	
42829	43573	
42829	43578	
42829	43580	
42829	43582	
42829	43586	
42829	43588	
42829	43589	
42829	43591	
42829	43592	
42829	43593	
42829	43596	
42829	43597	
42829	43601	
42829	43602	
42829	43604	
42829	43606	
42829	43607	
42829	43608	
42829	43611	
42829	43613	
42829	43614	
42829	43616	
42829	43617	
42829	43621	
42829	43622	
42829	43623	
42829	43627	
42829	43631	
42829	43633	
42829	43634	
42829	43635	
42829	43636	
42829	43637	
42829	43638	
42829	43640	
42829	43641	
42829	43642	
42829	43643	
42829	43644	
42829	43646	
42829	43647	
42829	43649	
42829	43650	
42829	43651	
42829	43653	
42829	43654	
42829	43660	
42829	43661	
42829	43663	
42829	43665	
42829	43668	
42829	43670	
42829	43671	
42829	43672	
42829	43676	
42829	43680	
42829	43684	
42829	43685	
42829	43688	
42829	43690	
42829	43693	
42829	43694	
42829	43696	
42829	43699	
42829	43703	
42829	43705	
42829	43707	
42829	43709	
42829	43712	
42829	43714	
42829	43715	
42829	43716	
42829	43718	
42829	43721	
42829	43725	
42829	43728	
42829	43732	
42829	43734	
42829	43735	
42829	43736	
42829	43739	
42829	43741	
42829	43742	
42829	43745	
42829	43748	
42829	43749	
42829	43750	
42829	43751	
42829	43752	
42829	43753	
42829	43754	
42829	43756	
42829	43757	
42829	43760	
42829	43763	
42829	43765	
42829	43766	
42829	43767	
42829	43768	
42829	43769	
42829	43774	
42829	43777	
42829	43778	
42829	43782	
42829	43783	
42829	43786	
42829	43790	
42829	43792	
42829	43795	
42829	43796	
42829	43799	
42829	43800	
42829	43804	
42829	43805	
42829	43806	
42829	43807	
42829	43809	
42829	43811	
42829	43813	
42829	43814	
42829	43815	
42829	43816	
42829	43822	
42829	43823	
42829	43825	
42829	43826	
42829	43827	
42829	43828	
42829	43829	
42829	43830	
42829	43833	
42829	43835	
42829	43837	
42829	43839	
42829	43840	
42829	43842	
42829	43844	
42829	43845	
42829	43849	
42829	43850	
42829	43851	
42829	43854	
42829	43855	
42829	43856	
42829	43857	
42829	43858	
42829	43863	
42829	43864	
42829	43865	
42829	43866	
42829	43867	
42829	43868	
42829	43869	
42829	43870	
42829	43873	
42829	43874	
42829	43875	
42829	43876	
42829	43878	
42829	43879	
42829	43881	
42829	43882	
42829	43883	
42829	43884	
42829	43885	
42829	43886	
42829	43888	
42829	43891	
42829	43892	
42829	43893	
42829	43894	
42829	43896	
42829	43898	
42829	43899	
42829	43902	
42829	43904	
42829	43905	
42829	43907	
42829	43908	
42829	43911	
42829	43912	
42829	43914	
42829	43916	
42829	43917	
42829	43919	
42829	43920	
42829	43922	
42829	43923	
42829	43924	
42829	43928	
42829	43929	
42829	43930	
42829	43931	
42829	43932	
42829	43934	
42829	43935	
42829	43936	
42829	43937	
42829	43938	
42829	43939	
42829	43940	
42829	43941	
42829	43942	
42829	43943	
42829	43946	
42829	43947	
42829	43948	
42829	43953	
42829	43954	
42829	43958	
42829	43961	
42829	43962	
42829	43964	
42829	43970	
42829	43972	
42829	43973	
42829	43974	
42829	43975	
42829	43978	
42829	43979	
42829	43982	
42829	43984	
42829	43986	
42829	43987	
42829	43991	
42829	43992	
42829	43994	
42829	43996	
42829	43997	
42829	44000	
42829	44001	
42829	44002	
42829	44003	
42829	44004	
42829	44005	
42829	44006	
42829	44007	
42829	44008	
42829	44009	
42829	44010	
42829	44012	
42829	44013	
42829	44015	
42829	44016	
42829	44018	
42829	44019	
42829	44022	
42829	44023	
42829	44026	
42829	44027	
42829	44033	
42829	44035	
42829	44036	
42829	44037	
42829	44038	
42829	44039	
42829	44040	
42829	44042	
42829	44043	
42829	44044	
42829	44045	
42829	44046	
42829	44047	
42829	44048	
42829	44049	
42829	44052	
42829	44053	
42829	44055	
42829	44057	
42829	44058	
42829	44059	
42829	44060	
42829	44061	
42829	44063	
42829	44066	
42829	44067	
42829	44071	
42829	44072	
42829	44075	
42829	44076	
42829	44077	
42829	44078	
42829	44079	
42829	44081	
42829	44082	
42829	44084	
42829	44087	
42829	44089	
42829	44090	
42829	44091	
42829	44092	
42829	44094	
42829	44095	
42829	44096	
42829	44097	
42829	44098	
42829	44099	
42829	44101	
42829	44102	
42829	44103	
42829	44104	
42829	44105	
42829	44106	
42829	44107	
42829	44108	
42829	44109	
42829	44110	
42829	44112	
42829	44113	
42829	44115	
42829	44116	
42829	44117	
42829	44118	
42829	44120	
42829	44123	
42829	44128	
42829	44129	
42829	44133	
42829	44134	
42829	44135	
42829	44137	
42829	44141	
42829	44143	
42829	44144	
42829	44146	
42829	44147	
42829	44148	
42829	44149	
42829	44150	
42829	44151	
42829	44152	
42829	44153	
42829	44158	
42829	44159	
42829	44160	
42829	44162	
42829	44163	
42829	44164	
42829	44165	
42829	44166	
42829	44167	
42829	44168	
42829	44169	
42829	44170	
42829	44171	
42829	44172	
42829	44175	
42829	44178	
42829	44180	
42829	44182	
42829	44183	
42829	44184	
42829	44185	
42829	44186	
42829	44187	
42829	44189	
42829	44190	
42829	44191	
42829	44192	
42829	44194	
42829	44198	
42829	44199	
42829	44201	
42829	44202	
42829	44204	
42829	44206	
42829	44207	
42829	44208	
42829	44211	
42829	44213	
42829	44214	
42829	44218	
42829	44220	
42829	44224	
42829	44226	
42829	44227	
42829	44228	
42829	44229	
42829	44234	
42829	44237	
42829	44238	
42829	44239	
42829	44240	
42829	44241	
42829	44242	
42829	44243	
42829	44253	
42829	44254	
42829	44256	
