55758	2078742	
55848	2078742	
55893	2078742	
55951	2078742	
55962	2078742	
55971	2078742	
890244	2078742	
890355	2078742	
1041507	2078742	
1060610	2078742	
1094537	2078742	
1496834	2078742	
1255573	2078742	
1212887	2078742	
1312541	2078742	
1366264	2078742	
1223095	2078742	
1164467	2078742	
1164976	2078742	
1332234	2078742	
1246856	2078742	
1274859	2078742	
1414089	2078742	
1457237	2078742	
1457359	2078742	
1536674	2078742	
1630387	2078742	
1735043	2078742	
1705100	2078742	
1875986	2078742	
1876088	2078742	
1876150	2078742	
1876429	2078742	
1876552	2078742	
1963740	2078742	
2067041	2078742	
2067095	2078742	
2067102	2078742	
2067118	2078742	
2071616	2078742	
2078699	2078742	
2078671	2078742	
2078742	2078968	
2078742	2079000	
2078742	2081580	
2078742	2081584	
2078742	2081760	
2078742	2081900	
2078742	2082008	
2078742	2088548	
2078742	2088559	
2078742	2088576	
2078742	2088604	
2078742	2088703	
2078742	2088764	
2078742	2088968	
2078742	2092992	
2078742	2093203	
2078742	2099230	
2078742	2099784	
2078742	2101555	
2078742	2102201	
2078742	2110351	
2078742	2112180	
2078742	2114556	
2078742	2114597	
2078742	2114631	
2078742	2114677	
2078742	2114688	
2078742	2114717	
2078742	2114724	
2078742	2115010	
2078742	2117292	
2078742	2117305	
2078742	2117416	
2078742	2126442	
2078742	2134784	
2078742	2262740	
2078742	2667027	
691	55758	
691	55848	
691	55893	
691	55951	
691	55962	
691	55971	
691	1705100	
8123	1041507	
34598	890244	
34598	890355	
42396	1496834	
46453	1963740	
55704	55758	
55704	55848	
55704	55893	
55704	55962	
55704	55971	
55704	1094537	
55704	1366264	
55704	1735043	
55704	1876429	
55704	2067041	
55704	2067095	
55704	2067102	
55704	2067118	
55709	55962	
55709	1705100	
55709	1876429	
55709	2081580	
55709	2110351	
55714	55758	
55714	55848	
55714	55962	
55714	1705100	
55714	2081580	
55716	2102201	
55718	55758	
55718	55951	
55718	55962	
55718	55971	
55718	1094537	
55718	1255573	
55718	1876429	
55718	2067102	
55718	2081584	
55718	2088764	
55726	55971	
55726	2071616	
55727	55758	
55727	55848	
55727	55951	
55727	55962	
55727	1332234	
55727	1705100	
55727	1876429	
55727	2067041	
55727	2067095	
55727	2071616	
55728	55758	
55728	55971	
55728	1366264	
55728	2067102	
55728	2081580	
55736	2088968	
55741	55758	
55741	55848	
55741	55893	
55741	55962	
55741	55971	
55741	890244	
55741	1094537	
55741	1332234	
55741	1366264	
55741	1457237	
55741	1705100	
55741	1735043	
55741	1876429	
55741	2067041	
55741	2067102	
55741	2067118	
55741	2071616	
55741	2078968	
55741	2081584	
55741	2081760	
55741	2088548	
55741	2088559	
55741	2088576	
55741	2088604	
55745	55971	
55746	55758	
55746	55848	
55746	55893	
55746	55951	
55746	55962	
55746	55971	
55746	1332234	
55746	1366264	
55746	2067102	
55746	2081580	
55746	2081584	
55752	55758	
55752	1094537	
55752	1705100	
55752	1735043	
55752	2071616	
55755	55758	
55755	55848	
55755	55951	
55755	55971	
55755	1094537	
55755	1332234	
55755	1366264	
55755	1705100	
55755	1735043	
55755	1876429	
55755	1876552	
55755	2067041	
55755	2067095	
55755	2067102	
55755	2067118	
55755	2071616	
55755	2081580	
55755	2081584	
55756	55758	
55756	55848	
55756	55951	
55756	890244	
55756	1094537	
55756	1164467	
55756	1212887	
55756	1223095	
55756	1705100	
55756	1876429	
55756	2067102	
55756	2071616	
55756	2078699	
55756	2079000	
55756	2081580	
55756	2081584	
55756	2081760	
55756	2110351	
55757	55758	
55758	55773	
55758	55796	
55758	55797	
55758	55798	
55758	55799	
55758	55800	
55758	55801	
55758	55802	
55758	55822	
55758	55824	
55758	55826	
55758	55827	
55758	55847	
55758	55848	
55758	55864	
55758	55869	
55758	55872	
55758	55876	
55758	55879	
55758	55883	
55758	55888	
55758	55889	
55758	55893	
55758	55896	
55758	55898	
55758	55903	
55758	55908	
55758	55910	
55758	55912	
55758	55913	
55758	55925	
55758	55932	
55758	55935	
55758	55938	
55758	55940	
55758	55943	
55758	55950	
55758	55951	
55758	55953	
55758	55962	
55758	55967	
55758	55974	
55758	55978	
55758	55979	
55758	55989	
55758	55997	
55758	56001	
55758	65385	
55758	195648	
55758	307170	
55758	361910	
55758	363644	
55758	446175	
55758	889666	
55758	889688	
55758	889734	
55758	889762	
55758	889782	
55758	889864	
55758	889965	
55758	889980	
55758	890006	
55758	890080	
55758	890154	
55758	890203	
55758	890212	
55758	890244	
55758	890265	
55758	890355	
55758	890397	
55758	890409	
55758	992592	
55758	994738	
55758	1025361	
55758	1038807	
55758	1049959	
55758	1053834	
55758	1076615	
55758	1088630	
55758	1094537	
55758	1123547	
55758	1135760	
55758	1135831	
55758	1135834	
55758	1135872	
55758	1136032	
55758	1144881	
55758	1166909	
55758	1167207	
55758	1191399	
55758	1223095	
55758	1259422	
55758	1262876	
55758	1276123	
55758	1280293	
55758	1288430	
55758	1298278	
55758	1305210	
55758	1306573	
55758	1314325	
55758	1315353	
55758	1321090	
55758	1323676	
55758	1328763	
55758	1332234	
55758	1339539	
55758	1364487	
55758	1372505	
55758	1394375	
55758	1396746	
55758	1398106	
55758	1429235	
55758	1444992	
55758	1446084	
55758	1451304	
55758	1491213	
55758	1503074	
55758	1504514	
55758	1504838	
55758	1513820	
55758	1522493	
55758	1530925	
55758	1537329	
55758	1567907	
55758	1570198	
55758	1576669	
55758	1585678	
55758	1593522	
55758	1611128	
55758	1623370	
55758	1626027	
55758	1639450	
55758	1647933	
55758	1656523	
55758	1663983	
55758	1663991	
55758	1663997	
55758	1664025	
55758	1705095	
55758	1705098	
55758	1705100	
55758	1705119	
55758	1705120	
55758	1705121	
55758	1705123	
55758	1705126	
55758	1705128	
55758	1705129	
55758	1705131	
55758	1705133	
55758	1705140	
55758	1705147	
55758	1705156	
55758	1705159	
55758	1705164	
55758	1705178	
55758	1705188	
55758	1705189	
55758	1705198	
55758	1705210	
55758	1705215	
55758	1705216	
55758	1724159	
55758	1730359	
55758	1730876	
55758	1733899	
55758	1735043	
55758	1735743	
55758	1757235	
55758	1757490	
55758	1761997	
55758	1796248	
55758	1798415	
55758	1803735	
55758	1852901	
55758	1856059	
55758	1875948	
55758	1875955	
55758	1875958	
55758	1875973	
55758	1876026	
55758	1876088	
55758	1876094	
55758	1876112	
55758	1876119	
55758	1876133	
55758	1876153	
55758	1876160	
55758	1876164	
55758	1876176	
55758	1876221	
55758	1876235	
55758	1876267	
55758	1876301	
55758	1876314	
55758	1876319	
55758	1876322	
55758	1876324	
55758	1876345	
55758	1876353	
55758	1876358	
55758	1876404	
55758	1876429	
55758	1876436	
55758	1876450	
55758	1876555	
55758	1876576	
55758	1876612	
55758	1876634	
55758	1876647	
55758	1876755	
55758	1876762	
55758	1876803	
55758	1876812	
55758	1876837	
55758	1876841	
55758	1876936	
55758	1877036	
55758	1908222	
55758	1936134	
55758	1961514	
55758	1963740	
55758	1994331	
55758	2063986	
55758	2066618	
55758	2066646	
55758	2067032	
55758	2067037	
55758	2067041	
55758	2067045	
55758	2067052	
55758	2067068	
55758	2067069	
55758	2067072	
55758	2067075	
55758	2067077	
55758	2067080	
55758	2067091	
55758	2067093	
55758	2067094	
55758	2067095	
55758	2067096	
55758	2067102	
55758	2067104	
55758	2067106	
55758	2067107	
55758	2067110	
55758	2067111	
55758	2067118	
55758	2067121	
55758	2067123	
55758	2067135	
55758	2067136	
55758	2067142	
55758	2067143	
55758	2067144	
55758	2067148	
55758	2067149	
55758	2067152	
55758	2067161	
55758	2067166	
55758	2067167	
55758	2067168	
55758	2067177	
55758	2068564	
55758	2069696	
55758	2070010	
55758	2070036	
55758	2071600	
55758	2071603	
55758	2071606	
55758	2071616	
55758	2071627	
55758	2071630	
55758	2071639	
55758	2071642	
55758	2071643	
55758	2071656	
55758	2071659	
55758	2071660	
55758	2071661	
55758	2071662	
55758	2071663	
55758	2071674	
55758	2071680	
55758	2071688	
55758	2071689	
55758	2071699	
55758	2075603	
55758	2075643	
55758	2075676	
55758	2075721	
55758	2075762	
55758	2075790	
55758	2075822	
55758	2075863	
55758	2075901	
55758	2075914	
55758	2075927	
55758	2075938	
55758	2075957	
55758	2075963	
55758	2075971	
55758	2075979	
55758	2075985	
55758	2076014	
55758	2076066	
55758	2076152	
55758	2076185	
55758	2076342	
55758	2076362	
55758	2076393	
55758	2076406	
55758	2076495	
55758	2076523	
55758	2076540	
55758	2077336	
55758	2077363	
55758	2077381	
55758	2077392	
55758	2077406	
55758	2077413	
55758	2077415	
55758	2078409	
55758	2078656	
55758	2078657	
55758	2078658	
55758	2078659	
55758	2078660	
55758	2078661	
55758	2078662	
55758	2078663	
55758	2078664	
55758	2078665	
55758	2078666	
55758	2078667	
55758	2078668	
55758	2078669	
55758	2078670	
55758	2078671	
55758	2078672	
55758	2078673	
55758	2078674	
55758	2078675	
55758	2078676	
55758	2078677	
55758	2078678	
55758	2078679	
55758	2078680	
55758	2078681	
55758	2078682	
55758	2078683	
55758	2078684	
55758	2078685	
55758	2078686	
55758	2078687	
55758	2078688	
55758	2078689	
55758	2078690	
55758	2078691	
55758	2078692	
55758	2078693	
55758	2078694	
55758	2078695	
55758	2078696	
55758	2078697	
55758	2078698	
55758	2078699	
55758	2078700	
55758	2078701	
55758	2078702	
55758	2078703	
55758	2078704	
55758	2078705	
55758	2078706	
55758	2078707	
55758	2078708	
55758	2078709	
55758	2078710	
55758	2078711	
55758	2078712	
55758	2078713	
55758	2078714	
55758	2078715	
55758	2078716	
55758	2078717	
55758	2078718	
55758	2078719	
55758	2078720	
55758	2078721	
55758	2078722	
55758	2078723	
55758	2078725	
55758	2078728	
55758	2078730	
55758	2078732	
55758	2078736	
55758	2078738	
55758	2078739	
55758	2078741	
55758	2078744	
55758	2078748	
55758	2078758	
55758	2078770	
55758	2078773	
55758	2078778	
55758	2078782	
55758	2078785	
55758	2078789	
55758	2078797	
55758	2078803	
55758	2078806	
55758	2078811	
55758	2078814	
55758	2078819	
55758	2078823	
55758	2078829	
55758	2078834	
55758	2078835	
55758	2078839	
55758	2078842	
55758	2078844	
55758	2078846	
55758	2078850	
55758	2078852	
55758	2078859	
55758	2078865	
55758	2078879	
55758	2078883	
55758	2078887	
55758	2078889	
55758	2078894	
55758	2078899	
55758	2078902	
55758	2078905	
55758	2078908	
55758	2078912	
55758	2078921	
55758	2078924	
55758	2078926	
55758	2078930	
55758	2078935	
55758	2078938	
55758	2078941	
55758	2078944	
55758	2078952	
55758	2078956	
55758	2078960	
55758	2078963	
55758	2078966	
55758	2078968	
55758	2078971	
55758	2078972	
55758	2078974	
55758	2078977	
55758	2078979	
55758	2078980	
55758	2078983	
55758	2078990	
55758	2078995	
55758	2078997	
55758	2079000	
55758	2079006	
55758	2079013	
55758	2079019	
55758	2079020	
55758	2079024	
55758	2079029	
55758	2079033	
55758	2079039	
55758	2079042	
55758	2079046	
55758	2079050	
55758	2079053	
55758	2079057	
55758	2079060	
55758	2079064	
55758	2079067	
55758	2079069	
55758	2079071	
55758	2079084	
55758	2079089	
55758	2079092	
55758	2079100	
55758	2079103	
55758	2079108	
55758	2079110	
55758	2079113	
55758	2079117	
55758	2079119	
55758	2079120	
55758	2079125	
55758	2079131	
55758	2079134	
55758	2079137	
55758	2079140	
55758	2079142	
55758	2079145	
55758	2079149	
55758	2079153	
55758	2079155	
55758	2079158	
55758	2079161	
55758	2081580	
55758	2081584	
55758	2082067	
55758	2086195	
55758	2087790	
55758	2103642	
55758	2103697	
55773	55848	
55773	55971	
55773	1705100	
55773	1876429	
55773	2067041	
55773	2067102	
55773	2081580	
55773	2081584	
55776	1164467	
55777	2081580	
55786	55962	
55786	2081580	
55796	55848	
55796	55951	
55796	55962	
55796	55971	
55796	890244	
55796	1223095	
55796	1332234	
55796	1366264	
55796	1705100	
55796	2067041	
55796	2067118	
55796	2071616	
55796	2081584	
55796	2081760	
55796	2082008	
55797	55848	
55797	55893	
55797	55962	
55797	890244	
55797	1366264	
55797	1876429	
55797	2067102	
55797	2081580	
55797	2081584	
55798	55848	
55798	55951	
55798	55962	
55798	1223095	
55798	1705100	
55798	2067118	
55798	2071616	
55798	2081584	
55799	55848	
55799	55951	
55799	55962	
55799	55971	
55799	890244	
55799	1094537	
55799	1223095	
55799	1255573	
55799	1332234	
55799	1366264	
55799	1705100	
55799	1735043	
55799	1876429	
55799	2067041	
55799	2067102	
55799	2067118	
55799	2071616	
55799	2081580	
55799	2081760	
55799	2082008	
55800	55848	
55800	55893	
55800	55951	
55800	55962	
55800	55971	
55800	890244	
55800	1332234	
55800	1366264	
55800	1705100	
55800	1876429	
55800	2067041	
55800	2067102	
55800	2067118	
55800	2071616	
55801	55848	
55801	55962	
55801	55971	
55801	1094537	
55801	1223095	
55801	1332234	
55801	1366264	
55801	1705100	
55801	1735043	
55801	1876429	
55801	2067041	
55801	2067095	
55801	2067102	
55801	2071616	
55801	2101555	
55802	55848	
55802	55893	
55802	55962	
55802	55971	
55802	1094537	
55802	1705100	
55802	1876429	
55802	2067102	
55802	2078968	
55802	2081580	
55802	2081584	
55804	55971	
55804	1332234	
55804	2067041	
55804	2081584	
55807	1876429	
55808	55848	
55808	55962	
55808	55971	
55808	890244	
55808	1705100	
55808	2067102	
55814	2067102	
55822	55848	
55822	55951	
55822	55962	
55822	55971	
55822	890244	
55822	1094537	
55822	1332234	
55822	1705100	
55822	1735043	
55822	1875986	
55822	1876429	
55822	2067041	
55822	2067095	
55822	2067102	
55822	2067118	
55822	2071616	
55822	2079000	
55822	2110351	
55824	55848	
55824	55962	
55824	55971	
55824	1223095	
55824	1332234	
55824	1705100	
55824	1876429	
55824	2067041	
55824	2067095	
55824	2067102	
55824	2081760	
55824	2082008	
55826	55848	
55826	55962	
55826	55971	
55826	890244	
55826	1094537	
55826	1212887	
55826	1223095	
55826	1332234	
55826	1366264	
55826	1705100	
55826	1875986	
55826	1876429	
55826	1963740	
55826	2067041	
55826	2067095	
55826	2067102	
55826	2067118	
55826	2081580	
55826	2081584	
55826	2081760	
55826	2081900	
55826	2082008	
55827	55848	
55827	55893	
55827	55951	
55827	1705100	
55827	2067041	
55827	2081584	
55829	55848	
55829	55951	
55829	55962	
55829	1094537	
55829	1705100	
55829	1876429	
55829	2067041	
55831	55848	
55831	55951	
55831	55971	
55831	890244	
55831	1094537	
55831	1164976	
55831	1212887	
55831	1223095	
55831	1255573	
55831	1312541	
55831	1735043	
55831	1876150	
55831	1876429	
55831	2067102	
55831	2071616	
55831	2081584	
55831	2092992	
55831	2093203	
55834	55962	
55834	55971	
55834	890244	
55834	1094537	
55834	1255573	
55834	1366264	
55834	1735043	
55834	1876429	
55834	2071616	
55838	55951	
55838	1246856	
55838	2115010	
55839	55951	
55839	55971	
55839	1094537	
55839	1255573	
55839	1312541	
55839	1366264	
55839	1705100	
55839	2081584	
55839	2102201	
55839	2126442	
55841	55893	
55841	55962	
55843	55962	
55847	55848	
55847	55893	
55847	55951	
55847	1164976	
55847	1223095	
55847	1332234	
55847	1735043	
55847	1876429	
55847	2067102	
55847	2071616	
55847	2110351	
55848	55852	
55848	55855	
55848	55869	
55848	55872	
55848	55876	
55848	55879	
55848	55883	
55848	55888	
55848	55891	
55848	55893	
55848	55898	
55848	55903	
55848	55908	
55848	55912	
55848	55913	
55848	55917	
55848	55932	
55848	55935	
55848	55938	
55848	55950	
55848	55951	
55848	55953	
55848	55959	
55848	55961	
55848	55962	
55848	55971	
55848	55973	
55848	55978	
55848	55979	
55848	55989	
55848	55992	
55848	55997	
55848	56001	
55848	56004	
55848	56009	
55848	248291	
55848	307338	
55848	359322	
55848	363644	
55848	364694	
55848	467352	
55848	468502	
55848	469508	
55848	889666	
55848	889688	
55848	889762	
55848	889811	
55848	889961	
55848	889965	
55848	889980	
55848	890055	
55848	890080	
55848	890154	
55848	890203	
55848	890212	
55848	890226	
55848	890244	
55848	890265	
55848	890320	
55848	890351	
55848	890409	
55848	900166	
55848	992487	
55848	992592	
55848	999893	
55848	1038807	
55848	1050467	
55848	1084989	
55848	1089063	
55848	1089433	
55848	1094537	
55848	1097536	
55848	1113057	
55848	1120867	
55848	1123547	
55848	1135760	
55848	1136032	
55848	1156611	
55848	1164976	
55848	1182572	
55848	1191399	
55848	1212887	
55848	1223095	
55848	1224102	
55848	1227647	
55848	1245074	
55848	1248645	
55848	1259928	
55848	1270790	
55848	1279061	
55848	1298278	
55848	1312724	
55848	1314325	
55848	1332234	
55848	1349731	
55848	1360412	
55848	1364487	
55848	1366264	
55848	1372505	
55848	1394375	
55848	1396357	
55848	1396746	
55848	1408397	
55848	1436271	
55848	1444992	
55848	1446084	
55848	1448526	
55848	1504838	
55848	1530925	
55848	1536283	
55848	1536674	
55848	1570198	
55848	1576669	
55848	1594506	
55848	1611128	
55848	1626027	
55848	1639450	
55848	1663689	
55848	1663983	
55848	1663991	
55848	1663997	
55848	1705095	
55848	1705096	
55848	1705100	
55848	1705107	
55848	1705119	
55848	1705120	
55848	1705123	
55848	1705125	
55848	1705127	
55848	1705128	
55848	1705129	
55848	1705131	
55848	1705147	
55848	1705159	
55848	1705164	
55848	1705173	
55848	1705174	
55848	1705178	
55848	1705188	
55848	1705190	
55848	1705198	
55848	1705199	
55848	1705206	
55848	1705216	
55848	1730359	
55848	1735043	
55848	1745077	
55848	1761997	
55848	1769271	
55848	1787755	
55848	1792145	
55848	1831183	
55848	1831318	
55848	1831443	
55848	1836141	
55848	1853976	
55848	1856059	
55848	1875894	
55848	1875943	
55848	1875948	
55848	1875950	
55848	1875955	
55848	1875958	
55848	1875973	
55848	1875981	
55848	1875986	
55848	1876089	
55848	1876094	
55848	1876119	
55848	1876125	
55848	1876153	
55848	1876155	
55848	1876160	
55848	1876164	
55848	1876213	
55848	1876221	
55848	1876258	
55848	1876267	
55848	1876288	
55848	1876301	
55848	1876314	
55848	1876319	
55848	1876322	
55848	1876324	
55848	1876353	
55848	1876358	
55848	1876404	
55848	1876429	
55848	1876436	
55848	1876450	
55848	1876527	
55848	1876634	
55848	1876647	
55848	1876704	
55848	1876762	
55848	1876803	
55848	1876812	
55848	1876819	
55848	1876837	
55848	1876841	
55848	1876936	
55848	1877036	
55848	1961514	
55848	1963740	
55848	2066613	
55848	2066618	
55848	2067021	
55848	2067022	
55848	2067028	
55848	2067032	
55848	2067037	
55848	2067039	
55848	2067041	
55848	2067045	
55848	2067052	
55848	2067057	
55848	2067067	
55848	2067068	
55848	2067069	
55848	2067072	
55848	2067075	
55848	2067077	
55848	2067080	
55848	2067082	
55848	2067083	
55848	2067091	
55848	2067094	
55848	2067095	
55848	2067099	
55848	2067102	
55848	2067110	
55848	2067111	
55848	2067113	
55848	2067116	
55848	2067118	
55848	2067135	
55848	2067142	
55848	2067143	
55848	2067148	
55848	2067152	
55848	2067155	
55848	2067156	
55848	2067158	
55848	2067161	
55848	2067162	
55848	2067168	
55848	2067177	
55848	2071600	
55848	2071602	
55848	2071603	
55848	2071606	
55848	2071616	
55848	2071622	
55848	2071631	
55848	2071655	
55848	2071660	
55848	2071661	
55848	2071662	
55848	2071663	
55848	2071674	
55848	2071680	
55848	2071686	
55848	2071687	
55848	2071689	
55848	2071698	
55848	2072218	
55848	2072225	
55848	2075597	
55848	2075608	
55848	2075643	
55848	2075645	
55848	2075659	
55848	2075676	
55848	2075686	
55848	2075699	
55848	2075722	
55848	2075748	
55848	2075762	
55848	2075770	
55848	2075822	
55848	2075870	
55848	2075914	
55848	2075927	
55848	2075941	
55848	2075957	
55848	2075971	
55848	2075979	
55848	2076014	
55848	2076019	
55848	2076066	
55848	2076182	
55848	2076185	
55848	2076237	
55848	2076327	
55848	2076342	
55848	2076362	
55848	2076393	
55848	2076397	
55848	2076444	
55848	2076489	
55848	2076495	
55848	2076517	
55848	2077344	
55848	2077356	
55848	2077408	
55848	2077412	
55848	2077415	
55848	2078657	
55848	2078659	
55848	2078671	
55848	2078682	
55848	2078705	
55848	2078782	
55848	2078823	
55848	2078865	
55848	2078889	
55848	2078968	
55848	2078990	
55848	2079000	
55848	2079019	
55848	2079029	
55848	2079039	
55848	2079046	
55848	2079089	
55848	2079092	
55848	2079119	
55848	2079120	
55848	2079145	
55848	2079149	
55848	2079155	
55848	2079161	
55848	2081580	
55848	2081584	
55848	2081649	
55848	2081656	
55848	2082038	
55848	2082067	
55848	2082072	
55848	2083518	
55848	2087816	
55848	2087822	
55848	2087855	
55848	2088764	
55848	2088968	
55848	2092027	
55848	2092115	
55848	2092176	
55848	2092199	
55848	2092856	
55848	2092922	
55848	2092982	
55848	2093108	
55848	2093171	
55848	2093183	
55848	2093815	
55848	2093859	
55848	2097674	
55848	2097843	
55848	2097942	
55848	2098137	
55848	2098968	
55848	2099359	
55848	2101549	
55848	2101555	
55848	2101915	
55848	2102243	
55848	2103697	
55848	2103728	
55848	2103752	
55848	2103806	
55848	2104007	
55848	2104008	
55848	2106241	
55848	2111285	
55848	2111293	
55848	2112093	
55848	2114122	
55848	2114551	
55848	2114555	
55848	2114556	
55848	2114557	
55848	2114558	
55848	2114561	
55848	2114563	
55848	2114566	
55848	2114568	
55848	2114570	
55848	2114574	
55848	2114576	
55848	2114578	
55848	2114581	
55848	2114583	
55848	2114584	
55848	2114587	
55848	2114589	
55848	2114590	
55848	2114592	
55848	2114594	
55848	2114597	
55848	2114599	
55848	2114600	
55848	2114606	
55848	2114607	
55848	2114609	
55848	2114611	
55848	2114612	
55848	2114615	
55848	2114617	
55848	2114620	
55848	2114621	
55848	2114623	
55848	2114624	
55848	2114629	
55848	2114631	
55848	2114633	
55848	2114634	
55848	2114635	
55848	2114640	
55848	2114644	
55848	2114647	
55848	2114652	
55848	2114654	
55848	2114656	
55848	2114659	
55848	2114661	
55848	2114665	
55848	2114667	
55848	2114671	
55848	2114672	
55848	2114675	
55848	2114677	
55848	2114679	
55848	2114681	
55848	2114683	
55848	2114685	
55848	2114688	
55848	2114690	
55848	2114691	
55848	2114692	
55848	2114694	
55848	2114697	
55848	2114698	
55848	2114702	
55848	2114705	
55848	2114707	
55848	2114709	
55848	2114710	
55848	2114713	
55848	2114717	
55848	2114718	
55848	2114720	
55848	2114721	
55848	2114723	
55848	2114724	
55848	2114726	
55848	2114727	
55848	2114730	
55848	2114731	
55848	2114732	
55848	2114733	
55848	2114738	
55848	2114742	
55848	2114744	
55848	2837219	
55852	55893	
55852	890244	
55853	1060610	
55853	1876150	
55853	2081900	
55853	2088968	
55855	55951	
55855	55971	
55855	890244	
55855	1094537	
55855	1366264	
55855	1705100	
55855	1876429	
55855	2067102	
55855	2067118	
55855	2081584	
55864	1212887	
55864	1735043	
55869	55893	
55869	55962	
55869	55971	
55869	890244	
55869	1094537	
55869	1705100	
55869	1735043	
55869	1876429	
55869	2067041	
55869	2067095	
55869	2067118	
55869	2071616	
55869	2079000	
55869	2081584	
55869	2088703	
55869	2088764	
55870	55951	
55870	1332234	
55872	55893	
55872	55962	
55872	1705100	
55872	1735043	
55872	2067041	
55872	2067095	
55872	2081580	
55872	2081584	
55874	55951	
55874	1332234	
55874	1705100	
55876	55893	
55876	55962	
55876	55971	
55876	890244	
55876	1094537	
55876	1223095	
55876	1332234	
55876	1457237	
55876	1630387	
55876	1705100	
55876	1735043	
55876	1876429	
55876	2067095	
55876	2067102	
55876	2067118	
55876	2071616	
55876	2078968	
55876	2081580	
55876	2081584	
55876	2088576	
55876	2088604	
55876	2088764	
55876	2101555	
55876	2114717	
55876	2117292	
55876	2117305	
55876	2117416	
55877	55962	
55877	55971	
55877	890244	
55877	1094537	
55877	1366264	
55877	1705100	
55877	1876429	
55877	2067041	
55877	2067102	
55877	2071616	
55877	2099784	
55878	55971	
55879	55893	
55879	55951	
55879	55962	
55879	55971	
55879	1094537	
55879	1223095	
55879	1332234	
55879	1630387	
55879	1705100	
55879	1876429	
55879	1963740	
55879	2067041	
55879	2067095	
55879	2067102	
55879	2071616	
55879	2079000	
55883	55893	
55883	55951	
55883	55962	
55883	1094537	
55883	1705100	
55883	1876429	
55883	2067095	
55883	2067118	
55886	890244	
55886	2081580	
55888	1705100	
55888	1735043	
55888	2067041	
55889	55962	
55889	55971	
55889	1705100	
55889	1876429	
55891	55962	
55891	55971	
55891	890244	
55891	1094537	
55891	1255573	
55891	1366264	
55891	1876150	
55891	1876429	
55891	2067041	
55891	2067102	
55891	2081584	
55893	55896	
55893	55898	
55893	55908	
55893	55953	
55893	356468	
55893	889744	
55893	889764	
55893	889811	
55893	889907	
55893	890150	
55893	890239	
55893	890268	
55893	890271	
55893	890337	
55893	890361	
55893	890415	
55893	976067	
55893	1003148	
55893	1029768	
55893	1032581	
55893	1035102	
55893	1053876	
55893	1054148	
55893	1065210	
55893	1223095	
55893	1240622	
55893	1245304	
55893	1247395	
55893	1310966	
55893	1320230	
55893	1331400	
55893	1376102	
55893	1396746	
55893	1406658	
55893	1407824	
55893	1418300	
55893	1446084	
55893	1486989	
55893	1522681	
55893	1570198	
55893	1610610	
55893	1629002	
55893	1632280	
55893	1632899	
55893	1663983	
55893	1678750	
55893	1703334	
55893	1705096	
55893	1705100	
55893	1705123	
55893	1705127	
55893	1705129	
55893	1705140	
55893	1705159	
55893	1705164	
55893	1705203	
55893	1705932	
55893	1742464	
55893	1844250	
55893	1875948	
55893	1875955	
55893	1875986	
55893	1876301	
55893	1876429	
55893	1876634	
55893	1876812	
55893	1963740	
55893	2067041	
55893	2067057	
55893	2067082	
55893	2067095	
55893	2067102	
55893	2069973	
55893	2071600	
55893	2071644	
55893	2074452	
55893	2075807	
55893	2076066	
55893	2077336	
55893	2078397	
55893	2078400	
55893	2078682	
55893	2078778	
55893	2079019	
55893	2087788	
55893	2088789	
55893	2090451	
55893	2091319	
55893	2092027	
55893	2093791	
55893	2094364	
55893	2099359	
55893	2101877	
55893	2103806	
55893	2104008	
55893	2106045	
55893	2106190	
55893	2106191	
55893	2106192	
55893	2106193	
55893	2106194	
55893	2106195	
55893	2106196	
55893	2106197	
55893	2106198	
55893	2106199	
55893	2106200	
55893	2106201	
55893	2106202	
55893	2106203	
55893	2106204	
55893	2106205	
55893	2106206	
55893	2106207	
55893	2106208	
55893	2106209	
55893	2106210	
55893	2106211	
55893	2106212	
55893	2106213	
55893	2106214	
55893	2106215	
55893	2106216	
55893	2106217	
55893	2106218	
55893	2106219	
55893	2106220	
55893	2106221	
55893	2106222	
55893	2106223	
55893	2106224	
55893	2106225	
55893	2106226	
55893	2106227	
55893	2106228	
55893	2106229	
55893	2106230	
55893	2106231	
55893	2106232	
55893	2106233	
55893	2106234	
55893	2106235	
55893	2106236	
55893	2106237	
55893	2106238	
55893	2106239	
55893	2106240	
55893	2106241	
55893	2106242	
55893	2106243	
55893	2106244	
55893	2106245	
55893	2106246	
55893	2106247	
55893	2106248	
55893	2106249	
55893	2106250	
55893	2106251	
55893	2106252	
55893	2106253	
55893	2106254	
55893	2106255	
55893	2106256	
55893	2106257	
55893	2106258	
55893	2106259	
55893	2106260	
55893	2106261	
55893	2106262	
55896	55962	
55896	1223095	
55896	1705100	
55896	1735043	
55896	1876429	
55896	2071616	
55897	1366264	
55898	55951	
55898	55971	
55898	890244	
55898	1094537	
55898	1223095	
55898	1332234	
55898	1366264	
55898	1705100	
55898	1735043	
55898	1875986	
55898	1876429	
55898	2067041	
55898	2067095	
55898	2067102	
55898	2067118	
55898	2071616	
55898	2081580	
55898	2081760	
55898	2082008	
55898	2099784	
55899	1060610	
55899	2088968	
55903	55951	
55903	55962	
55903	55971	
55903	1094537	
55903	1164976	
55903	1223095	
55903	1496834	
55903	1705100	
55903	1876429	
55903	2067041	
55903	2081584	
55906	2081580	
55908	55951	
55908	55962	
55908	55971	
55908	890244	
55908	1223095	
55908	1332234	
55908	1366264	
55908	1705100	
55908	1876429	
55908	2067041	
55908	2067102	
55908	2071616	
55909	55951	
55910	55962	
55910	55971	
55910	890244	
55910	1094537	
55910	1705100	
55910	1876429	
55910	2067095	
55910	2067102	
55912	1366264	
55912	2081584	
55913	55971	
55913	890244	
55913	1094537	
55913	1876429	
55913	2067102	
55913	2081584	
55917	55962	
55925	55962	
55925	55971	
55925	890244	
55925	1366264	
55925	1705100	
55925	1876429	
55925	2067095	
55925	2067102	
55925	2067118	
55927	1312541	
55927	1876150	
55927	1963740	
55927	2102201	
55931	1255573	
55931	1366264	
55931	1876429	
55931	2067041	
55931	2067102	
55932	55971	
55932	890244	
55932	1094537	
55932	1366264	
55932	1705100	
55932	1876429	
55932	2067102	
55932	2081900	
55935	55962	
55935	1735043	
55938	55951	
55938	2067102	
55938	2067118	
55938	2078671	
55941	2134784	
55943	55962	
55943	55971	
55943	890244	
55943	1094537	
55943	1332234	
55943	1366264	
55943	1705100	
55943	1876429	
55943	2067102	
55943	2081580	
55943	2081584	
55943	2081900	
55950	1366264	
55951	55971	
55951	55973	
55951	55979	
55951	354748	
55951	357858	
55951	360824	
55951	890006	
55951	890070	
55951	890139	
55951	890397	
55951	987842	
55951	988104	
55951	994950	
55951	998761	
55951	1002347	
