1	754
1	878
1	902
2	125
2	155
2	705
3	546
3	753
3	830
4	32
4	276
4	368
5	856
5	859
5	997
6	7
6	170
6	248
7	6
7	248
7	297
8	438
8	944
8	972
9	301
9	376
9	948
9	999
10	358
10	374
10	868
11	68
11	82
11	956
12	599
12	654
12	736
13	77
13	211
13	762
14	161
14	183
14	974
15	332
15	662
15	833
16	439
16	553
16	918
17	399
17	722
17	936
18	468
18	918
18	921
19	311
19	424
19	500
20	571
20	835
20	983
21	43
21	116
21	564
22	356
22	458
22	520
23	266
23	654
23	736
24	83
24	503
24	964
24	993
25	659
25	857
25	861
26	57
26	513
26	596
27	519
27	968
27	976
28	317
28	748
28	969
29	347
29	487
29	540
30	610
30	758
31	202
31	534
31	673
32	4
32	276
32	368
33	910
33	948
33	984
34	847
34	927
34	955
35	582
35	608
35	819
35	896
36	190
36	204
37	172
37	337
37	746
38	157
38	254
38	968
39	437
39	710
39	818
40	144
40	403
40	954
41	664
41	696
41	784
42	335
42	954
42	974
43	21
43	116
43	545
44	216
44	310
44	323
45	119
45	466
45	628
46	101
46	341
46	989
47	873
47	928
47	966
48	744
48	773
48	908
49	337
49	578
49	588
50	938
50	956
50	981
51	670
51	694
51	701
52	201
52	585
52	873
53	509
53	531
53	728
54	390
54	418
54	598
55	351
55	916
55	994
56	887
56	936
56	944
57	26
57	513
57	596
58	523
58	646
58	787
59	472
59	677
59	750
60	914
60	982
60	1000
61	80
61	162
61	175
62	449
62	645
62	819
63	70
63	102
63	949
64	372
64	732
64	989
65	375
65	709
65	738
66	664
66	696
66	784
67	244
67	629
67	931
68	11
68	82
68	836
69	508
69	771
69	794
70	63
70	102
70	255
71	582
71	620
71	737
72	444
72	607
72	920
73	389
73	663
73	809
74	960
74	968
74	976
75	557
75	693
75	872
76	631
76	825
76	990
77	13
77	211
77	978
78	949
78	950
78	952
79	656
79	782
79	877
80	61
80	162
80	971
81	89
81	589
81	783
82	11
82	68
82	568
83	24
83	93
83	954
84	406
84	754
84	881
85	353
85	842
85	985
86	777
86	976
86	988
87	137
87	147
87	542
88	937
88	964
88	966
89	81
89	219
89	300
90	385
90	593
91	206
91	880
91	940
92	580
92	934
92	987
93	83
93	984
93	993
94	627
94	812
94	902
95	344
95	507
95	633
96	667
96	678
96	909
97	538
97	866
97	972
98	413
98	817
98	983
99	262
99	322
99	388
100	624
100	727
100	799
101	46
101	341
101	926
102	63
102	70
102	547
103	238
103	669
103	903
104	534
104	673
104	805
105	274
105	507
105	633
106	369
106	570
106	635
107	840
107	915
107	916
108	263
108	641
108	991
109	192
109	384
109	668
110	445
110	771
110	864
111	746
111	820
111	930
112	242
112	253
112	933
113	210
113	980
114	530
114	803
114	907
115	122
115	477
115	836
116	21
116	43
116	532
117	319
117	436
117	876
118	497
118	766
118	855
119	45
119	186
119	338
120	426
120	621
120	909
121	871
121	882
121	887
122	115
122	614
122	728
123	424
123	824
123	877
124	557
124	693
124	924
125	2
125	155
125	938
126	629
126	717
126	904
127	144
127	954
127	959
128	669
128	676
128	737
129	206
129	805
129	860
130	870
130	874
130	918
131	166
131	300
131	706
132	354
132	732
132	989
133	690
133	698
133	819
134	438
134	464
134	892
135	708
135	837
135	948
136	498
136	671
136	832
137	87
137	291
137	542
138	462
138	670
138	694
139	366
139	709
139	737
140	735
140	765
140	952
141	217
141	286
141	357
142	503
142	852
142	939
143	267
143	290
143	393
144	40
144	127
144	974
145	187
145	878
145	976
146	577
146	691
146	986
147	87
147	429
147	694
148	235
148	773
148	881
149	452
149	637
149	783
150	440
150	882
150	887
151	252
151	582
152	622
152	710
152	818
153	244
153	769
153	793
154	573
154	941
154	947
155	2
155	125
155	883
156	373
156	892
156	944
157	38
157	254
157	922
158	561
158	698
158	819
159	170
159	941
159	947
160	203
160	646
160	906
161	14
161	183
161	689
162	61
162	80
162	961
163	945
163	965
163	974
164	744
164	846
164	989
165	506
165	945
165	965
166	131
166	390
166	714
167	442
167	996
167	997
168	239
168	635
168	846
169	329
169	574
169	991
170	6
170	159
170	941
171	186
171	224
171	981
172	37
172	337
172	916
173	356
173	423
173	458
174	312
174	724
174	751
175	61
175	257
175	863
176	744
176	773
176	790
177	902
177	975
177	998
178	318
178	502
178	637
179	569
179	576
179	590
180	234
180	376
181	419
181	740
181	837
182	297
182	320
182	505
183	14
183	161
183	396
184	482
184	789
184	928
185	664
185	696
185	784
186	119
186	171
186	224
187	145
187	285
187	836
188	805
188	951
188	971
189	662
189	726
189	833
190	36
190	395
190	561
191	412
191	716
191	739
192	109
192	208
192	648
193	804
193	894
193	936
194	682
194	704
194	917
195	752
195	827
195	996
196	640
196	876
196	891
197	345
197	901
197	987
198	906
198	968
198	988
199	978
199	984
199	993
200	346
200	648
200	950
201	52
201	807
201	969
202	31
202	534
202	673
203	160
203	281
203	646
204	36
204	893
204	926
205	876
205	878
205	987
206	91
206	129
206	758
206	768
207	222
207	485
207	511
208	192
208	384
208	678
209	871
209	882
209	887
210	113
210	886
210	959
211	13
211	77
211	342
212	289
212	712
212	970
213	752
213	951
213	996
214	427
214	907
214	958
215	772
215	826
215	934
215	980
216	44
216	310
216	704
217	141
217	357
217	975
218	607
218	891
218	957
219	89
219	783
219	860
220	775
220	868
220	917
221	362
221	390
222	207
222	511
222	679
223	413
223	571
223	983
224	171
224	186
224	256
225	804
225	916
225	994
226	278
226	352
226	991
227	374
227	964
227	966
228	546
228	753
228	903
229	764
229	900
229	986
230	776
230	860
230	866
231	479
231	533
231	881
232	479
232	675
232	881
233	251
233	340
233	454
234	180
234	376
235	148
235	598
235	881
236	363
236	408
236	933
237	517
237	832
237	901
238	103
238	271
238	655
239	168
239	494
239	635
240	392
240	484
240	761
241	482
241	612
241	787
242	112
242	892
242	972
243	353
243	998
243	999
244	67
244	153
244	868
245	672
245	723
245	838
246	567
246	771
246	794
247	464
247	944
247	972
248	6
248	7
248	488
249	478
249	768
249	901
250	495
250	521
250	979
251	233
251	340
251	454
252	151
252	409
252	582
253	112
253	910
253	927
254	38
254	157
254	486
255	70
255	481
255	790
256	224
256	741
256	915
257	175
257	709
257	863
258	313
258	488
258	595
259	501
259	674
259	810
260	407
260	578
260	588
261	762
261	868
261	931
262	99
262	388
262	450
263	108
263	963
263	977
264	483
264	630
264	991
265	612
265	787
265	985
266	23
266	574
266	699
267	143
267	342
267	393
268	678
268	904
268	909
269	901
269	934
269	987
270	458
270	797
270	909
271	238
271	410
271	903
272	280
272	348
272	375
273	667
273	897
273	902
274	105
274	463
274	942
275	853
275	864
275	999
276	4
276	32
276	368
277	352
277	467
277	991
278	226
278	352
278	991
279	752
279	996
279	997
280	272
280	401
280	738
281	203
281	397
281	646
282	655
282	679
282	751
283	900
283	968
283	988
284	948
284	984
284	993
285	187
285	769
285	836
286	141
286	357
287	378
287	587
287	593
287	961
288	461
288	761
288	913
289	212
289	964
289	966
290	143
290	673
290	681
291	137
291	427
291	946
292	743
292	941
292	947
293	869
293	954
293	974
294	667
294	754
294	902
295	851
295	925
295	980
296	975
296	998
296	999
297	7
297	182
297	505
298	865
298	873
298	969
299	739
299	869
299	974
300	89
300	131
300	837
301	9
301	452
301	637
302	677
302	764
302	924
303	402
303	960
303	968
304	702
304	857
304	861
305	790
305	932
305	953
306	811
306	875
306	924
307	549
307	567
307	771
308	343
308	756
308	891
309	383
309	567
309	794
310	44
310	216
310	323
311	19
311	719
311	969
312	174
312	723
312	838
313	258
313	408
313	595
314	451
314	862
314	880
315	477
315	836
315	947
316	975
316	998
316	999
317	28
317	748
317	910
318	178
318	434
318	502
319	117
319	436
319	500
320	182
320	505
320	560
321	740
321	780
321	919
322	99
322	388
322	450
323	44
323	310
323	494
324	396
324	770
324	838
324	885
325	636
325	711
325	720
326	716
326	771
326	904
327	555
327	735
327	946
328	400
328	690
328	942
329	169
329	528
329	699
330	821
330	884
330	978
331	812
331	901
331	972
332	15
332	833
332	868
333	521
333	922
333	979
334	727
334	799
334	931
335	42
335	893
335	926
336	578
336	588
336	862
337	37
337	49
337	172
338	119
338	448
338	466
339	857
339	861
339	923
340	233
340	251
340	454
341	46
341	101
341	984
342	211
342	267
342	393
343	308
343	516
343	961
344	95
344	890
344	919
345	197
345	452
345	921
346	200
346	384
346	983
347	29
347	785
347	943
348	272
348	401
348	738
349	429
349	770
349	939
350	416
350	780
350	953
350	987
351	55
351	839
351	932
351	953
352	226
352	277
352	278
352	991
353	85
353	243
353	757
353	876
354	132
354	372
354	718
354	989
355	687
355	931
355	934
355	987
356	22
356	173
356	458
356	945
357	141
357	217
357	286
357	812
358	10
358	447
358	846
358	868
359	505
359	516
359	961
359	970
360	378
360	799
360	835
360	983
361	607
361	883
361	891
361	990
362	221
362	390
362	591
363	236
363	408
363	489
363	933
364	718
364	732
364	822
364	989
365	565
365	735
365	950
365	952
366	139
366	530
366	850
366	959
367	584
367	708
367	837
367	867
368	4
368	32
368	276
368	904
369	106
369	494
369	828
369	846
370	478
370	521
370	934
370	987
371	525
371	558
371	674
371	849
372	64
372	354
372	420
372	989
373	156
373	804
373	892
373	972
374	10
374	227
374	762
374	931
375	65
375	272
375	738
375	889
376	9
376	180
376	234
376	952
377	804
377	936
377	985
377	987
378	287
378	360
378	817
378	861
379	571
379	610
379	638
379	662
380	882
380	910
380	948
380	993
381	573
381	743
381	941
381	947
382	722
382	804
382	894
382	936
383	309
383	508
383	567
383	936
384	109
384	208
384	346
384	938
385	90
385	593
385	726
386	791
386	802
386	853
386	864
387	603
387	618
387	827
387	876
388	99
388	262
388	322
388	450
389	73
389	652
389	809
389	838
390	54
390	166
390	221
390	362
391	405
391	579
391	956
391	981
392	240
392	484
392	625
392	761
393	143
393	267
393	342
393	788
394	743
394	920
394	941
394	947
395	190
395	711
395	720
395	864
396	183
396	324
396	648
396	670
397	281
397	410
397	897
397	903
398	485
398	501
398	633
398	674
399	17
399	478
399	768
399	987
400	328
400	777
400	942
400	983
401	280
401	348
401	738
401	962
402	303
402	768
402	934
402	987
403	40
403	869
403	954
403	974
404	414
404	473
404	563
404	647
405	391
405	835
405	942
405	983
406	84
406	490
406	491
406	961
407	260
407	578
407	588
407	985
408	236
408	313
408	363
408	933
409	252
409	636
409	711
409	720
410	271
410	397
410	903
410	998
411	955
411	975
411	998
411	999
412	191
412	893
412	904
412	926
413	98
413	223
413	817
413	942
414	404
414	473
414	563
414	933
415	688
415	948
415	984
415	993
416	350
416	512
416	547
416	890
417	420
417	718
417	941
417	989
418	54
418	443
418	598
418	881
419	181
419	537
419	572
419	867
420	372
420	417
420	846
420	989
421	450
421	765
421	810
421	943
422	711
422	817
422	947
422	958
423	173
423	577
423	895
423	911
424	19
424	123
424	678
424	877
425	565
425	725
425	747
425	915
426	120
426	543
426	797
426	909
427	214
427	291
427	429
427	542
428	523
428	643
428	961
428	970
429	147
429	349
429	427
429	542
430	624
430	727
430	799
430	859
431	872
431	957
431	964
431	966
432	526
432	557
432	953
432	994
433	896
433	912
433	922
433	962
434	318
434	502
434	684
435	681
435	722
435	894
435	994
436	117
436	319
436	457
436	500
437	39
437	622
437	710
437	818
438	8
438	134
438	892
438	972
439	16
439	514
439	687
439	990
440	150
440	564
440	908
440	950
441	536
441	617
441	746
441	820
442	167
442	449
442	540
442	645
443	418
443	928
443	965
443	969
444	72
444	537
444	685
444	876
445	110
445	549
445	771
445	794
446	667
446	754
446	902
446	912
447	358
447	541
447	868
447	931
448	338
448	573
448	941
448	947
449	62
449	442
449	487
449	645
450	262
450	322
450	388
450	421
451	314
451	452
451	637
451	783
452	149
452	301
452	345
452	451
453	947
453	954
453	960
453	974
454	233
454	251
454	340
454	985
455	683
455	758
455	945
455	965
456	744
456	766
456	773
456	790
457	436
457	869
457	954
457	974
458	22
458	173
458	270
458	356
459	857
459	914
459	930
459	995
460	488
460	595
460	845
460	911
461	288
461	529
461	761
461	874
462	138
462	675
462	918
462	992
463	274
463	597
463	801
463	983
464	134
464	247
464	944
464	972
465	553
465	834
465	911
465	986
466	45
466	338
466	795
466	860
467	277
467	811
467	875
467	924
468	18
468	509
468	870
468	992
469	531
469	606
469	654
469	736
470	609
470	631
470	800
470	927
471	669
471	709
471	737
471	996
472	59
472	676
472	750
472	815
473	404
473	414
473	563
473	933
474	541
474	635
474	714
474	931
475	701
475	721
475	880
475	940
476	807
476	847
476	889
476	955
477	115
477	315
477	682
477	836
478	249
478	370
478	399
478	723
479	231
479	232
479	699
479	881
480	596
480	949
480	950
480	974
481	255
481	773
481	790
481	912
482	184
482	241
482	576
482	787
483	264
483	630
483	641
483	991
484	240
484	392
484	552
484	761
485	207
485	398
485	501
485	674
486	254
486	837
486	838
486	845
487	29
487	449
487	540
487	645
488	248
488	258
488	460
488	595
489	363
489	705
489	900
489	911
490	406
490	523
490	966
490	970
491	406
491	712
491	829
491	970
492	623
492	782
492	877
492	947
493	649
493	684
493	750
493	815
494	239
494	323
494	369
494	635
495	250
495	503
495	521
495	979
496	569
496	626
496	853
496	967
497	118
497	766
497	849
497	886
498	136
498	575
498	832
498	917
499	575
499	641
499	671
499	832
500	19
500	319
500	436
500	979
501	259
501	398
501	485
501	674
502	178
502	318
502	434
502	791
503	24
503	142
503	495
503	971
504	532
504	549
504	849
504	855
505	182
505	297
505	320
505	359
506	165
506	604
506	945
506	965
507	95
507	105
507	619
507	633
508	69
508	383
508	549
508	958
509	53
509	468
509	614
509	728
510	683
510	716
510	893
510	904
511	207
511	222
511	818
511	944
512	416
512	642
512	817
512	967
513	26
513	57
513	596
513	875
514	439
514	870
514	921
514	966
515	670
515	694
515	866
515	874
516	343
516	359
516	673
516	970
517	237
517	575
517	671
517	960
518	548
518	808
518	879
518	940
519	27
519	658
519	827
519	870
519	992
520	22
520	695
520	763
520	925
520	980
521	250
521	333
521	370
521	495
521	979
522	533
522	597
522	647
522	951
522	996
523	58
523	428
523	490
523	688
523	961
524	814
524	816
524	925
524	932
524	980
525	371
525	766
525	917
525	949
525	985
526	432
526	572
526	839
526	953
526	994
527	565
527	619
527	747
527	840
527	915
528	329
528	574
528	699
528	789
528	991
529	461
529	688
529	712
529	961
529	970
530	114
530	366
530	907
530	958
530	1000
531	53
531	469
531	614
531	728
531	780
532	116
532	504
532	766
532	849
532	855
533	231
533	522
533	859
533	951
533	997
534	31
534	104
534	202
534	673
534	932
535	665
535	784
535	870
535	921
535	992
536	441
536	617
536	746
536	774
536	820
537	419
537	444
537	708
537	837
537	867
538	97
538	542
538	776
538	823
538	866
539	566
539	705
539	842
539	895
539	911
540	29
540	442
540	487
540	551
540	645
541	447
541	474
541	629
541	714
541	842
542	87
542	137
542	427
542	429
542	538
543	426
543	621
543	632
543	797
543	909
544	592
544	888
544	957
544	964
544	966
545	43
545	652
545	809
545	887
545	935
546	3
546	228
546	753
546	903
546	954
547	102
547	416
547	755
547	760
547	890
548	518
548	862
548	879
548	926
548	940
549	307
549	445
549	504
549	508
549	794
550	628
550	648
550	683
550	945
550	965
551	540
551	721
551	830
551	883
551	923
552	484
552	890
552	967
552	981
552	989
553	16
553	465
553	697
553	808
553	895
554	659
554	862
554	879
554	880
554	940
555	327
555	829
555	865
555	889
555	946
556	653
556	764
556	920
556	969
556	985
557	75
557	124
557	432
557	608
557	693
558	371
558	693
558	849
558	855
558	985
559	577
559	668
559	938
559	956
559	981
560	320
560	674
560	960
560	982
560	1000
561	158
561	190
561	690
561	698
561	819
562	655
562	679
562	724
562	751
562	870
563	404
563	414
563	473
563	867
563	933
564	21
564	440
564	735
564	908
564	950
565	365
565	425
565	527
565	741
565	915
566	539
566	691
566	911
566	984
566	986
567	246
567	307
567	309
567	383
567	706
568	82
568	914
568	930
568	943
568	995
569	179
569	496
569	760
569	919
569	967
570	106
570	586
570	795
570	913
570	946
571	20
571	223
571	379
571	602
571	983
572	419
572	526
572	823
572	824
572	860
573	154
573	381
573	448
573	941
573	998
574	169
574	266
574	528
574	699
574	991
575	498
575	499
575	517
575	832
575	869
576	179
576	482
576	612
576	746
576	787
577	146
577	423
577	559
577	691
577	986
578	49
578	260
578	336
578	407
578	898
579	391
579	713
579	828
579	938
579	981
580	92
580	879
580	901
580	934
580	987
581	779
581	916
581	932
581	953
581	970
582	35
582	71
582	151
582	252
582	871
583	721
583	830
583	923
583	925
583	937
584	367
584	660
584	769
584	786
584	793
585	52
585	657
585	873
585	928
585	969
586	570
586	795
586	796
586	829
586	946
587	287
587	779
587	935
587	953
587	994
588	49
588	260
588	336
588	407
588	811
589	81
589	741
589	747
589	840
589	915
590	179
590	789
590	928
590	969
590	993
591	362
591	930
591	943
591	995
591	1000
592	544
592	774
592	776
592	823
592	866
593	90
593	287
593	385
593	726
593	834
594	781
594	796
594	858
594	963
594	977
595	258
595	313
595	460
595	488
595	930
596	26
596	57
596	480
596	513
596	888
597	463
597	522
597	602
597	835
597	983
598	54
598	235
598	418
598	881
598	963
599	12
599	788
599	856
599	863
599	917
600	807
600	825
600	847
600	870
600	927
601	682
601	756
601	788
601	856
601	917
602	571
602	597
602	818
602	892
602	942
603	387
603	663
603	685
603	757
603	920
604	506
604	628
604	936
604	945
604	965
605	910
605	942
605	948
605	984
605	993
606	469
606	654
606	736
606	806
606	815
607	72
607	218
607	361
607	756
607	891
608	35
608	557
608	693
608	742
608	872
609	470
609	800
609	825
609	955
609	975
610	30
610	379
610	638
610	662
610	833
611	697
611	895
611	900
611	986
611	995
612	241
612	265
612	576
612	787
612	915
613	632
613	770
613	785
613	798
613	971
614	122
614	509
614	531
614	728
614	864
615	745
615	813
615	963
615	977
615	978
616	778
616	809
616	822
616	834
616	879
617	441
617	536
617	746
617	820
617	947
618	387
618	685
618	757
618	851
618	876
619	507
619	527
619	633
620	71
620	829
620	831
620	889
620	946
621	120
621	543
621	763
621	797
621	909
622	152
622	437
622	710
622	818
622	996
623	492
623	663
623	782
623	824
623	877
624	100
624	430
624	727
624	799
624	821
625	392
625	703
625	854
625	908
625	949
626	496
626	665
626	760
626	890
626	967
627	94
627	644
627	812
627	944
627	972
628	45
628	550
628	604
628	945
628	965
629	67
629	126
629	541
629	762
629	931
630	264
630	483
630	641
630	988
630	991
631	76
631	470
631	680
631	847
631	955
632	543
632	613
632	798
632	805
632	971
633	95
633	105
633	398
633	507
633	619
634	640
634	803
634	898
634	996
634	997
635	106
635	168
635	239
635	474
635	494
636	325
636	409
636	711
636	720
636	863
637	149
637	178
637	301
637	451
637	783
638	379
638	610
638	662
638	833
638	843
639	848
639	866
639	924
639	958
639	988
640	196
640	634
640	756
640	891
640	990
641	108
641	483
641	499
641	630
641	648
642	512
642	882
642	887
642	911
642	977
642	986
643	428
643	733
643	805
643	852
643	939
643	971
644	627
644	723
644	838
644	927
644	984
645	62
645	442
645	449
645	487
645	540
645	930
646	58
646	160
646	203
646	281
646	758
646	840
647	404
647	522
647	898
647	951
647	996
647	997
648	192
648	200
648	396
648	550
648	641
648	842
649	493
649	676
649	677
649	750
649	815
649	850
650	664
650	850
650	883
650	905
650	923
650	937
651	767
651	844
651	929
651	975
651	998
651	999
652	389
652	545
652	663
652	734
652	809
652	972
653	556
653	685
653	757
653	876
653	878
653	879
654	12
654	23
654	469
654	606
654	736
654	950
655	238
655	282
655	562
655	679
655	724
655	751
656	79
656	661
656	960
656	968
656	976
656	988
657	585
657	769
657	786
657	793
657	874
657	997
658	519
658	665
658	759
658	874
658	921
658	992
659	25
659	554
659	702
659	707
659	857
659	861
660	584
660	692
660	769
660	786
660	793
661	656
661	772
661	906
661	953
661	976
661	988
662	15
662	189
662	379
662	610
662	638
662	833
663	73
663	603
663	623
663	652
663	809
663	935
664	41
664	66
664	185
664	650
664	696
664	784
665	535
665	626
665	658
665	918
665	921
665	992
666	763
666	814
666	851
666	925
666	954
666	980
667	96
667	273
667	294
667	446
667	754
667	902
668	109
668	559
668	828
668	938
668	956
668	981
669	103
669	128
669	471
669	709
669	737
669	851
670	51
670	138
670	396
670	515
670	694
670	874
671	136
671	499
671	517
671	832
671	937
671	967
672	245
672	730
672	798
672	805
672	852
672	939
673	31
673	104
673	202
673	290
673	516
673	534
674	259
674	371
674	398
674	485
674	501
674	560
675	232
675	462
675	827
675	918
675	990
675	992
676	128
676	472
676	649
676	684
676	750
676	815
677	59
677	302
677	649
677	684
677	750
677	815
678	96
678	208
678	268
678	424
678	797
678	909
679	222
679	282
679	562
679	655
679	724
679	751
680	631
680	888
680	899
680	957
680	964
680	966
681	290
681	435
681	804
681	894
681	936
681	985
682	194
682	477
682	601
682	856
682	897
682	917
683	455
683	510
683	550
683	935
683	945
683	965
684	434
684	493
684	676
684	677
684	750
684	815
685	444
685	603
685	618
685	653
685	894
685	920
686	716
686	739
686	881
686	893
686	904
686	926
687	355
687	439
687	768
687	901
687	934
687	987
688	415
688	523
688	529
688	914
688	961
688	970
689	161
689	715
689	742
689	792
689	848
689	958
690	133
690	328
690	561
690	698
690	819
690	878
691	146
691	566
691	577
691	697
691	900
691	986
692	660
692	883
692	886
692	905
692	923
692	959
693	75
693	124
693	557
693	558
693	608
693	872
694	51
694	138
694	147
694	515
694	670
694	874
695	520
695	761
695	763
695	851
695	925
695	980
696	41
696	66
696	185
696	664
696	784
696	959
697	553
697	611
697	691
697	808
697	854
697	911
698	133
698	158
698	561
698	690
698	751
698	819
699	266
699	329
699	479
699	528
699	574
699	991
700	819
700	906
700	960
700	968
700	976
700	988
701	51
701	475
701	862
701	879
701	880
701	940
702	304
702	659
702	707
702	809
702	857
702	861
703	625
703	738
703	854
703	949
703	950
703	952
704	194
704	216
704	883
704	886
704	905
704	937
705	2
705	489
705	539
705	808
705	895
705	986
706	131
706	567
706	791
706	802
706	853
706	864
707	659
707	702
707	857
707	861
707	911
707	991
708	135
708	367
708	537
708	815
708	837
708	867
709	65
709	139
709	257
709	471
709	669
709	737
710	39
710	152
710	437
710	622
710	768
710	818
711	325
711	395
711	409
711	422
711	636
711	720
712	212
712	491
712	529
712	961
712	965
712	970
713	579
713	844
713	929
713	975
713	998
713	999
714	166
714	474
714	541
714	762
714	842
714	859
715	689
715	775
715	792
715	823
715	907
715	935
716	191
716	326
716	510
716	686
716	914
716	926
717	126
717	739
717	793
717	893
717	904
717	926
718	354
718	364
718	417
718	732
718	765
718	989
719	311
719	800
719	825
719	927
719	955
719	979
720	325
720	395
720	409
720	636
720	711
720	999
721	475
721	551
721	583
721	886
721	905
721	937
722	17
722	382
722	435
722	888
722	894
722	936
723	245
723	312
723	478
723	644
723	838
723	871
724	174
724	562
724	655
724	679
724	751
724	919
725	425
725	745
725	821
725	963
725	977
725	978
726	189
726	385
726	593
726	836
726	902
726	995
727	100
727	334
727	430
727	624
727	799
727	806
728	53
728	122
728	509
728	531
728	614
728	849
729	749
729	762
729	855
729	938
729	956
729	981
730	672
730	770
730	794
730	798
730	860
730	971
731	843
731	885
731	896
731	912
731	962
731	973
732	64
732	132
732	364
732	718
732	903
732	989
733	643
733	798
733	852
733	939
733	949
733	971
734	652
734	759
734	801
734	811
734	875
734	924
735	140
735	327
735	365
735	564
735	822
735	908
735	929
736	12
736	23
736	469
736	606
736	654
736	897
736	970
737	71
737	128
737	139
737	471
737	669
737	709
737	873
738	65
738	280
738	348
738	375
738	401
738	703
738	740
739	191
739	299
739	686
739	717
739	904
739	926
739	995
740	181
740	321
740	738
740	867
740	882
740	887
740	919
741	256
741	565
741	589
741	743
741	840
741	915
741	939
742	608
742	689
742	775
742	792
742	848
742	907
742	958
743	292
743	381
743	394
743	741
743	941
743	947
743	989
744	48
744	164
744	176
744	456
744	773
744	790
744	867
745	615
745	725
745	858
745	934
745	963
745	971
745	978
746	37
746	111
746	441
746	536
746	576
746	617
746	820
747	425
747	527
747	589
747	840
747	856
747	913
747	915
748	28
748	317
748	778
748	782
748	945
748	965
748	969
749	729
749	787
749	828
749	938
749	956
749	981
749	990
750	59
750	472
750	493
750	649
750	676
750	677
750	684
751	174
751	282
751	562
751	655
751	679
751	698
751	724
752	195
752	213
752	279
752	898
752	941
752	951
752	997
753	3
753	228
753	546
753	858
753	886
753	897
753	903
754	1
754	84
754	294
754	446
754	667
754	897
754	902
755	547
755	780
755	862
755	863
755	890
755	919
755	967
756	308
756	601
756	607
756	640
756	891
756	915
756	990
757	353
757	603
757	618
757	653
757	878
757	920
757	963
758	30
758	206
758	455
758	646
758	820
758	868
758	931
759	658
759	734
759	801
759	811
759	875
759	924
759	962
760	547
760	569
760	626
760	780
760	792
760	813
760	919
761	240
761	288
761	392
761	461
761	484
761	695
761	874
762	13
762	261
762	374
762	629
762	714
762	729
762	931
763	520
763	621
763	666
763	695
763	816
763	851
763	980
764	229
764	302
764	556
764	900
764	920
764	932
764	994
765	140
765	421
765	718
765	914
765	982
765	995
765	1000
766	118
766	456
766	497
766	525
766	532
766	849
766	855
767	651
767	822
767	854
767	908
767	949
767	950
767	952
768	206
768	249
768	399
768	402
768	687
768	710
768	901
769	153
769	285
769	584
769	657
769	660
769	786
769	793
770	324
770	349
770	613
770	730
770	939
770	968
770	971
771	69
771	110
771	246
771	307
771	326
771	445
771	794
772	215
772	661
772	807
772	825
772	927
772	955
772	979
773	48
773	148
773	176
773	456
773	481
773	744
773	790
774	536
774	592
774	776
774	823
774	846
774	860
774	866
775	220
775	715
775	742
775	841
775	893
775	907
775	958
776	230
776	538
776	592
776	774
776	823
776	866
776	909
777	86
777	400
777	906
777	960
777	976
777	982
777	988
778	616
778	748
778	789
778	834
778	920
778	928
778	969
779	581
779	587
779	839
779	916
779	932
779	943
779	994
780	321
780	350
780	531
780	755
780	760
780	967
780	988
781	594
781	796
781	858
781	860
781	884
781	977
781	978
782	79
782	492
782	623
782	748
782	824
782	877
782	913
783	81
783	149
783	219
783	451
783	637
783	813
783	956
784	41
784	66
784	185
784	535
784	664
784	696
784	940
785	347
785	613
785	808
785	943
785	982
785	995
785	1000
786	584
786	657
786	660
786	769
786	793
786	899
787	58
787	241
787	265
787	482
787	576
787	612
787	749
788	393
788	599
788	601
788	856
788	897
788	916
788	917
789	184
789	528
789	590
789	778
789	834
789	873
789	928
790	176
790	255
790	305
790	456
790	481
790	744
790	773
791	386
791	502
791	706
791	802
791	853
791	864
792	689
792	715
792	742
792	760
792	848
792	907
792	958
793	153
793	584
793	657
793	660
793	717
793	769
793	786
794	69
794	246
794	309
794	445
794	549
794	730
794	771
795	466
795	570
795	586
795	831
795	865
795	889
795	946
796	586
796	594
796	781
796	884
796	963
796	977
796	978
797	270
797	426
797	543
797	621
797	678
797	909
797	975
798	613
798	632
798	672
798	730
798	733
798	805
798	971
799	100
799	334
799	360
799	430
799	624
799	727
799	806
800	470
800	609
800	719
800	847
800	927
800	955
800	973
801	463
801	734
801	759
801	811
801	875
801	924
802	386
802	706
802	791
802	822
802	853
802	864
802	942
803	114
803	634
803	859
803	898
803	951
803	996
803	997
804	193
804	225
804	373
804	377
804	382
804	681
804	894
804	936
805	104
805	129
805	188
805	632
805	643
805	672
805	798
805	939
806	606
806	727
806	799
806	885
806	916
806	932
806	973
806	994
807	201
807	476
807	600
807	772
807	825
807	847
807	955
807	999
808	518
808	553
808	697
808	705
808	785
808	895
808	900
808	911
809	73
809	389
809	545
809	616
809	652
809	663
809	702
809	935
810	259
810	421
810	914
810	930
810	943
810	982
810	995
810	1000
811	306
811	467
811	588
811	734
811	759
811	801
811	875
811	924
812	94
812	331
812	357
812	627
812	892
812	900
812	944
812	972
813	615
813	760
813	783
813	856
813	912
813	917
813	967
813	973
814	524
814	666
814	816
814	851
814	884
814	925
814	980
814	990
815	472
815	493
815	606
815	649
815	676
815	677
815	684
815	708
816	524
816	763
816	814
816	925
816	929
816	934
816	980
816	996
817	98
817	378
817	413
817	422
817	512
817	835
817	942
817	983
818	39
818	152
818	437
818	511
818	602
818	622
818	710
818	994
819	35
819	62
819	133
819	158
819	561
819	690
819	698
819	700
820	111
820	441
820	536
820	617
820	746
820	758
820	842
820	982
821	330
821	624
821	725
821	884
821	924
821	963
821	977
821	978
822	364
822	616
822	735
822	767
822	802
822	854
822	949
822	952
823	538
823	572
823	592
823	715
823	774
823	776
823	866
823	957
824	123
824	572
824	623
824	782
824	877
824	913
824	961
824	992
825	76
825	600
825	609
825	719
825	772
825	807
825	856
825	955
826	215
826	844
826	929
826	975
826	998
826	999
827	195
827	387
827	519
827	675
827	870
827	874
827	918
827	992
828	369
828	579
828	668
828	749
828	938
828	956
828	981
828	990
829	491
829	555
829	586
829	620
829	831
829	889
829	933
829	946
830	3
830	551
830	583
830	850
830	886
830	923
830	937
830	959
831	620
831	795
831	829
831	865
831	889
831	913
831	946
831	973
832	136
832	237
832	498
832	499
832	575
832	671
832	896
832	918
833	15
833	189
833	332
833	610
833	638
833	662
833	855
833	908
834	465
834	593
834	616
834	778
834	789
834	873
834	928
834	969
835	20
835	360
835	405
835	597
835	817
835	942
835	943
835	983
836	68
836	115
836	187
836	285
836	315
836	477
836	726
836	894
837	135
837	181
837	300
837	367
837	486
837	537
837	708
837	867
838	245
838	312
838	324
838	389
838	486
838	644
838	723
838	893
839	351
839	526
839	779
839	852
839	932
839	935
839	953
839	994
840	107
840	527
840	589
840	646
840	741
840	747
840	915
840	956
841	775
841	910
841	933
841	948
841	984
841	993
842	85
842	539
842	541
842	648
842	714
842	820
842	867
842	878
843	638
843	731
843	885
843	896
843	912
843	922
843	962
843	973
844	651
844	713
844	826
844	929
844	961
844	975
844	998
844	999
845	460
845	486
845	906
845	922
845	962
845	982
845	995
845	1000
846	164
846	168
846	358
846	369
846	420
846	774
846	922
846	973
846	989
847	34
847	476
847	600
847	631
847	800
847	807
847	861
847	927
847	989
848	639
848	689
848	742
848	792
848	907
848	928
848	935
848	958
848	987
849	371
849	497
849	504
849	532
849	558
849	728
849	766
849	855
849	970
850	366
850	649
850	650
850	830
850	883
850	923
850	937
850	952
850	959
851	295
851	618
851	666
851	669
851	695
851	763
851	814
851	925
851	980
852	142
852	643
852	672
852	733
852	839
852	860
852	939
852	971
852	979
853	275
853	386
853	496
853	706
853	791
853	802
853	864
853	991
854	625
854	697
854	703
854	767
854	822
854	908
854	942
854	949
854	952
855	118
855	504
855	532
855	558
855	729
855	766
855	833
855	849
855	985
856	5
856	599
856	601
856	682
856	747
856	788
856	813
856	825
856	917
857	25
857	304
857	339
857	459
857	659
857	702
857	707
857	861
857	898
858	594
858	745
858	753
858	781
858	884
858	918
858	963
858	977
858	978
859	5
859	430
859	533
859	714
859	803
859	898
859	951
859	996
859	997
860	129
860	219
860	230
860	466
860	572
860	730
860	774
860	781
860	852
861	25
861	304
861	339
861	378
861	659
861	702
861	707
861	847
861	857
862	314
862	336
862	548
862	554
862	701
862	755
862	879
862	880
862	940
863	175
863	257
863	599
863	636
863	755
863	917
863	919
863	967
863	990
864	110
864	275
864	386
864	395
864	614
864	706
864	791
864	802
864	853
865	298
865	555
865	795
865	831
865	889
865	913
865	933
865	946
865	971
866	97
866	230
866	515
866	538
866	592
866	639
866	774
866	776
866	823
867	367
867	419
867	537
867	563
867	708
867	740
867	744
867	837
867	842
868	10
868	220
868	244
868	261
868	332
868	358
868	447
868	758
868	931
869	293
869	299
869	403
869	457
869	575
869	891
869	913
869	954
869	974
870	130
870	468
870	514
870	519
870	535
870	562
870	600
870	827
870	992
871	121
871	209
871	582
871	723
871	882
871	887
872	75
872	431
872	608
872	693
872	910
872	944
872	962
872	973
872	984
872	993
873	47
873	52
873	298
873	585
873	737
873	789
873	834
873	907
873	928
873	969
874	130
874	461
874	515
874	657
874	658
874	670
874	694
874	761
874	827
874	960
875	306
875	467
875	513
875	734
875	759
875	801
875	811
875	924
875	937
876	117
876	196
876	205
876	353
876	387
876	444
876	618
876	653
876	878
876	920
877	79
877	123
877	424
877	492
877	623
877	782
877	824
877	913
877	935
877	994
878	1
878	145
878	205
878	653
878	690
878	757
878	842
878	876
878	920
878	985
879	518
879	548
879	554
879	580
879	616
879	653
879	701
879	862
879	880
879	940
880	91
880	314
880	475
880	554
880	701
880	862
880	879
880	939
880	940
880	948
881	84
881	148
881	231
881	232
881	235
881	418
881	479
881	598
881	686
881	921
882	121
882	150
882	209
882	380
882	642
882	740
882	871
882	887
882	948
883	155
883	361
883	551
883	650
883	692
883	704
883	850
883	905
883	923
883	959
884	330
884	781
884	796
884	814
884	821
884	858
884	910
884	963
884	977
884	978
885	324
885	731
885	806
885	843
885	891
885	896
885	912
885	922
885	962
885	973
886	210
886	497
886	692
886	704
886	721
886	753
886	830
886	905
886	937
886	959
887	56
887	121
887	150
887	209
887	545
887	642
887	740
887	871
887	882
887	921
888	544
888	596
888	680
888	722
888	899
888	957
888	964
888	966
888	979
889	375
889	476
889	555
889	620
889	795
889	829
889	831
889	865
889	933
889	946
890	344
890	416
890	547
890	552
890	626
890	755
890	919
890	967
890	986
890	997
891	196
891	218
891	308
891	361
891	607
891	640
891	756
891	869
891	885
891	990
892	134
892	156
892	242
892	373
892	438
892	602
892	812
892	944
892	970
892	972
893	204
893	335
893	412
893	510
893	686
893	717
893	775
893	838
893	904
893	926
894	193
894	382
894	435
894	681
894	685
894	722
894	804
894	836
894	936
894	985
895	423
895	539
895	553
895	611
895	705
895	808
895	900
895	964
895	969
895	986
896	35
896	433
896	731
896	832
896	843
896	885
896	912
896	922
896	962
896	973
897	273
897	397
897	682
897	736
897	753
897	754
897	788
897	902
897	903
897	992
898	578
898	634
898	647
898	752
898	803
898	857
898	859
898	951
898	996
898	997
899	680
899	786
899	888
899	957
899	964
899	966
899	977
900	229
900	283
900	489
900	611
900	691
900	764
900	808
900	812
900	895
900	986
901	197
901	237
901	249
901	269
901	331
901	580
901	687
901	768
901	934
901	987
902	1
902	94
902	177
902	273
902	294
902	446
902	667
902	726
902	754
902	897
903	103
903	228
903	271
903	397
903	410
903	546
903	732
903	753
903	897
903	945
904	126
904	268
904	326
904	368
904	412
904	510
904	686
904	717
904	739
904	893
904	926
905	650
905	692
905	704
905	721
905	883
905	886
905	909
905	923
905	937
905	959
905	983
906	160
906	198
906	661
906	700
906	777
906	845
906	951
906	960
906	968
906	976
906	988
907	114
907	214
907	530
907	715
907	742
907	775
907	792
907	848
907	873
907	958
907	980
908	48
908	440
908	564
908	625
908	735
908	767
908	833
908	854
908	949
908	950
908	952
909	96
909	120
909	268
909	270
909	426
909	543
909	621
909	678
909	776
909	797
909	905
910	33
910	253
910	317
910	380
910	605
910	841
910	872
910	884
910	948
910	984
910	993
911	423
911	460
911	465
911	489
911	539
911	566
911	642
911	697
911	707
911	808
911	986
912	433
912	446
912	481
912	731
912	813
912	843
912	885
912	896
912	922
912	962
912	973
913	288
913	570
913	747
913	782
913	824
913	831
913	865
913	869
913	877
913	954
913	974
914	60
914	459
914	568
914	688
914	716
914	765
914	810
914	930
914	982
914	995
914	1000
915	107
915	256
915	425
915	527
915	565
915	589
915	612
915	741
915	747
915	756
915	840
916	55
916	107
916	172
916	225
916	581
916	779
916	788
916	806
916	932
916	935
916	953
917	194
917	220
917	498
917	525
917	599
917	601
917	682
917	788
917	813
917	856
917	863
918	16
918	18
918	130
918	462
918	665
918	675
918	827
918	832
918	858
918	921
918	992
919	321
919	344
919	569
919	724
919	740
919	755
919	760
919	863
919	890
919	967
919	980
920	72
920	394
920	556
920	603
920	685
920	757
920	764
920	778
920	876
920	878
920	985
921	18
921	345
921	514
921	535
921	658
921	665
921	881
921	887
921	918
921	990
921	992
922	157
922	333
922	433
922	843
922	845
922	846
922	885
922	896
922	912
922	962
922	973
923	339
923	551
923	583
923	650
923	692
923	830
923	850
923	883
923	905
923	959
923	976
924	124
924	302
924	306
924	467
924	639
924	734
924	759
924	801
924	811
924	821
924	875
925	295
925	520
925	524
925	583
925	666
925	695
925	814
925	816
925	851
925	980
925	991
926	101
926	204
926	335
926	412
926	548
926	686
926	716
926	717
926	739
926	893
926	904
927	34
927	253
927	470
927	600
927	644
927	719
927	772
927	800
927	847
927	955
927	979
927	981
928	47
928	184
928	443
928	585
928	590
928	778
928	789
928	834
928	848
928	873
928	950
928	969
929	651
929	713
929	735
929	816
929	826
929	844
929	944
929	975
929	998
929	999
930	111
930	459
930	568
930	591
930	595
930	645
930	810
930	914
930	943
930	982
930	995
930	1000
931	67
931	261
931	334
931	355
931	374
931	447
931	474
931	629
931	758
931	762
931	868
931	1000
932	305
932	351
932	524
932	534
932	581
932	764
932	779
932	806
932	839
932	916
932	953
932	994
933	112
933	236
933	363
933	408
933	414
933	473
933	563
933	829
933	841
933	865
933	889
933	1000
934	92
934	215
934	269
934	355
934	370
934	402
934	580
934	687
934	745
934	816
934	901
934	987
935	545
935	587
935	663
935	683
935	715
935	809
935	839
935	848
935	877
935	916
935	958
935	994
936	17
936	56
936	193
936	377
936	382
936	383
936	604
936	681
936	722
936	804
936	894
936	985
937	88
937	583
937	650
937	671
937	704
937	721
937	830
937	850
937	875
937	886
937	905
937	959
938	50
938	125
938	384
938	559
938	579
938	668
938	729
938	749
938	828
938	956
938	981
938	990
939	142
939	349
939	643
939	672
939	733
939	741
939	770
939	805
939	852
939	880
939	971
939	977
940	91
940	475
940	518
940	548
940	554
940	701
940	784
940	862
940	879
940	880
940	965
940	968
941	154
941	159
941	170
941	292
941	381
941	394
941	417
941	448
941	573
941	743
941	752
941	947
942	274
942	328
942	400
942	405
942	413
942	602
942	605
942	802
942	817
942	835
942	854
942	983
943	347
943	421
943	568
943	591
943	779
943	785
943	810
943	835
943	930
943	982
943	995
943	1000
944	8
944	56
944	156
944	247
944	464
944	511
944	627
944	812
944	872
944	892
944	929
944	972
945	163
945	165
945	356
945	455
945	506
945	550
945	604
945	628
945	683
945	748
945	903
945	965
946	291
946	327
946	555
946	570
946	586
946	620
946	795
946	829
946	831
946	865
946	889
946	959
947	154
947	159
947	292
947	315
947	381
947	394
947	422
947	448
947	453
947	492
947	617
947	743
947	941
948	9
948	33
948	135
948	284
948	380
948	415
948	605
948	841
948	880
948	882
948	910
948	984
948	993
949	63
949	78
949	480
949	525
949	625
949	703
949	733
949	767
949	822
949	854
949	908
949	950
949	952
950	78
950	200
950	365
950	440
950	480
950	564
950	654
950	703
950	767
950	908
950	928
950	949
950	952
951	188
951	213
951	522
951	533
951	647
951	752
951	803
951	859
951	898
951	906
951	981
951	996
951	997
952	78
952	140
952	365
952	376
952	703
952	767
952	822
952	850
952	854
952	908
952	949
952	950
952	967
953	305
953	350
953	351
953	432
953	526
953	581
953	587
953	661
953	839
953	916
953	932
953	994
953	998
954	40
954	42
954	83
954	127
954	293
954	403
954	453
954	457
954	546
954	666
954	869
954	913
954	974
955	34
955	411
955	476
955	609
955	631
955	719
955	772
955	800
955	807
955	825
955	927
955	979
955	986
956	11
956	50
956	391
956	559
956	668
956	729
956	749
956	783
956	828
956	840
956	938
956	981
956	990
957	218
957	431
957	544
957	680
957	823
957	888
957	899
957	964
957	966
957	979
957	988
958	214
958	422
958	508
958	530
958	639
958	689
958	742
958	775
958	792
958	848
958	907
958	935
958	997
959	127
959	210
959	366
959	692
959	696
959	830
959	850
959	883
959	886
959	905
959	923
959	937
959	946
960	74
960	303
960	453
960	517
960	560
960	656
960	700
960	777
960	874
960	906
960	968
960	976
960	988
961	162
961	287
961	343
961	359
961	406
961	428
961	523
961	529
961	688
961	712
961	824
961	844
961	970
962	401
962	433
962	731
962	759
962	843
962	845
962	872
962	885
962	896
962	912
962	922
962	973
962	974
963	263
963	594
963	598
963	615
963	725
963	745
963	757
963	796
963	821
963	858
963	884
963	977
963	978
964	24
964	88
964	227
964	289
964	431
964	544
964	680
964	888
964	895
964	899
964	957
964	966
964	979
964	986
965	163
965	165
965	443
965	455
965	506
965	550
965	604
965	628
965	683
965	712
965	748
965	940
965	945
965	982
966	47
966	88
966	227
966	289
966	431
966	490
966	514
966	544
966	680
966	888
966	899
966	957
966	964
966	979
967	496
967	512
967	552
967	569
967	626
967	671
967	755
967	780
967	813
967	863
967	890
967	919
967	952
967	973
968	27
968	38
968	74
968	198
968	283
968	303
968	656
968	700
968	770
968	906
968	940
968	960
968	976
968	988
969	28
969	201
969	298
969	311
969	443
969	556
969	585
969	590
969	748
969	778
969	834
969	873
969	895
969	928
970	212
970	359
970	428
970	490
970	491
970	516
970	529
970	581
970	688
970	712
970	736
970	849
970	892
970	961
971	80
971	188
971	503
971	613
971	632
971	643
971	730
971	733
971	745
971	770
971	798
971	852
971	865
971	939
972	8
972	97
972	242
972	247
972	331
972	373
972	438
972	464
972	627
972	652
972	812
972	892
972	944
972	992
973	731
973	800
973	806
973	813
973	831
973	843
973	846
973	872
973	885
973	896
973	912
973	922
973	962
973	967
974	14
974	42
974	144
974	163
974	293
974	299
974	403
974	453
974	457
974	480
974	869
974	913
974	954
974	962
975	177
975	217
975	296
975	316
975	411
975	609
975	651
975	713
975	797
975	826
975	844
975	929
975	998
975	999
976	27
976	74
976	86
976	145
976	656
976	661
976	700
976	777
976	906
976	923
976	960
976	968
976	988
976	993
977	263
977	594
977	615
977	642
977	725
977	781
977	796
977	821
977	858
977	884
977	899
977	939
977	963
977	978
978	77
978	199
978	330
978	615
978	725
978	745
978	781
978	796
978	821
978	858
978	884
978	963
978	977
978	993
979	250
979	333
979	495
979	500
979	521
979	719
979	772
979	852
979	888
979	927
979	955
979	957
979	964
979	966
980	113
980	215
980	295
980	520
980	524
980	666
980	695
980	763
980	814
980	816
980	851
980	907
980	919
980	925
981	50
981	171
981	391
981	552
981	559
981	579
981	668
981	729
981	749
981	828
981	927
981	938
981	951
981	956
982	60
982	560
982	765
982	777
982	785
982	810
982	820
982	845
982	914
982	930
982	943
982	965
982	995
982	1000
983	20
983	98
983	223
983	346
983	360
983	400
983	405
983	463
983	571
983	597
983	817
983	835
983	905
983	942
984	33
984	93
984	199
984	284
984	341
984	415
984	566
984	605
984	644
984	841
984	872
984	910
984	948
984	993
985	85
985	265
985	377
985	407
985	454
985	525
985	556
985	558
985	681
985	855
985	878
985	894
985	920
985	936
986	146
986	229
986	465
986	566
986	577
986	611
986	642
986	691
986	705
986	890
986	895
986	900
986	911
986	955
986	964
987	92
987	197
987	205
987	269
987	350
987	355
987	370
987	377
987	399
987	402
987	580
987	687
987	848
987	901
987	934
988	86
988	198
988	283
988	630
988	639
988	656
988	661
988	700
988	777
988	780
988	906
988	957
988	960
988	968
988	976
989	46
989	64
989	132
989	164
989	354
989	364
989	372
989	417
989	420
989	552
989	718
989	732
989	743
989	846
989	847
990	76
990	361
990	439
990	640
990	675
990	749
990	756
990	814
990	828
990	863
990	891
990	921
990	938
990	956
990	992
991	108
991	169
991	226
991	264
991	277
991	278
991	352
991	483
991	528
991	574
991	630
991	699
991	707
991	853
991	925
992	462
992	468
992	519
992	535
992	658
992	665
992	675
992	824
992	827
992	870
992	897
992	918
992	921
992	972
992	990
993	24
993	93
993	199
993	284
993	380
993	415
993	590
993	605
993	841
993	872
993	910
993	948
993	976
993	978
993	984
994	55
994	225
994	432
994	435
994	526
994	587
994	764
994	779
994	806
994	818
994	839
994	877
994	932
994	935
994	953
995	459
995	568
995	591
995	611
995	726
995	739
995	765
995	785
995	810
995	845
995	914
995	930
995	943
995	982
995	1000
996	167
996	195
996	213
996	279
996	471
996	522
996	622
996	634
996	647
996	803
996	816
996	859
996	898
996	951
996	997
997	5
997	167
997	279
997	533
997	634
997	647
997	657
997	752
997	803
997	859
997	890
997	898
997	951
997	958
997	996
998	177
998	243
998	296
998	316
998	410
998	411
998	573
998	651
998	713
998	826
998	844
998	929
998	953
998	975
998	999
999	9
999	243
999	275
999	296
999	316
999	411
999	651
999	713
999	720
999	807
999	826
999	844
999	929
999	975
999	998
1000	60
1000	530
1000	560
1000	591
1000	765
1000	785
1000	810
1000	845
1000	914
1000	930
1000	931
1000	933
1000	943
1000	982
1000	995
