1	112
1	853
1	969
2	124
2	286
2	306
3	177
3	547
3	594
4	411
4	442
4	804
5	455
5	488
5	736
6	347
6	885
6	926
7	732
7	742
7	845
8	268
8	646
8	729
9	41
9	99
9	688
10	296
10	573
10	929
11	717
11	890
11	999
12	569
12	585
12	882
13	634
13	744
13	775
14	154
14	835
14	961
15	225
15	241
15	819
16	840
16	880
16	951
17	89
17	349
17	825
18	30
18	215
18	236
19	577
19	639
19	764
20	279
20	486
20	977
21	244
21	745
21	859
22	290
22	835
22	855
23	189
23	524
23	833
24	917
24	922
24	944
25	605
25	956
25	993
26	133
26	218
26	250
27	93
27	291
27	603
28	801
28	815
29	878
29	910
29	962
30	18
30	215
30	236
31	135
31	353
32	795
32	851
32	907
33	718
33	806
33	822
34	114
34	140
34	996
35	537
35	580
35	622
36	720
36	882
36	911
37	457
37	828
37	991
38	69
38	651
38	823
39	481
39	712
39	762
40	465
40	882
40	911
41	9
41	99
41	793
42	482
42	621
42	746
43	368
43	383
43	739
44	693
44	720
44	911
45	336
45	906
45	988
46	351
46	707
46	920
47	773
47	810
47	811
48	790
48	893
48	991
49	656
49	824
49	839
50	212
50	647
50	768
51	708
51	859
51	872
52	504
52	926
52	1000
53	552
53	664
53	758
54	478
54	831
54	1000
55	700
55	876
55	925
56	180
56	457
56	991
57	119
57	149
57	213
58	744
58	775
58	913
59	121
59	921
59	986
60	783
60	880
60	967
61	98
61	148
61	537
62	895
62	935
62	976
63	590
63	771
63	782
63	959
63	962
64	622
64	680
64	760
65	950
65	965
65	980
66	715
66	766
66	986
67	339
67	666
67	789
68	70
68	107
68	823
69	38
69	527
69	823
70	68
70	107
70	509
71	852
71	987
71	992
72	820
72	907
72	944
73	169
73	649
73	714
74	412
74	738
74	888
75	120
75	180
75	457
76	368
76	937
76	989
77	246
77	604
77	707
78	198
78	904
78	979
79	229
79	294
79	408
80	509
80	734
80	858
81	979
81	983
81	990
82	510
82	563
82	771
83	637
83	839
83	997
84	501
84	533
84	739
85	693
85	799
85	814
86	639
86	953
86	974
87	722
87	936
87	998
88	187
88	414
88	892
89	17
89	349
89	825
90	807
90	986
90	987
91	431
92	232
92	840
92	951
93	27
93	248
93	603
94	772
94	933
94	955
95	964
95	988
95	993
96	440
96	853
96	935
97	798
97	891
97	943
98	61
98	148
98	952
99	9
99	41
99	512
100	928
100	963
100	977
101	233
101	541
101	847
102	310
102	821
102	892
103	158
103	563
103	771
104	239
104	964
104	993
105	715
105	766
105	858
106	134
106	374
106	399
107	68
107	70
107	674
108	506
108	597
108	653
109	572
109	647
109	657
110	518
110	831
110	953
111	446
111	845
111	901
112	1
112	898
112	969
113	344
113	400
113	543
114	34
114	140
114	282
115	356
115	776
115	942
116	212
116	771
116	912
116	943
117	317
117	340
117	682
118	492
118	938
118	948
119	57
119	149
119	391
120	75
120	145
120	855
121	59
121	431
121	948
122	657
122	818
122	822
122	920
122	951
123	799
123	814
123	950
124	2
124	286
124	770
125	558
125	680
125	879
126	330
126	801
126	815
127	540
127	963
127	977
128	382
128	653
128	736
128	975
128	995
129	573
129	737
129	939
130	724
130	926
130	997
131	238
131	315
131	453
132	506
132	653
132	992
133	26
133	900
133	960
134	106
134	236
134	362
135	31
135	353
136	537
136	580
136	824
137	455
137	743
137	786
138	649
138	949
138	992
139	794
139	906
139	964
140	34
140	114
140	275
141	595
141	921
141	986
142	192
142	251
142	496
143	478
143	814
143	858
143	944
143	952
144	206
144	287
144	756
145	120
145	147
145	981
146	666
146	878
146	910
147	145
147	928
147	955
147	978
147	996
148	61
148	98
148	399
149	57
149	119
149	213
150	956
150	964
150	988
151	159
151	202
151	435
152	312
152	334
152	463
153	201
153	258
153	692
154	14
154	930
154	961
155	191
155	597
155	658
155	988
156	861
156	897
156	940
157	396
157	682
157	867
158	103
158	536
158	563
159	151
159	293
159	825
160	643
160	852
160	987
161	513
161	532
161	756
162	538
162	610
162	830
163	517
163	967
163	989
164	275
164	482
164	621
165	494
165	680
165	845
166	420
166	531
166	782
167	523
167	629
167	638
168	520
168	804
168	898
169	73
169	319
169	827
170	723
170	883
170	898
171	638
171	950
171	980
172	764
172	939
172	951
173	670
173	728
173	894
174	577
174	728
174	914
175	694
175	753
175	876
176	737
176	873
176	939
177	3
177	547
177	594
178	928
178	963
178	977
179	904
179	983
179	990
180	56
180	75
180	571
181	353
181	733
181	905
182	505
182	929
182	965
183	704
183	874
183	980
184	702
184	803
184	850
185	895
185	921
185	986
186	620
186	779
186	911
187	88
187	429
187	468
188	740
188	885
188	1000
189	23
189	947
189	965
190	705
190	926
190	1000
191	155
191	796
191	901
192	142
192	496
192	816
193	863
193	877
193	936
194	663
194	933
194	955
195	645
195	937
195	989
196	651
196	948
196	996
197	554
197	782
198	78
198	303
198	949
199	979
199	996
200	662
200	897
200	940
201	153
201	227
201	748
202	151
202	435
202	857
203	341
203	689
203	1000
204	827
204	862
204	901
205	427
205	629
205	984
206	144
206	210
206	287
207	658
207	858
207	900
207	960
207	991
208	368
208	383
208	739
209	513
209	532
209	756
210	206
210	287
210	360
211	918
211	948
211	991
212	50
212	116
212	474
213	57
213	149
213	386
214	759
214	803
214	850
215	18
215	30
215	970
216	500
216	807
216	938
217	589
217	963
217	977
218	26
218	250
218	256
219	354
219	550
219	870
220	344
220	380
220	382
221	310
221	696
221	925
222	895
222	915
222	976
223	776
223	823
223	831
224	687
224	827
224	934
225	15
225	241
225	819
226	281
226	439
226	924
227	201
227	882
227	911
228	645
228	736
228	785
229	79
229	408
229	897
230	401
230	690
230	884
231	421
231	649
231	714
232	92
232	671
233	101
233	388
233	451
234	438
234	751
234	818
235	391
235	542
235	713
236	18
236	30
236	134
236	284
236	674
237	454
237	508
237	890
238	131
238	315
238	726
239	104
239	441
239	762
240	378
240	508
240	537
241	15
241	225
241	819
242	903
242	919
242	952
243	712
243	849
243	908
244	21
244	805
244	842
245	895
245	915
245	976
246	77
246	867
246	917
247	903
247	931
247	968
248	93
248	523
248	638
249	670
249	675
249	796
250	26
250	218
250	460
251	142
251	564
251	838
252	502
252	750
252	901
253	607
253	666
253	789
254	273
254	305
254	363
255	366
255	781
255	999
256	218
256	836
257	956
257	984
257	993
258	153
258	745
258	920
259	718
259	753
259	806
260	905
260	941
260	994
261	414
261	897
261	940
262	691
262	761
262	862
263	619
263	707
263	920
264	436
264	726
264	946
265	341
265	651
265	999
266	424
266	690
266	812
267	617
267	792
267	889
268	8
268	349
268	825
269	607
269	937
269	967
270	664
270	807
270	987
271	501
271	666
271	789
272	417
272	843
272	879
273	254
273	305
273	363
274	846
274	978
274	981
275	140
275	164
275	746
276	741
276	875
276	930
277	367
277	744
277	775
278	420
278	531
278	782
279	20
279	878
279	910
280	475
280	821
280	892
281	226
281	304
281	384
282	114
282	339
282	726
282	809
283	472
283	685
283	760
284	236
284	352
284	478
285	416
285	584
285	708
286	2
286	124
286	773
287	144
287	206
287	210
288	505
288	765
288	929
289	688
289	745
289	843
290	22
290	834
290	943
291	27
291	564
291	781
292	623
292	861
292	940
293	159
293	584
293	796
293	864
294	79
294	408
294	423
295	702
295	987
296	10
296	342
296	699
297	822
297	979
297	990
298	695
298	749
298	787
299	860
299	886
299	972
300	759
300	803
300	850
301	767
301	933
301	955
302	361
302	406
302	431
303	198
303	937
303	967
304	281
304	384
304	439
305	254
305	273
305	363
306	2
306	930
306	961
307	893
307	962
307	988
308	905
308	979
308	990
309	608
309	856
309	914
310	102
310	221
310	925
311	482
311	621
311	746
312	152
312	463
312	591
313	358
313	844
313	894
313	969
314	433
314	774
314	849
314	908
315	131
315	238
315	453
315	726
316	459
316	481
316	533
316	665
317	117
317	903
317	919
317	952
318	617
318	889
318	934
318	949
319	169
319	649
319	714
319	989
320	607
320	666
320	789
320	893
321	378
321	692
321	703
321	756
322	429
322	840
322	880
322	951
323	502
323	701
323	888
323	999
324	579
324	612
324	763
324	872
325	659
325	945
325	982
325	992
326	709
326	755
326	977
326	996
327	630
327	783
327	861
327	989
328	654
328	696
328	727
328	791
329	631
329	749
329	787
329	809
330	126
330	445
330	801
330	815
331	466
331	686
331	709
331	996
332	620
332	751
332	779
332	966
333	772
333	789
333	933
333	955
334	152
334	463
334	874
334	961
335	790
335	877
335	936
336	45
336	369
336	877
336	936
337	945
337	982
337	987
337	992
338	775
338	846
338	978
338	981
339	67
339	282
339	607
339	749
340	117
340	396
340	682
340	865
341	203
341	265
341	717
341	781
342	296
342	377
342	767
342	929
343	448
343	519
343	525
343	588
344	113
344	220
344	382
344	496
345	440
345	475
345	504
345	671
346	712
346	762
346	857
346	867
347	6
347	846
347	978
347	981
348	433
348	534
348	552
348	594
349	17
349	89
349	268
349	560
350	516
350	659
350	718
350	750
351	46
351	817
351	967
351	989
352	284
352	478
352	576
353	31
353	135
353	181
353	642
354	219
354	375
354	397
354	664
355	667
355	743
355	786
355	968
356	115
356	527
356	776
356	823
357	671
357	690
357	732
357	756
357	946
358	313
358	605
358	691
358	761
359	840
359	880
359	951
359	964
360	210
360	735
360	902
360	986
361	302
361	622
361	685
361	760
362	134
362	947
362	965
362	980
363	254
363	273
363	305
363	577
364	405
364	560
364	658
365	790
365	864
365	900
365	960
366	255
366	441
366	762
366	804
367	277
367	515
367	765
367	899
368	43
368	76
368	208
368	739
369	336
369	568
369	877
369	936
370	858
370	883
370	941
370	994
371	651
371	652
371	755
371	996
372	381
372	707
372	867
372	920
373	610
373	730
373	796
373	971
373	987
373	995
374	106
374	584
374	854
374	936
374	983
375	354
375	550
375	758
375	899
376	650
376	719
376	874
376	885
377	342
377	573
377	765
377	929
378	240
378	321
378	454
378	508
379	838
379	960
379	978
379	981
380	220
380	612
380	726
380	791
380	920
381	372
381	707
381	920
381	951
382	128
382	220
382	344
382	633
383	43
383	208
383	739
383	927
384	281
384	304
384	439
384	529
385	767
385	772
385	933
385	955
386	213
386	587
386	913
386	958
387	488
387	495
387	736
387	932
388	233
388	451
388	541
388	697
389	464
389	675
389	796
389	844
390	610
390	715
390	727
390	766
391	119
391	235
391	400
391	570
392	461
392	549
392	610
392	715
393	836
393	878
393	910
393	962
394	410
394	500
394	655
394	944
395	848
395	865
395	927
395	995
396	157
396	340
396	682
396	922
397	354
397	583
397	664
397	758
398	565
398	687
398	862
398	957
399	106
399	148
399	451
399	887
400	113
400	391
400	713
400	971
401	230
401	424
401	454
401	690
402	605
402	691
402	761
402	886
403	773
403	810
403	811
403	904
404	668
404	968
404	970
404	971
405	364
405	409
405	560
405	658
406	302
406	808
406	856
406	935
407	546
407	632
407	770
407	778
408	79
408	229
408	294
408	899
409	405
409	864
409	900
409	960
410	394
410	816
410	820
410	944
411	4
411	442
411	898
412	74
412	807
412	852
412	987
413	678
413	797
413	902
413	986
414	88
414	261
414	429
414	468
415	808
415	904
415	983
415	990
416	285
416	531
416	584
417	272
417	579
417	679
417	745
418	640
418	728
418	744
418	914
419	826
419	903
419	919
419	952
420	166
420	278
420	531
420	782
421	231
421	649
421	714
421	884
422	700
422	861
422	897
422	940
423	294
423	855
423	912
423	961
424	266
424	401
424	690
424	706
425	450
425	838
425	943
425	981
426	686
426	876
426	925
426	991
427	205
427	503
427	629
427	871
428	741
428	892
428	900
428	951
428	995
429	187
429	322
429	414
429	468
430	670
430	949
430	982
430	992
431	91
431	121
431	302
431	518
432	794
432	860
432	956
432	993
433	314
433	348
433	534
433	552
434	557
434	599
434	646
434	904
435	151
435	202
435	857
435	941
436	264
436	604
436	705
436	800
437	662
437	763
437	859
437	872
438	234
438	453
438	751
438	779
439	226
439	304
439	384
439	507
440	96
440	345
440	475
440	671
441	239
441	366
441	857
441	991
442	4
442	411
442	901
442	1000
443	865
443	927
443	978
443	995
444	609
444	842
444	856
444	935
445	330
445	625
445	801
445	815
446	111
446	558
446	586
446	673
447	852
447	950
447	965
447	980
448	343
448	471
448	519
448	692
449	641
449	928
449	963
449	977
450	425
450	838
450	978
450	981
451	233
451	388
451	399
451	616
452	883
452	905
452	925
452	994
453	131
453	315
453	438
453	726
454	237
454	378
454	401
454	508
455	5
455	137
455	495
455	736
456	677
456	716
456	778
456	830
457	37
457	56
457	75
457	911
458	509
458	734
458	758
458	858
459	316
459	533
459	665
459	843
460	250
460	530
460	596
460	600
461	392
461	549
461	733
461	766
462	749
462	787
462	795
462	809
463	152
463	312
463	334
463	908
464	389
464	670
464	894
464	916
465	40
465	882
465	911
465	941
466	331
466	550
466	686
466	996
467	966
467	972
467	975
467	985
468	187
468	414
468	429
468	830
469	894
469	895
469	915
469	976
470	578
470	630
470	810
470	811
471	448
471	588
471	692
471	782
472	283
472	685
472	690
472	760
473	522
473	777
473	808
473	938
474	212
474	525
474	956
474	988
475	280
475	345
475	440
475	671
476	519
476	667
476	743
476	786
477	711
477	765
477	831
477	899
478	54
478	143
478	284
478	352
479	851
479	898
479	923
479	997
480	684
480	689
480	926
480	1000
481	39
481	316
481	533
481	665
482	42
482	164
482	311
482	746
483	821
483	828
483	892
483	900
484	848
484	865
484	927
484	995
485	650
485	719
485	797
485	874
486	20
486	928
486	947
486	963
487	543
487	570
487	713
487	963
488	5
488	387
488	495
488	736
488	969
489	601
489	727
489	877
489	910
489	952
489	960
490	715
490	724
490	885
490	957
490	1000
491	588
491	947
491	950
491	965
491	980
492	118
492	676
492	774
492	849
492	908
493	591
493	602
493	792
493	799
493	887
494	165
494	881
494	924
494	971
494	998
495	387
495	455
495	488
495	736
495	860
496	142
496	192
496	344
496	778
496	908
496	952
497	544
497	919
497	959
497	966
497	975
498	798
498	868
498	891
498	943
498	999
499	568
499	608
499	640
499	847
499	914
500	216
500	394
500	918
500	938
500	958
501	84
501	271
501	703
501	820
501	976
502	252
502	323
502	730
502	888
502	999
503	427
503	909
503	916
503	932
503	985
504	52
504	345
504	689
504	885
504	926
505	182
505	288
505	699
505	929
505	972
506	108
506	132
506	597
506	653
506	833
507	439
507	568
507	877
507	881
507	936
508	237
508	240
508	378
508	454
508	636
509	70
509	80
509	458
509	734
509	858
510	82
510	521
510	807
510	852
510	987
511	516
511	628
511	659
511	683
511	750
512	99
512	636
512	723
512	733
512	994
513	161
513	209
513	532
513	756
513	798
514	543
514	676
514	774
514	849
514	908
515	367
515	582
515	831
515	899
515	999
516	350
516	511
516	659
516	750
516	907
517	163
517	945
517	949
517	982
517	992
518	110
518	431
518	765
518	831
518	899
519	343
519	448
519	476
519	588
519	692
520	168
520	826
520	898
520	941
520	994
521	510
521	643
521	852
521	913
521	987
522	473
522	547
522	624
522	777
522	808
523	167
523	248
523	556
523	613
523	638
524	23
524	548
524	633
524	791
524	833
525	343
525	474
525	906
525	964
525	988
526	660
526	918
526	948
526	958
526	976
527	69
527	356
527	577
527	776
527	823
528	689
528	947
528	950
528	965
528	980
529	384
529	742
529	895
529	915
529	976
530	460
530	600
530	804
530	850
530	954
531	166
531	278
531	416
531	420
531	782
532	161
532	209
532	513
532	585
532	756
533	84
533	316
533	459
533	481
533	665
534	348
534	433
534	552
534	669
534	943
535	556
535	614
535	674
535	810
536	158
536	546
536	770
536	778
537	35
537	61
537	136
537	240
537	580
538	162
538	583
538	752
538	806
538	830
539	735
539	793
539	847
539	912
539	930
540	127
540	866
540	895
540	915
540	976
541	101
541	388
541	669
541	769
541	962
542	235
542	737
542	802
542	873
542	939
543	113
543	487
543	514
543	570
543	713
544	497
544	599
544	886
544	966
544	972
545	812
545	827
545	854
545	862
545	867
546	407
546	536
546	770
546	778
546	797
547	3
547	177
547	522
547	594
547	922
548	524
548	612
548	623
548	681
548	833
549	392
549	461
549	715
549	766
549	800
550	219
550	375
550	466
550	664
550	758
551	684
551	751
551	928
551	963
551	977
552	53
552	348
552	433
552	534
552	786
553	959
553	966
553	972
553	975
553	999
554	197
554	817
554	937
554	967
554	989
555	701
555	904
555	979
555	983
555	990
556	523
556	535
556	614
556	674
557	434
557	599
557	646
557	729
557	946
558	125
558	446
558	671
558	680
558	845
559	677
559	875
559	918
559	938
559	948
560	349
560	364
560	405
560	658
561	639
561	802
561	934
561	939
561	969
562	598
562	601
562	703
562	949
563	82
563	103
563	158
563	771
563	817
564	251
564	291
564	603
564	819
564	955
565	398
565	687
565	812
565	854
565	878
566	945
566	949
566	960
566	982
566	992
567	672
567	838
567	846
567	978
567	981
568	369
568	499
568	507
568	877
568	936
569	12
569	720
569	825
569	882
569	911
570	391
570	487
570	543
570	663
570	713
571	180
571	836
571	878
571	893
571	962
572	109
572	606
572	647
572	657
573	10
573	129
573	377
573	699
573	929
574	937
574	945
574	949
574	982
574	992
575	834
575	868
575	891
575	943
575	947
576	352
576	615
576	979
576	983
576	990
577	19
577	174
577	363
577	527
577	982
578	470
578	627
578	773
578	810
578	811
579	324
579	417
579	679
579	805
579	843
580	35
580	136
580	537
580	613
580	663
581	931
581	932
581	973
581	974
581	985
582	515
582	711
582	723
582	831
582	899
583	397
583	538
583	716
583	752
583	830
584	285
584	293
584	374
584	416
584	936
585	12
585	532
585	720
585	882
585	911
586	446
586	673
586	742
586	845
586	996
587	386
587	913
587	938
587	954
587	958
588	343
588	471
588	491
588	519
588	692
589	217
589	942
589	973
589	974
589	985
590	63
590	842
590	853
590	856
590	935
591	312
591	493
591	693
591	887
591	984
592	731
592	795
592	907
592	923
592	997
593	698
593	748
593	753
593	876
593	925
594	3
594	177
594	348
594	547
594	922
595	141
595	797
595	902
595	961
595	986
596	460
596	655
596	944
596	969
596	979
597	108
597	155
597	506
597	653
597	864
598	562
598	601
598	703
598	787
599	434
599	544
599	557
599	646
599	729
600	460
600	530
600	705
600	871
600	954
601	489
601	562
601	598
601	661
601	703
602	493
602	661
602	693
602	717
602	721
603	27
603	93
603	564
603	819
603	839
604	77
604	436
604	917
604	933
604	946
605	25
605	358
605	402
605	691
605	761
606	572
606	906
606	964
606	988
606	993
607	253
607	269
607	320
607	339
607	789
608	309
608	499
608	728
608	914
608	977
609	444
609	718
609	806
609	822
610	162
610	373
610	390
610	392
610	766
611	863
611	959
611	972
611	975
611	1000
612	324
612	380
612	548
612	859
612	872
613	523
613	580
613	638
614	535
614	556
614	674
614	703
615	576
615	904
615	952
615	983
615	990
616	451
616	632
616	816
616	820
616	944
617	267
617	318
617	825
617	886
617	889
618	752
618	947
618	950
618	965
618	980
619	263
619	702
619	759
619	803
619	850
620	186
620	332
620	751
620	779
620	934
621	42
621	164
621	311
621	746
621	810
622	35
622	64
622	361
622	685
622	760
623	292
623	548
623	633
623	681
623	833
624	522
624	706
624	777
624	808
624	985
625	445
625	759
625	889
625	936
625	981
626	749
626	787
626	809
626	903
627	578
627	675
627	844
627	894
627	901
628	511
628	834
628	868
628	891
628	943
629	167
629	205
629	427
629	871
629	984
630	327
630	470
630	937
630	967
630	989
631	329
631	661
631	721
631	887
631	934
632	407
632	616
632	816
632	820
632	944
633	382
633	524
633	623
633	681
633	833
634	13
634	744
634	775
634	954
635	783
635	795
635	851
635	907
635	923
635	997
636	508
636	512
636	733
636	826
636	883
636	941
637	83
637	683
637	842
637	853
637	856
637	935
638	167
638	171
638	248
638	523
638	613
638	698
639	19
639	86
639	561
639	802
639	873
639	939
640	418
640	499
640	711
640	728
640	883
640	914
641	449
641	662
641	684
641	928
641	963
641	977
642	353
642	818
642	822
642	861
642	929
642	993
643	160
643	521
643	807
643	852
643	968
643	987
644	654
644	696
644	722
644	727
644	791
644	951
645	195
645	228
645	785
645	879
645	922
645	946
646	8
646	434
646	557
646	599
646	729
646	957
647	50
647	109
647	572
647	657
647	784
648	667
648	743
648	763
648	786
649	73
649	138
649	231
649	319
649	421
649	714
650	376
650	485
650	704
650	719
650	874
650	934
651	38
651	196
651	265
651	371
651	697
651	996
652	371
652	700
652	861
652	897
652	940
652	987
653	108
653	128
653	132
653	506
653	597
653	929
654	328
654	644
654	696
654	727
654	791
654	866
655	394
655	596
655	724
655	816
655	820
655	944
656	49
656	824
656	839
656	896
656	907
656	997
657	109
657	122
657	572
657	647
657	780
657	837
658	155
658	207
658	364
658	405
658	560
658	848
659	325
659	350
659	511
659	516
659	750
659	901
660	526
660	875
660	938
660	948
660	955
660	958
661	601
661	602
661	631
661	814
661	847
661	887
662	200
662	437
662	641
662	708
662	859
662	872
663	194
663	570
663	580
663	746
663	814
663	889
664	53
664	270
664	354
664	397
664	550
664	758
665	316
665	459
665	481
665	533
665	964
665	974
666	67
666	146
666	253
666	271
666	320
666	789
667	355
667	476
667	648
667	677
667	743
667	786
668	404
668	737
668	764
668	802
668	873
668	939
669	534
669	541
669	737
669	836
669	956
669	997
670	173
670	249
670	430
670	464
670	844
670	894
671	232
671	345
671	357
671	440
671	475
671	558
672	567
672	790
672	864
672	900
672	960
673	446
673	586
673	732
673	742
673	761
673	845
674	107
674	236
674	535
674	556
674	614
674	984
675	249
675	389
675	627
675	844
675	894
675	994
676	492
676	514
676	774
676	814
676	849
676	908
677	456
677	559
677	667
677	716
677	752
677	830
678	413
678	797
678	902
678	921
678	986
678	993
679	417
679	579
679	688
679	710
679	805
679	843
680	64
680	125
680	165
680	558
680	732
680	742
681	548
681	623
681	633
681	833
681	866
681	954
682	117
682	157
682	340
682	396
682	867
682	989
683	511
683	637
683	842
683	853
683	856
683	935
684	480
684	551
684	641
684	928
684	963
684	977
685	283
685	361
685	472
685	622
685	739
685	760
686	331
686	426
686	466
686	697
686	917
686	996
687	224
687	398
687	565
687	714
687	827
687	854
688	9
688	289
688	679
688	745
688	805
688	843
689	203
689	480
689	504
689	528
689	740
689	1000
690	230
690	266
690	357
690	401
690	424
690	472
691	262
691	358
691	402
691	605
691	743
691	761
692	153
692	321
692	448
692	471
692	519
692	588
693	44
693	85
693	591
693	602
693	721
693	799
694	175
694	698
694	753
694	802
694	876
694	925
695	298
695	830
695	848
695	865
695	927
695	995
696	221
696	328
696	644
696	654
696	727
696	791
697	388
697	651
697	686
697	709
697	755
697	996
698	593
698	638
698	694
698	753
698	876
698	925
699	296
699	505
699	573
699	853
699	929
699	962
700	55
700	422
700	652
700	861
700	897
700	940
701	323
701	555
701	710
701	717
701	888
701	890
702	184
702	295
702	619
702	759
702	803
702	850
703	321
703	501
703	562
703	598
703	601
703	614
704	183
704	650
704	719
704	873
704	874
704	969
705	190
705	436
705	600
705	779
705	859
705	937
706	424
706	624
706	752
706	777
706	808
706	954
707	46
707	77
707	263
707	372
707	381
707	920
708	51
708	285
708	662
708	763
708	859
708	872
709	326
709	331
709	697
709	902
709	906
709	996
710	679
710	701
710	738
710	819
710	890
710	999
711	477
711	582
711	640
711	765
711	831
711	899
712	39
712	243
712	346
712	747
712	762
712	799
713	235
713	400
713	487
713	543
713	570
713	923
714	73
714	231
714	319
714	421
714	649
714	687
715	66
715	105
715	390
715	392
715	490
715	549
716	456
716	583
716	677
716	752
716	830
716	926
717	11
717	341
717	602
717	701
717	730
717	999
718	33
718	259
718	350
718	609
718	806
718	822
719	376
719	485
719	650
719	704
719	823
719	874
720	36
720	44
720	569
720	585
720	750
720	911
721	602
721	631
721	693
721	799
721	814
721	983
722	87
722	644
722	924
722	931
722	968
722	970
723	170
723	512
723	582
723	800
723	883
723	941
723	994
724	130
724	490
724	655
724	740
724	885
724	926
724	1000
725	820
725	828
725	863
725	869
725	959
725	966
725	975
726	238
726	264
726	282
726	315
726	380
726	453
726	849
727	328
727	390
727	489
727	644
727	654
727	696
727	791
728	173
728	174
728	418
728	608
728	640
728	884
728	914
729	8
729	557
729	599
729	646
729	878
729	982
729	995
730	373
730	502
730	717
730	771
730	888
730	890
730	999
731	592
731	788
731	819
731	901
731	912
731	930
731	961
732	7
732	357
732	673
732	680
732	837
732	914
732	976
733	181
733	461
733	512
733	636
733	898
733	941
733	994
734	80
734	458
734	509
734	858
734	967
735	360
735	539
735	797
735	825
735	902
735	921
735	986
736	5
736	128
736	228
736	387
736	455
736	488
736	495
737	129
737	176
737	542
737	668
737	669
737	802
737	873
738	74
738	710
738	781
738	869
738	888
738	890
738	999
739	43
739	84
739	208
739	368
739	383
739	685
739	956
740	188
740	689
740	724
740	801
740	885
740	926
740	1000
741	276
741	428
741	875
741	918
741	925
741	938
741	958
742	7
742	529
742	586
742	673
742	680
742	837
742	845
743	137
743	355
743	476
743	648
743	667
743	691
743	786
744	13
744	58
744	277
744	418
744	634
744	775
744	948
745	21
745	258
745	289
745	417
745	688
745	805
745	843
746	42
746	275
746	311
746	482
746	621
746	663
746	917
747	712
747	840
747	880
747	951
748	201
748	593
748	826
748	847
748	858
748	939
748	980
749	298
749	329
749	339
749	462
749	626
749	787
749	809
750	252
750	350
750	511
750	516
750	659
750	720
750	833
751	234
751	332
751	438
751	551
751	620
751	779
751	966
752	538
752	583
752	618
752	677
752	706
752	716
752	830
753	175
753	259
753	593
753	694
753	698
753	876
753	925
754	813
754	821
754	828
754	892
754	930
755	326
755	371
755	697
755	926
755	953
755	973
755	996
756	144
756	161
756	209
756	321
756	357
756	513
756	532
757	829
757	885
757	903
757	919
757	952
758	53
758	375
758	397
758	458
758	550
758	664
758	827
759	214
759	300
759	619
759	625
759	702
759	803
759	850
760	64
760	283
760	361
760	472
760	622
760	685
760	893
761	262
761	358
761	402
761	605
761	673
761	691
761	918
762	39
762	239
762	346
762	366
762	712
762	802
762	804
763	324
763	437
763	648
763	708
763	857
763	859
763	872
764	19
764	172
764	668
764	802
764	873
764	920
764	939
765	288
765	367
765	377
765	477
765	518
765	711
765	899
766	66
766	105
766	390
766	461
766	549
766	610
766	992
767	301
767	342
767	385
767	772
767	933
767	955
768	50
768	788
768	793
768	845
768	855
768	912
768	930
769	541
769	786
769	811
769	850
769	874
769	951
769	995
770	124
770	407
770	536
770	546
770	778
770	902
771	63
771	82
771	103
771	116
771	563
771	730
771	957
772	94
772	333
772	385
772	767
772	933
772	955
772	982
773	47
773	286
773	403
773	578
773	810
773	811
773	967
774	314
774	492
774	514
774	676
774	849
774	908
774	954
775	13
775	58
775	277
775	338
775	634
775	744
775	905
776	115
776	223
776	356
776	527
776	823
776	877
776	891
777	473
777	522
777	624
777	706
777	808
777	959
777	975
778	407
778	456
778	496
778	536
778	546
778	770
778	821
779	186
779	332
779	438
779	620
779	705
779	751
779	979
780	657
780	800
780	879
780	917
780	923
780	946
780	984
781	255
781	291
781	341
781	738
781	793
781	890
781	999
782	63
782	166
782	197
782	278
782	420
782	471
782	531
783	60
783	327
783	635
783	817
783	937
783	967
783	989
784	647
784	841
784	931
784	968
784	970
784	971
784	998
785	228
785	645
785	800
785	865
785	879
785	917
785	946
785	997
786	137
786	355
786	476
786	552
786	648
786	667
786	743
786	769
787	298
787	329
787	462
787	598
787	626
787	749
787	809
787	883
788	731
788	768
788	835
788	855
788	912
788	942
788	958
788	961
789	67
789	253
789	271
789	320
789	333
789	607
789	666
789	919
790	48
790	335
790	365
790	672
790	864
790	900
790	960
791	328
791	380
791	524
791	644
791	654
791	696
791	727
791	848
792	267
792	493
792	823
792	868
792	889
792	929
792	993
792	998
793	41
793	539
793	768
793	781
793	855
793	871
793	912
793	957
794	139
794	432
794	906
794	908
794	956
794	964
794	988
794	993
795	32
795	462
795	592
795	635
795	851
795	907
795	923
795	997
796	191
796	249
796	293
796	373
796	389
796	844
796	894
796	915
797	413
797	485
797	546
797	595
797	678
797	735
797	921
797	986
798	97
798	498
798	513
798	834
798	868
798	869
798	891
798	943
799	85
799	123
799	493
799	693
799	712
799	721
799	887
799	934
800	436
800	549
800	723
800	780
800	785
800	879
800	917
800	946
801	28
801	126
801	330
801	445
801	740
801	815
801	972
802	542
802	561
802	639
802	668
802	694
802	737
802	762
802	764
803	184
803	214
803	300
803	619
803	702
803	759
803	850
803	937
804	4
804	168
804	366
804	530
804	762
804	933
804	955
804	982
804	992
805	244
805	579
805	679
805	688
805	745
805	843
805	868
805	946
806	33
806	259
806	538
806	609
806	718
806	822
806	834
806	957
807	90
807	216
807	270
807	412
807	510
807	643
807	852
807	987
808	406
808	415
808	473
808	522
808	624
808	706
808	777
808	954
809	282
809	329
809	462
809	626
809	749
809	787
809	822
809	884
810	47
810	403
810	470
810	535
810	578
810	621
810	773
810	811
811	47
811	403
811	470
811	578
811	769
811	773
811	810
811	986
812	266
812	545
812	565
812	827
812	854
812	862
812	888
812	934
813	754
813	821
813	828
813	892
813	910
813	965
814	85
814	123
814	143
814	661
814	663
814	676
814	721
814	832
815	28
815	126
815	330
815	445
815	801
815	847
815	882
815	974
816	192
816	410
816	616
816	632
816	655
816	820
816	944
816	965
817	351
817	554
817	563
817	783
817	928
817	937
817	967
817	969
817	989
818	122
818	234
818	642
818	881
818	924
818	931
818	968
818	971
818	998
819	15
819	225
819	241
819	564
819	603
819	710
819	731
819	858
819	960
820	72
820	410
820	501
820	616
820	632
820	655
820	725
820	816
820	944
821	102
821	280
821	483
821	754
821	778
821	813
821	828
821	887
821	892
822	33
822	122
822	297
822	609
822	642
822	718
822	806
822	809
822	957
823	38
823	68
823	69
823	223
823	356
823	527
823	719
823	776
823	792
824	49
824	136
824	656
824	839
824	851
824	872
824	907
824	923
824	997
825	17
825	89
825	159
825	268
825	569
825	617
825	735
825	889
825	923
826	419
826	520
826	636
826	748
826	883
826	898
826	905
826	941
826	994
827	169
827	204
827	224
827	545
827	687
827	758
827	812
827	854
827	984
828	37
828	483
828	725
828	754
828	813
828	821
828	892
829	757
829	903
829	919
829	931
829	952
830	162
830	456
830	468
830	538
830	583
830	677
830	695
830	716
830	752
831	54
831	110
831	223
831	477
831	515
831	518
831	582
831	711
831	899
832	814
832	841
832	914
832	924
832	931
832	968
832	970
832	971
832	998
833	23
833	506
833	524
833	548
833	623
833	633
833	681
833	750
833	954
834	290
834	575
834	628
834	798
834	806
834	859
834	868
834	891
834	943
835	14
835	22
835	788
835	847
835	855
835	913
835	930
835	961
835	998
836	256
836	393
836	571
836	669
836	878
836	893
836	910
836	916
836	962
837	657
837	732
837	742
837	887
837	892
837	927
837	978
837	981
837	989
838	251
838	379
838	425
838	450
838	567
838	846
838	978
838	981
838	985
839	49
839	83
839	603
839	656
839	824
839	851
839	907
839	922
839	997
840	16
840	92
840	322
840	359
840	747
840	880
840	903
840	951
841	784
841	832
841	891
841	893
841	924
841	931
841	968
841	970
841	998
842	244
842	444
842	590
842	637
842	683
842	853
842	856
842	935
842	963
843	272
843	289
843	459
843	579
843	679
843	688
843	745
843	805
843	893
844	313
844	389
844	627
844	670
844	675
844	796
844	894
844	972
844	994
845	7
845	111
845	165
845	558
845	586
845	673
845	742
845	768
845	945
846	274
846	338
846	347
846	567
846	838
846	949
846	978
846	981
846	988
847	101
847	499
847	539
847	661
847	748
847	815
847	835
847	857
847	887
848	395
848	484
848	658
848	695
848	791
848	865
848	927
848	995
849	243
849	314
849	492
849	514
849	676
849	726
849	774
849	908
849	954
850	184
850	214
850	300
850	530
850	619
850	702
850	759
850	769
850	803
851	32
851	479
851	635
851	795
851	824
851	839
851	875
851	923
851	980
851	997
852	71
852	160
852	412
852	447
852	510
852	521
852	643
852	807
852	881
852	987
853	1
853	96
853	590
853	637
853	683
853	699
853	842
853	856
853	857
853	935
854	374
854	545
854	565
854	687
854	812
854	827
854	862
854	901
854	924
854	983
855	22
855	120
855	423
855	768
855	788
855	793
855	835
855	902
855	930
855	961
856	309
856	406
856	444
856	590
856	637
856	683
856	842
856	853
856	914
856	935
857	202
857	346
857	435
857	441
857	763
857	847
857	853
857	876
857	908
857	935
858	80
858	105
858	143
858	207
858	370
858	458
858	509
858	734
858	748
858	819
859	21
859	51
859	437
859	612
859	662
859	705
859	708
859	763
859	834
859	872
860	299
860	432
860	495
860	863
860	869
860	886
860	959
860	966
860	972
860	975
861	156
861	292
861	327
861	422
861	642
861	652
861	700
861	897
861	940
861	993
862	204
862	262
862	398
862	545
862	812
862	854
862	957
862	980
862	984
862	991
863	193
863	611
863	725
863	860
863	869
863	959
863	966
863	968
863	972
863	975
864	293
864	365
864	409
864	597
864	672
864	790
864	900
864	960
865	340
865	395
865	443
865	484
865	695
865	785
865	848
865	927
865	995
866	540
866	654
866	681
866	895
866	915
866	976
867	157
867	246
867	346
867	372
867	545
867	682
867	920
867	940
867	946
867	971
868	498
868	575
868	628
868	792
868	798
868	805
868	834
868	891
868	938
868	943
869	725
869	738
869	798
869	860
869	863
869	886
869	959
869	966
869	972
869	975
870	219
870	909
870	916
870	932
870	942
870	953
870	962
870	973
870	974
870	985
871	427
871	600
871	629
871	793
871	879
871	888
871	912
871	946
871	968
871	998
872	51
872	324
872	437
872	612
872	662
872	708
872	763
872	824
872	859
872	973
873	176
873	542
873	639
873	668
873	704
873	737
873	764
873	939
873	954
873	969
874	183
874	334
874	376
874	485
874	650
874	704
874	719
874	769
874	895
874	969
875	276
875	559
875	660
875	741
875	851
875	913
875	918
875	948
875	958
875	989
876	55
876	175
876	426
876	593
876	694
876	698
876	753
876	857
876	915
876	925
877	193
877	335
877	336
877	369
877	489
877	507
877	568
877	776
877	894
877	936
878	29
878	146
878	279
878	393
878	565
878	571
878	729
878	836
878	893
878	962
879	125
879	272
879	645
879	780
879	785
879	800
879	871
879	917
879	946
879	984
880	16
880	60
880	322
880	359
880	747
880	840
880	909
880	951
881	494
881	507
881	818
881	852
881	924
881	931
881	968
881	970
881	971
881	998
882	12
882	36
882	40
882	227
882	465
882	569
882	585
882	815
882	911
882	933
883	170
883	370
883	452
883	636
883	640
883	723
883	787
883	826
883	905
883	994
884	230
884	421
884	728
884	809
884	904
884	914
884	915
884	976
884	983
884	985
885	6
885	188
885	376
885	490
885	504
885	724
885	740
885	757
885	926
885	1000
886	299
886	402
886	544
886	617
886	860
886	869
886	959
886	966
886	972
886	975
887	399
887	493
887	591
887	631
887	661
887	799
887	821
887	837
887	847
887	944
888	74
888	323
888	502
888	701
888	730
888	738
888	812
888	871
888	890
888	999
889	267
889	318
889	617
889	625
889	663
889	792
889	825
889	934
889	957
889	990
890	11
890	237
890	701
890	710
890	730
890	738
890	781
890	888
890	996
890	999
891	97
891	498
891	575
891	628
891	776
891	798
891	834
891	841
891	868
891	943
892	88
892	102
892	280
892	428
892	483
892	754
892	813
892	821
892	828
892	837
893	48
893	307
893	320
893	571
893	760
893	836
893	841
893	843
893	878
893	910
893	962
894	173
894	313
894	464
894	469
894	627
894	670
894	675
894	796
894	844
894	877
894	901
895	62
895	185
895	222
895	245
895	469
895	529
895	540
895	866
895	874
895	915
895	976
896	656
896	945
896	949
896	958
896	982
896	992
897	156
897	200
897	229
897	261
897	422
897	652
897	700
897	861
897	940
897	964
897	982
898	112
898	168
898	170
898	411
898	479
898	520
898	733
898	826
898	905
898	941
898	994
899	367
899	375
899	408
899	477
899	515
899	518
899	582
899	711
899	765
899	831
899	947
900	133
900	207
900	365
900	409
900	428
900	483
900	672
900	790
900	864
900	922
900	960
901	111
901	191
901	204
901	252
901	442
901	627
901	659
901	731
901	854
901	894
901	961
902	360
902	413
902	595
902	678
902	709
902	735
902	770
902	855
902	921
902	922
902	986
903	242
903	247
903	317
903	419
903	626
903	757
903	829
903	840
903	919
903	952
904	78
904	179
904	403
904	415
904	434
904	555
904	615
904	884
904	979
904	983
904	990
905	181
905	260
905	308
905	452
905	775
905	826
905	883
905	898
905	921
905	941
905	994
906	45
906	139
906	525
906	606
906	709
906	794
906	956
906	964
906	988
906	993
906	995
907	32
907	72
907	516
907	592
907	635
907	656
907	795
907	824
907	839
907	923
907	997
908	243
908	314
908	463
908	492
908	496
908	514
908	676
908	774
908	794
908	849
908	857
909	503
909	870
909	880
909	916
909	932
909	942
909	953
909	963
909	973
909	974
909	985
910	29
910	146
910	279
910	393
910	489
910	813
910	836
910	893
910	929
910	962
910	991
911	36
911	40
911	44
911	186
911	227
911	457
911	465
911	569
911	585
911	720
911	882
912	116
912	423
912	539
912	731
912	768
912	788
912	793
912	871
912	930
912	961
912	991
913	58
913	386
913	521
913	587
913	835
913	875
913	918
913	938
913	940
913	948
913	958
914	174
914	309
914	418
914	499
914	608
914	640
914	728
914	732
914	832
914	856
914	884
915	222
915	245
915	469
915	529
915	540
915	796
915	866
915	876
915	884
915	895
915	976
916	464
916	503
916	836
916	870
916	909
916	932
916	942
916	953
916	973
916	974
916	985
917	24
917	246
917	604
917	686
917	746
917	780
917	785
917	800
917	879
917	946
917	984
918	211
918	500
918	526
918	559
918	741
918	761
918	875
918	913
918	948
918	958
918	990
919	242
919	317
919	419
919	497
919	757
919	789
919	829
919	903
919	952
920	46
920	122
920	258
920	263
920	372
920	380
920	381
920	707
920	764
920	867
920	953
921	59
921	141
921	185
921	678
921	735
921	797
921	902
921	905
921	969
921	984
921	986
922	24
922	396
922	547
922	594
922	645
922	839
922	900
922	902
922	923
922	950
922	965
922	986
923	479
923	592
923	635
923	713
923	780
923	795
923	824
923	825
923	851
923	907
923	922
923	997
924	226
924	494
924	722
924	818
924	832
924	841
924	854
924	881
924	968
924	970
924	971
924	998
925	55
925	221
925	310
925	426
925	452
925	593
925	694
925	698
925	741
925	753
925	876
925	991
926	6
926	52
926	130
926	190
926	480
926	504
926	716
926	724
926	740
926	755
926	885
926	1000
927	383
927	395
927	443
927	484
927	695
927	837
927	848
927	865
927	934
927	995
928	100
928	147
928	178
928	449
928	486
928	551
928	641
928	684
928	817
928	963
928	977
928	997
929	10
929	182
929	288
929	342
929	377
929	505
929	573
929	642
929	653
929	699
929	792
929	910
930	154
930	276
930	306
930	539
930	731
930	754
930	768
930	835
930	855
930	912
930	957
930	961
931	247
931	581
931	722
931	784
931	818
931	829
931	832
931	841
931	881
931	970
931	971
931	998
932	387
932	503
932	581
932	870
932	909
932	916
932	942
932	953
932	973
932	974
932	985
932	988
933	94
933	194
933	301
933	333
933	385
933	604
933	767
933	772
933	804
933	882
933	955
933	976
934	224
934	318
934	561
934	620
934	631
934	650
934	799
934	812
934	889
934	927
934	994
934	995
935	62
935	96
935	406
935	444
935	590
935	637
935	683
935	842
935	853
935	856
935	857
935	936
936	87
936	193
936	335
936	336
936	369
936	374
936	507
936	568
936	584
936	625
936	877
936	935
937	76
937	195
937	269
937	303
937	554
937	574
937	630
937	705
937	783
937	803
937	817
937	989
938	118
938	216
938	473
938	500
938	559
938	587
938	660
938	741
938	868
938	913
938	948
938	958
939	129
939	172
939	176
939	542
939	561
939	639
939	668
939	748
939	764
939	873
939	945
939	970
940	156
940	200
940	261
940	292
940	422
940	652
940	700
940	861
940	867
940	897
940	913
940	955
941	260
941	370
941	435
941	465
941	520
941	636
941	723
941	733
941	826
941	898
941	905
941	994
942	115
942	589
942	788
942	870
942	909
942	916
942	932
942	953
942	973
942	974
942	985
942	991
943	97
943	116
943	290
943	425
943	498
943	534
943	575
943	628
943	798
943	834
943	868
943	891
944	24
944	72
944	143
944	394
944	410
944	596
944	616
944	632
944	655
944	816
944	820
944	887
944	981
945	325
945	337
945	517
945	566
945	574
945	845
945	896
945	939
945	949
945	971
945	982
945	992
946	264
946	357
946	557
946	604
946	645
946	780
946	785
946	800
946	805
946	867
946	871
946	879
946	917
947	189
947	362
947	486
947	491
947	528
947	575
947	618
947	899
947	950
947	965
947	980
948	118
948	121
948	196
948	211
948	526
948	559
948	660
948	744
948	875
948	913
948	918
948	938
948	958
949	138
949	198
949	318
949	430
949	517
949	562
949	566
949	574
949	846
949	896
949	945
949	982
949	992
950	65
950	123
950	171
950	447
950	491
950	528
950	618
950	922
950	947
950	954
950	965
950	969
950	980
951	16
951	92
951	122
951	172
951	322
951	359
951	381
951	428
951	644
951	747
951	769
951	840
951	880
952	98
952	143
952	242
952	317
952	419
952	489
952	496
952	615
952	757
952	829
952	903
952	919
952	978
953	86
953	110
953	755
953	870
953	909
953	916
953	920
953	932
953	942
953	973
953	974
953	985
953	991
954	530
954	587
954	600
954	634
954	681
954	706
954	774
954	808
954	833
954	849
954	873
954	950
954	980
955	94
955	147
955	194
955	301
955	333
955	385
955	564
955	660
955	767
955	772
955	804
955	933
955	940
956	25
956	150
956	257
956	432
956	474
956	669
956	739
956	794
956	906
956	964
956	984
956	988
956	993
957	398
957	490
957	646
957	771
957	793
957	806
957	822
957	862
957	889
957	930
957	979
957	983
957	1000
958	386
958	500
958	526
958	587
958	660
958	741
958	788
958	875
958	896
958	913
958	918
958	938
958	948
959	63
959	497
959	553
959	611
959	725
959	777
959	860
959	863
959	869
959	886
959	966
959	974
959	975
960	133
960	207
960	365
960	379
960	409
960	489
960	566
960	672
960	790
960	819
960	864
960	900
960	977
961	14
961	154
961	306
961	334
961	423
961	595
961	731
961	788
961	835
961	855
961	901
961	912
961	930
962	29
962	63
962	307
962	393
962	541
962	571
962	699
962	836
962	870
962	878
962	893
962	910
962	991
963	100
963	127
963	178
963	217
963	449
963	486
963	487
963	551
963	641
963	684
963	842
963	909
963	928
963	977
964	95
964	104
964	139
964	150
964	359
964	525
964	606
964	665
964	794
964	897
964	906
964	956
964	988
964	993
965	65
965	182
965	189
965	362
965	447
965	491
965	528
965	618
965	813
965	816
965	922
965	947
965	950
965	980
966	332
966	467
966	497
966	544
966	553
966	725
966	751
966	860
966	863
966	869
966	886
966	959
966	972
966	975
967	60
967	163
967	269
967	303
967	351
967	554
967	630
967	734
967	773
967	783
967	817
967	969
967	979
967	989
968	247
968	355
968	404
968	643
968	722
968	784
968	818
968	832
968	841
968	863
968	871
968	881
968	924
968	970
969	1
969	112
969	313
969	488
969	561
969	596
969	704
969	817
969	873
969	874
969	921
969	950
969	967
969	978
970	215
970	404
970	722
970	784
970	832
970	841
970	881
970	924
970	931
970	939
970	968
970	971
970	973
970	998
971	373
971	400
971	404
971	494
971	784
971	818
971	832
971	867
971	881
971	924
971	931
971	945
971	970
971	998
972	299
972	467
972	505
972	544
972	553
972	611
972	801
972	844
972	860
972	863
972	869
972	886
972	966
972	975
973	581
973	589
973	755
973	870
973	872
973	909
973	916
973	932
973	942
973	953
973	970
973	974
973	985
973	987
974	86
974	581
974	589
974	665
974	815
974	870
974	909
974	916
974	932
974	942
974	953
974	959
974	973
974	985
975	128
975	467
975	497
975	553
975	611
975	725
975	777
975	860
975	863
975	869
975	886
975	959
975	966
975	972
976	62
976	222
976	245
976	469
976	501
976	526
976	529
976	540
976	732
976	866
976	884
976	895
976	915
976	933
977	20
977	100
977	127
977	178
977	217
977	326
977	449
977	551
977	608
977	641
977	684
977	928
977	960
977	963
978	147
978	274
978	338
978	347
978	379
978	443
978	450
978	567
978	837
978	838
978	846
978	952
978	969
978	981
979	78
979	81
979	199
979	297
979	308
979	555
979	576
979	596
979	779
979	904
979	957
979	967
979	983
979	990
980	65
980	171
980	183
980	362
980	447
980	491
980	528
980	618
980	748
980	851
980	862
980	947
980	950
980	954
980	965
981	145
981	274
981	338
981	347
981	379
981	425
981	450
981	567
981	625
981	837
981	838
981	846
981	944
981	978
981	998
982	325
982	337
982	430
982	517
982	566
982	574
982	577
982	729
982	772
982	804
982	896
982	897
982	945
982	949
982	992
983	81
983	179
983	374
983	415
983	555
983	576
983	615
983	721
983	854
983	884
983	904
983	957
983	979
983	984
983	990
984	205
984	257
984	591
984	629
984	674
984	780
984	827
984	862
984	879
984	917
984	921
984	956
984	983
984	990
984	991
985	467
985	503
985	581
985	589
985	624
985	838
985	870
985	884
985	909
985	916
985	932
985	942
985	953
985	973
985	974
986	59
986	66
986	90
986	141
986	185
986	360
986	413
986	595
986	678
986	735
986	797
986	811
986	902
986	921
986	922
987	71
987	90
987	160
987	270
987	295
987	337
987	373
987	412
987	510
987	521
987	643
987	652
987	807
987	852
987	973
988	45
988	95
988	150
988	155
988	307
988	474
988	525
988	606
988	794
988	846
988	906
988	932
988	956
988	964
988	993
989	76
989	163
989	195
989	319
989	327
989	351
989	554
989	630
989	682
989	783
989	817
989	837
989	875
989	937
989	967
990	81
990	179
990	297
990	308
990	415
990	555
990	576
990	615
990	889
990	904
990	918
990	979
990	983
990	984
990	995
991	37
991	48
991	56
991	207
991	211
991	426
991	441
991	862
991	910
991	912
991	925
991	942
991	953
991	962
991	984
992	71
992	132
992	138
992	325
992	337
992	430
992	517
992	566
992	574
992	766
992	804
992	896
992	945
992	949
992	982
993	25
993	95
993	104
993	257
993	432
993	606
993	642
993	678
993	792
993	794
993	861
993	906
993	956
993	964
993	988
994	260
994	370
994	452
994	512
994	520
994	675
994	723
994	733
994	826
994	844
994	883
994	898
994	905
994	934
994	941
995	128
995	373
995	395
995	428
995	443
995	484
995	695
995	729
995	769
995	848
995	865
995	906
995	927
995	934
995	990
996	34
996	147
996	196
996	199
996	326
996	331
996	371
996	466
996	586
996	651
996	686
996	697
996	709
996	755
996	890
997	83
997	130
997	479
997	592
997	635
997	656
997	669
997	785
997	795
997	824
997	839
997	851
997	907
997	923
997	928
998	87
998	494
998	784
998	792
998	818
998	832
998	835
998	841
998	871
998	881
998	924
998	931
998	970
998	971
998	981
999	11
999	255
999	265
999	323
999	498
999	502
999	515
999	553
999	710
999	717
999	730
999	738
999	781
999	888
999	890
1000	52
1000	54
1000	188
1000	190
1000	203
1000	442
1000	480
1000	490
1000	611
1000	689
1000	724
1000	740
1000	885
1000	926
1000	957
