1	269
1	851
1	933
2	24
2	546
2	905
3	118
3	848
3	898
4	696
4	871
4	975
5	365
5	974
5	997
6	19
6	809
6	908
7	558
7	902
7	1000
8	674
8	834
8	927
9	213
9	828
9	895
10	213
10	705
10	992
11	459
11	745
11	788
12	385
12	804
12	964
13	348
13	799
13	959
14	860
14	988
14	991
15	35
15	551
15	555
16	372
16	900
16	913
17	847
17	889
17	921
18	366
18	830
18	858
19	6
19	618
19	964
20	85
20	510
20	688
21	270
21	291
21	924
22	634
22	685
22	986
23	564
23	840
23	973
24	2
24	248
24	348
25	236
25	255
26	844
26	850
26	879
27	734
27	969
27	975
28	67
28	209
28	583
29	956
29	983
30	866
30	917
30	935
31	600
31	665
31	984
32	674
32	927
32	962
33	407
33	662
33	924
34	98
34	650
35	15
35	783
35	957
36	516
36	628
37	129
37	667
37	670
38	566
38	878
38	936
39	132
39	296
39	700
40	614
40	656
40	925
41	860
41	988
42	751
42	819
42	873
43	374
43	844
43	915
44	499
44	637
44	898
45	592
45	643
45	963
46	385
46	800
46	908
47	274
47	341
47	724
48	356
48	533
48	978
49	352
49	760
49	895
50	197
50	874
50	914
51	502
51	961
51	975
52	637
52	640
52	960
53	340
53	375
53	993
54	579
54	851
54	867
55	225
55	351
55	669
56	542
56	746
56	966
57	300
57	683
57	726
58	85
58	937
58	967
59	113
59	712
59	875
60	404
60	536
60	758
61	363
61	658
61	857
62	718
62	733
63	403
63	407
63	936
64	181
64	432
64	902
65	336
65	729
65	856
66	111
66	715
66	806
67	28
67	786
67	868
68	938
68	966
68	973
69	84
69	428
69	887
70	105
70	397
70	937
71	470
71	800
71	839
72	94
72	239
72	996
73	443
73	798
73	976
74	525
74	751
74	768
75	935
75	980
75	981
76	725
76	729
76	856
77	155
77	214
77	532
78	481
78	679
78	707
79	470
79	604
79	767
80	381
80	896
80	954
81	299
81	731
81	982
82	882
82	928
82	979
83	567
83	778
83	992
84	69
84	567
84	689
85	20
85	58
85	188
86	825
86	828
86	992
87	528
87	577
87	947
88	454
88	667
88	943
89	131
89	570
89	951
90	520
90	562
90	927
91	217
91	748
91	790
92	891
92	931
92	999
93	453
93	462
93	846
94	72
94	154
95	572
95	831
95	882
96	169
96	834
96	962
97	339
97	908
97	982
98	34
98	337
98	872
99	790
99	796
99	891
100	821
100	930
101	413
101	769
101	823
102	842
102	970
102	995
103	639
103	888
103	923
104	537
104	688
104	885
105	70
105	767
105	885
106	183
106	383
106	877
107	325
107	484
107	766
108	287
108	934
108	990
109	604
109	667
109	811
110	593
110	723
110	990
111	66
111	864
111	993
112	386
112	678
112	957
113	59
113	517
113	749
114	682
114	696
114	871
115	508
115	623
115	732
116	498
116	890
116	996
117	532
117	616
117	867
118	3
118	771
118	960
119	472
119	859
119	905
120	709
120	744
120	974
121	172
121	503
121	997
122	189
122	559
122	742
123	546
123	863
123	948
124	172
124	329
124	910
125	313
125	717
125	749
126	909
126	960
126	993
127	737
127	782
127	899
128	413
128	480
128	727
129	37
129	253
129	305
130	556
130	691
130	876
131	89
131	161
131	807
132	39
132	260
132	985
133	666
133	909
133	960
134	330
134	569
134	934
135	490
135	704
135	748
136	259
136	316
136	768
137	869
137	879
137	940
138	387
138	755
138	888
139	441
139	578
139	914
140	855
140	884
140	968
141	402
141	865
141	924
142	738
142	804
142	941
143	625
143	955
143	986
144	430
144	904
144	995
145	452
145	615
145	892
146	413
146	480
146	717
147	559
147	968
147	992
148	205
148	208
148	246
149	313
149	598
149	875
150	608
150	706
150	918
151	735
151	880
151	925
152	401
152	929
152	965
153	805
153	856
153	922
154	94
154	156
154	789
155	77
155	648
155	957
156	154
156	649
156	789
157	501
157	918
157	974
158	237
158	801
158	864
159	861
159	889
159	963
160	637
160	848
160	958
161	131
161	222
161	987
162	435
162	787
162	975
163	438
163	449
163	941
164	301
164	367
164	416
165	641
165	968
165	992
166	615
166	748
166	931
167	517
167	712
167	823
168	905
168	949
168	959
169	96
169	208
169	915
170	210
170	711
170	973
171	791
171	938
171	966
172	121
172	124
172	830
173	399
173	705
173	895
174	787
174	961
174	975
175	450
175	460
175	996
176	496
176	728
176	750
177	661
177	870
177	883
178	489
178	879
178	927
179	419
179	830
179	858
180	470
180	767
180	964
181	64
181	628
181	1000
182	683
182	709
182	977
183	106
183	250
183	877
184	448
184	495
184	619
185	857
185	928
185	979
186	741
186	901
186	943
187	542
187	946
187	973
188	85
188	324
188	447
189	122
189	664
189	968
190	666
190	898
190	960
191	495
191	508
191	873
192	405
192	702
192	956
193	683
193	718
193	918
194	942
194	947
194	971
195	365
195	366
195	779
196	391
196	839
196	901
197	50
197	402
197	416
198	374
198	612
198	952
199	329
199	718
199	974
200	513
200	600
200	926
201	318
201	940
201	972
202	409
202	970
202	989
203	521
203	685
203	955
204	713
204	785
204	869
205	148
205	518
205	835
206	710
206	926
206	984
207	425
207	773
207	865
208	148
208	169
208	915
209	28
209	847
209	931
210	170
210	327
210	998
211	519
211	832
211	836
212	388
212	427
212	987
213	9
213	10
213	586
214	77
214	337
214	872
215	218
215	556
215	784
216	458
216	854
216	928
217	91
217	656
217	994
218	215
218	445
218	671
219	238
219	721
219	972
220	495
220	508
220	768
221	737
221	798
221	905
222	161
222	398
222	987
223	478
223	918
223	974
224	400
224	813
224	857
225	55
225	636
225	705
226	231
226	429
226	937
227	262
227	339
227	373
228	835
228	917
228	919
229	524
229	638
229	986
230	280
230	777
230	944
231	226
231	719
231	832
232	314
232	788
232	812
233	751
233	768
233	873
234	282
234	841
234	930
235	620
235	842
235	938
236	25
236	682
236	975
237	158
237	715
237	945
238	219
238	518
238	980
239	72
239	738
239	745
240	371
240	774
240	978
241	734
241	871
241	969
242	377
242	432
242	894
243	729
243	894
243	1000
244	695
244	905
244	976
245	539
245	636
245	641
246	148
246	777
246	835
247	458
247	485
247	854
248	24
248	799
248	899
249	866
249	870
249	940
250	183
250	659
250	877
251	375
251	774
251	801
252	394
252	592
252	602
253	129
253	385
253	486
254	622
254	926
254	984
255	25
255	523
255	961
256	353
256	846
256	958
257	476
257	988
257	991
258	504
258	693
258	990
259	136
259	525
259	819
260	132
260	531
260	679
261	787
261	961
261	969
262	227
262	731
262	943
263	913
263	983
263	987
264	517
264	555
264	923
265	533
265	781
265	978
266	346
266	691
266	809
267	445
267	800
267	811
268	720
268	921
268	999
269	1
269	648
269	878
270	21
270	441
270	497
271	439
271	698
271	873
272	344
272	585
272	607
273	673
273	949
273	959
274	47
274	651
274	963
275	349
275	432
275	894
276	319
276	572
276	831
277	286
277	802
277	848
278	689
278	713
278	927
279	591
279	681
279	825
280	230
280	321
280	395
281	584
281	636
281	742
282	234
282	807
282	965
283	682
283	969
283	975
284	448
284	819
284	873
285	523
285	787
285	969
286	277
286	806
286	862
287	108
287	810
287	897
288	871
288	961
288	975
289	582
289	953
289	998
290	318
290	850
290	927
291	21
291	587
291	914
292	464
292	493
292	518
293	938
293	953
293	978
294	522
294	904
294	995
295	779
295	974
295	977
296	39
296	589
296	794
297	915
297	935
297	954
298	335
298	650
298	817
299	81
299	740
299	868
300	57
300	329
300	733
301	164
301	648
301	878
302	860
302	893
302	991
303	788
303	897
303	934
304	403
304	648
304	837
305	129
305	391
305	943
306	632
306	658
306	813
307	416
307	728
307	924
308	891
308	892
308	963
309	408
309	860
309	988
310	840
310	946
310	966
311	489
311	689
311	981
312	488
312	636
312	855
313	125
313	149
313	676
314	232
314	812
314	990
315	397
315	550
315	668
316	136
316	698
316	873
317	708
317	786
317	891
318	201
318	290
318	917
319	276
319	421
319	979
320	376
320	698
320	819
321	280
321	395
321	529
322	462
322	568
322	909
323	359
323	433
323	686
324	188
324	492
324	982
325	107
325	928
325	979
326	826
326	896
326	917
327	210
327	561
327	746
328	758
328	862
328	958
329	124
329	199
329	300
329	726
330	134
330	810
330	812
330	990
331	335
331	872
331	878
331	914
332	375
332	801
332	864
332	958
333	761
333	807
333	911
333	920
334	464
334	834
334	855
334	968
335	298
335	331
335	579
335	728
336	65
336	747
336	922
336	1000
337	98
337	214
337	578
337	932
338	646
338	655
338	795
338	899
339	97
339	227
339	876
339	964
340	53
340	463
340	514
340	774
341	47
341	790
341	868
341	931
342	419
342	633
342	699
342	733
343	379
343	894
343	902
343	922
344	272
344	827
344	891
344	892
345	762
345	816
345	955
345	986
346	266
346	885
346	908
346	967
347	380
347	631
347	638
347	955
348	13
348	24
348	841
348	976
349	275
349	479
349	747
349	805
350	406
350	656
350	704
350	939
351	55
351	736
351	752
351	772
352	49
352	422
352	884
352	992
353	256
353	404
353	462
353	898
354	731
354	804
354	811
354	908
355	574
355	665
355	877
355	984
356	48
356	781
356	950
356	953
357	566
357	867
357	874
357	932
358	836
358	937
358	964
358	982
359	323
359	617
359	635
359	927
360	396
360	802
360	806
360	846
361	429
361	809
361	908
361	982
362	549
362	591
362	794
362	828
363	61
363	552
363	632
363	854
364	374
364	693
364	763
364	935
365	5
365	195
365	709
365	997
366	18
366	195
366	467
366	754
367	164
367	496
367	773
367	933
368	483
368	530
368	615
368	815
369	454
369	670
369	937
369	967
370	555
370	563
370	660
370	750
371	240
371	605
371	845
371	953
372	16
372	714
372	971
372	983
373	227
373	554
373	836
373	885
374	43
374	198
374	364
374	562
375	53
375	251
375	332
375	993
376	320
376	619
376	698
376	732
377	242
377	757
377	922
377	1000
378	584
378	586
378	681
378	772
379	343
379	729
379	747
379	922
380	347
380	420
380	816
380	986
381	80
381	390
381	617
381	883
382	595
382	745
382	890
382	941
383	106
383	808
383	916
383	926
384	827
384	868
384	925
384	939
385	12
385	46
385	253
385	550
386	112
386	865
386	936
386	957
387	138
387	657
387	743
387	923
388	212
388	606
388	702
388	759
389	721
389	844
389	944
389	980
390	381
390	954
390	962
390	981
391	196
391	305
391	486
391	809
392	551
392	750
392	770
392	957
393	613
393	740
393	796
393	827
394	252
394	724
394	748
394	833
395	280
395	321
395	944
395	980
396	360
396	499
396	637
396	960
397	70
397	315
397	680
397	804
398	222
398	541
398	596
398	652
399	173
399	488
399	760
399	887
400	224
400	621
400	813
400	979
401	152
401	440
401	929
401	930
402	141
402	197
402	701
402	851
403	63
403	304
403	563
403	865
404	60
404	353
404	609
404	864
405	192
405	606
405	702
405	947
406	350
406	708
406	815
406	886
407	33
407	63
407	770
407	878
408	309
408	540
408	697
408	991
409	202
409	675
409	849
409	989
410	426
410	607
410	847
410	994
411	547
411	912
411	942
411	987
412	624
412	791
412	953
412	998
413	101
413	128
413	146
413	517
414	542
414	950
414	953
414	998
415	572
415	645
415	831
415	882
416	164
416	197
416	307
416	865
417	515
417	641
417	700
417	887
418	513
418	527
418	535
418	984
419	179
419	342
419	744
419	974
420	380
420	571
420	634
420	986
421	319
421	632
421	854
421	928
422	352
422	778
422	825
422	855
423	645
423	831
423	838
423	979
424	723
424	810
424	934
424	990
425	207
425	587
425	932
425	933
426	410
426	651
426	827
426	892
427	212
427	581
427	652
427	971
428	69
428	531
428	707
428	772
429	226
429	361
429	667
429	964
430	144
430	849
430	881
430	989
431	610
431	658
431	928
431	979
432	64
432	242
432	275
432	1000
433	323
433	763
433	844
433	883
434	906
434	909
434	960
434	993
435	162
435	787
435	961
435	969
436	654
436	704
436	748
436	994
437	528
437	577
437	900
437	987
438	163
438	595
438	626
438	941
439	271
439	508
439	630
439	873
440	401
440	716
440	735
440	803
441	139
441	270
441	837
441	924
442	490
442	796
442	931
442	999
443	73
443	795
443	863
443	959
444	678
444	776
444	851
444	874
445	218
445	267
445	687
445	688
446	557
446	597
446	845
446	938
447	188
447	719
447	864
447	993
448	184
448	284
448	630
448	751
449	163
449	738
449	745
449	852
450	175
450	852
450	890
450	996
451	644
451	761
451	807
451	821
452	145
452	824
452	892
452	939
453	93
453	536
453	666
453	993
454	88
454	369
454	836
454	901
455	737
455	780
455	795
455	959
456	780
456	863
456	899
456	976
457	780
457	799
457	859
457	976
458	216
458	247
458	484
458	838
459	11
459	852
459	941
459	996
460	175
460	576
460	852
460	996
461	848
461	862
461	906
461	993
462	93
462	322
462	353
462	945
463	340
463	500
463	909
463	945
464	292
464	334
464	713
464	850
465	554
465	611
465	988
465	991
466	586
466	752
466	828
466	985
467	366
467	733
467	910
467	977
468	798
468	843
468	859
468	948
469	793
469	904
469	970
469	989
470	71
470	79
470	180
470	876
471	629
471	755
471	853
471	888
472	119
472	782
472	949
472	959
473	498
473	789
473	890
473	941
474	589
474	664
474	736
474	884
475	510
475	519
475	809
475	937
476	257
476	775
476	988
476	991
477	554
477	560
477	697
477	988
478	223
478	683
478	779
478	910
479	349
479	725
479	856
479	902
480	128
480	146
480	755
480	853
481	78
481	591
481	679
481	705
482	609
482	886
482	906
482	915
483	368
483	643
483	847
483	889
484	107
484	458
484	854
484	979
485	247
485	766
485	831
485	857
486	253
486	391
486	908
486	967
487	668
487	691
487	719
487	908
488	312
488	399
488	887
488	968
489	178
489	311
489	612
489	981
490	135
490	442
490	647
490	963
491	544
491	818
491	840
491	938
492	324
492	767
492	800
492	838
493	292
493	756
493	952
493	972
494	753
494	946
494	950
494	953
495	184
495	191
495	220
495	525
496	176
496	367
496	538
496	932
497	270
497	817
497	851
497	914
498	116
498	473
498	576
498	649
499	44
499	396
499	898
499	993
500	463
500	640
500	715
500	960
501	157
501	726
501	858
501	977
502	51
502	734
502	961
502	975
503	121
503	699
503	709
503	974
504	258
504	788
504	897
504	990
505	601
505	658
505	831
505	854
506	564
506	818
506	966
506	998
507	525
507	619
507	732
507	819
508	115
508	191
508	220
508	439
509	522
509	881
509	970
509	989
510	20
510	475
510	836
510	967
511	797
511	893
511	988
511	991
512	822
512	904
512	970
512	989
513	200
513	418
513	926
513	984
514	340
514	806
514	898
514	958
515	417
515	531
515	584
515	968
516	36
516	805
516	916
516	984
517	113
517	167
517	264
517	413
517	823
518	205
518	238
518	292
518	883
518	944
519	211
519	475
519	719
519	832
519	967
520	90
520	674
520	785
520	883
520	981
521	203
521	762
521	816
521	955
521	986
522	294
522	509
522	764
522	822
522	995
523	255
523	285
523	696
523	961
523	975
524	229
524	571
524	762
524	792
524	986
525	74
525	259
525	495
525	507
525	873
526	692
526	777
526	785
526	835
526	919
527	418
527	659
527	703
527	808
527	916
528	87
528	437
528	627
528	759
528	987
529	321
529	617
529	693
529	866
529	917
530	368
530	583
530	602
530	861
530	939
531	260
531	428
531	515
531	664
531	742
532	77
532	117
532	678
532	739
532	933
533	48
533	265
533	582
533	938
533	978
534	560
534	599
534	697
534	988
534	991
535	418
535	710
535	916
535	926
535	984
536	60
536	453
536	758
536	806
536	898
537	104
537	550
537	832
537	876
537	982
538	496
538	616
538	770
538	936
538	957
539	245
539	584
539	591
539	669
539	742
540	408
540	797
540	893
540	988
540	991
541	398
541	652
541	900
541	907
541	913
542	56
542	187
542	414
542	605
542	950
543	664
543	681
543	760
543	895
543	968
544	491
544	582
544	946
544	950
544	978
545	718
545	726
545	830
545	910
545	974
546	2
546	123
546	673
546	843
546	959
547	411
547	694
547	913
547	971
547	987
548	784
548	804
548	832
548	876
548	964
549	362
549	689
549	700
549	736
549	794
550	315
550	385
550	537
550	832
550	964
551	15
551	392
551	587
551	770
551	936
552	363
552	813
552	838
552	857
552	979
553	785
553	869
553	927
553	940
553	962
554	373
554	465
554	477
554	893
554	901
555	15
555	264
555	370
555	701
555	773
556	130
556	215
556	741
556	811
556	839
557	446
557	561
557	564
557	582
557	781
558	7
558	628
558	729
558	856
558	1000
559	122
559	147
559	679
559	705
559	707
560	477
560	534
560	860
560	988
560	991
561	327
561	557
561	624
561	711
561	966
562	90
562	374
562	674
562	927
562	952
563	370
563	403
563	660
563	728
563	739
564	23
564	506
564	557
564	597
564	998
565	826
565	835
565	896
565	952
565	981
566	38
566	357
566	678
566	770
566	867
567	83
567	84
567	589
567	742
567	825
568	322
568	666
568	862
568	906
568	945
569	134
569	812
569	897
569	934
569	990
570	89
570	684
570	803
570	929
570	930
571	420
571	524
571	638
571	792
571	955
572	95
572	276
572	415
572	658
572	979
573	686
573	763
573	835
573	850
573	980
574	355
574	710
574	916
574	926
574	984
575	750
575	783
575	874
575	933
575	957
576	460
576	498
576	738
576	890
576	996
577	87
577	437
577	907
577	942
577	983
578	139
578	337
578	648
578	865
578	932
579	54
579	335
579	728
579	872
579	914
580	822
580	881
580	970
580	989
580	995
581	427
581	653
581	942
581	971
581	987
582	289
582	533
582	544
582	557
582	950
583	28
583	530
583	651
583	815
583	892
584	281
584	378
584	515
584	539
584	707
585	272
585	827
585	886
585	921
585	925
586	213
586	378
586	466
586	968
586	985
587	291
587	425
587	551
587	874
587	936
588	677
588	716
588	730
588	821
588	929
589	296
589	474
589	567
589	689
589	794
590	610
590	813
590	838
590	854
590	857
591	279
591	362
591	481
591	539
591	641
592	45
592	252
592	824
592	931
592	999
593	110
593	723
593	810
593	934
593	990
594	730
594	911
594	920
594	951
594	965
595	382
595	438
595	789
595	941
595	996
596	398
596	653
596	907
596	947
596	983
597	446
597	564
597	845
597	973
597	978
598	149
598	727
598	743
598	749
598	875
599	534
599	871
599	893
599	969
599	991
600	31
600	200
600	916
600	926
600	984
601	505
601	621
601	838
601	854
601	928
602	252
602	530
602	861
602	939
602	994
603	791
603	840
603	966
603	978
603	998
604	79
604	109
604	668
604	811
604	901
605	371
605	542
605	953
605	966
605	973
606	388
606	405
606	900
606	983
606	987
607	272
607	410
607	614
607	647
607	925
608	150
608	722
608	918
608	977
608	997
609	404
609	482
609	801
609	909
609	958
610	431
610	590
610	645
610	928
610	979
611	465
611	775
611	797
611	860
611	893
612	198
612	489
612	820
612	919
612	935
613	393
613	724
613	790
613	889
613	999
614	40
614	607
614	786
614	939
614	994
615	145
615	166
615	368
615	790
615	921
616	117
616	538
616	817
616	933
616	936
617	359
617	381
617	529
617	826
617	879
618	19
618	741
618	832
618	937
618	967
619	184
619	376
619	507
619	768
619	819
620	235
620	764
620	903
620	970
620	995
621	400
621	601
621	766
621	882
621	979
622	254
622	659
622	690
622	808
622	916
623	115
623	630
623	732
623	819
623	873
624	412
624	561
624	938
624	978
624	998
625	143
625	634
625	685
625	816
625	986
626	438
626	649
626	745
626	890
626	941
627	528
627	907
627	912
627	913
627	983
628	36
628	181
628	558
628	894
628	1000
629	471
629	657
629	717
629	727
629	853
630	439
630	448
630	623
630	732
630	751
631	347
631	762
631	792
631	816
631	955
632	306
632	363
632	421
632	766
632	857
632	882
633	342
633	699
633	726
633	754
633	779
633	830
634	22
634	420
634	625
634	685
634	955
634	986
635	359
635	693
635	820
635	879
635	919
635	940
636	225
636	245
636	281
636	312
636	794
636	895
637	44
637	52
637	160
637	396
637	640
637	958
638	229
638	347
638	571
638	685
638	792
638	955
639	103
639	676
639	727
639	755
639	823
639	888
640	52
640	500
640	637
640	715
640	802
640	898
641	165
641	245
641	417
641	591
641	828
641	992
642	677
642	716
642	911
642	929
642	951
642	965
643	45
643	483
643	748
643	815
643	931
643	963
644	451
644	880
644	911
644	920
644	951
644	965
645	415
645	423
645	610
645	838
645	882
645	928
646	338
646	795
646	863
646	899
646	948
646	985
647	490
647	607
647	656
647	765
647	824
647	931
648	155
648	269
648	301
648	304
648	578
648	932
649	156
649	498
649	626
649	789
649	941
649	996
650	34
650	298
650	770
650	783
650	837
650	878
651	274
651	426
651	583
651	824
651	861
651	999
652	398
652	427
652	541
652	759
652	913
652	971
653	581
653	596
653	912
653	956
653	971
653	983
654	436
654	708
654	824
654	889
654	963
654	994
655	338
655	782
655	798
655	829
655	841
655	949
656	40
656	217
656	350
656	647
656	833
656	889
657	387
657	629
657	853
657	875
657	888
657	923
658	61
658	306
658	431
658	505
658	572
658	928
659	250
659	527
659	622
659	690
659	808
659	877
660	370
660	563
660	750
660	817
660	924
660	932
661	177
661	692
661	915
661	917
661	944
661	980
662	33
662	678
662	865
662	874
662	914
662	924
663	702
663	900
663	912
663	947
663	971
663	987
664	189
664	474
664	531
664	543
664	736
664	884
665	31
665	355
665	690
665	703
665	916
665	926
666	133
666	190
666	453
666	568
666	864
666	960
667	37
667	88
667	109
667	429
667	937
667	943
668	315
668	487
668	604
668	731
668	800
668	967
669	55
669	539
669	778
669	855
669	884
669	992
670	37
670	369
670	671
670	784
670	908
670	964
671	218
671	670
671	741
671	809
671	839
671	937
672	795
672	799
672	814
672	863
672	899
672	959
673	273
673	546
673	695
673	798
673	859
673	948
674	8
674	32
674	520
674	562
674	879
674	896
675	409
675	842
675	903
675	970
675	989
675	995
676	313
676	639
676	749
676	823
676	888
676	923
677	588
677	642
677	716
677	821
677	911
677	929
678	112
678	444
678	532
678	566
678	662
678	872
679	78
679	260
679	481
679	559
679	742
679	887
680	397
680	691
680	836
680	943
680	964
680	982
681	279
681	378
681	543
681	736
681	752
681	772
682	114
682	236
682	283
682	734
682	961
682	969
683	57
683	182
683	193
683	478
683	977
683	997
684	570
684	761
684	803
684	930
684	951
684	965
685	22
685	203
685	625
685	634
685	638
685	986
686	323
686	573
686	763
686	866
686	870
686	919
687	445
687	688
687	767
687	839
687	876
687	964
688	20
688	104
688	445
688	687
688	811
688	982
689	84
689	278
689	311
689	549
689	589
689	883
690	622
690	659
690	665
690	808
690	916
690	926
691	130
691	266
691	487
691	680
691	836
691	885
692	526
692	661
692	820
692	896
692	919
692	944
693	258
693	364
693	529
693	635
693	820
693	844
694	547
694	714
694	759
694	907
694	912
694	942
695	244
695	673
695	780
695	859
695	948
695	976
696	4
696	114
696	523
696	871
696	961
696	969
697	408
697	477
697	534
697	775
697	797
697	893
698	271
698	316
698	320
698	376
698	768
698	819
699	342
699	503
699	633
699	706
699	754
699	858
700	39
700	417
700	549
700	895
700	968
700	992
701	402
701	555
701	728
701	776
701	783
701	924
702	192
702	388
702	405
702	663
702	900
702	956
703	527
703	665
703	808
703	877
703	916
703	984
704	135
704	350
704	436
704	740
704	889
704	994
705	10
705	173
705	225
705	481
705	559
705	794
706	150
706	699
706	910
706	918
706	977
706	997
707	78
707	428
707	559
707	584
707	778
707	887
708	317
708	406
708	654
708	827
708	920
708	963
709	120
709	182
709	365
709	503
709	977
709	997
710	206
710	535
710	574
710	808
710	877
710	984
711	170
711	561
711	791
711	818
711	946
711	973
712	59
712	167
712	717
712	727
712	743
712	923
713	204
713	278
713	464
713	850
713	954
713	972
714	372
714	694
714	942
714	947
714	956
714	971
715	66
715	237
715	500
715	640
715	801
715	806
715	958
716	440
716	588
716	642
716	677
716	761
716	880
716	911
717	125
717	146
717	629
717	712
717	743
717	755
717	875
718	62
718	193
718	199
718	545
718	910
718	977
718	997
719	231
719	447
719	487
719	519
719	804
719	885
719	982
720	268
720	724
720	796
720	824
720	833
720	994
720	999
721	219
721	389
721	785
721	844
721	896
721	940
721	980
722	608
722	726
722	744
722	918
722	974
722	977
722	997
723	110
723	424
723	593
723	810
723	897
723	934
723	990
724	47
724	394
724	613
724	720
724	833
724	861
724	886
725	76
725	479
725	757
725	805
725	856
725	894
725	1000
726	57
726	329
726	501
726	545
726	633
726	722
726	858
727	128
727	598
727	629
727	639
727	712
727	888
727	923
728	176
728	307
728	335
728	563
728	579
728	701
728	924
729	65
729	76
729	243
729	379
729	558
729	757
729	922
730	588
730	594
730	803
730	880
730	911
730	929
730	951
731	81
731	262
731	354
731	668
731	901
731	943
731	967
732	115
732	376
732	507
732	623
732	630
732	751
732	768
733	62
733	300
733	342
733	467
733	779
733	977
733	997
734	27
734	241
734	502
734	682
734	871
734	969
734	975
735	151
735	440
735	761
735	803
735	821
735	880
735	965
736	351
736	474
736	549
736	664
736	681
736	855
736	887
737	127
737	221
737	455
737	814
737	843
737	899
737	948
738	142
738	239
738	449
738	576
738	852
738	941
738	996
739	532
739	563
739	817
739	865
739	867
739	874
739	878
740	299
740	393
740	704
740	815
740	824
740	847
740	868
741	186
741	556
741	618
741	671
741	908
741	943
741	982
742	122
742	281
742	531
742	539
742	567
742	679
742	985
743	387
743	598
743	712
743	717
743	853
743	888
743	923
744	120
744	419
744	722
744	754
744	779
744	918
744	974
745	11
745	239
745	382
745	449
745	626
745	890
745	996
746	56
746	327
746	818
746	946
746	950
746	966
746	978
747	336
747	349
747	379
747	757
747	902
747	922
747	1000
748	91
748	135
748	166
748	394
748	436
748	643
748	786
749	113
749	125
749	598
749	676
749	769
749	875
749	888
750	176
750	370
750	392
750	575
750	660
750	872
750	957
751	42
751	74
751	233
751	448
751	630
751	732
751	873
752	351
752	466
752	681
752	778
752	887
752	895
752	992
753	494
753	781
753	840
753	845
753	950
753	973
753	998
754	366
754	633
754	699
754	744
754	910
754	977
754	997
755	138
755	471
755	480
755	639
755	717
755	769
755	923
756	493
756	763
756	820
756	834
756	940
756	954
756	962
757	377
757	725
757	729
757	747
757	856
757	902
757	1000
758	60
758	328
758	536
758	848
758	906
758	960
758	993
759	388
759	528
759	652
759	694
759	900
759	913
759	983
760	49
760	399
760	543
760	828
760	855
760	884
760	968
761	333
761	451
761	684
761	716
761	735
761	911
761	930
762	345
762	521
762	524
762	631
762	792
762	955
762	986
763	364
763	433
763	573
763	686
763	756
763	954
763	972
764	522
764	620
764	842
764	849
764	881
764	989
764	995
765	647
765	827
765	892
765	925
765	963
765	994
765	999
766	107
766	485
766	621
766	632
766	813
766	857
766	928
767	79
767	105
767	180
767	492
767	687
767	800
767	937
768	74
768	136
768	220
768	233
768	619
768	698
768	732
769	101
769	749
769	755
769	823
769	853
769	875
769	923
770	392
770	407
770	538
770	551
770	566
770	650
770	776
771	118
771	801
771	802
771	898
771	906
771	909
771	945
772	351
772	378
772	428
772	681
772	825
772	968
772	985
773	207
773	367
773	555
773	776
773	851
773	867
773	872
774	240
774	251
774	340
774	846
774	906
774	958
774	960
775	476
775	611
775	697
775	797
775	860
775	988
775	991
776	444
776	701
776	770
776	773
776	837
776	867
776	914
777	230
777	246
777	526
777	869
777	940
777	954
777	972
778	83
778	422
778	669
778	707
778	752
778	884
778	895
779	195
779	295
779	478
779	633
779	733
779	744
779	997
780	455
780	456
780	457
780	695
780	782
780	859
780	863
781	265
781	356
781	557
781	753
781	845
781	946
781	966
781	973
782	127
782	472
782	655
782	780
782	799
782	859
782	905
782	976
783	35
783	575
783	650
783	701
783	867
783	874
783	914
783	933
784	215
784	548
784	670
784	832
784	876
784	943
784	964
784	982
785	204
785	520
785	526
785	553
785	721
785	850
785	919
785	972
786	67
786	317
786	614
786	748
786	790
786	921
786	994
786	999
787	162
787	174
787	261
787	285
787	435
787	871
787	969
787	975
788	11
788	232
788	303
788	504
788	812
788	897
788	934
788	990
789	154
789	156
789	473
789	595
789	649
789	852
789	890
789	996
790	91
790	99
790	341
790	613
790	615
790	786
790	796
790	939
791	171
791	412
791	603
791	711
791	845
791	938
791	953
791	966
792	524
792	571
792	631
792	638
792	762
792	816
792	955
792	986
793	469
793	822
793	842
793	849
793	903
793	904
793	989
793	995
794	296
794	362
794	549
794	589
794	636
794	705
794	968
794	992
795	338
795	443
795	455
795	646
795	672
795	843
795	905
795	949
796	99
796	393
796	442
796	720
796	790
796	861
796	886
796	999
797	511
797	540
797	611
797	697
797	775
797	893
797	988
797	991
798	73
798	221
798	468
798	655
798	673
798	843
798	948
798	959
799	13
799	248
799	457
799	672
799	782
799	829
799	843
799	949
800	46
800	71
800	267
800	492
800	668
800	767
800	937
800	982
801	158
801	251
801	332
801	609
801	715
801	771
801	806
801	945
802	277
802	360
802	640
802	771
802	806
802	906
802	958
802	993
803	440
803	570
803	684
803	730
803	735
803	880
803	929
803	965
804	12
804	142
804	354
804	397
804	548
804	719
804	811
804	901
805	153
805	349
805	516
805	725
805	894
805	902
805	922
805	1000
806	66
806	286
806	360
806	514
806	536
806	715
806	801
806	802
807	131
807	282
807	333
807	451
807	929
807	930
807	951
807	965
808	383
808	527
808	622
808	659
808	690
808	703
808	710
808	984
809	6
809	266
809	361
809	391
809	475
809	671
809	811
809	885
810	287
810	330
810	424
810	593
810	723
810	897
810	934
810	990
811	109
811	267
811	354
811	556
811	604
811	688
811	804
811	809
812	232
812	314
812	330
812	569
812	788
812	897
812	934
812	990
813	224
813	306
813	400
813	552
813	590
813	766
813	838
813	882
814	672
814	737
814	829
814	841
814	863
814	948
814	959
814	985
815	368
815	406
815	583
815	643
815	740
815	891
815	925
815	939
816	345
816	380
816	521
816	625
816	631
816	792
816	955
816	986
817	298
817	497
817	616
817	660
817	739
817	874
817	932
817	936
818	491
818	506
818	711
818	746
818	845
818	966
818	973
818	998
819	42
819	259
819	284
819	320
819	507
819	619
819	623
819	698
820	612
820	635
820	692
820	693
820	756
820	850
820	869
820	917
821	100
821	451
821	588
821	677
821	735
821	880
821	911
821	930
822	512
822	522
822	580
822	793
822	881
822	903
822	970
822	989
823	101
823	167
823	517
823	639
823	676
823	769
823	853
823	875
824	452
824	592
824	647
824	651
824	654
824	720
824	740
824	920
825	86
825	279
825	422
825	567
825	772
825	828
825	855
825	887
826	326
826	565
826	617
826	883
826	935
826	944
826	954
826	962
827	344
827	384
827	393
827	426
827	585
827	708
827	765
827	999
828	9
828	86
828	362
828	466
828	641
828	760
828	825
828	884
829	655
829	799
829	814
829	841
829	859
829	949
829	976
829	985
830	18
830	172
830	179
830	545
830	633
830	858
830	918
830	974
831	95
831	276
831	415
831	423
831	485
831	505
831	838
831	882
832	211
832	231
832	519
832	537
832	548
832	550
832	618
832	784
833	394
833	656
833	720
833	724
833	847
833	891
833	921
833	931
834	8
834	96
834	334
834	756
834	869
834	917
834	944
834	980
835	205
835	228
835	246
835	526
835	565
835	573
835	879
835	917
836	211
836	358
836	373
836	454
836	510
836	680
836	691
836	943
837	304
837	441
837	650
837	776
837	851
837	924
837	936
837	957
838	423
838	458
838	492
838	552
838	590
838	601
838	645
838	813
838	831
839	71
839	196
839	556
839	671
839	687
839	885
839	901
839	908
839	967
840	23
840	310
840	491
840	603
840	753
840	938
840	946
840	950
840	978
841	234
841	348
841	655
841	814
841	829
841	929
841	930
841	951
841	965
842	102
842	235
842	675
842	764
842	793
842	881
842	903
842	989
842	995
843	468
843	546
843	737
843	795
843	798
843	799
843	859
843	905
843	985
844	26
844	43
844	389
844	433
844	693
844	721
844	944
844	954
844	981
845	371
845	446
845	597
845	753
845	781
845	791
845	818
845	950
845	953
846	93
846	256
846	360
846	774
846	862
846	906
846	909
846	945
846	958
847	17
847	209
847	410
847	483
847	740
847	833
847	925
847	931
847	994
848	3
848	160
848	277
848	461
848	758
848	864
848	945
848	960
848	993
849	409
849	430
849	764
849	793
849	881
849	903
849	904
849	970
849	995
850	26
850	290
850	464
850	573
850	713
850	785
850	820
850	952
850	972
851	1
851	54
851	402
851	444
851	497
851	773
851	837
851	867
851	932
852	449
852	450
852	459
852	460
852	738
852	789
852	890
852	941
852	996
853	471
853	480
853	629
853	657
853	743
853	769
853	823
853	875
853	923
854	216
854	247
854	363
854	421
854	484
854	505
854	590
854	601
854	882
855	140
855	312
855	334
855	422
855	669
855	736
855	760
855	825
855	992
856	65
856	76
856	153
856	479
856	558
856	725
856	757
856	894
856	1000
857	61
857	185
857	224
857	485
857	552
857	590
857	632
857	766
857	979
858	18
858	179
858	501
858	699
858	726
858	830
858	910
858	918
858	977
859	119
859	457
859	468
859	673
859	695
859	780
859	782
859	829
859	843
860	14
860	41
860	302
860	309
860	560
860	611
860	775
860	893
860	991
861	159
861	530
861	602
861	651
861	724
861	796
861	868
861	963
861	999
862	286
862	328
862	461
862	568
862	846
862	864
862	909
862	945
862	993
863	123
863	443
863	456
863	646
863	672
863	780
863	814
863	949
863	976
864	111
864	158
864	332
864	404
864	447
864	666
864	848
864	862
864	960
865	141
865	207
865	386
865	403
865	416
865	578
865	662
865	739
865	933
866	30
866	249
866	529
866	686
866	870
866	883
866	952
866	980
866	981
867	54
867	117
867	357
867	566
867	739
867	773
867	776
867	783
867	851
868	67
868	299
868	341
868	384
868	740
868	861
868	889
868	920
868	925
869	137
869	204
869	553
869	777
869	820
869	834
869	915
869	940
869	962
870	177
870	249
870	686
870	866
870	883
870	886
870	919
870	952
870	962
870	981
871	4
871	114
871	241
871	288
871	599
871	696
871	734
871	787
871	961
871	969
872	98
872	214
872	331
872	579
872	678
872	750
872	773
872	932
872	933
872	957
873	42
873	191
873	233
873	271
873	284
873	316
873	439
873	525
873	623
873	751
874	50
874	357
874	444
874	575
874	587
874	662
874	739
874	783
874	817
874	878
875	59
875	149
875	598
875	657
875	717
875	749
875	769
875	823
875	853
875	888
876	130
876	339
876	470
876	537
876	548
876	687
876	784
876	885
876	901
876	937
877	106
877	183
877	250
877	355
877	659
877	703
877	710
877	916
877	926
877	984
878	38
878	269
878	301
878	331
878	407
878	650
878	739
878	874
878	914
878	957
879	26
879	137
879	178
879	617
879	635
879	674
879	835
879	952
879	954
879	980
880	151
880	644
880	716
880	730
880	735
880	803
880	821
880	920
880	951
880	965
881	430
881	509
881	580
881	764
881	822
881	842
881	849
881	903
881	904
881	995
882	82
882	95
882	415
882	621
882	632
882	645
882	813
882	831
882	854
882	979
883	177
883	381
883	433
883	518
883	520
883	689
883	826
883	866
883	870
883	935
884	140
884	352
884	474
884	664
884	669
884	760
884	778
884	828
884	985
884	992
885	104
885	105
885	346
885	373
885	691
885	719
885	809
885	839
885	876
885	982
886	406
886	482
886	585
886	724
886	796
886	870
886	896
886	940
886	952
886	963
887	69
887	399
887	417
887	488
887	679
887	707
887	736
887	752
887	825
887	895
888	103
888	138
888	471
888	639
888	657
888	676
888	727
888	743
888	749
888	875
889	17
889	159
889	483
889	613
889	654
889	656
889	704
889	868
889	921
889	999
890	116
890	382
890	450
890	473
890	576
890	626
890	745
890	789
890	852
890	996
891	92
891	99
891	308
891	317
891	344
891	815
891	833
891	921
891	939
891	994
892	145
892	308
892	344
892	426
892	452
892	583
892	765
892	920
892	939
892	963
893	302
893	511
893	540
893	554
893	599
893	611
893	697
893	797
893	860
893	988
894	242
894	243
894	275
894	343
894	628
894	725
894	805
894	856
894	902
894	922
895	9
895	49
895	173
895	543
895	636
895	700
895	752
895	778
895	887
895	985
896	80
896	326
896	565
896	674
896	692
896	721
896	886
896	927
896	935
896	954
897	287
897	303
897	504
897	569
897	723
897	788
897	810
897	812
897	934
897	990
898	3
898	44
898	190
898	353
898	499
898	514
898	536
898	640
898	771
898	958
899	127
899	248
899	338
899	456
899	646
899	672
899	737
899	948
899	949
899	959
900	16
900	437
900	541
900	606
900	663
900	702
900	759
900	907
900	947
900	956
901	186
901	196
901	454
901	554
901	604
901	731
901	804
901	839
901	876
901	967
902	7
902	64
902	343
902	479
902	747
902	757
902	805
902	894
902	922
902	1000
903	620
903	675
903	793
903	822
903	842
903	849
903	881
903	904
903	970
903	989
903	995
904	144
904	294
904	469
904	512
904	793
904	849
904	881
904	903
904	970
904	989
904	995
905	2
905	119
905	168
905	221
905	244
905	782
905	795
905	843
905	948
905	949
905	976
906	434
906	461
906	482
906	568
906	758
906	771
906	774
906	802
906	846
906	945
906	993
907	541
907	577
907	596
907	627
907	694
907	900
907	912
907	942
907	947
907	956
907	983
908	6
908	46
908	97
908	346
908	354
908	361
908	486
908	487
908	670
908	741
908	839
909	126
909	133
909	322
909	434
909	463
909	609
909	771
909	846
909	862
909	945
909	958
910	124
910	467
910	478
910	545
910	706
910	718
910	754
910	858
910	974
910	977
910	997
911	333
911	594
911	642
911	644
911	677
911	716
911	730
911	761
911	821
911	930
911	965
912	411
912	627
912	653
912	663
912	694
912	907
912	942
912	947
912	956
912	983
912	987
913	16
913	263
913	541
913	547
913	627
913	652
913	759
913	947
913	956
913	971
913	987
914	50
914	139
914	291
914	331
914	497
914	579
914	662
914	776
914	783
914	878
914	933
915	43
915	169
915	208
915	297
915	482
915	661
915	869
915	917
915	952
915	954
915	980
916	383
916	516
916	527
916	535
916	574
916	600
916	622
916	665
916	690
916	703
916	877
917	30
917	228
917	318
917	326
917	529
917	661
917	820
917	834
917	835
917	915
917	972
918	150
918	157
918	193
918	223
918	608
918	706
918	722
918	744
918	830
918	858
918	997
919	228
919	526
919	612
919	635
919	686
919	692
919	785
919	870
919	935
919	952
919	962
920	333
920	594
920	644
920	708
920	824
920	868
920	880
920	892
920	930
920	951
920	994
921	17
921	268
921	585
921	615
921	786
921	833
921	889
921	891
921	931
921	994
921	999
922	153
922	336
922	343
922	377
922	379
922	729
922	747
922	805
922	894
922	902
922	1000
923	103
923	264
923	387
923	657
923	676
923	712
923	727
923	743
923	755
923	769
923	853
924	21
924	33
924	141
924	307
924	441
924	660
924	662
924	701
924	728
924	837
924	957
925	40
925	151
925	384
925	585
925	607
925	765
925	815
925	847
925	868
925	939
925	999
926	200
926	206
926	254
926	383
926	513
926	535
926	574
926	600
926	665
926	690
926	877
926	984
927	8
927	32
927	90
927	178
927	278
927	290
927	359
927	553
927	562
927	896
927	935
927	962
928	82
928	185
928	216
928	325
928	421
928	431
928	601
928	610
928	645
928	658
928	766
928	979
929	152
929	401
929	570
929	588
929	642
929	677
929	730
929	803
929	807
929	841
929	951
929	965
930	100
930	234
930	401
930	570
930	684
930	761
930	807
930	821
930	841
930	911
930	920
930	951
931	92
931	166
931	209
931	341
931	442
931	592
931	643
931	647
931	833
931	847
931	921
931	963
932	337
932	357
932	425
932	496
932	578
932	648
932	660
932	817
932	851
932	872
932	933
932	936
933	1
933	367
933	425
933	532
933	575
933	616
933	783
933	865
933	872
933	914
933	932
933	936
934	108
934	134
934	303
934	424
934	569
934	593
934	723
934	788
934	810
934	812
934	897
934	990
935	30
935	75
935	297
935	364
935	612
935	826
935	883
935	896
935	919
935	927
935	972
935	980
936	38
936	63
936	386
936	538
936	551
936	587
936	616
936	817
936	837
936	932
936	933
936	957
937	58
937	70
937	226
937	358
937	369
937	475
937	618
937	667
937	671
937	767
937	800
937	876
938	68
938	171
938	235
938	293
938	446
938	491
938	533
938	624
938	791
938	840
938	946
938	998
939	350
939	384
939	452
939	530
939	602
939	614
939	790
939	815
939	891
939	892
939	925
939	994
940	137
940	201
940	249
940	553
940	635
940	721
940	756
940	777
940	869
940	886
940	962
940	981
941	142
941	163
941	382
941	438
941	459
941	473
941	595
941	626
941	649
941	738
941	852
941	996
942	194
942	411
942	577
942	581
942	694
942	714
942	907
942	912
942	947
942	956
942	971
942	983
943	88
943	186
943	262
943	305
943	667
943	680
943	731
943	741
943	784
943	836
943	967
943	982
944	230
944	389
944	395
944	518
944	661
944	692
944	826
944	834
944	844
944	972
944	980
944	981
945	237
945	462
945	463
945	568
945	771
945	801
945	846
945	848
945	862
945	906
945	909
945	993
946	187
946	310
946	494
946	544
946	711
946	746
946	781
946	840
946	938
946	953
946	973
946	978
947	87
947	194
947	405
947	596
947	663
947	714
947	900
947	907
947	912
947	913
947	942
947	983
948	123
948	468
948	646
948	673
948	695
948	737
948	798
948	814
948	899
948	905
948	949
948	976
949	168
949	273
949	472
949	655
949	795
949	799
949	829
949	863
949	899
949	905
949	948
949	976
949	985
950	356
950	414
950	494
950	542
950	544
950	582
950	746
950	753
950	840
950	845
950	973
950	978
950	998
951	89
951	594
951	642
951	644
951	684
951	730
951	807
951	841
951	880
951	920
951	929
951	930
951	965
952	198
952	493
952	562
952	565
952	850
952	866
952	870
952	879
952	886
952	915
952	919
952	972
952	981
953	289
953	293
953	356
953	371
953	412
953	414
953	494
953	605
953	791
953	845
953	946
953	978
953	998
954	80
954	297
954	390
954	713
954	756
954	763
954	777
954	826
954	844
954	879
954	896
954	915
954	981
955	143
955	203
955	345
955	347
955	521
955	571
955	631
955	634
955	638
955	762
955	792
955	816
955	986
956	29
956	192
956	653
956	702
956	714
956	900
956	907
956	912
956	913
956	942
956	971
956	983
956	987
957	35
957	112
957	155
957	386
957	392
957	538
957	575
957	750
957	837
957	872
957	878
957	924
957	936
958	160
958	256
958	328
958	332
958	514
958	609
958	637
958	715
958	774
958	802
958	846
958	898
958	909
959	13
959	168
959	273
959	443
959	455
959	472
959	546
959	672
959	798
959	814
959	899
959	976
959	985
960	52
960	118
960	126
960	133
960	190
960	396
960	434
960	500
960	666
960	758
960	774
960	848
960	864
961	51
961	174
961	255
961	261
961	288
961	435
961	502
961	523
961	682
961	696
961	871
961	969
961	975
962	32
962	96
962	390
962	553
962	756
962	826
962	869
962	870
962	919
962	927
962	940
962	972
962	980
963	45
963	159
963	274
963	308
963	490
963	643
963	654
963	708
963	765
963	861
963	886
963	892
963	931
964	12
964	19
964	180
964	339
964	358
964	429
964	548
964	550
964	670
964	680
964	687
964	784
964	967
965	152
965	282
965	594
965	642
965	644
965	684
965	735
965	803
965	807
965	841
965	880
965	911
965	929
965	951
966	56
966	68
966	171
966	310
966	506
966	561
966	603
966	605
966	746
966	781
966	791
966	818
966	973
966	998
967	58
967	346
967	369
967	486
967	510
967	519
967	618
967	668
967	731
967	839
967	901
967	943
967	964
967	982
968	140
968	147
968	165
968	189
968	334
968	488
968	515
968	543
968	586
968	700
968	760
968	772
968	794
968	992
969	27
969	241
969	261
969	283
969	285
969	435
969	599
969	682
969	696
969	734
969	787
969	871
969	961
969	975
970	102
970	202
970	469
970	509
970	512
970	580
970	620
970	675
970	822
970	849
970	903
970	904
970	989
970	995
971	194
971	372
971	427
971	547
971	581
971	652
971	653
971	663
971	714
971	913
971	942
971	956
971	983
971	987
972	201
972	219
972	493
972	713
972	763
972	777
972	785
972	850
972	917
972	935
972	944
972	952
972	962
972	981
973	23
973	68
973	170
973	187
973	597
973	605
973	711
973	753
973	781
973	818
973	946
973	950
973	966
973	998
974	5
974	120
974	157
974	199
974	223
974	295
974	419
974	503
974	545
974	722
974	744
974	830
974	910
974	997
975	4
975	27
975	51
975	162
975	174
975	236
975	283
975	288
975	502
975	523
975	734
975	787
975	961
975	969
976	73
976	244
976	348
976	456
976	457
976	695
976	782
976	829
976	863
976	905
976	948
976	949
976	959
976	985
977	182
977	295
977	467
977	501
977	608
977	683
977	706
977	709
977	718
977	722
977	733
977	754
977	858
977	910
978	48
978	240
978	265
978	293
978	533
978	544
978	597
978	603
978	624
978	746
978	840
978	946
978	950
978	953
979	82
979	185
979	319
979	325
979	400
979	423
979	431
979	484
979	552
979	572
979	610
979	621
979	857
979	882
979	928
980	75
980	238
980	389
980	395
980	573
980	661
980	721
980	834
980	866
980	879
980	915
980	935
980	944
980	962
980	981
981	75
981	311
981	390
981	489
981	520
981	565
981	844
981	866
981	870
981	940
981	944
981	952
981	954
981	972
981	980
982	81
982	97
982	324
982	358
982	361
982	537
982	680
982	688
982	719
982	741
982	784
982	800
982	885
982	943
982	967
983	29
983	263
983	372
983	577
983	596
983	606
983	627
983	653
983	759
983	907
983	912
983	942
983	947
983	956
983	971
984	31
984	206
984	254
984	355
984	418
984	513
984	516
984	535
984	574
984	600
984	703
984	710
984	808
984	877
984	926
985	132
985	466
985	586
985	646
985	742
985	772
985	814
985	829
985	843
985	884
985	895
985	949
985	959
985	976
985	992
986	22
986	143
986	229
986	345
986	380
986	420
986	521
986	524
986	625
986	634
986	685
986	762
986	792
986	816
986	955
987	161
987	212
987	222
987	263
987	411
987	437
987	528
987	547
987	581
987	606
987	663
987	912
987	913
987	956
987	971
988	14
988	41
988	257
988	309
988	465
988	476
988	477
988	511
988	534
988	540
988	560
988	775
988	797
988	893
988	991
989	202
989	409
989	430
989	469
989	509
989	512
989	580
989	675
989	764
989	793
989	822
989	842
989	903
989	904
989	970
990	108
990	110
990	258
990	314
990	330
990	424
990	504
990	569
990	593
990	723
990	788
990	810
990	812
990	897
990	934
991	14
991	257
991	302
991	408
991	465
991	476
991	511
991	534
991	540
991	560
991	599
991	775
991	797
991	860
991	988
992	10
992	83
992	86
992	147
992	165
992	352
992	641
992	669
992	700
992	752
992	794
992	855
992	884
992	968
992	985
993	53
993	111
993	126
993	375
993	434
993	447
993	453
993	461
993	499
993	758
993	802
993	848
993	862
993	906
993	945
994	217
994	410
994	436
994	602
994	614
994	654
994	704
994	720
994	765
994	786
994	847
994	891
994	920
994	921
994	939
995	102
995	144
995	294
995	522
995	580
995	620
995	675
995	764
995	793
995	842
995	849
995	881
995	903
995	904
995	970
996	72
996	116
996	175
996	450
996	459
996	460
996	576
996	595
996	649
996	738
996	745
996	789
996	852
996	890
996	941
997	5
997	121
997	365
997	608
997	683
997	706
997	709
997	718
997	722
997	733
997	754
997	779
997	910
997	918
997	974
998	210
998	289
998	412
998	414
998	506
998	564
998	603
998	624
998	753
998	818
998	938
998	950
998	953
998	966
998	973
999	92
999	268
999	442
999	592
999	613
999	651
999	720
999	765
999	786
999	796
999	827
999	861
999	889
999	921
999	925
1000	7
1000	181
1000	243
1000	336
1000	377
1000	432
1000	558
1000	628
1000	725
1000	747
1000	757
1000	805
1000	856
1000	902
1000	922
