26709	101276	
1536	101276	
15768	101276	
6741	101276	
22345	101276	
24142	101276	
58481	101276	
40962	101276	
52767	101276	
76050	101276	
77336	101276	
60494	101276	
73864	101276	
69632	101276	
80017	101276	
97661	101276	
99168	101276	
99174	101276	
99177	101276	
99183	101276	
99188	101276	
99198	101276	
99199	101276	
99205	101276	
99206	101276	
99207	101276	
99212	101276	
99213	101276	
99222	101276	
99224	101276	
99226	101276	
99228	101276	
99229	101276	
99235	101276	
101241	101276	
101251	101276	
101261	101276	
101270	101276	
101276	101279	
101276	101302	
101276	101312	
101276	101334	
101276	101342	
101276	102531	
101276	103107	
101276	108299	
101276	110912	
101276	110917	
101276	114668	
101276	120481	
101276	127042	
101276	152978	
101276	153932	
101276	166458	
101276	168469	
101276	175602	
101276	176282	
101276	183192	
101276	199408	
101276	208097	
101276	231683	
101276	234242	
101276	235537	
101276	235831	
101276	237181	
101276	245056	
101276	245068	
101276	245074	
101276	245083	
101276	246530	
101276	249753	
101276	251157	
101276	253777	
101276	256884	
101276	265252	
101276	267021	
101276	267655	
101276	270561	
101276	277684	
101276	284141	
101276	284149	
101276	284319	
101276	284470	
101276	286693	
101276	286778	
101276	293587	
101276	300510	
101276	305660	
101276	305662	
101276	305664	
101276	305665	
101276	305675	
101276	305677	
101276	305683	
101276	305689	
101276	305690	
101276	305693	
101276	305695	
101276	305696	
101276	305697	
101276	305698	
101276	305699	
101276	305701	
101276	305704	
101276	305705	
101276	305707	
101276	305709	
101276	305714	
101276	305720	
101276	305723	
101276	305732	
101276	305734	
101276	305736	
101276	305738	
101276	305741	
101276	305742	
101276	305744	
101276	305749	
101276	305757	
101276	305758	
101276	305769	
101276	305770	
101276	305775	
101276	305785	
101276	305787	
101276	305795	
101276	305813	
101276	312122	
101276	379959	
101276	395083	
101276	398867	
101276	399503	
101276	412212	
101276	412443	
101276	413650	
101276	413675	
101276	437850	
101276	441322	
101276	441888	
101276	445387	
101276	456596	
101276	493438	
101276	497868	
101276	498011	
101276	509633	
101276	511789	
101276	519579	
101276	532197	
101276	537981	
101276	542880	
101276	545531	
101276	551912	
101276	552656	
101276	565679	
101276	565830	
101276	566329	
101276	581927	
101276	581932	
101276	598966	
101276	606832	
101276	611132	
101276	622437	
101276	622492	
101276	627291	
101276	643274	
101276	644050	
101276	645158	
101276	659344	
101276	665908	
101276	665911	
101276	671759	
101276	671768	
101276	671771	
101276	683687	
101276	684571	
101276	686375	
101276	692752	
101276	698979	
101276	702158	
101276	702651	
101276	703692	
101276	703826	
101276	704888	
101276	704934	
101276	706742	
101276	708566	
101276	709086	
101276	710118	
101276	711491	
101276	712007	
101276	712009	
101276	713561	
101276	717672	
101276	717995	
101276	717997	
101276	717999	
101276	720752	
101276	732903	
101276	738435	
101276	740726	
101276	741321	
101276	760377	
101276	774715	
101276	774717	
101276	774735	
101276	782397	
101276	783414	
101276	788423	
101276	790652	
101276	814742	
101276	815416	
101276	823545	
101276	824020	
101276	835646	
101276	842309	
101276	865959	
101276	873642	
101276	875127	
101276	878512	
101276	903392	
101276	918873	
101276	919108	
101276	922435	
101276	923998	
101276	937210	
101276	951602	
101276	953903	
101276	968179	
101276	971211	
101276	971277	
101276	971393	
101276	977458	
101276	980108	
101276	981709	
101276	1897286	
101276	1900562	
101276	1910715	
101276	1924886	
101276	1951947	
101276	1967035	
101276	1986243	
101276	1993105	
101276	2006957	
101276	2007947	
101276	2022299	
101276	2022327	
101276	2022356	
101276	2039926	
101276	2039929	
101276	2039936	
101276	2064403	
101276	2144301	
101276	2147162	
101276	2155093	
101276	2195831	
101276	2195832	
101276	2211277	
101276	2213497	
101276	2220321	
101276	2222585	
101276	2223351	
101276	2225261	
101276	2230142	
101276	2230459	
101276	2230465	
101276	2230994	
101276	2250580	
101276	2303153	
101276	2303551	
101276	2303555	
101276	2307412	
101276	2310574	
101276	2342838	
101276	2370130	
101276	2372135	
101276	2387832	
101276	2393514	
101276	2400188	
101276	2441446	
101276	2459275	
101276	2461053	
101276	2480044	
101276	2536390	
101276	2538064	
101276	2538065	
101276	2538353	
101276	2554144	
101276	2563219	
101276	2563221	
101276	2608885	
101276	2619462	
101276	2695763	
101276	2698375	
101276	2703708	
101276	2710529	
101276	2710535	
101276	2710542	
101276	2710922	
101276	2710924	
101276	2712952	
101276	2719361	
101276	2721972	
101276	2721973	
101276	2721974	
101276	2721976	
101276	2721977	
101276	2721978	
101276	2721980	
101276	2721981	
101276	2721992	
101276	2721998	
101276	2721999	
101276	2722000	
101276	2722001	
101276	2722007	
101276	2722009	
101276	2722010	
101276	2722011	
101276	2722015	
101276	2722018	
101276	2722023	
101276	2722025	
101276	2722027	
101276	2722029	
101276	2722032	
101276	2722309	
2	26709	
675	58481	
1002	15768	
26698	26709	
26709	26725	
26709	36747	
26709	36973	
26709	52261	
26709	66709	
26709	69641	
26709	73864	
26709	74190	
26709	76050	
26709	76611	
26709	76804	
26709	77336	
26709	93956	
26709	94466	
26709	97661	
26709	97850	
26709	99168	
26709	99177	
26709	99183	
26709	99188	
26709	99192	
26709	99198	
26709	99199	
26709	99200	
26709	99202	
26709	99203	
26709	99204	
26709	99206	
26709	99207	
26709	99210	
26709	99212	
26709	99218	
26709	99222	
26709	99225	
26709	99226	
26709	99230	
26709	99235	
26709	99239	
26709	99246	
26709	101241	
26709	101251	
26709	101261	
26709	101279	
26709	102528	
26709	102531	
26709	116759	
26709	127042	
26709	133405	
26709	137250	
26709	143648	
26709	146213	
26709	146215	
26709	156168	
26709	161137	
26709	161140	
26709	172074	
26709	177008	
26709	178884	
26709	192684	
26709	198416	
26709	205485	
26709	208097	
26709	221699	
26709	223649	
26709	231683	
26709	235537	
26709	235831	
26709	237139	
26709	238833	
26709	239971	
26709	244701	
26709	246561	
26709	256479	
26709	264993	
26709	271422	
26709	277526	
26709	277684	
26709	284141	
26709	284149	
26709	284470	
26709	284846	
26709	286778	
26709	290827	
26709	305660	
26709	305662	
26709	305664	
26709	305675	
26709	305689	
26709	305693	
26709	305697	
26709	305704	
26709	305705	
26709	305709	
26709	305716	
26709	305720	
26709	305723	
26709	305734	
26709	305738	
26709	305744	
26709	305749	
26709	305756	
26709	305758	
26709	305769	
26709	305770	
26709	305795	
26709	305797	
26709	305798	
26709	310948	
26709	314733	
26709	335979	
26709	335981	
26709	337458	
26709	395865	
26709	401412	
26709	403223	
26709	403228	
26709	403234	
26709	403239	
26709	406323	
26709	415229	
26709	415234	
26709	450955	
26709	459622	
26709	459654	
26709	487381	
26709	491887	
26709	513811	
26709	519650	
26709	522699	
26709	539661	
26709	539673	
26709	549406	
26709	552656	
26709	554808	
26709	556885	
26709	567148	
26709	583767	
26709	587129	
26709	589290	
26709	595568	
26709	602911	
26709	610372	
26709	612175	
26709	617993	
26709	621202	
26709	622437	
26709	628435	
26709	638820	
26709	641355	
26709	644022	
26709	644050	
26709	664537	
26709	669063	
26709	717672	
26709	723388	
26709	732948	
26709	741626	
26709	755562	
26709	773316	
26709	774706	
26709	774715	
26709	774717	
26709	774731	
26709	774735	
26709	774741	
26709	774744	
26709	774749	
26709	774756	
26709	774762	
26709	774768	
26709	774772	
26709	774773	
26709	774775	
26709	774778	
26709	774782	
26709	774799	
26709	774806	
26709	774811	
26709	774816	
26709	774822	
26709	774829	
26709	774833	
26709	774848	
26709	774854	
26709	774856	
26709	774860	
26709	774862	
26709	788416	
26709	920689	
26709	2212161	
26709	2217823	
26709	2536390	
26709	2722309	
9013	398867	
9028	99198	
9034	305704	
9037	305704	
4389	237181	
50	1536	
70	15768	
1431	97661	
1698	99222	
5199	251157	
357	22345	
436	24142	
1783	110912	
1783	110917	
1890	76050	
1912	114668	
2030	120481	
2044	99222	
2103	127042	
2124	76050	
1802	108299	
26282	99224	
4295	22345	
4329	234242	
3019	97661	
3033	175602	
3045	97661	
3068	176282	
6684	52767	
1169	69632	
4119	99224	
877	52767	
8160	284149	
8160	305664	
8160	379959	
1529	1536	
1529	26709	
1529	80017	
1529	99168	
1529	99174	
1529	99177	
1529	99183	
1529	99188	
1529	99198	
1529	99199	
1529	99205	
1529	99206	
1529	99207	
1529	99212	
1529	99213	
1529	99222	
1529	99224	
1529	99226	
1529	99228	
1529	99229	
1529	99235	
1530	1536	
1533	1536	
1535	1536	
1536	1538	
1536	1543	
1536	1544	
1536	1553	
1536	1577	
1536	1581	
1536	1582	
1536	1595	
1536	1601	
1536	1604	
1536	1606	
1536	1611	
1536	1615	
1536	1627	
1536	1631	
1536	1633	
1536	1635	
1536	1636	
1536	1643	
1536	1666	
1536	1673	
1536	30220	
1536	38306	
1536	41597	
1536	47951	
1536	84940	
1536	86937	
1536	93542	
1536	93997	
1536	94239	
1536	94567	
1536	97088	
1536	97148	
1536	98695	
1536	98811	
1536	99209	
1536	99220	
1536	99228	
1536	99231	
1536	99241	
1536	100724	
1536	101225	
1536	101233	
1536	101234	
1536	101235	
1536	101236	
1536	101237	
1536	101238	
1536	101239	
1536	101240	
1536	101241	
1536	101242	
1536	101243	
1536	101244	
1536	101245	
1536	101246	
1536	101247	
1536	101248	
1536	101249	
1536	101250	
1536	101251	
1536	101252	
1536	101253	
1536	101254	
1536	101255	
1536	101256	
1536	101257	
1536	101258	
1536	101259	
1536	101260	
1536	101261	
1536	101262	
1536	101263	
1536	101264	
1536	101265	
1536	101266	
1536	101267	
1536	101268	
1536	101269	
1536	101270	
1536	101271	
1536	101272	
1536	101273	
1536	101274	
1536	101275	
1536	101277	
1536	101278	
1536	101279	
1536	101280	
1536	101281	
1536	101282	
1536	101283	
1536	101284	
1536	101285	
1536	101286	
1536	101287	
1536	101288	
1536	101289	
1536	101290	
1536	101291	
1536	101292	
1536	101293	
1536	101294	
1536	101295	
1536	101296	
1536	101297	
1536	101298	
1536	101299	
1536	101300	
1536	101301	
1536	101302	
1536	101303	
1536	101304	
1536	101305	
1536	101306	
1536	101307	
1536	101308	
1536	101309	
1536	101310	
1536	101311	
1536	101312	
1536	101313	
1536	101314	
1536	101315	
1536	101316	
1536	101317	
1536	101318	
1536	101319	
1536	101320	
1536	101321	
1536	101322	
1536	101323	
1536	101324	
1536	101325	
1536	101326	
1536	101327	
1536	101328	
1536	101329	
1536	101330	
1536	101331	
1536	101332	
1536	101333	
1536	101334	
1536	101335	
1536	101336	
1536	101337	
1536	101338	
1536	101339	
1536	101340	
1536	101341	
1536	101342	
1536	101343	
1536	101344	
1536	101345	
1536	101346	
1536	101347	
1536	101348	
1536	101349	
1536	101350	
1536	2617746	
1536	2722335	
1536	2725259	
1536	2921380	
1575	99168	
1581	22345	
1581	26709	
1620	103107	
1673	99174	
1673	99205	
1673	99207	
1673	99213	
1673	99228	
1673	99235	
1673	102531	
4659	176282	
4733	175602	
4733	245056	
4733	245068	
4733	245074	
4733	245083	
4803	249753	
4811	246530	
4837	175602	
4858	251157	
3268	183192	
3383	97661	
3406	97661	
3610	199408	
19637	153932	
19650	153932	
19702	127042	
988	76050	
988	77336	
995	60494	
1005	52767	
1017	73864	
687	40962	
2683	52767	
2683	120481	
9462	305693	
9471	253777	
9471	412212	
9495	412443	
9513	99199	
9543	251157	
9565	413650	
9574	120481	
5417	265252	
7195	97661	
3160	77336	
5451	267655	
5461	267021	
12268	153932	
12286	40962	
12297	509633	
12362	511789	
15610	15768	
15733	15768	
15734	15768	
15768	27256	
15768	56417	
15768	61483	
15768	76050	
15768	99177	
15768	99183	
15768	99226	
15768	101251	
15768	101261	
15768	101334	
15768	104265	
15768	113037	
15768	159937	
15768	161703	
15768	167338	
15768	167358	
15768	167363	
15768	167370	
15768	167375	
15768	174601	
15768	204986	
15768	207674	
15768	207840	
15768	223485	
15768	284149	
15768	305690	
15768	305769	
15768	310863	
15768	439348	
15768	503931	
15768	513973	
15768	513980	
15768	532197	
15768	550931	
15768	551408	
15768	555241	
15768	573988	
15768	581909	
15768	581910	
15768	581911	
15768	581912	
15768	581913	
15768	581914	
15768	581915	
15768	581916	
15768	581917	
15768	581918	
15768	581919	
15768	581920	
15768	581921	
15768	581922	
15768	581925	
15768	581927	
15768	581928	
15768	581931	
15768	581932	
15768	581933	
15768	581934	
15768	581935	
15768	581936	
15768	581937	
15768	581938	
15768	581940	
15768	581941	
15768	581942	
15768	581943	
15768	581944	
15768	821817	
15768	848778	
15768	2064403	
15768	2370191	
15768	2721974	
15768	2753979	
15768	2909446	
15768	3052176	
4401	395083	
4408	231683	
4430	99198	
4433	99174	
4464	2459275	
4473	235831	
4483	235537	
4515	235831	
4531	686375	
2637	153932	
129	6741	
5574	270561	
12594	270561	
12605	77336	
12609	519579	
12627	413675	
8714	52767	
8719	395083	
7841	77336	
10477	305701	
2325	152978	
2794	22345	
2856	166458	
2901	168469	
2938	168469	
2969	97661	
2982	101302	
1330	80017	
1371	69632	
9617	413675	
11527	305732	
6740	6741	
6741	6791	
6741	20905	
6741	26709	
6741	44810	
6741	55214	
6741	60494	
6741	62625	
6741	63762	
6741	66709	
6741	69641	
6741	75892	
6741	76050	
6741	79414	
6741	80483	
6741	82770	
6741	90577	
6741	97661	
6741	99170	
6741	99177	
6741	99183	
6741	99192	
6741	99198	
6741	99199	
6741	99200	
6741	99205	
6741	99206	
6741	99207	
6741	99226	
6741	99228	
6741	99230	
6741	99232	
6741	99235	
6741	101241	
6741	101251	
6741	101261	
6741	101279	
6741	101312	
6741	101916	
6741	121290	
6741	127042	
6741	144791	
6741	161593	
6741	171210	
6741	172074	
6741	174100	
6741	208119	
6741	221650	
6741	231683	
6741	235537	
6741	238710	
6741	246561	
6741	277684	
6741	284141	
6741	284149	
6741	284470	
6741	284758	
6741	285775	
6741	286652	
6741	286693	
6741	291202	
6741	292096	
6741	305009	
6741	305012	
6741	305660	
6741	305661	
6741	305662	
6741	305663	
6741	305664	
6741	305665	
6741	305666	
6741	305667	
6741	305668	
6741	305669	
6741	305670	
6741	305671	
6741	305672	
6741	305673	
6741	305674	
6741	305675	
6741	305676	
6741	305677	
6741	305678	
6741	305679	
6741	305680	
6741	305681	
6741	305682	
6741	305683	
6741	305684	
6741	305685	
6741	305686	
6741	305687	
6741	305688	
6741	305689	
6741	305690	
6741	305691	
6741	305692	
6741	305693	
6741	305694	
6741	305695	
6741	305696	
6741	305697	
6741	305698	
6741	305699	
6741	305700	
6741	305701	
6741	305702	
6741	305703	
6741	305704	
6741	305705	
6741	305706	
6741	305707	
6741	305708	
6741	305709	
6741	305710	
6741	305711	
6741	305712	
6741	305713	
6741	305714	
6741	305715	
6741	305716	
6741	305717	
6741	305718	
6741	305719	
6741	305720	
6741	305721	
6741	305722	
6741	305723	
6741	305724	
6741	305725	
6741	305726	
6741	305727	
6741	305728	
6741	305729	
6741	305730	
6741	305731	
6741	305732	
6741	305733	
6741	305734	
6741	305735	
6741	305736	
6741	305737	
6741	305738	
6741	305739	
6741	305740	
6741	305741	
6741	305742	
6741	305743	
6741	305744	
6741	305745	
6741	305746	
6741	305747	
6741	305748	
6741	305749	
6741	305750	
6741	305751	
6741	305752	
6741	305753	
6741	305754	
6741	305755	
6741	305756	
6741	305757	
6741	305758	
6741	305759	
6741	305760	
6741	305761	
6741	305762	
6741	305763	
6741	305764	
6741	305765	
6741	305766	
6741	305767	
6741	305768	
6741	305769	
6741	305770	
6741	305771	
6741	305772	
6741	305773	
6741	305774	
6741	305775	
6741	305776	
6741	305777	
6741	305778	
6741	305779	
6741	305780	
6741	305781	
6741	305782	
6741	305783	
6741	305784	
6741	305785	
6741	305786	
6741	305787	
6741	305788	
6741	305789	
6741	305790	
6741	305791	
6741	305792	
6741	305793	
6741	305794	
6741	305795	
6741	305796	
6741	305797	
6741	305798	
6741	305799	
6741	305800	
6741	305801	
6741	305802	
6741	305803	
6741	305804	
6741	305805	
6741	305806	
6741	305807	
6741	305808	
6741	305809	
6741	305810	
6741	305811	
6741	305812	
6741	305813	
6741	305814	
6741	305815	
6741	590957	
6741	635211	
6741	717709	
6741	774717	
6741	917923	
6741	937617	
6741	952132	
6741	963845	
6741	977458	
6741	1993031	
6741	2061000	
6741	2150478	
6741	2321067	
6741	2323154	
6741	2393816	
6741	2400102	
6741	2408512	
6741	2477106	
6741	2536390	
6741	2708003	
6741	2710924	
6741	2712952	
6741	2774112	
6741	3025200	
6830	305720	
7947	253777	
6042	2536390	
6047	286693	
6056	284470	
6063	284319	
6065	284141	
6065	284149	
6070	284149	
6087	101270	
6087	286693	
6102	2722309	
6118	120481	
6133	176282	
6133	286778	
6139	286693	
6142	284470	
6147	284470	
10555	305736	
10583	153932	
10583	183192	
20758	413675	
6916	312122	
6975	97661	
4927	256884	
4989	253777	
5081	97661	
5115	199408	
16139	97661	
16139	99198	
16139	199408	
16150	99205	
16176	99198	
16186	152978	
16186	286693	
3824	208097	
7385	152978	
21378	60494	
21378	251157	
21378	611132	
5727	99198	
5771	277684	
24309	740726	
7785	120481	
13072	99183	
13137	99226	
13156	305695	
13156	532197	
6386	293587	
8316	305695	
8317	108299	
6614	300510	
12812	412212	
7317	99226	
8057	97661	
11736	497868	
11736	498011	
11798	790652	
8945	399503	
13018	168469	
35306	441888	
11169	97661	
10421	58481	
18169	249753	
18187	627291	
10829	114668	
