42437	1201481	
276656	1201481	
356520	1201481	
358603	1201481	
987138	1201481	
987334	1201481	
999514	1201481	
1015365	1201481	
1005320	1201481	
1091382	1201481	
1104272	1201481	
1070181	1201481	
1096272	1201481	
1096287	1201481	
1096297	1201481	
1096328	1201481	
1096359	1201481	
1096362	1201481	
1096397	1201481	
1096398	1201481	
1096465	1201481	
1120366	1201481	
1121344	1201481	
1145185	1201481	
1195575	1201481	
1196283	1201481	
1200916	1201481	
1201279	1201481	
1201394	1201481	
1201465	1201481	
1201481	1201509	
1201481	1201760	
1201481	1202573	
1201481	1202589	
1201481	1202669	
1201481	1204092	
1201481	1204939	
1201481	1205090	
1201481	1205409	
1201481	1205495	
1201481	1205667	
1201481	1205952	
1201481	1205975	
1201481	1206593	
1201481	1207125	
1201481	1207198	
1201481	1207573	
1201481	1208390	
1201481	1208714	
1201481	1209258	
1201481	1230783	
1201481	1251164	
1201481	1254745	
1201481	1283755	
1201481	1292134	
1201481	1292626	
1201481	1328530	
1201481	1338034	
1201481	1352998	
1201481	1362555	
1201481	1366411	
1201481	1371655	
1201481	1402629	
1201481	1402942	
1201481	1408436	
1201481	1471092	
1201481	1475674	
1201481	1551853	
1201481	1584398	
1201481	1605250	
1201481	1609426	
1201481	1619015	
1201481	1650540	
1201481	1694133	
1201481	1697193	
1201481	1733604	
1201481	1738728	
1201481	1747794	
1201481	1824347	
1201481	1825195	
1201481	1825598	
1201481	1836569	
1201481	1853991	
1201481	2101259	
1201481	2262937	
1201481	2335610	
1201481	2846300	
1201481	2851987	
1201481	2852015	
1201481	2852095	
1201481	2852156	
1201481	2852180	
1201481	2960039	
1201481	2960056	
1201481	2960089	
1201481	2988898	
1201481	2989192	
1201481	3009185	
1201481	3064117	
1124840	1201481	
1171642	1201481	
1173455	1201481	
692	42437	
5693	276656	
8123	356520	
8123	358603	
26778	356520	
26778	1173455	
42396	1206593	
42540	1124840	
42610	1124840	
42610	1230783	
43031	356520	
43296	999514	
55801	1650540	
55855	1005320	
55939	1145185	
55945	2101259	
55966	356520	
55966	1145185	
42145	987138	
42145	987334	
42154	42437	
42154	999514	
42157	42437	
42182	1015365	
42192	356520	
42195	356520	
42214	356520	
42214	1015365	
42226	1015365	
42231	999514	
42236	42437	
42236	1015365	
42238	999514	
42239	1005320	
42251	1091382	
42255	1005320	
42273	1015365	
42277	1104272	
42279	358603	
42279	1005320	
42279	1070181	
42282	356520	
42291	1015365	
42297	42437	
42340	999514	
42343	1015365	
42353	1338034	
42379	276656	
42379	1096272	
42379	1096287	
42379	1096297	
42379	1096328	
42379	1096359	
42379	1096362	
42379	1096397	
42379	1096398	
42379	1096465	
42381	1015365	
42381	1121344	
42383	1015365	
42392	1120366	
42392	1121344	
42398	999514	
42428	42437	
42428	1145185	
42431	42437	
42431	356520	
42431	1015365	
42436	1015365	
42437	42448	
42437	42483	
42437	42505	
42437	42510	
42437	42563	
42437	42590	
42437	42597	
42437	42607	
42437	42610	
42437	42631	
42437	42652	
42437	42663	
42437	42699	
42437	42760	
42437	42824	
42437	42829	
42437	42860	
42437	42863	
42437	42864	
42437	42893	
42437	42950	
42437	42977	
42437	43031	
42437	43049	
42437	43095	
42437	43099	
42437	43163	
42437	43192	
42437	43204	
42437	43245	
42437	43283	
42437	43296	
42437	43386	
42437	43412	
42437	43424	
42437	43441	
42437	43459	
42437	43463	
42437	43503	
42437	43517	
42437	43613	
42437	43643	
42437	43646	
42437	43728	
42437	43735	
42437	43750	
42437	43763	
42437	43778	
42437	43805	
42437	43919	
42437	44081	
42437	45168	
42437	46432	
42437	51987	
42437	63117	
42437	183349	
42437	189451	
42437	229512	
42437	248094	
42437	248724	
42437	248786	
42437	248841	
42437	248918	
42437	248945	
42437	249168	
42437	249169	
42437	249279	
42437	249436	
42437	249483	
42437	258777	
42437	276657	
42437	307042	
42437	307360	
42437	346762	
42437	349761	
42437	354179	
42437	354265	
42437	354414	
42437	354445	
42437	354481	
42437	354537	
42437	354908	
42437	355267	
42437	355399	
42437	355557	
42437	355753	
42437	355824	
42437	355827	
42437	356433	
42437	356734	
42437	356864	
42437	356910	
42437	356941	
42437	357738	
42437	357758	
42437	357930	
42437	358283	
42437	358342	
42437	358501	
42437	359034	
42437	359126	
42437	359567	
42437	359754	
42437	359869	
42437	360437	
42437	360530	
42437	360616	
42437	360782	
42437	361417	
42437	361828	
42437	362305	
42437	362639	
42437	362734	
42437	363107	
42437	363150	
42437	363426	
42437	363668	
42437	364033	
42437	364185	
42437	364270	
42437	364679	
42437	364789	
42437	364968	
42437	377766	
42437	442526	
42437	457730	
42437	458107	
42437	458221	
42437	458799	
42437	459846	
42437	459922	
42437	460009	
42437	461758	
42437	464203	
42437	467185	
42437	467209	
42437	468387	
42437	470236	
42437	470796	
42437	471001	
42437	471298	
42437	471397	
42437	472053	
42437	472733	
42437	473578	
42437	473873	
42437	474078	
42437	474556	
42437	478896	
42437	478902	
42437	479002	
42437	480927	
42437	481052	
42437	482013	
42437	482027	
42437	482029	
42437	482032	
42437	482253	
42437	492150	
42437	492200	
42437	492207	
42437	492246	
42437	492280	
42437	492292	
42437	492336	
42437	492365	
42437	492493	
42437	492497	
42437	497127	
42437	497363	
42437	505922	
42437	511095	
42437	520293	
42437	534193	
42437	557753	
42437	560563	
42437	578465	
42437	591172	
42437	599004	
42437	630732	
42437	662198	
42437	668656	
42437	668672	
42437	698500	
42437	707492	
42437	712878	
42437	714701	
42437	723534	
42437	724006	
42437	724851	
42437	733589	
42437	740666	
42437	757812	
42437	775292	
42437	776299	
42437	777894	
42437	779206	
42437	779254	
42437	779474	
42437	779534	
42437	819932	
42437	825011	
42437	836759	
42437	837055	
42437	838499	
42437	838533	
42437	864331	
42437	888729	
42437	890133	
42437	899973	
42437	928162	
42437	970482	
42437	970621	
42437	971058	
42437	971141	
42437	971841	
42437	976066	
42437	976550	
42437	978575	
42437	987796	
42437	987908	
42437	987940	
42437	988046	
42437	988113	
42437	988483	
42437	988935	
42437	988959	
42437	989089	
42437	989138	
42437	989214	
42437	990459	
42437	990470	
42437	990492	
42437	990765	
42437	990862	
42437	990871	
42437	990946	
42437	990964	
42437	991176	
42437	991321	
42437	991324	
42437	991344	
42437	991420	
42437	991477	
42437	991659	
42437	991664	
42437	991779	
42437	991943	
42437	992157	
42437	992312	
42437	992637	
42437	992727	
42437	992955	
42437	992989	
42437	993213	
42437	993330	
42437	993349	
42437	994013	
42437	994149	
42437	994591	
42437	994887	
42437	994963	
42437	995455	
42437	996536	
42437	997063	
42437	997265	
42437	997402	
42437	997595	
42437	997742	
42437	997848	
42437	997881	
42437	998073	
42437	998123	
42437	998417	
42437	999514	
42437	999578	
42437	1000739	
42437	1000740	
42437	1000936	
42437	1001161	
42437	1001283	
42437	1002035	
42437	1002168	
42437	1002243	
42437	1002271	
42437	1002279	
42437	1002301	
42437	1002369	
42437	1002380	
42437	1002385	
42437	1002409	
42437	1002442	
42437	1002576	
42437	1003167	
42437	1003240	
42437	1003385	
42437	1003396	
42437	1004012	
42437	1004063	
42437	1004088	
42437	1004137	
42437	1004141	
42437	1004248	
42437	1004362	
42437	1004390	
42437	1004406	
42437	1004410	
42437	1004507	
42437	1004671	
42437	1004682	
42437	1004700	
42437	1004706	
42437	1004869	
42437	1004872	
42437	1004903	
42437	1005040	
42437	1006012	
42437	1006226	
42437	1006348	
42437	1006622	
42437	1006715	
42437	1007074	
42437	1007177	
42437	1007388	
42437	1007851	
42437	1007935	
42437	1008108	
42437	1008120	
42437	1008407	
42437	1008584	
42437	1008741	
42437	1008941	
42437	1008953	
42437	1009022	
42437	1009066	
42437	1009099	
42437	1009103	
42437	1009203	
42437	1009427	
42437	1009431	
42437	1009604	
42437	1009696	
42437	1009825	
42437	1009884	
42437	1009966	
42437	1009995	
42437	1010193	
42437	1010888	
42437	1010912	
42437	1011506	
42437	1011582	
42437	1011696	
42437	1011799	
42437	1011824	
42437	1012312	
42437	1012561	
42437	1012805	
42437	1012828	
42437	1012892	
42437	1013405	
42437	1013458	
42437	1013605	
42437	1013621	
42437	1013677	
42437	1013744	
42437	1013751	
42437	1013990	
42437	1013995	
42437	1014035	
42437	1014188	
42437	1014295	
42437	1014425	
42437	1014478	
42437	1014899	
42437	1015008	
42437	1015401	
42437	1015404	
42437	1015590	
42437	1015937	
42437	1016144	
42437	1016318	
42437	1016319	
42437	1016757	
42437	1016780	
42437	1017264	
42437	1017645	
42437	1018295	
42437	1018360	
42437	1018361	
42437	1018492	
42437	1018935	
42437	1018944	
42437	1018963	
42437	1019013	
42437	1019020	
42437	1019037	
42437	1019042	
42437	1019061	
42437	1019252	
42437	1019718	
42437	1019906	
42437	1019954	
42437	1020001	
42437	1020052	
42437	1020276	
42437	1020310	
42437	1020353	
42437	1020386	
42437	1020388	
42437	1020426	
42437	1020752	
42437	1021065	
42437	1021098	
42437	1021317	
42437	1022589	
42437	1022842	
42437	1022968	
42437	1023894	
42437	1024322	
42437	1024417	
42437	1024564	
42437	1024644	
42437	1024684	
42437	1024765	
42437	1024810	
42437	1024983	
42437	1025033	
42437	1025849	
42437	1026133	
42437	1026247	
42437	1026314	
42437	1026530	
42437	1026535	
42437	1026731	
42437	1026752	
42437	1026777	
42437	1026793	
42437	1027004	
42437	1027079	
42437	1027218	
42437	1027262	
42437	1027536	
42437	1027740	
42437	1028218	
42437	1028718	
42437	1028812	
42437	1028857	
42437	1028922	
42437	1029002	
42437	1029029	
42437	1029110	
42437	1029187	
42437	1029545	
42437	1029679	
42437	1030346	
42437	1030360	
42437	1030407	
42437	1030410	
42437	1030489	
42437	1030600	
42437	1030692	
42437	1030702	
42437	1030769	
42437	1030788	
42437	1030914	
42437	1030953	
42437	1031393	
42437	1031487	
42437	1031567	
42437	1031907	
42437	1032055	
42437	1032156	
42437	1032442	
42437	1032444	
42437	1032962	
42437	1032982	
42437	1033745	
42437	1033838	
42437	1034374	
42437	1034720	
42437	1034740	
42437	1035014	
42437	1035201	
42437	1035341	
42437	1035534	
42437	1035566	
42437	1035727	
42437	1035946	
42437	1036019	
42437	1036022	
42437	1036306	
42437	1036343	
42437	1036607	
42437	1037512	
42437	1037833	
42437	1037937	
42437	1037952	
42437	1038052	
42437	1038499	
42437	1038532	
42437	1038537	
42437	1039225	
42437	1039380	
42437	1039826	
42437	1039955	
42437	1040367	
42437	1041170	
42437	1042142	
42437	1042653	
42437	1042690	
42437	1042750	
42437	1043114	
42437	1043793	
42437	1043817	
42437	1044138	
42437	1044221	
42437	1044286	
42437	1045237	
42437	1045643	
42437	1045664	
42437	1046041	
42437	1046306	
42437	1046896	
42437	1046897	
42437	1046962	
42437	1047071	
42437	1047170	
42437	1047416	
42437	1047637	
42437	1047658	
42437	1047716	
42437	1047726	
42437	1047886	
42437	1047911	
42437	1048261	
42437	1048288	
42437	1048328	
42437	1048908	
42437	1050471	
42437	1050607	
42437	1050638	
42437	1051907	
42437	1052017	
42437	1052136	
42437	1052213	
42437	1052697	
42437	1053341	
42437	1053921	
42437	1054468	
42437	1054689	
42437	1054889	
42437	1055465	
42437	1055703	
42437	1055835	
42437	1056028	
42437	1056282	
42437	1056306	
42437	1056404	
42437	1057105	
42437	1057607	
42437	1057852	
42437	1058197	
42437	1058365	
42437	1059027	
42437	1059564	
42437	1060024	
42437	1060304	
42437	1060624	
42437	1060736	
42437	1060838	
42437	1060913	
42437	1061596	
42437	1063002	
42437	1063098	
42437	1063529	
42437	1063958	
42437	1064003	
42437	1064414	
42437	1065346	
42437	1067029	
42437	1069736	
42437	1070181	
42437	1070184	
42437	1070312	
42437	1070592	
42437	1070609	
42437	1070618	
42437	1071023	
42437	1071050	
42437	1071337	
42437	1071938	
42437	1072928	
42437	1072984	
42437	1073250	
42437	1073835	
42437	1073980	
42437	1075489	
42437	1075935	
42437	1076118	
42437	1076653	
42437	1076676	
42437	1076698	
42437	1077521	
42437	1078011	
42437	1078424	
42437	1078684	
42437	1079333	
42437	1079453	
42437	1079679	
42437	1079724	
42437	1080375	
42437	1082984	
42437	1083526	
42437	1083583	
42437	1083919	
42437	1083972	
42437	1084214	
42437	1084323	
42437	1084357	
42437	1084428	
42437	1086034	
42437	1086060	
42437	1086080	
42437	1088329	
42437	1088552	
42437	1089367	
42437	1090406	
42437	1090887	
42437	1091585	
42437	1091800	
42437	1092335	
42437	1093303	
42437	1094228	
42437	1094960	
42437	1095197	
42437	1095437	
42437	1095468	
42437	1095482	
42437	1095487	
42437	1095504	
42437	1095522	
42437	1095568	
42437	1095602	
42437	1095604	
42437	1095606	
42437	1095636	
42437	1095643	
42437	1095651	
42437	1095662	
42437	1095680	
42437	1095682	
42437	1095688	
42437	1095693	
42437	1095694	
42437	1095710	
42437	1095717	
42437	1095735	
42437	1095747	
42437	1095774	
42437	1095782	
42437	1095823	
42437	1095825	
42437	1095847	
42437	1095909	
42437	1095920	
42437	1095938	
42437	1095949	
42437	1095965	
42437	1095985	
42437	1095989	
42437	1096048	
42437	1096069	
42437	1096097	
42437	1096103	
42437	1096140	
42437	1096141	
42437	1096169	
42437	1096170	
42437	1096182	
42437	1096213	
42437	1096282	
42437	1096410	
42437	1096461	
42437	1097071	
42437	1097247	
42437	1097986	
42437	1098138	
42437	1098158	
42437	1098278	
42437	1098325	
42437	1099038	
42437	1099053	
42437	1099114	
42437	1099126	
42437	1099972	
42437	1100205	
42437	1100263	
42437	1100630	
42437	1100651	
42437	1100831	
42437	1101171	
42437	1101694	
42437	1101711	
42437	1102601	
42437	1103179	
42437	1103362	
42437	1103409	
42437	1103583	
42437	1104477	
42437	1105079	
42437	1105302	
42437	1105979	
42437	1106705	
42437	1106822	
42437	1106837	
42437	1106897	
42437	1107574	
42437	1108825	
42437	1108952	
42437	1109442	
42437	1109443	
42437	1110166	
42437	1110451	
42437	1110754	
42437	1110850	
42437	1111121	
42437	1111280	
42437	1111322	
42437	1111338	
42437	1112218	
42437	1112316	
42437	1112631	
42437	1112649	
42437	1112917	
42437	1113034	
42437	1113168	
42437	1113316	
42437	1113484	
42437	1113579	
42437	1113595	
42437	1113609	
42437	1113643	
42437	1114025	
42437	1114055	
42437	1114144	
42437	1114206	
42437	1116173	
42437	1118262	
42437	1118404	
42437	1118448	
42437	1118468	
42437	1118565	
42437	1118725	
42437	1118750	
42437	1119563	
42437	1120031	
42437	1120402	
42437	1120462	
42437	1120747	
42437	1121706	
42437	1122019	
42437	1123673	
42437	1124009	
42437	1124281	
42437	1124418	
42437	1124550	
42437	1124742	
42437	1125171	
42437	1127816	
42437	1128472	
42437	1128840	
42437	1128978	
42437	1129229	
42437	1129376	
42437	1130176	
42437	1130401	
42437	1130796	
42437	1130880	
42437	1131112	
42437	1132173	
42437	1132405	
42437	1132422	
42437	1133564	
42437	1133888	
42437	1134602	
42437	1135278	
42437	1136099	
42437	1136171	
42437	1137142	
42437	1137804	
42437	1137917	
42437	1138083	
42437	1138107	
42437	1139804	
42437	1141546	
42437	1141638	
42437	1141758	
42437	1142184	
42437	1142259	
42437	1142405	
42437	1142532	
42437	1142545	
42437	1142749	
42437	1142898	
42437	1143427	
42437	1143713	
42437	1143865	
42437	1144172	
42437	1144644	
42437	1144787	
42437	1144879	
42437	1144913	
42437	1145236	
42437	1145395	
42437	1145855	
42437	1146025	
42437	1146790	
42437	1147144	
42437	1147408	
42437	1147459	
42437	1147831	
42437	1148215	
42437	1148313	
42437	1148334	
42437	1148406	
42437	1148716	
42437	1148841	
42437	1149374	
42437	1151083	
42437	1151167	
42437	1151746	
42437	1152002	
42437	1152053	
42437	1152114	
42437	1153134	
42437	1153281	
42437	1154410	
42437	1154449	
42437	1154471	
42437	1154774	
42437	1154980	
42437	1155225	
42437	1156213	
42437	1156226	
42437	1156299	
42437	1156577	
42437	1156580	
42437	1156615	
42437	1156740	
42437	1156816	
42437	1156915	
42437	1157201	
42437	1157629	
42437	1158045	
42437	1158158	
42437	1158257	
42437	1158662	
