42578	1210156	
579542	1210156	
1132449	1210156	
1135943	1210156	
1209979	1210156	
1209985	1210156	
1209986	1210156	
1210004	1210156	
1210005	1210156	
1210007	1210156	
1210009	1210156	
1210017	1210156	
1210036	1210156	
1210046	1210156	
1210061	1210156	
1210076	1210156	
1210079	1210156	
1210088	1210156	
1210090	1210156	
1210096	1210156	
1210098	1210156	
1210103	1210156	
1210109	1210156	
1210115	1210156	
1210118	1210156	
1210119	1210156	
1210122	1210156	
1210131	1210156	
1210143	1210156	
1210144	1210156	
1210154	1210156	
1210156	1210160	
1210156	1210166	
1210156	1210168	
1210156	1210171	
1210156	1210176	
1210156	1210180	
1210156	1210189	
1210156	1210197	
1210156	1210203	
1210156	1210205	
1210156	1210228	
1210156	1210231	
1210156	1210235	
1210156	1210236	
1210156	1210253	
1210156	1210266	
1210156	1210277	
1210156	1210283	
1210156	1210294	
1210156	1210302	
1210156	1210317	
1210156	1210320	
1210156	1210322	
1210156	1210329	
1210156	1210331	
1210156	1210337	
1210156	1210346	
1210156	1210354	
1210156	1210366	
1210156	1210375	
1210156	1210391	
1210156	1280850	
1210156	1441533	
1210156	1547196	
1210156	1680738	
1210156	1680741	
1210156	1699684	
1210156	1767894	
1210156	1780901	
1210156	1908398	
1210156	1922447	
1210156	2107436	
1210156	2383471	
1210156	2457038	
1210156	2750029	
1210156	2824563	
1210156	2851323	
1194264	1210156	
692	42578	
15548	579542	
46453	1194264	
44862	1908398	
45337	1922447	
55671	2107436	
55964	2107436	
42309	1132449	
42359	1135943	
42384	1280850	
42578	42773	
42578	248785	
42578	358373	
42578	358561	
42578	360594	
42578	579542	
42578	859949	
42578	889665	
42578	889912	
42578	990962	
42578	999651	
42578	1042699	
42578	1050277	
42578	1050458	
42578	1053846	
42578	1057043	
42578	1066547	
42578	1071998	
42578	1074652	
42578	1074744	
42578	1079974	
42578	1084124	
42578	1085700	
42578	1085703	
42578	1127502	
42578	1138095	
42578	1144480	
42578	1158926	
42578	1176575	
42578	1183380	
42578	1187918	
42578	1188686	
42578	1193705	
42578	1209973	
42578	1209975	
42578	1209976	
42578	1209978	
42578	1209979	
42578	1209982	
42578	1209983	
42578	1209985	
42578	1209986	
42578	1209988	
42578	1209989	
42578	1209991	
42578	1209993	
42578	1209995	
42578	1209997	
42578	1209998	
42578	1210000	
42578	1210001	
42578	1210002	
42578	1210004	
42578	1210005	
42578	1210007	
42578	1210009	
42578	1210011	
42578	1210013	
42578	1210015	
42578	1210016	
42578	1210017	
42578	1210018	
42578	1210019	
42578	1210021	
42578	1210023	
42578	1210025	
42578	1210027	
42578	1210029	
42578	1210031	
42578	1210032	
42578	1210034	
42578	1210036	
42578	1210038	
42578	1210040	
42578	1210042	
42578	1210043	
42578	1210046	
42578	1210047	
42578	1210049	
42578	1210051	
42578	1210053	
42578	1210054	
42578	1210056	
42578	1210057	
42578	1210058	
42578	1210059	
42578	1210061	
42578	1210062	
42578	1210063	
42578	1210065	
42578	1210067	
42578	1210069	
42578	1210070	
42578	1210072	
42578	1210073	
42578	1210075	
42578	1210076	
42578	1210077	
42578	1210079	
42578	1210082	
42578	1210083	
42578	1210085	
42578	1210088	
42578	1210090	
42578	1210092	
42578	1210094	
42578	1210096	
42578	1210098	
42578	1210099	
42578	1210100	
42578	1210101	
42578	1210102	
42578	1210103	
42578	1210104	
42578	1210105	
42578	1210106	
42578	1210107	
42578	1210108	
42578	1210109	
42578	1210110	
42578	1210111	
42578	1210112	
42578	1210113	
42578	1210114	
42578	1210115	
42578	1210116	
42578	1210117	
42578	1210118	
42578	1210119	
42578	1210120	
42578	1210121	
42578	1210122	
42578	1210123	
42578	1210124	
42578	1210125	
42578	1210126	
42578	1210127	
42578	1210128	
42578	1210129	
42578	1210130	
42578	1210131	
42578	1210132	
42578	1210133	
42578	1210134	
42578	1210135	
42578	1210136	
42578	1210137	
42578	1210138	
42578	1210139	
42578	1210140	
42578	1210141	
42578	1210142	
42578	1210143	
42578	1210144	
42578	1210145	
42578	1210146	
42578	1210147	
42578	1210148	
42578	1210149	
42578	1210150	
42578	1210151	
42578	1210152	
42578	1210153	
42578	1210154	
42578	1210155	
42578	1210157	
42578	1210158	
42578	1210159	
42578	1210160	
42578	1210161	
42578	1210162	
42578	1210163	
42578	1210164	
42578	1210165	
42578	1210166	
42578	1210167	
42578	1210168	
42578	1210169	
42578	1210170	
42578	1210171	
42578	1210172	
42578	1210173	
42578	1210174	
42578	1210175	
42578	1210176	
42578	1210177	
42578	1210178	
42578	1210179	
42578	1210180	
42578	1210181	
42578	1210182	
42578	1210183	
42578	1210184	
42578	1210185	
42578	1210186	
42578	1210187	
42578	1210188	
42578	1210189	
42578	1210190	
42578	1210191	
42578	1210192	
42578	1210193	
42578	1210194	
42578	1210195	
42578	1210196	
42578	1210197	
42578	1210198	
42578	1210199	
42578	1210200	
42578	1210201	
42578	1210202	
42578	1210203	
42578	1210204	
42578	1210205	
42578	1210206	
42578	1210207	
42578	1210208	
42578	1210209	
42578	1210210	
42578	1210211	
42578	1210212	
42578	1210213	
42578	1210214	
42578	1210215	
42578	1210216	
42578	1210217	
42578	1210218	
42578	1210219	
42578	1210220	
42578	1210221	
42578	1210222	
42578	1210223	
42578	1210224	
42578	1210225	
42578	1210226	
42578	1210227	
42578	1210228	
42578	1210229	
42578	1210230	
42578	1210231	
42578	1210232	
42578	1210233	
42578	1210234	
42578	1210235	
42578	1210236	
42578	1210237	
42578	1210238	
42578	1210239	
42578	1210240	
42578	1210241	
42578	1210242	
42578	1210243	
42578	1210244	
42578	1210245	
42578	1210246	
42578	1210247	
42578	1210248	
42578	1210249	
42578	1210250	
42578	1210251	
42578	1210252	
42578	1210253	
42578	1210254	
42578	1210255	
42578	1210256	
42578	1210257	
42578	1210258	
42578	1210259	
42578	1210260	
42578	1210261	
42578	1210262	
42578	1210263	
42578	1210264	
42578	1210265	
42578	1210266	
42578	1210267	
42578	1210268	
42578	1210269	
42578	1210270	
42578	1210271	
42578	1210272	
42578	1210273	
42578	1210274	
42578	1210275	
42578	1210276	
42578	1210277	
42578	1210278	
42578	1210279	
42578	1210280	
42578	1210281	
42578	1210282	
42578	1210283	
42578	1210284	
42578	1210285	
42578	1210286	
42578	1210287	
42578	1210288	
42578	1210289	
42578	1210290	
42578	1210291	
42578	1210292	
42578	1210293	
42578	1210294	
42578	1210295	
42578	1210296	
42578	1210297	
42578	1210298	
42578	1210299	
42578	1210300	
42578	1210301	
42578	1210302	
42578	1210303	
42578	1210304	
42578	1210305	
42578	1210306	
42578	1210307	
42578	1210308	
42578	1210309	
42578	1210310	
42578	1210311	
42578	1210312	
42578	1210313	
42578	1210314	
42578	1210315	
42578	1210316	
42578	1210317	
42578	1210318	
42578	1210319	
42578	1210320	
42578	1210321	
42578	1210322	
42578	1210323	
42578	1210324	
42578	1210325	
42578	1210326	
42578	1210327	
42578	1210328	
42578	1210329	
42578	1210330	
42578	1210331	
42578	1210332	
42578	1210333	
42578	1210334	
42578	1210335	
42578	1210336	
42578	1210337	
42578	1210338	
42578	1210339	
42578	1210340	
42578	1210341	
42578	1210342	
42578	1210343	
42578	1210344	
42578	1210345	
42578	1210346	
42578	1210347	
42578	1210348	
42578	1210349	
42578	1210350	
42578	1210351	
42578	1210352	
42578	1210353	
42578	1210354	
42578	1210355	
42578	1210356	
42578	1210357	
42578	1210358	
42578	1210359	
42578	1210360	
42578	1210361	
42578	1210362	
42578	1210363	
42578	1210364	
42578	1210365	
42578	1210366	
42578	1210367	
42578	1210368	
42578	1210369	
42578	1210370	
42578	1210371	
42578	1210372	
42578	1210373	
42578	1210374	
42578	1210375	
42578	1210376	
42578	1210377	
42578	1210378	
42578	1210379	
42578	1210380	
42578	1210381	
42578	1210382	
42578	1210383	
42578	1210384	
42578	1210385	
42578	1210386	
42578	1210387	
42578	1210388	
42578	1210389	
42578	1210390	
42578	1210391	
42578	1210392	
42578	1210393	
42578	1210394	
42578	1210395	
42578	1210396	
42578	1680737	
42583	1194264	
42592	1547196	
42630	1194264	
42652	1210103	
42756	1441533	
42773	1210004	
42773	1210005	
42773	1210009	
42773	1210017	
42773	1210036	
42773	1210046	
42773	1210079	
42773	1210098	
42773	1210103	
42773	1210115	
42773	1210118	
42773	1210131	
42773	1210143	
42773	1210166	
42773	1210168	
42773	1210176	
42773	1210189	
42773	1210197	
42773	1210228	
42773	1210266	
42773	1210277	
42773	1210302	
42773	1210329	
42773	1210337	
42773	1210346	
42773	1680738	
42773	1680741	
42979	1210036	
43610	1699684	
43761	1780901	
43903	1210176	
43903	1767894	
74946	2383471	
72514	1547196	
81031	2457038	
103728	2750029	
120701	2851323	
116483	2824563	
131739	1210004	
229861	1210320	
248735	1922447	
248785	1210009	
248785	1210017	
248785	2457038	
249085	1210154	
249386	1210143	
280805	579542	
280805	1210354	
306898	1210131	
307297	1547196	
307360	2750029	
307608	1210131	
327337	579542	
327337	1441533	
343746	579542	
349056	1922447	
354709	2750029	
356066	1547196	
356180	2107436	
356580	1210004	
356580	2457038	
356598	1210004	
356734	1210320	
356792	1547196	
358373	579542	
358373	1194264	
358373	1210004	
358373	1210005	
358373	1210007	
358373	1210009	
358373	1210017	
358373	1210046	
358373	1210061	
358373	1210079	
358373	1210096	
358373	1210098	
358373	1210103	
358373	1210109	
358373	1210118	
358373	1210119	
358373	1210131	
358373	1210143	
358373	1210144	
358373	1210166	
358373	1210168	
358373	1210171	
358373	1210180	
358373	1210189	
358373	1210197	
358373	1210203	
358373	1210228	
358373	1210235	
358373	1210236	
358373	1210253	
358373	1210277	
358373	1210283	
358373	1210302	
358373	1210322	
358373	1210331	
358373	1210337	
358373	1210346	
358373	1210366	
358373	1210391	
358373	1280850	
358373	1908398	
358373	2457038	
358484	1922447	
358542	1210004	
358561	579542	
358561	1135943	
358561	1210004	
358561	1210005	
358561	1210009	
358561	1210017	
358561	1210036	
358561	1210046	
358561	1210090	
358561	1210098	
358561	1210103	
358561	1210109	
358561	1210115	
358561	1210118	
358561	1210119	
358561	1210122	
358561	1210131	
358561	1210166	
358561	1210189	
358561	1210197	
358561	1210228	
358561	1210277	
358561	1210294	
358561	1210302	
358561	1210320	
358561	1210329	
358561	1210346	
358561	1210354	
358561	1210366	
358561	1210375	
359065	1210154	
360746	1680741	
363740	1210009	
363740	1210017	
363740	1210036	
363740	1210046	
363740	1210103	
363740	1210154	
363740	1210166	
363740	1210235	
363740	1210294	
363740	1210317	
363740	1210329	
364677	1210166	
371700	579542	
428661	1547196	
445443	1441533	
467737	1922447	
446148	1210119	
455410	1194264	
453982	579542	
453523	1210329	
457610	1922447	
464937	1922447	
470464	1922447	
471358	1280850	
471369	1922447	
471383	1922447	
471794	1441533	
471794	1547196	
471967	2383471	
460714	1210118	
460754	1194264	
464686	1922447	
464774	1922447	
465070	1210079	
463981	1547196	
464087	1547196	
464286	1547196	
462083	1210004	
461018	2107436	
461031	2107436	
461289	1210329	
459017	2851323	
462577	2107436	
483601	1210168	
482813	1767894	
476379	1210009	
467109	1922447	
470279	1922447	
470328	1194264	
473474	1767894	
473537	1922447	
474084	1194264	
473204	579542	
480672	1547196	
480762	1547196	
480897	1547196	
480940	1547196	
480991	1547196	
481179	1547196	
481329	1547196	
486828	1767894	
486908	2851323	
486989	2750029	
487002	1210090	
487064	1767894	
466975	1210009	
466975	1210017	
467198	1210005	
467289	1210320	
482198	1547196	
513099	1210197	
533805	1547196	
533877	1210079	
533877	1210088	
533877	1210203	
533877	1210283	
539826	1210143	
539826	1210168	
539826	1210180	
539826	1210236	
557609	2107436	
560132	2107436	
560558	1780901	
563581	1210283	
563484	1547196	
579542	806499	
579542	995637	
579542	1008932	
579542	1009236	
579542	1042699	
579542	1046853	
579542	1048035	
579542	1063471	
579542	1135943	
579542	1145494	
579542	1210004	
579542	1210005	
579542	1210007	
579542	1210009	
579542	1210011	
579542	1210017	
579542	1210018	
579542	1210031	
579542	1210036	
579542	1210061	
579542	1210072	
579542	1210079	
579542	1210090	
579542	1210096	
579542	1210103	
579542	1210112	
579542	1210113	
579542	1210118	
579542	1210119	
579542	1210122	
579542	1210131	
579542	1210142	
579542	1210143	
579542	1210144	
579542	1210166	
579542	1210167	
579542	1210168	
579542	1210176	
579542	1210180	
579542	1210185	
579542	1210189	
579542	1210197	
579542	1210199	
579542	1210202	
579542	1210203	
579542	1210214	
579542	1210221	
579542	1210228	
579542	1210231	
579542	1210235	
579542	1210236	
579542	1210252	
579542	1210262	
579542	1210265	
579542	1210276	
579542	1210277	
579542	1210283	
579542	1210288	
579542	1210314	
579542	1210322	
579542	1210329	
579542	1210345	
579542	1210346	
579542	1210352	
579542	1210354	
579542	1210364	
579542	1210366	
579542	1210368	
579542	1210391	
579542	1249604	
579542	1280850	
579542	1328669	
579542	1395990	
579542	1441476	
579542	1489066	
579542	1531032	
579542	1576139	
579542	1612278	
579542	1621478	
579542	1653581	
579542	1680730	
579542	1680741	
579542	1680742	
579542	1680749	
579542	1686529	
579542	1699683	
579542	1739272	
579542	1767142	
579542	1780430	
579542	1780694	
579542	1788410	
579542	1796737	
579542	1835608	
579542	1843079	
579542	1918427	
579542	1940782	
579542	1944067	
579542	1974633	
579542	1987720	
579542	2202493	
579542	2256664	
579542	2269197	
579542	2383322	
579542	2383471	
579542	2436723	
579542	2485472	
579542	2485972	
579542	2537009	
579542	2599225	
579542	2703824	
579560	1210004	
606475	1780901	
610799	1210004	
610799	1441533	
642053	1135943	
657996	2107436	
668172	1767894	
662141	1441533	
662172	2750029	
685724	1194264	
685724	1210007	
685724	1210009	
685724	1210017	
685724	1210061	
685724	1210079	
685724	1210143	
685724	1210154	
685724	1210168	
685724	1210337	
685724	2457038	
682744	2457038	
682746	1210119	
684085	1210320	
696712	1210154	
698384	1210143	
712877	1922447	
724877	1767894	
724979	2107436	
724990	2107436	
725182	1135943	
725204	2107436	
725250	1210231	
725608	2107436	
723461	1209985	
723471	1547196	
723514	1547196	
735034	1132449	
740975	1280850	
740975	1908398	
728690	1210391	
756779	1210176	
775724	1210154	
778434	1210154	
778609	1209985	
778806	1194264	
795941	1210231	
801384	1922447	
799207	1135943	
806359	2851323	
806374	1210331	
806376	1210176	
806416	1210176	
806564	1210004	
806592	1132449	
806600	1210331	
806696	1210176	
806713	1767894	
806773	1210004	
806833	1767894	
825042	1210166	
831179	2107436	
831346	1210205	
831648	1210004	
837032	1210197	
837227	1210131	
837391	2750029	
859161	1194264	
863390	2107436	
860376	1922447	
864354	1547196	
864533	1210004	
864533	2457038	
859933	1210236	
859933	1280850	
859933	1441533	
859941	1210004	
859941	1441533	
870268	1210391	
876804	1441533	
885629	1210004	
888588	1547196	
889668	1210231	
889745	1210231	
890322	2107436	
890409	1210098	
893319	1922447	
893342	1547196	
899889	1547196	
900131	1210168	
900174	1210231	
927322	1210166	
959713	1210317	
972457	2107436	
969764	1547196	
970040	1547196	
970333	1210122	
970318	1194264	
970767	1547196	
970816	1547196	
971091	1547196	
973561	2824563	
980829	1210231	
987383	1922447	
998296	1922447	
987944	1922447	
1058318	1210079	
995892	1210329	
992235	1210103	
999339	1210166	
999339	2750029	
1006829	1194264	
1012877	1194264	
1013012	1210009	
1035489	1210320	
1103434	1210144	
994738	1210231	
1023407	1210009	
1028213	1194264	
1064703	2107436	
1065950	1680741	
1066208	1922447	
1066547	1210119	
1066547	1210143	
1066547	1210166	
1066547	2383471	
1066818	1767894	
1066856	1767894	
1066866	1547196	
1067294	1210331	
1068191	1210131	
1068272	1135943	
1006212	1210004	
1006413	1210320	
1008941	1210320	
1009218	1922447	
1011167	1210197	
1013034	1547196	
988429	2107436	
1024873	1547196	
1025189	1441533	
1025607	1210004	
1025607	1210005	
1025607	1280850	
1025607	1441533	
1025607	2457038	
1025746	1210231	
1025819	1194264	
1025819	1210007	
1025819	1210131	
1025819	1210143	
1025819	1210168	
1025819	1210235	
1025819	1210277	
1025819	1210366	
1025819	2383471	
1025819	2457038	
1025913	2750029	
1027262	1210231	
1028364	1210076	
1028960	1767894	
1030832	1210231	
1031130	1210090	
1032605	1547196	
1033058	1210203	
991831	1210154	
1003158	2107436	
1003211	1547196	
1075370	1210205	
1217565	1680741	
1246698	1441533	
1247724	1680741	
1258708	1699684	
1069805	1194264	
1231953	2107436	
991259	1210231	
991372	1547196	
989712	2383471	
1003568	1547196	
1028455	1210119	
1031721	1210354	
1032847	1280850	
988628	1547196	
1040760	1210009	
1041374	1699684	
1056222	1680741	
1123488	1210004	
1123612	1210231	
1123823	2107436	
1125661	2107436	
1126659	1680741	
1127064	1680741	
1005485	1210166	
1052194	1210236	
1052462	1922447	
995474	1547196	
996850	1210329	
997412	1210203	
1078768	1922447	
996238	1547196	
1101281	1210329	
1101301	1210131	
1101301	1908398	
992947	1922447	
993791	1210154	
1076571	1210103	
1076874	2851323	
1164113	1680741	
1465078	1922447	
1465138	1922447	
1034914	1210231	
1035166	1922447	
1035483	1132449	
1035719	1194264	
1035966	1210103	
1036276	1194264	
1001681	1210203	
1063034	1922447	
1177739	1210131	
1178097	1210231	
1178243	1699684	
1179083	1767894	
1050439	1210168	
1050623	1441533	
1050686	1194264	
1050934	1547196	
1050934	1767894	
1050934	1922447	
1051501	1194264	
1052048	1210205	
1053250	1210115	
1053421	1547196	
1053421	1767894	
1053442	1922447	
1053846	1194264	
1053846	1210203	
1053846	1210236	
1053980	1767894	
1054225	1210115	
1054491	1210007	
1054491	1210236	
1054657	1210228	
1056052	1547196	
1047463	1210103	
1048035	1210004	
1004190	1441533	
1119332	1209979	
1119332	1210143	
1014659	1210154	
1019339	2107436	
1020708	1210235	
1020708	1210329	
1020708	1210375	
1020708	1280850	
1040722	1210009	
1140699	2457038	
1038404	1194264	
1044215	1547196	
1045651	1210004	
1048851	1547196	
1049669	1210004	
1049781	1547196	
1050435	1908398	
1050872	1210231	
1051566	1680741	
1055079	2750029	
1301884	2457038	
1059368	1194264	
1110910	1210007	
1110910	1210061	
1110910	1210168	
1110910	1210331	
1111159	1135943	
1112457	1194264	
1016896	1547196	
1016896	1922447	
1074231	1280850	
1074277	1209979	
1074277	1210103	
1074277	1210171	
1074302	1699684	
1074406	1441533	
1074495	1209986	
1074556	1210119	
1137733	1194264	
1017160	1210122	
1017305	1210253	
1017374	2457038	
1017456	1210277	
1017667	1194264	
1017667	2457038	
1071044	1210017	
1043181	1210004	
1132802	1210017	
1154579	1210205	
1156269	1210205	
1158454	1680741	
1041228	1441533	
1042699	1210007	
1042699	1210017	
1042699	1210036	
1042699	1210046	
1042699	1210061	
1042699	1210079	
1042699	1210088	
1042699	1210090	
1042699	1210096	
1042699	1210098	
1042699	1210103	
1042699	1210118	
1042699	1210122	
1042699	1210143	
1042699	1210166	
1042699	1210168	
1042699	1210176	
1042699	1210180	
1042699	1210189	
1042699	1210197	
1042699	1210203	
1042699	1210228	
1042699	1210231	
1042699	1210235	
1042699	1210236	
1042699	1210266	
1042699	1210277	
1042699	1210320	
1042699	1210322	
1042699	1210331	
1042699	1210354	
1042699	1210391	
1042699	1680741	
1059670	1210166	
1060467	1280850	
1038809	1210119	
1108204	1767894	
1108560	2107436	
1108963	1547196	
1143600	1922447	
1073563	1547196	
1074063	1547196	
1094850	1680741	
1137108	1922447	
1137140	1767894	
1132333	1132449	
1132365	1132449	
1132368	1132449	
1132371	1132449	
1132389	1132449	
1132418	1132449	
1132425	1132449	
1132441	1132449	
1132449	1132474	
1132449	1132494	
1132449	1132498	
1132449	1132501	
1132449	1132507	
1132449	1132523	
1132449	1132526	
1132449	1132538	
1132449	1132540	
1132449	1132548	
1132449	1132595	
1132449	1132603	
1132449	1132607	
1132449	1132616	
1132449	1132617	
1132449	1132632	
1132449	1132646	
1132449	1132654	
1132449	1132665	
1132449	1132690	
1132449	1132692	
1132449	1132693	
1132449	1132718	
1132449	1132720	
1132449	1132730	
1132449	1132742	
1132449	1132781	
1132449	1132801	
1132449	1132814	
1132449	1132818	
1132449	1132820	
1132449	1132841	
1132449	1132857	
1132449	1132870	
1132449	1132872	
1132449	1132887	
1132449	1132909	
1132449	1132917	
1132449	1132924	
1132449	1132949	
1132449	1132967	
1132449	1132979	
1132449	1132993	
1132449	1133034	
1132449	1133043	
1132449	1133044	
1132449	1133055	
1132449	1133059	
1132449	1133086	
1132449	1133087	
1132449	1133108	
1132449	1133113	
1132449	1133131	
1132449	1133142	
1132449	1133144	
1132449	1133147	
1132449	1133150	
1132449	1133283	
1132449	1133353	
1132449	1133354	
1132449	1133491	
1132449	1133551	
1132449	1133552	
1132449	1133554	
1132449	1133567	
1132449	1262629	
1132449	1263968	
1132449	1264114	
1132449	1267622	
1132449	1267685	
1132449	1267982	
1132449	1283840	
1132449	1333408	
1132449	1349120	
1132449	1352048	
1132449	1371775	
1132449	1400457	
1132449	1416655	
1132449	1424202	
1132449	1438218	
1132449	1467202	
1132449	1564942	
1132449	1608633	
1132449	1697702	
1132449	1702989	
1132449	1707691	
1132449	1737499	
1132449	1737590	
1132449	1737611	
1132449	1737658	
1132449	1737749	
1132449	1737779	
1132449	1737805	
1132449	1737810	
1132449	1737833	
1132449	1737846	
1132449	1737903	
1132449	1737911	
1132449	1737953	
1132449	1737981	
1132449	1737994	
1132449	1738054	
1132449	1738115	
1132449	1738161	
1132449	1738169	
1132449	1738199	
1132449	1738202	
1132449	1738219	
1132449	1738223	
1132449	1738278	
1132449	1738323	
1132449	1738339	
1132449	1738376	
1132449	1738391	
1132449	1738402	
1132449	1738423	
1132449	1738452	
1132449	1738527	
1132449	1738768	
1132449	1738963	
1132449	1738981	
1132449	1738984	
1132449	1739039	
1132449	1739070	
1132449	1739095	
1132449	1739185	
1132449	1739201	
1132449	1739246	
1132449	1739357	
1132449	1767873	
1132449	1808109	
1132449	1963208	
1132449	2066620	
1132449	2183692	
1132449	2262446	
1132449	2448547	
1132449	2448558	
1132449	2448595	
1132449	2448604	
1132449	2448681	
1132449	2448719	
1132449	2448727	
1132449	2448767	
1132449	2453173	
1132449	2502262	
1132449	2599569	
1132449	2749781	
1132449	3036343	
