42569	1210662	
42831	1210662	
295907	1210662	
477938	1210662	
478054	1210662	
698350	1210662	
779605	1210662	
779614	1210662	
779821	1210662	
837308	1210662	
844578	1210662	
987470	1210662	
1046928	1210662	
1141943	1210662	
1190051	1210662	
1186573	1210662	
1210417	1210662	
1210430	1210662	
1210431	1210662	
1210449	1210662	
1210452	1210662	
1210463	1210662	
1210486	1210662	
1210499	1210662	
1210536	1210662	
1210546	1210662	
1210635	1210662	
1210662	1210663	
1210662	1210666	
1210662	1210670	
1210662	1210678	
1210662	1210682	
1210662	1210805	
1210662	1210871	
1210662	1210904	
1210662	1210907	
1210662	1210912	
1210662	1210956	
1210662	1210969	
1210662	1210973	
1210662	1210981	
1210662	1210983	
1210662	1210984	
1210662	1211006	
1210662	1211122	
1210662	1211128	
1210662	1378156	
1210662	1386724	
1210662	1396893	
1210662	1404409	
1210662	1404416	
1210662	1404420	
1210662	1404422	
1210662	1404433	
1210662	1404434	
1210662	1404435	
1210662	1404441	
1210662	1404442	
1210662	1404447	
1210662	1404455	
1210662	1404473	
1210662	1404477	
1210662	1404478	
1210662	1404489	
1210662	1404493	
1210662	1404500	
1210662	1404510	
1210662	1404518	
1210662	1404529	
1210662	1404541	
1210662	1404552	
1210662	1404564	
1210662	1404612	
1210662	1404618	
1210662	1404624	
1210662	1404650	
1210662	1404660	
1210662	1404676	
1210662	1404677	
1210662	1404683	
1210662	1404695	
1210662	1404718	
1210662	1404738	
1210662	1404754	
1210662	1404766	
1210662	1404795	
1210662	1404802	
1210662	1404858	
1210662	1404866	
1210662	1404951	
1210662	1404959	
1210662	1404961	
1210662	1404977	
1210662	1404990	
1210662	1404994	
1210662	1405005	
1210662	1405007	
1210662	1405027	
1210662	1405034	
1210662	1405041	
1210662	1405050	
1210662	1405072	
1210662	1405101	
1210662	1405103	
1210662	1405132	
1210662	1640654	
1210662	1842636	
1210662	1884732	
1210662	1895679	
1210662	1946749	
1210662	1977582	
1210662	2028903	
1210662	2082123	
1210662	2356648	
1210662	2378257	
1210662	2692659	
1210662	2692742	
1210662	2844410	
1210662	2865750	
1210662	2865757	
1210662	2865769	
1210662	2865847	
1210662	2882539	
692	42569	
692	42831	
6488	295907	
11100	477938	
11100	478054	
22290	698350	
26778	779605	
26778	779614	
26778	779821	
30635	837308	
31278	844578	
44198	987470	
46316	1946749	
46436	987470	
44982	1895679	
42713	987470	
42713	1141943	
42713	1210956	
43031	987470	
43031	1141943	
43031	1210499	
43296	1396893	
55676	2082123	
55712	1210805	
55723	1404676	
55746	1186573	
55759	1842636	
55770	1977582	
55939	987470	
55966	987470	
55966	1396893	
42135	987470	
42138	987470	
42139	987470	
42140	987470	
42142	987470	
42154	987470	
42157	987470	
42170	987470	
42182	987470	
42192	987470	
42195	987470	
42221	987470	
42226	987470	
42248	1046928	
42251	987470	
42279	987470	
42282	987470	
42286	987470	
42291	987470	
42316	987470	
42322	987470	
42343	987470	
42346	987470	
42348	987470	
42381	987470	
42423	987470	
42428	1141943	
42429	987470	
42431	987470	
42436	987470	
42446	987470	
42459	987470	
42487	987470	
42490	987470	
42493	987470	
42507	987470	
42514	987470	
42514	1190051	
42527	42831	
42527	1386724	
42528	987470	
42528	1378156	
42543	987470	
42550	987470	
42551	837308	
42557	1186573	
42566	987470	
42569	42652	
42569	42852	
42569	43521	
42569	195648	
42569	229924	
42569	248608	
42569	307064	
42569	307151	
42569	354513	
42569	355664	
42569	469502	
42569	472262	
42569	641844	
42569	694287	
42569	698350	
42569	809178	
42569	837815	
42569	844186	
42569	844635	
42569	889840	
42569	899761	
42569	947594	
42569	989554	
42569	990629	
42569	991270	
42569	991904	
42569	992510	
42569	995201	
42569	996261	
42569	998670	
42569	1002390	
42569	1006343	
42569	1006587	
42569	1007089	
42569	1009088	
42569	1010022	
42569	1010963	
42569	1011106	
42569	1011284	
42569	1021386	
42569	1022166	
42569	1023516	
42569	1026811	
42569	1027066	
42569	1030859	
42569	1033219	
42569	1037924	
42569	1047007	
42569	1047835	
42569	1050875	
42569	1056984	
42569	1057351	
42569	1057521	
42569	1059016	
42569	1059148	
42569	1062289	
42569	1062601	
42569	1063421	
42569	1063508	
42569	1063601	
42569	1063690	
42569	1065547	
42569	1069807	
42569	1073140	
42569	1077531	
42569	1077662	
42569	1078818	
42569	1083791	
42569	1084650	
42569	1086096	
42569	1090388	
42569	1092039	
42569	1096834	
42569	1096876	
42569	1097215	
42569	1098982	
42569	1102609	
42569	1116057	
42569	1118943	
42569	1128400	
42569	1132764	
42569	1136755	
42569	1139430	
42569	1140933	
42569	1141513	
42569	1141954	
42569	1143429	
42569	1154256	
42569	1160606	
42569	1166381	
42569	1166956	
42569	1171666	
42569	1171751	
42569	1173591	
42569	1175209	
42569	1177734	
42569	1179900	
42569	1180597	
42569	1183943	
42569	1189814	
42569	1202480	
42569	1210397	
42569	1210398	
42569	1210399	
42569	1210400	
42569	1210401	
42569	1210402	
42569	1210403	
42569	1210404	
42569	1210405	
42569	1210406	
42569	1210407	
42569	1210408	
42569	1210409	
42569	1210410	
42569	1210411	
42569	1210412	
42569	1210413	
42569	1210414	
42569	1210415	
42569	1210416	
42569	1210417	
42569	1210418	
42569	1210419	
42569	1210420	
42569	1210421	
42569	1210422	
42569	1210423	
42569	1210424	
42569	1210425	
42569	1210426	
42569	1210427	
42569	1210428	
42569	1210429	
42569	1210430	
42569	1210431	
42569	1210432	
42569	1210433	
42569	1210434	
42569	1210435	
42569	1210436	
42569	1210437	
42569	1210438	
42569	1210439	
42569	1210440	
42569	1210441	
42569	1210442	
42569	1210443	
42569	1210444	
42569	1210445	
42569	1210446	
42569	1210447	
42569	1210448	
42569	1210449	
42569	1210450	
42569	1210451	
42569	1210452	
42569	1210453	
42569	1210454	
42569	1210455	
42569	1210456	
42569	1210457	
42569	1210458	
42569	1210459	
42569	1210460	
42569	1210461	
42569	1210462	
42569	1210463	
42569	1210464	
42569	1210465	
42569	1210466	
42569	1210467	
42569	1210468	
42569	1210469	
42569	1210470	
42569	1210471	
42569	1210472	
42569	1210473	
42569	1210474	
42569	1210475	
42569	1210476	
42569	1210477	
42569	1210478	
42569	1210479	
42569	1210480	
42569	1210481	
42569	1210482	
42569	1210483	
42569	1210484	
42569	1210485	
42569	1210486	
42569	1210487	
42569	1210488	
42569	1210489	
42569	1210490	
42569	1210491	
42569	1210492	
42569	1210493	
42569	1210494	
42569	1210495	
42569	1210496	
42569	1210497	
42569	1210498	
42569	1210499	
42569	1210500	
42569	1210501	
42569	1210502	
42569	1210503	
42569	1210504	
42569	1210505	
42569	1210506	
42569	1210507	
42569	1210508	
42569	1210509	
42569	1210510	
42569	1210511	
42569	1210512	
42569	1210513	
42569	1210514	
42569	1210515	
42569	1210516	
42569	1210517	
42569	1210518	
42569	1210519	
42569	1210520	
42569	1210521	
42569	1210522	
42569	1210523	
42569	1210524	
42569	1210525	
42569	1210526	
42569	1210527	
42569	1210528	
42569	1210529	
42569	1210530	
42569	1210531	
42569	1210532	
42569	1210533	
42569	1210534	
42569	1210535	
42569	1210536	
42569	1210537	
42569	1210538	
42569	1210539	
42569	1210540	
42569	1210541	
42569	1210542	
42569	1210543	
42569	1210544	
42569	1210545	
42569	1210546	
42569	1210547	
42569	1210548	
42569	1210549	
42569	1210550	
42569	1210551	
42569	1210552	
42569	1210553	
42569	1210554	
42569	1210555	
42569	1210556	
42569	1210557	
42569	1210558	
42569	1210559	
42569	1210560	
42569	1210561	
42569	1210562	
42569	1210563	
42569	1210564	
42569	1210565	
42569	1210566	
42569	1210567	
42569	1210568	
42569	1210569	
42569	1210570	
42569	1210571	
42569	1210572	
42569	1210573	
42569	1210574	
42569	1210575	
42569	1210576	
42569	1210577	
42569	1210578	
42569	1210579	
42569	1210580	
42569	1210581	
42569	1210582	
42569	1210583	
42569	1210584	
42569	1210585	
42569	1210586	
42569	1210587	
42569	1210588	
42569	1210589	
42569	1210590	
42569	1210591	
42569	1210592	
42569	1210593	
42569	1210594	
42569	1210595	
42569	1210596	
42569	1210597	
42569	1210598	
42569	1210599	
42569	1210600	
42569	1210601	
42569	1210602	
42569	1210603	
42569	1210604	
42569	1210605	
42569	1210606	
42569	1210607	
42569	1210608	
42569	1210609	
42569	1210610	
42569	1210611	
42569	1210612	
42569	1210613	
42569	1210614	
42569	1210615	
42569	1210616	
42569	1210617	
42569	1210618	
42569	1210619	
42569	1210620	
42569	1210621	
42569	1210622	
42569	1210623	
42569	1210624	
42569	1210625	
42569	1210626	
42569	1210627	
42569	1210628	
42569	1210629	
42569	1210630	
42569	1210631	
42569	1210632	
42569	1210633	
42569	1210634	
42569	1210635	
42569	1210636	
42569	1210637	
42569	1210638	
42569	1210639	
42569	1210640	
42569	1210641	
42569	1210642	
42569	1210643	
42569	1210644	
42569	1210645	
42569	1210646	
42569	1210647	
42569	1210648	
42569	1210649	
42569	1210650	
42569	1210651	
42569	1210652	
42569	1210653	
42569	1210654	
42569	1210655	
42569	1210656	
42569	1210657	
42569	1210658	
42569	1210659	
42569	1210660	
42569	1210661	
42569	1210663	
42569	1210664	
42569	1210665	
42569	1210666	
42569	1210667	
42569	1210668	
42569	1210669	
42569	1210670	
42569	1210671	
42569	1210672	
42569	1210673	
42569	1210674	
42569	1210675	
42569	1210676	
42569	1210677	
42569	1210678	
42569	1210679	
42569	1210680	
42569	1210681	
42569	1210682	
42569	1210683	
42569	1210684	
42569	1210685	
42569	1210686	
42569	1210687	
42569	1210688	
42569	1210689	
42569	1210690	
42569	1210691	
42569	1210692	
42569	1210693	
42569	1210694	
42569	1210695	
42569	1210696	
42569	1210697	
42569	1210698	
42569	1210699	
42569	1210700	
42569	1210701	
42569	1210702	
42569	1210703	
42569	1210704	
42569	1210705	
42569	1210706	
42569	1210707	
42569	1210708	
42569	1210709	
42569	1210710	
42569	1210711	
42569	1210712	
42569	1210713	
42569	1210714	
42569	1210715	
42569	1210716	
42569	1210717	
42569	1210718	
42569	1210719	
42569	1210720	
42569	1210721	
42569	1210722	
42569	1210723	
42569	1210724	
42569	1210725	
42569	1210726	
42569	1210727	
42569	1210728	
42569	1210729	
42569	1210730	
42569	1210731	
42569	1210732	
42569	1210733	
42569	1210734	
42569	1210735	
42569	1210736	
42569	1210737	
42569	1210738	
42569	1210739	
42569	1210740	
42569	1210741	
42569	1210742	
42569	1210743	
42569	1210744	
42569	1210745	
42569	1210746	
42569	1210747	
42569	1210748	
42569	1210749	
42569	1210750	
42569	1210751	
42569	1210752	
42569	1210753	
42569	1210754	
42569	1210755	
42569	1210756	
42569	1210757	
42569	1210758	
42569	1210759	
42569	1210760	
42569	1210761	
42569	1210762	
42569	1210763	
42569	1210764	
42569	1210765	
42569	1210766	
42569	1210767	
42569	1210768	
42569	1210769	
42569	1210770	
42569	1210771	
42569	1210772	
42569	1210773	
42569	1210774	
42569	1210775	
42569	1210776	
42569	1210777	
42569	1210778	
42569	1210779	
42569	1210780	
42569	1210781	
42569	1210782	
42569	1210783	
42569	1210784	
42569	1210785	
42569	1210786	
42569	1210787	
42569	1210788	
42569	1210789	
42569	1210790	
42569	1210791	
42569	1210792	
42569	1210793	
42569	1210794	
42569	1210795	
42569	1210796	
42569	1210797	
42569	1210798	
42569	1210799	
42569	1210800	
42569	1210801	
42569	1210802	
42569	1210803	
42569	1210804	
42569	1210805	
42569	1210806	
42569	1210807	
42569	1210808	
42569	1210809	
42569	1210810	
42569	1210811	
42569	1210812	
42569	1210813	
42569	1210814	
42569	1210815	
42569	1210816	
42569	1210817	
42569	1210818	
42569	1210819	
42569	1210820	
42569	1210821	
42569	1210822	
42569	1210823	
42569	1210824	
42569	1210825	
42569	1210826	
42569	1210827	
42569	1210828	
42569	1210829	
42569	1210830	
42569	1210831	
42569	1210832	
42569	1210833	
42569	1210834	
42569	1210835	
42569	1210836	
42569	1210837	
42569	1210838	
42569	1210839	
42569	1210840	
42569	1210841	
42569	1210842	
42569	1210843	
42569	1210844	
42569	1210845	
42569	1210846	
42569	1210847	
42569	1210848	
42569	1210849	
42569	1210850	
42569	1210851	
42569	1210852	
42569	1210853	
42569	1210854	
42569	1210855	
42569	1210856	
42569	1210857	
42569	1210858	
42569	1210859	
42569	1210860	
42569	1210861	
42569	1210862	
42569	1210863	
42569	1210864	
42569	1210865	
42569	1210866	
42569	1210867	
42569	1210868	
42569	1210869	
42569	1210870	
42569	1210871	
42569	1210872	
42569	1210873	
42569	1210874	
42569	1210875	
42569	1210876	
42569	1210877	
42569	1210878	
42569	1210879	
42569	1210880	
42569	1210881	
42569	1210882	
42569	1210883	
42569	1210884	
42569	1210885	
42569	1210886	
42569	1210887	
42569	1210888	
42569	1210889	
42569	1210890	
42569	1210891	
42569	1210892	
42569	1210893	
42569	1210894	
42569	1210895	
42569	1210896	
42569	1210897	
42569	1210898	
42569	1210899	
42569	1210900	
42569	1210901	
42569	1210902	
42569	1210903	
42569	1210904	
42569	1210905	
42569	1210906	
42569	1210907	
42569	1210908	
42569	1210909	
42569	1210910	
42569	1210911	
42569	1210912	
42569	1210913	
42569	1210914	
42569	1210915	
42569	1210916	
42569	1210917	
42569	1210918	
42569	1210919	
42569	1210920	
42569	1210921	
42569	1210922	
42569	1210923	
42569	1210924	
42569	1210925	
42569	1210926	
42569	1210927	
42569	1210928	
42569	1210929	
42569	1210930	
42569	1210931	
42569	1210932	
42569	1210933	
42569	1210934	
42569	1210935	
42569	1210936	
42569	1210937	
42569	1210938	
42569	1210939	
42569	1210940	
42569	1210941	
42569	1210942	
42569	1210943	
42569	1210944	
42569	1210945	
42569	1210946	
42569	1210947	
42569	1210948	
42569	1210949	
42569	1210950	
42569	1210951	
42569	1210952	
42569	1210953	
42569	1210954	
42569	1210955	
42569	1210956	
42569	1210957	
42569	1210958	
42569	1210959	
42569	1210960	
42569	1210961	
42569	1210962	
42569	1210963	
42569	1210964	
42569	1210965	
42569	1210966	
42569	1210967	
42569	1210968	
42569	1210969	
42569	1210970	
42569	1210971	
42569	1210972	
42569	1210973	
42569	1210974	
42569	1210975	
42569	1210976	
42569	1210977	
42569	1210978	
42569	1210979	
42569	1210980	
42569	1210981	
42569	1210982	
42569	1210983	
42569	1210984	
42569	1210985	
42569	1210986	
42569	1210987	
42569	1210988	
42569	1210989	
42569	1210990	
42569	1210991	
42569	1210992	
42569	1210993	
42569	1210994	
42569	1210995	
42569	1210996	
42569	1210997	
42569	1210998	
42569	1210999	
42569	1211000	
42569	1211001	
42569	1211002	
42569	1211003	
42569	1211004	
42569	1211005	
42569	1211006	
42569	1211007	
42569	1211008	
42569	1211009	
42569	1211010	
42569	1211011	
42569	1211012	
42569	1211013	
42569	1211014	
42569	1211015	
42569	1211016	
42569	1211017	
42569	1211018	
42569	1211019	
42569	1211020	
42569	1211021	
42569	1211022	
42569	1211023	
42569	1211024	
42569	1211025	
42569	1211026	
42569	1211027	
42569	1211028	
42569	1211029	
42569	1211030	
42569	1211031	
42569	1211032	
42569	1211033	
42569	1211034	
42569	1211035	
42569	1211036	
42569	1211037	
42569	1211038	
42569	1211039	
42569	1211040	
42569	1211041	
42569	1211042	
42569	1211043	
42569	1211044	
42569	1211045	
42569	1211046	
42569	1211047	
42569	1211048	
42569	1211049	
42569	1211050	
42569	1211051	
42569	1211052	
42569	1211053	
42569	1211054	
42569	1211055	
42569	1211056	
42569	1211057	
42569	1211058	
42569	1211059	
42569	1211060	
42569	1211061	
42569	1211062	
42569	1211063	
42569	1211064	
42569	1211065	
42569	1211066	
42569	1211067	
42569	1211068	
42569	1211069	
42569	1211070	
42569	1211071	
42569	1211072	
42569	1211073	
42569	1211074	
42569	1211075	
42569	1211076	
42569	1211077	
42569	1211078	
42569	1211079	
42569	1211080	
42569	1211081	
42569	1211082	
42569	1211083	
42569	1211084	
42569	1211085	
42569	1211086	
42569	1211087	
42569	1211088	
42569	1211089	
42569	1211090	
42569	1211091	
42569	1211092	
42569	1211093	
42569	1211094	
42569	1211095	
42569	1211096	
42569	1211097	
42569	1211098	
42569	1211099	
42569	1211100	
42569	1211101	
42569	1211102	
42569	1211103	
42569	1211104	
42569	1211105	
42569	1211106	
42569	1211107	
42569	1211108	
42569	1211109	
42569	1211110	
42569	1211111	
42569	1211112	
42569	1211113	
42569	1211114	
42569	1211115	
42569	1211116	
42569	1211117	
42569	1211118	
42569	1211119	
42569	1211120	
42569	1211121	
42569	1211122	
42569	1211123	
42569	1211124	
42569	1211125	
42569	1211126	
42569	1211127	
42569	1211128	
42569	1211129	
42569	1211130	
42569	1211131	
42569	1211132	
42569	1211133	
42569	1211134	
42569	1211135	
42569	1211136	
42569	1211137	
