42573	1233198	
42629	1233198	
1110812	1233198	
1047349	1233198	
1039649	1233198	
1233198	1233202	
1233198	1233222	
1233198	1233234	
1233198	1233239	
1233198	1233257	
1233198	1233292	
1233198	1233359	
1233198	1233397	
1233198	1233416	
1233198	1233443	
1233198	1233451	
1233198	1233490	
1233198	1233496	
1233198	1233522	
1233198	1233526	
1233198	1233577	
1233198	1233595	
1233198	1233634	
1233198	1233790	
1233198	1233963	
1233198	1234006	
1233198	1234038	
1233198	1234042	
1233198	1234093	
1233198	1234095	
1233198	1234140	
1233198	1234315	
1233198	1234321	
1233198	1234462	
1233198	1234633	
1233198	1234712	
1233198	1234742	
1233198	1234877	
1233198	1234923	
1233198	1235051	
1233198	1370549	
1233198	1621676	
1233198	1747369	
1233198	1759868	
1233198	1786016	
1233198	2262152	
1233198	2636806	
1232437	1233198	
1232447	1233198	
1232457	1233198	
1232470	1233198	
1232639	1233198	
1232645	1233198	
1232671	1233198	
1232699	1233198	
1232709	1233198	
1232738	1233198	
1232781	1233198	
1232799	1233198	
1232913	1233198	
1232917	1233198	
1232962	1233198	
1232994	1233198	
1233009	1233198	
1233095	1233198	
1233097	1233198	
1233126	1233198	
1233131	1233198	
1233145	1233198	
1233170	1233198	
692	42573	
692	42629	
42540	42629	
42610	1110812	
46277	1047349	
55939	1039649	
42144	42573	
42144	42629	
42151	42629	
42154	42573	
42154	42629	
42157	42573	
42157	42629	
42159	42629	
42160	42629	
42164	42629	
42165	42573	
42176	42573	
42176	42629	
42180	42573	
42180	42629	
42183	42573	
42183	42629	
42185	42573	
42185	42629	
42189	42573	
42189	42629	
42195	42573	
42195	42629	
42197	42573	
42197	42629	
42201	42573	
42201	42629	
42214	42629	
42231	42573	
42231	42629	
42234	1110812	
42239	42573	
42240	42629	
42248	42573	
42248	42629	
42248	1047349	
42257	42573	
42257	1039649	
42257	1047349	
42257	1110812	
42269	42573	
42269	42629	
42284	42629	
42291	1039649	
42297	42573	
42305	42573	
42305	42629	
42308	42573	
42308	42629	
42309	42629	
42316	1047349	
42322	42629	
42324	42573	
42324	42629	
42325	42573	
42325	42629	
42333	42629	
42340	42573	
42340	42629	
42343	1039649	
42361	42573	
42363	42629	
42372	42573	
42372	42629	
42380	42573	
42380	42629	
42383	42573	
42383	42629	
42384	42573	
42385	42573	
42385	42629	
42391	42573	
42391	42629	
42393	42573	
42393	42629	
42402	42629	
42412	42573	
42412	42629	
42416	42573	
42423	42573	
42424	42573	
42424	42629	
42428	42573	
42429	42573	
42432	42573	
42432	42629	
42434	42629	
42436	42573	
42436	1039649	
42439	42629	
42448	42573	
42448	42629	
42451	42629	
42468	42573	
42468	42629	
42469	42573	
42469	42629	
42475	42573	
42480	42573	
42493	42573	
42496	42573	
42496	1047349	
42496	1110812	
42506	42629	
42512	42573	
42512	42629	
42514	42573	
42514	42629	
42516	42573	
42528	42573	
42528	1370549	
42545	42573	
42545	42629	
42552	42573	
42552	42629	
42553	42573	
42553	42629	
42563	42573	
42565	42573	
42565	42629	
42571	42573	
42572	1047349	
42573	42582	
42573	42596	
42573	42608	
42573	42615	
42573	42618	
42573	42620	
42573	42621	
42573	42650	
42573	42652	
42573	42667	
42573	42672	
42573	42678	
42573	42681	
42573	42701	
42573	42705	
42573	42707	
42573	42717	
42573	42723	
42573	42754	
42573	42759	
42573	42760	
42573	42774	
42573	42779	
42573	42789	
42573	42804	
42573	42808	
42573	42824	
42573	42829	
42573	42849	
42573	42850	
42573	42851	
42573	42860	
42573	42878	
42573	42879	
42573	42910	
42573	42922	
42573	42925	
42573	42939	
42573	42950	
42573	42953	
42573	42964	
42573	42970	
42573	43027	
42573	43031	
42573	43033	
42573	43050	
42573	43076	
42573	43099	
42573	43110	
42573	43114	
42573	43126	
42573	43129	
42573	43131	
42573	43133	
42573	43146	
42573	43152	
42573	43168	
42573	43173	
42573	43190	
42573	43192	
42573	43201	
42573	43204	
42573	43209	
42573	43217	
42573	43231	
42573	43241	
42573	43247	
42573	43248	
42573	43273	
42573	43275	
42573	43279	
42573	43284	
42573	43293	
42573	43304	
42573	43305	
42573	43307	
42573	43324	
42573	43329	
42573	43345	
42573	43349	
42573	43369	
42573	43380	
42573	43391	
42573	43394	
42573	43410	
42573	43411	
42573	43416	
42573	43417	
42573	43424	
42573	43427	
42573	43429	
42573	43441	
42573	43446	
42573	43456	
42573	43457	
42573	43463	
42573	43466	
42573	43481	
42573	43482	
42573	43505	
42573	43512	
42573	43516	
42573	43525	
42573	43528	
42573	43538	
42573	43541	
42573	43547	
42573	43548	
42573	43588	
42573	43591	
42573	43606	
42573	43607	
42573	43611	
42573	43627	
42573	43643	
42573	43646	
42573	43650	
42573	43666	
42573	43667	
42573	43687	
42573	43702	
42573	43707	
42573	43719	
42573	43721	
42573	43750	
42573	43754	
42573	43766	
42573	43769	
42573	43771	
42573	43800	
42573	43805	
42573	43806	
42573	43809	
42573	43822	
42573	43827	
42573	43837	
42573	43850	
42573	43874	
42573	43875	
42573	43890	
42573	43899	
42573	43916	
42573	43922	
42573	43923	
42573	43941	
42573	43947	
42573	43959	
42573	43960	
42573	43979	
42573	43998	
42573	43999	
42573	44004	
42573	44028	
42573	44035	
42573	44066	
42573	44106	
42573	44108	
42573	44153	
42573	44170	
42573	44199	
42573	44209	
42573	44219	
42573	44250	
42573	44256	
42573	44259	
42573	44277	
42573	44279	
42573	51977	
42573	51987	
42573	55792	
42573	55851	
42573	55955	
42573	55965	
42573	56002	
42573	63300	
42573	79280	
42573	108944	
42573	126685	
42573	149540	
42573	166324	
42573	166369	
42573	173764	
42573	189451	
42573	189456	
42573	192884	
42573	195483	
42573	195495	
42573	195510	
42573	195648	
42573	195727	
42573	197254	
42573	210049	
42573	226948	
42573	229329	
42573	229425	
42573	229592	
42573	230144	
42573	230170	
42573	239095	
42573	243808	
42573	246338	
42573	248175	
42573	248294	
42573	248422	
42573	248473	
42573	248512	
42573	248603	
42573	248616	
42573	248654	
42573	248658	
42573	248674	
42573	248683	
42573	248702	
42573	248715	
42573	248724	
42573	248747	
42573	248748	
42573	248751	
42573	248758	
42573	248765	
42573	248767	
42573	248768	
42573	248775	
42573	248792	
42573	248796	
42573	248797	
42573	248803	
42573	248815	
42573	248817	
42573	248818	
42573	248824	
42573	248828	
42573	248835	
42573	248866	
42573	248870	
42573	248887	
42573	248905	
42573	248918	
42573	248945	
42573	248969	
42573	248977	
42573	248997	
42573	249006	
42573	249024	
42573	249025	
42573	249029	
42573	249047	
42573	249051	
42573	249055	
42573	249059	
42573	249070	
42573	249071	
42573	249090	
42573	249111	
42573	249145	
42573	249161	
42573	249171	
42573	249180	
42573	249188	
42573	249197	
42573	249199	
42573	249207	
42573	249222	
42573	249232	
42573	249236	
42573	249253	
42573	249258	
42573	249268	
42573	249281	
42573	249296	
42573	249300	
42573	249328	
42573	249330	
42573	249333	
42573	249366	
42573	249377	
42573	249399	
42573	249400	
42573	249403	
42573	249405	
42573	249426	
42573	249448	
42573	249450	
42573	249483	
42573	249495	
42573	249503	
42573	249511	
42573	249525	
42573	249532	
42573	249566	
42573	249573	
42573	249610	
42573	249639	
42573	249670	
42573	250381	
42573	258777	
42573	266440	
42573	278769	
42573	282688	
42573	296045	
42573	301253	
42573	306779	
42573	306849	
42573	306850	
42573	306851	
42573	306993	
42573	307004	
42573	307022	
42573	307230	
42573	307288	
42573	307301	
42573	307308	
42573	307326	
42573	307328	
42573	307338	
42573	307343	
42573	307419	
42573	307466	
42573	307500	
42573	307529	
42573	307543	
42573	307583	
42573	307585	
42573	307602	
42573	335613	
42573	342890	
42573	346749	
42573	347521	
42573	347618	
42573	347884	
42573	347901	
42573	348016	
42573	348246	
42573	348419	
42573	348426	
42573	348550	
42573	349072	
42573	350670	
42573	351023	
42573	351263	
42573	351761	
42573	352112	
42573	352121	
42573	352157	
42573	353081	
42573	353422	
42573	353683	
42573	353685	
42573	353704	
42573	353711	
42573	353718	
42573	353725	
42573	353728	
42573	353793	
42573	353827	
42573	353879	
42573	353895	
42573	353896	
42573	353909	
42573	353917	
42573	353976	
42573	354021	
42573	354052	
42573	354069	
42573	354071	
42573	354112	
42573	354114	
42573	354118	
42573	354168	
42573	354176	
42573	354184	
42573	354207	
42573	354243	
42573	354265	
42573	354288	
42573	354323	
42573	354345	
42573	354349	
42573	354388	
42573	354395	
42573	354401	
42573	354445	
42573	354451	
42573	354466	
42573	354521	
42573	354532	
42573	354552	
42573	354605	
42573	354647	
42573	354675	
42573	354830	
42573	354841	
42573	354844	
42573	354852	
42573	354867	
42573	354900	
42573	354915	
42573	355020	
42573	355086	
42573	355088	
42573	355095	
42573	355096	
42573	355115	
42573	355129	
42573	355149	
42573	355181	
42573	355186	
42573	355191	
42573	355203	
42573	355216	
42573	355247	
42573	355278	
42573	355322	
42573	355397	
42573	355410	
42573	355454	
42573	355577	
42573	355581	
42573	355597	
42573	355603	
42573	355698	
42573	355713	
42573	355770	
42573	355772	
42573	355775	
42573	355815	
42573	355875	
42573	355888	
42573	355900	
42573	355932	
42573	355961	
42573	355996	
42573	356006	
42573	356053	
42573	356072	
42573	356076	
42573	356082	
42573	356128	
42573	356155	
42573	356170	
42573	356209	
42573	356229	
42573	356312	
42573	356328	
42573	356368	
42573	356370	
42573	356440	
42573	356463	
42573	356500	
42573	356578	
42573	356623	
42573	356627	
42573	356665	
42573	356687	
42573	356781	
42573	356861	
42573	356864	
42573	356913	
42573	356970	
42573	356980	
42573	356992	
42573	356993	
42573	356995	
42573	357017	
42573	357045	
42573	357061	
42573	357076	
42573	357104	
42573	357115	
42573	357129	
42573	357201	
42573	357241	
42573	357263	
42573	357285	
42573	357287	
42573	357299	
42573	357301	
42573	357302	
42573	357311	
42573	357335	
42573	357358	
42573	357360	
42573	357399	
42573	357472	
42573	357477	
42573	357490	
42573	357492	
42573	357552	
42573	357568	
42573	357573	
42573	357575	
42573	357649	
42573	357668	
42573	357681	
42573	357711	
42573	357758	
42573	357781	
42573	357827	
42573	357879	
42573	357880	
42573	357914	
42573	357931	
42573	357996	
42573	358016	
42573	358024	
42573	358026	
42573	358038	
42573	358051	
42573	358092	
42573	358121	
42573	358161	
42573	358171	
42573	358201	
42573	358213	
42573	358248	
42573	358296	
42573	358307	
42573	358330	
42573	358353	
42573	358363	
42573	358368	
42573	358404	
42573	358477	
42573	358492	
42573	358498	
42573	358501	
42573	358509	
42573	358521	
42573	358535	
42573	358560	
42573	358633	
42573	358678	
42573	358711	
42573	358720	
42573	358775	
42573	358812	
42573	358814	
42573	358816	
42573	358822	
42573	358834	
42573	358847	
42573	358866	
42573	358899	
42573	358937	
42573	358961	
42573	358962	
42573	358977	
42573	358984	
42573	358990	
42573	358991	
42573	359011	
42573	359012	
42573	359019	
42573	359021	
42573	359030	
42573	359032	
42573	359055	
42573	359078	
42573	359116	
42573	359125	
42573	359139	
42573	359142	
42573	359146	
42573	359166	
42573	359169	
42573	359290	
42573	359309	
42573	359313	
42573	359334	
42573	359349	
42573	359355	
42573	359424	
42573	359449	
42573	359479	
42573	359506	
42573	359514	
42573	359537	
42573	359563	
42573	359566	
42573	359575	
42573	359576	
42573	359615	
42573	359621	
42573	359625	
42573	359635	
42573	359638	
42573	359662	
42573	359716	
42573	359717	
42573	359735	
42573	359755	
42573	359797	
42573	359802	
42573	359806	
42573	359817	
42573	359862	
42573	359887	
42573	359899	
42573	359913	
42573	359919	
42573	359920	
42573	359922	
42573	359927	
42573	359975	
42573	359979	
42573	359994	
42573	359997	
42573	360028	
42573	360087	
42573	360151	
42573	360201	
42573	360238	
42573	360275	
42573	360342	
42573	360364	
42573	360387	
42573	360389	
42573	360392	
42573	360409	
42573	360423	
42573	360437	
42573	360469	
42573	360481	
42573	360483	
42573	360501	
42573	360529	
42573	360546	
42573	360567	
42573	360572	
42573	360612	
42573	360628	
42573	360660	
42573	360676	
42573	360706	
42573	360759	
42573	360786	
42573	360801	
42573	360817	
42573	360820	
42573	360826	
42573	360859	
42573	360911	
42573	360943	
42573	360986	
42573	360994	
42573	361001	
42573	361004	
42573	361005	
42573	361016	
42573	361047	
42573	361053	
42573	361060	
42573	361070	
42573	361087	
42573	361149	
42573	361178	
42573	361186	
42573	361199	
42573	361221	
42573	361274	
42573	361286	
42573	361412	
42573	361415	
42573	361445	
42573	361465	
42573	361470	
42573	361473	
42573	361526	
42573	361537	
42573	361593	
42573	361641	
42573	361645	
42573	361648	
42573	361696	
42573	361746	
42573	361765	
42573	361780	
42573	361795	
42573	361843	
42573	361901	
42573	361954	
42573	361956	
42573	361993	
42573	362074	
42573	362096	
42573	362102	
42573	362171	
42573	362194	
42573	362246	
42573	362296	
42573	362298	
42573	362307	
42573	362317	
42573	362322	
42573	362324	
42573	362344	
42573	362357	
42573	362378	
42573	362382	
42573	362394	
42573	362402	
42573	362407	
42573	362443	
42573	362476	
42573	362500	
42573	362513	
42573	362552	
42573	362588	
42573	362593	
42573	362608	
42573	362612	
42573	362618	
42573	362644	
42573	362646	
42573	362687	
42573	362701	
42573	362731	
42573	362733	
42573	362734	
42573	362735	
42573	362737	
42573	362738	
42573	362744	
42573	362817	
42573	362818	
42573	362824	
42573	362828	
42573	362834	
42573	362870	
42573	362879	
42573	362895	
42573	362934	
42573	362944	
42573	362986	
42573	362989	
42573	363000	
42573	363003	
42573	363006	
42573	363024	
42573	363047	
42573	363073	
42573	363112	
42573	363113	
42573	363145	
42573	363153	
42573	363187	
42573	363199	
42573	363225	
42573	363262	
42573	363265	
42573	363294	
42573	363298	
42573	363327	
42573	363349	
42573	363362	
42573	363372	
42573	363374	
42573	363376	
42573	363384	
42573	363396	
42573	363401	
42573	363411	
42573	363472	
42573	363502	
42573	363539	
42573	363547	
42573	363571	
42573	363587	
42573	363638	
42573	363674	
42573	363688	
42573	363699	
42573	363706	
42573	363707	
42573	363755	
42573	363770	
42573	363776	
42573	363795	
42573	363796	
42573	363815	
42573	363825	
42573	363833	
42573	363888	
42573	363907	
42573	363930	
42573	363947	
42573	363951	
42573	363996	
42573	364076	
42573	364193	
42573	364197	
42573	364203	
42573	364222	
42573	364268	
42573	364271	
42573	364316	
42573	364318	
42573	364353	
42573	364502	
42573	364504	
42573	364528	
42573	364590	
42573	364604	
42573	364629	
42573	364639	
42573	364738	
42573	364808	
42573	364821	
42573	364891	
42573	364941	
42573	364943	
42573	364964	
42573	365005	
42573	365008	
42573	365036	
42573	365135	
42573	365401	
42573	365631	
42573	373230	
42573	373232	
42573	373239	
42573	373312	
42573	373316	
42573	377460	
42573	377601	
42573	384359	
42573	421555	
42573	429194	
42573	431715	
42573	439827	
42573	439888	
42573	443808	
42573	445998	
42573	446374	
42573	446487	
42573	447403	
42573	452554	
42573	455014	
42573	456150	
42573	456805	
42573	457803	
42573	458202	
42573	460931	
42573	461450	
42573	461514	
42573	461636	
42573	461778	
