0.5769230769230768
0.5769230769230768
0.29126213592233
0.29126213592233
0.5769230769230768
0.5706385118149823
0.5607355607355605
0.39215686274509814
0.5682692307692306
0.5645213245715756
0.28704468773669345
0.2875213139854542
0.642857142857143
0.5819019168533729
0.4450261780104713
0.29373885476520706
0.5742651657285801
0.5819019168533729
0.5329247009747584
0.5641025641025639
0.5742651657285801
0.5710812176329415
0.5769230769230768
0.5742651657285801
0.4450261780104713
0.5747234791352437
0.5879120879120877
0.5715283066768213
0.5769230769230768
0.29126213592233
0.5710812176329415
Average VI: 0.51
